0.81391913, 0.3821387, 0.11320703, 0.011333688587562675, 0.31618731737885375, 0.00003878537451886335
0.00332304, 0.94561975, 0.04159654, 0.9990015259638964, 0.6666662064938302, 0.00000034444376983966
0.67500244, 0.88601343, 0.05205602, 0.00884500463842468, 0.3099896226650012, 0.00002277444403274271
0.52144133, 1.39891397, 0.01222729, 0.02327569762257429, 0.3287060557198702, 0.00015632266557734126
0.77440626, 0.66033457, 0.47211713, 0.009230768527105932, 0.371832395770776, 0.00002163745363915355
0.82417796, 0.20322256, 0.01052886, 0.015892884820216575, 0.3288239565016331, 0.00006840927527557633
0.19525641, 0.96872396, 0.02208079, 0.4520226471377856, 0.5937169200985948, 0.01427203553111922041
0.70388967, 0.73203275, 0.03127415, 0.009684474778580358, 0.33283807553999545, 0.00002474703308825560
0.89689729, 0.18753187, 0.09507495, 0.016038707183811222, 0.3683920221067476, 0.00006461988960683934
0.42950359, 2.78202743, 0.17865272, 0.40219492905335785, 0.6435173178512219, 0.00458639522307424663
0.01056332, 0.61966019, 0.01458031, 0.9968140057194844, 0.6666605354922841, 0.00000457721138691358
0.35136887, 0.36306286, 0.03332652, 0.033658696870147546, 0.32425853577243724, 0.00032831426259177831
0.46563411, 0.84095686, 0.09715718, 0.023133618464636584, 0.36331270448426445, 0.00012744099842662516
0.68251851, 2.80731482, 0.05566769, 0.008611032669151114, 0.23198449877795213, 0.00002086647943660709
0.67022389, 1.2672599, 0.02298744, 0.00934741052644361, 0.30254463347235394, 0.00002110867918037909
0.86077216, 0.82773613, 0.22060447, 0.008215395541824766, 0.30889025851512886, 0.00002224384142525943
0.04915388, 0.23292034, 0.35586031, 0.9534459953575369, 0.6666311810139405, 0.00002425074706946528
0.79957841, 0.10993593, 0.06140142, 0.021975275313687117, 0.28619503112729316, 0.00014679992688648421
0.46499471, 2.98348707, 0.07801105, 0.10200259366518902, 0.4122726829110668, 0.00198806587973280810
0.1427413, 2.74586568, 0.40639732, 0.9372156339384615, 0.6666555293929439, 0.00000734961008319601
0.10247722, 0.24329996, 0.42453427, 0.8610356551846801, 0.6664848889770882, 0.00010173070385222083
0.90063218, 0.93705727, 0.03462557, 0.006914528668518184, 0.29906394702757755, 0.00001445940027850631
0.86793894, 2.19021224, 0.31056366, 0.005204410817991526, 0.40453928172912235, 0.00000650915093276793
0.43427368, 0.112604, 0.05652734, 0.025234229877824116, 0.3403302946589102, 0.00017410508366026635
0.8175596, 0.41933021, 0.20163535, 0.011099409639243234, 0.35502259652480395, 0.00003462961946573700
0.45984572, 0.68100646, 0.25879093, 0.02112603578270304, 0.3361283704708381, 0.00012174726884373998
0.03357056, 0.47593064, 0.22744159, 0.9824954553871642, 0.666658704062431, 0.00000577492209286046
0.29857792, 0.12346187, 0.07768375, 0.03508786257800535, 0.36174057648401237, 0.00033079525745531102
0.13760452, 0.29249861, 0.0159806, 0.3622607418058939, 0.5633411699355312, 0.01427056819592203984
0.97539333, 0.15409402, 0.01321751, 0.01758219663427136, 0.3674474037761619, 0.00007599476835840432
0.04266154, 1.16244212, 0.01760229, 0.9742627427005095, 0.6665133281239135, 0.00010989734068844736
0.18924906, 1.37076897, 0.02664056, 0.6795692234029992, 0.6567921728723003, 0.00375275418512405201
0.07115352, 0.43077427, 0.05764321, 0.8984665544215191, 0.6659803016256742, 0.00042293274871429976
0.42339076, 0.31616299, 0.04021414, 0.02305852444008099, 0.39446897412146353, 0.00011340877529430961
0.51565482, 0.15872924, 0.18813208, 0.019989066479162345, 0.36314571150743147, 0.00010589912913147543
0.94370036, 0.87536377, 0.04261729, 0.007278548663638066, 0.3259525644106407, 0.00001481645583244493
0.65182623, 0.99471901, 0.08705059, 0.009578791909575056, 0.3470621195591689, 0.00002333742802164914
0.41292009, 0.18074894, 0.09356873, 0.02388998350104009, 0.3340178046708031, 0.00016076243226286781
0.51046603, 1.4911861, 0.24000255, 0.023450239656389718, 0.3840452127823646, 0.00014190850511001864
0.10910967, 0.32060954, 0.17598044, 0.8094384843230292, 0.6657047407338117, 0.00048046813160418367
0.62526645, 0.63232453, 0.01480747, 0.011245358799219651, 0.2647952547955138, 0.00003835029091740229
0.78881229, 0.13964458, 0.03395538, 0.018383849060600338, 0.3431382476644783, 0.00009733473332150679
0.34458957, 0.30703201, 0.06993017, 0.031669341632039744, 0.33206773718144655, 0.00029537376704117453
0.29499708, 0.10198525, 0.0143899, 0.03723595264226456, 0.3374454755068883, 0.00037043839910162486
0.16556064, 1.20982106, 0.21564477, 0.8558400427063247, 0.6664945544145471, 0.00009596591107274843
0.19392936, 1.30729185, 0.15199073, 0.7952155142803274, 0.6662147399052649, 0.00021633271559551304
0.63175673, 1.04484561, 0.0350214, 0.009824398576086973, 0.30602706272395763, 0.00002848012995600537
0.3742329, 1.25724205, 0.0811483, 0.08179466111148874, 0.3107771446148804, 0.00210294221754616251
0.59739825, 1.68817605, 0.20614055, 0.01387546548591453, 0.33823156665686394, 0.00004712179362872769
0.66415348, 1.42873555, 0.24489878, 0.00876470328134617, 0.26552250052891313, 0.00002288713159557591
0.23391423, 0.97892311, 0.04445428, 0.38964086263056597, 0.5784380416162893, 0.01378527706943666331
0.63991466, 0.68965275, 0.22968933, 0.011719293955964636, 0.38270909508187667, 0.00003538608723202351
0.45305267, 1.96829978, 0.3241022, 0.10279516794062891, 0.36178505811000095, 0.00270910916944216117
0.64645262, 0.39036332, 0.02737125, 0.012838140394411751, 0.3218989733175692, 0.00004861413790275914
0.32492197, 0.23487645, 0.01372353, 0.034967046237612785, 0.3365745547868867, 0.00032911094592367129
0.98716086, 0.34321702, 0.02017762, 0.011032292304578844, 0.2502151761623358, 0.00004033034824992590
0.97066608, 0.2597517, 0.28104669, 0.013330280078677583, 0.331310041324952, 0.00004714145267370158
0.56178644, 0.28206887, 0.05449535, 0.014779896300451852, 0.3181429664776858, 0.00006542653967699829
0.28371269, 0.40551021, 0.16582385, 0.0657983679577688, 0.3777913105964492, 0.00107764410757342412
0.70963635, 1.07845204, 0.14177275, 0.008444292219941139, 0.36543411044126306, 0.00001692892827673723
0.72652641, 0.11604356, 0.4990133, 0.021509464513338874, 0.35909040629101174, 0.00013392838623283088
0.76473353, 0.48114306, 0.09023579, 0.010687168851689006, 0.36904683359153145, 0.00003048806958247380
0.03536367, 0.61259288, 0.02248871, 0.9679730845224235, 0.6664195836467386, 0.00017664553253560200
0.69231988, 2.13901838, 0.06269301, 0.0083982094673805, 0.3727786877701812, 0.00001777071966939264
0.36511802, 0.92791028, 0.01949706, 0.06121931340461022, 0.35162083560666046, 0.00100223566220430981
0.48310175, 0.63903419, 0.10615148, 0.0185095147107095, 0.3704831654150371, 0.00008786550389389933
0.76727874, 0.79731938, 0.4577704, 0.008103794279343431, 0.29043105943455727, 0.00001934263714754559
0.27444184, 1.34716927, 0.0756192, 0.4543615064007849, 0.6278407966878135, 0.00708365290007906268
0.99690873, 1.0458665, 0.01114524, 0.006646815311128984, 0.28195352199119217, 0.00001377986913650653
0.44730772, 0.28287406, 0.0504928, 0.020493720913351037, 0.39706727188626734, 0.00009972842753058037
0.53550604, 0.56745612, 0.34353346, 0.014279455609886355, 0.3237394900375028, 0.00005651250105540508
0.74063974, 2.57841401, 0.01807972, 0.006501815765414436, 0.38629732071677225, 0.00001138582951721239
0.73810146, 0.50210109, 0.04683643, 0.010469633171801225, 0.25011088791518366, 0.00003638269984436054
0.02910486, 0.39878479, 0.13752939, 0.9812879760487091, 0.6666454596604248, 0.00001534515394119307
0.22452611, 1.11607951, 0.05936459, 0.5350484867985261, 0.6433964182610409, 0.00594860176147904429
0.49862851, 1.85870402, 0.34587369, 0.03634626247604407, 0.3712787087598908, 0.00034473097918899000
0.72173981, 1.71749729, 0.14715995, 0.007227058371416557, 0.3126283575022466, 0.00001490141520574277
0.34603649, 0.48793812, 0.13413806, 0.042240110674286, 0.3741265344287913, 0.00047415018098653349
0.31242482, 0.22393621, 0.38040785, 0.0374922572627497, 0.3688878045591526, 0.00035646176939755345
0.07988446, 0.12946062, 0.26562287, 0.814252594109141, 0.6657417457431631, 0.00046714529480129663
0.56972706, 0.10709886, 0.02771203, 0.024643365472113272, 0.3531886641688493, 0.00014758609685828583
0.48534237, 0.74804551, 0.0120416, 0.02181403280480243, 0.3806060730283418, 0.00011669859907569426
0.02380411, 0.15726162, 0.03271255, 0.9603287657348938, 0.666131561627614, 0.00037623482214588222
0.25239242, 1.18984117, 0.02407637, 0.3255854644867392, 0.5459621555846954, 0.01287703206703119663
0.59099854, 0.11660403, 0.10305864, 0.021566658888462893, 0.33459878102193485, 0.00012322715877942348
0.28638868, 0.59210029, 0.06442066, 0.087818249098568, 0.3858868047543774, 0.00190275233507955586
0.40903431, 0.25658011, 0.04926005, 0.022814668987866306, 0.261540083753356, 0.00015711387522264497
0.38504422, 1.55180746, 0.06839346, 0.09494081239942535, 0.41475005440731794, 0.00205274568435984302
0.71424372, 0.43752362, 0.10990033, 0.01208495874638353, 0.3583435470236084, 0.00003572287160826565
0.93318485, 2.3696925, 0.04371002, 0.0046210354536482135, 0.356296940139867, 0.00000566109843836810
0.89132105, 0.26995429, 0.0109121, 0.013731406364826622, 0.41715948046824025, 0.00004690766194760014
0.06079832, 0.18388772, 0.11533987, 0.8734408264096934, 0.6660043348335205, 0.00038388547633383396
0.9062086, 0.81779965, 0.03616863, 0.007645061679143052, 0.37025162921009513, 0.00001460038360408608
0.27668235, 0.2274894, 0.01508799, 0.0520208629542679, 0.36450257326533975, 0.00074370864375478216
0.60419369, 0.5401515, 0.01935536, 0.012840553242429616, 0.38310257390338087, 0.00003852308310428511
0.0177275, 0.46123969, 0.19392103, 0.9933972278016708, 0.6666631987904876, 0.00000257477495757552
0.11314828, 0.69896302, 0.18260219, 0.8887982177264216, 0.6664990221719538, 0.00010000439807289485
0.61065545, 0.35251706, 0.0112869, 0.013243173253775047, 0.35132486852768974, 0.00004878002603780565
0.84459735, 2.27020283, 0.27155594, 0.004557908431073712, 0.3015745700069663, 0.00000586549338455352
0.39997637, 0.32795863, 0.31417168, 0.025152883994479763, 0.282323838971431, 0.00020910529693553000
0.20408105, 0.28815536, 0.02881867, 0.1116386318047623, 0.3717318589213021, 0.00337769644295513732
0.21203592, 0.55566087, 0.24879192, 0.6185294031480306, 0.6615743935479497, 0.00154365227068870015
0.35621292, 1.13556811, 0.05345406, 0.08314857594456684, 0.25839288277900707, 0.00223926814464243430
0.32765847, 0.17731888, 0.08911623, 0.03264374582464321, 0.3342097215872455, 0.00030577975865827721
0.37676724, 1.37596654, 0.16189658, 0.11964342223741238, 0.39304213623442796, 0.00338484781857074923
0.54915175, 1.09977482, 0.15028887, 0.015163214388470242, 0.29266011067832365, 0.00006675644490868616
0.00809864, 2.10603013, 0.03901235, 0.9994821723144398, 0.666666591336037, 0.00000005645200074067
0.50366139, 2.91754792, 0.01161504, 0.06864019629329374, 0.4071235893028017, 0.00107748654229636656
0.05658036, 0.30894439, 0.02980215, 0.8794431937113207, 0.6637988679192186, 0.00177356496692193666
0.80105594, 2.04886245, 0.03985057, 0.005319827378587358, 0.32172267176854286, 0.00000852341112950016
0.88968919, 0.14341359, 0.02447526, 0.01836878303836214, 0.3914489045476137, 0.00008579946794999116
0.54276588, 0.12687246, 0.20809521, 0.022188188035840176, 0.33565914487551196, 0.00014004309274591995
0.55273079, 0.60184282, 0.01557325, 0.014004806950800405, 0.290568416274823, 0.00006075803731065305
0.93869716, 1.53196334, 0.03216611, 0.005459141798940043, 0.36382862898940893, 0.00000762943501675932
0.13386299, 1.45743875, 0.02617298, 0.8463415564735111, 0.665291810196798, 0.00075150986200123171
0.24256132, 1.60738965, 0.01885707, 0.4593236565497277, 0.60554510297262, 0.01336654973969472748
0.09584038, 0.10652435, 0.06347084, 0.31416801181773996, 0.4951000226600012, 0.01557944316016572628
0.15479798, 1.94067074, 0.02363008, 0.8363572908471384, 0.6652596128873542, 0.00076036425925740669
0.12280353, 0.17447245, 0.05896054, 0.2913011248765741, 0.496445662690604, 0.01476084788096086731
0.96154407, 2.64526271, 0.01711243, 0.00398876456238581, 0.2726857021192951, 0.00000501012544427386
0.16128666, 0.21736595, 0.10697739, 0.21776198014116618, 0.4817474172362942, 0.00883350122552916533
0.15536098, 1.58698984, 0.02126432, 0.8026193848490832, 0.6605397009453953, 0.00364545935621751749
0.65729048, 0.2643955, 0.19626353, 0.014113703994816072, 0.31665989111896364, 0.00005601766528472841
0.49119284, 0.32887172, 0.08000515, 0.019085366665460148, 0.3453207593503791, 0.00008837691986668676
0.30487551, 1.66035195, 0.37062977, 0.6807081404767642, 0.6661391163293195, 0.00018565173122947476
0.73259564, 1.49481172, 0.01682422, 0.006957379488770353, 0.26563327614403054, 0.00001464382534834343
0.95766302, 0.20519177, 0.04866122, 0.015524455603262889, 0.33831846847091507, 0.00006392605376098179
0.57479693, 0.13751987, 0.39977603, 0.020598968535490227, 0.38026765956712605, 0.00011138977187521916
0.64304176, 0.53140578, 0.29309448, 0.011080223741673027, 0.3367916204657442, 0.00003427943850297399
0.79132715, 0.37351563, 0.08456357, 0.012160110340479436, 0.31918279515461656, 0.00004347171763832475
0.1184625, 0.29968699, 0.27681955, 0.811115916456198, 0.6661509749882355, 0.00025799766490408604
0.26608177, 0.46279794, 0.17373475, 0.10912244813214793, 0.3552204414256753, 0.00319524113813114512
0.83944067, 0.19214072, 0.46561799, 0.015975868403161623, 0.37485793275610957, 0.00006029084684185896
0.95337109, 0.76714819, 0.29726053, 0.007703497291906014, 0.31896179413997106, 0.00001852400435472244
0.17534734, 0.79599449, 0.03653486, 0.5839574324560506, 0.6410465014690268, 0.00758371621422399000
0.33183618, 2.4373529, 0.07121549, 0.5339065581979066, 0.6535025742502029, 0.00319968659435215796
0.66819338, 0.77988964, 0.37772941, 0.009622263492363056, 0.4099509764466194, 0.00002152808618284827
0.71664863, 0.7189932, 0.44690172, 0.009547131115842147, 0.3445080254149536, 0.00002565051136768478
0.68593367, 0.13394361, 0.10057068, 0.018789380481241222, 0.24663076417932528, 0.00011067594308436480
0.43600632, 0.21248673, 0.41824893, 0.020924699344503517, 0.4030345330969284, 0.00010670393738553577
0.2374864, 0.44097759, 0.212751, 0.23711037894220036, 0.5344566034024957, 0.00707950756752637189
0.88211157, 0.51466397, 0.33696145, 0.01001000183891091, 0.31606458047658315, 0.00002776340180092921
0.21957939, 1.75348962, 0.03051495, 0.6429300632703299, 0.6560061601277052, 0.00344626770375483504
0.58866148, 0.50880831, 0.01177905, 0.013324317539121205, 0.385016131168197, 0.00004578804582861098
0.31571079, 1.1400586, 0.01028703, 0.13893958363345946, 0.41349139353564623, 0.00412169594505847059
0.09288631, 0.16888435, 0.01864872, 0.4157246983618393, 0.5030996557669489, 0.03030183428016031133
0.58271083, 0.23851989, 0.25691841, 0.016510648761548494, 0.3395371013565637, 0.00007792783919488230
0.25880065, 0.34837222, 0.39391214, 0.17837616176644933, 0.420857841509072, 0.00761129206891957705
0.78320014, 0.14953323, 0.01260908, 0.01804620844233464, 0.30642359977047673, 0.00009507649234948321
0.36252179, 0.33541068, 0.06700212, 0.03233283159518652, 0.23798633508651712, 0.00030984890959077764
0.69688761, 0.22225047, 0.11964841, 0.015732496907816185, 0.37221825496675953, 0.00006010203037289639
0.41935514, 0.41475094, 0.02094767, 0.024867190798684616, 0.3073341869074995, 0.00016887355556931770
0.74839252, 0.36682973, 0.04189432, 0.012722106364583138, 0.3419742797215892, 0.00004150098411190962
0.26374173, 2.07251269, 0.04725154, 0.6459749550797343, 0.659480828613408, 0.00252816045705006598
0.33918337, 0.13149608, 0.01795039, 0.03181001505621056, 0.37431675074330606, 0.00026013787796855216
0.84708789, 0.66836507, 0.43100051, 0.008857032608747345, 0.3704622379198542, 0.00001914528193289628
0.75349345, 0.12128482, 0.14425177, 0.019360760414375806, 0.25964412905638723, 0.00011104957538456627
0.92287613, 2.52124215, 0.48583456, 0.004428943010938583, 0.2821642262849161, 0.00000579269251350370
0.85509, 1.63898507, 0.36544655, 0.0057171257214782955, 0.31192084023986044, 0.00000932178484842620
0.08994704, 0.11909957, 0.05108097, 0.4074632437241195, 0.5423721354002686, 0.02087677198040155391
0.38427119, 0.27295051, 0.082813, 0.025291634553345602, 0.36631186365927726, 0.00015699223997142685
0.80937183, 1.29157967, 0.18587086, 0.0064816979590762635, 0.27178795731706473, 0.00001127012797830320
0.91106839, 0.20972051, 0.01416994, 0.015167006241771176, 0.38835182878213925, 0.00005959118901773075
0.39381571, 0.16381866, 0.01617623, 0.025395086627560865, 0.26910008946811126, 0.00021102976116213327
0.24851372, 2.87724628, 0.03004929, 0.7108500527915877, 0.659818674290009, 0.00285024007009881952
0.75849214, 0.5262244, 0.01012177, 0.009873308131386383, 0.3749282510832017, 0.00002581232970247206
0.87146394, 0.10392259, 0.15644911, 0.020980978065639054, 0.3161855741262579, 0.00013295758573302698
0.52905162, 1.86651461, 0.04526007, 0.02766723018831508, 0.32718161189973627, 0.00019950427593337899
0.61935051, 2.29101571, 0.12377396, 0.013977666523875313, 0.3795525226092936, 0.00005064786721657911
0.53181144, 0.14657864, 0.13051538, 0.02011088444355423, 0.3390959616016548, 0.00010631613249386388
0.87784606, 0.10097362, 0.23596325, 0.023510519753021313, 0.39293967188692047, 0.00012940710129880041
0.77534244, 0.12855757, 0.02153027, 0.020775611343621787, 0.293792434112052, 0.00012905886080921626
0.57563444, 0.14152436, 0.1115129, 0.020352433608643736, 0.3315867770355304, 0.00011576878846473424
0.5594362, 1.92731664, 0.06540847, 0.019942761276135167, 0.1446592056776269, 0.00011972906251133086
0.91541281, 0.18913312, 0.0247567, 0.01541758163958038, 0.3420333354953693, 0.00006134223734095517
0.06763735, 0.15226305, 0.09981738, 0.8101392344641749, 0.6647038802145022, 0.00099431883667244758
0.14938234, 0.45297927, 0.12772807, 0.686236727108362, 0.6617596735120661, 0.00182317584060925908
0.20836967, 0.19816333, 0.32951169, 0.13083893683909406, 0.4308600992027829, 0.00344044864819417068
0.98409123, 0.90054929, 0.16963636, 0.007379082280513358, 0.3971374938372584, 0.00001258834903474630
0.60611201, 0.16316943, 0.02820927, 0.019156124249298207, 0.4202594882646814, 0.00008216888521338331
0.82744435, 2.55847735, 0.09144182, 0.004758476359977586, 0.23408539243186377, 0.00000791329940474309
0.92985351, 0.16953143, 0.07478412, 0.016352592076759292, 0.289311392881504, 0.00008133162449478506
0.96780131, 1.82096295, 0.0731369, 0.004952551854233085, 0.3286575978279006, 0.00000747003355560980
0.85073571, 1.99800495, 0.01356292, 0.005858521104595812, 0.4048043752384495, 0.00000813114875293731
0.50761279, 0.38506325, 0.28565272, 0.017597534668610734, 0.42377125780239333, 0.00007114387215674756
0.62267846, 0.56600476, 0.12589309, 0.011274957213995284, 0.3140566604699777, 0.00003675168253802909
0.44019561, 2.66473402, 0.02023091, 0.11866092230861815, 0.41633215487132247, 0.00333956076567016799
0.83318654, 0.24739078, 0.01060982, 0.014717930316216288, 0.36077626674675023, 0.00005575928925234918
0.12664431, 1.02030081, 0.01312492, 0.6914813538961045, 0.601254622368617, 0.04146383208401477338
0.22896505, 0.85839443, 0.30506182, 0.7143444436396479, 0.6658405550339694, 0.00032197727529204023
0.08135715, 1.78554537, 0.0376794, 0.951503167814747, 0.6665910000666353, 0.00005156821884910734
0.30569479, 1.21889005, 0.03831263, 0.1772186033628616, 0.4233383070898299, 0.00702243625172123409
0.94720143, 0.72448931, 0.02574278, 0.00809537324194863, 0.3520392027315181, 0.00001768703453306779
