0.81391913, 0.3821387, 0.11320703, 0.012761162332696984, 0.38283554571699063, 0.00003784911576600595
0.00332304, 0.94561975, 0.04159654, 0.9999131516942703, 0.6666666549517277, 0.00000000878587680386
0.67500244, 0.88601343, 0.05205602, 0.00955678027148247, 0.3502525713563591, 0.00002544987288989385
0.52144133, 1.39891397, 0.01222729, 0.023998699436496827, 0.3043933192396764, 0.00017391323820320807
0.77440626, 0.66033457, 0.47211713, 0.00905779489452767, 0.3637882099344173, 0.00002122783146746957
0.82417796, 0.20322256, 0.01052886, 0.015778107891111382, 0.38289617548811594, 0.00006307647423311097
0.19525641, 0.96872396, 0.02208079, 0.5391684997840404, 0.6332029308382771, 0.00853350845130812496
0.70388967, 0.73203275, 0.03127415, 0.009567726997834217, 0.3681298481917673, 0.00002164870283632695
0.89689729, 0.18753187, 0.09507495, 0.016375762296907695, 0.29523988096506704, 0.00007225415549714885
0.42950359, 2.78202743, 0.17865272, 0.42001648088753, 0.6586669748121039, 0.00115865798949743581
0.01056332, 0.61966019, 0.01458031, 0.9966498790256607, 0.6666587242592783, 0.00000593552902050654
0.35136887, 0.36306286, 0.03332652, 0.03397010601748739, 0.20695208376796748, 0.00040649338475504592
0.46563411, 0.84095686, 0.09715718, 0.023845273077769354, 0.29730555626989286, 0.00016112868466647105
0.68251851, 2.80731482, 0.05566769, 0.009075131228993944, 0.29369815569501945, 0.00002279176964576541
0.67022389, 1.2672599, 0.02298744, 0.009196519481381924, 0.3866549261918524, 0.00002141545879232559
0.86077216, 0.82773613, 0.22060447, 0.007615552445970604, 0.20090349843861488, 0.00001798905070789161
0.04915388, 0.23292034, 0.35586031, 0.9530559306685236, 0.6666319054701639, 0.00002376200409504037
0.79957841, 0.10993593, 0.06140142, 0.021314148484566028, 0.42860181761662375, 0.00010236098416191859
0.46499471, 2.98348707, 0.07801105, 0.10139173910265484, 0.3611720528569532, 0.00269075620436057782
0.1427413, 2.74586568, 0.40639732, 0.9373772147105939, 0.6666533045055342, 0.00000882877781005487
0.10247722, 0.24329996, 0.42453427, 0.8610672639157928, 0.6664838927900714, 0.00010213968067207535
0.90063218, 0.93705727, 0.03462557, 0.007034345260984926, 0.35109168584748207, 0.00001351010760530109
0.86793894, 2.19021224, 0.31056366, 0.005108540320669418, 0.35879329335218646, 0.00000698983748084446
0.43427368, 0.112604, 0.05652734, 0.02633373685376904, 0.31645915169729677, 0.00022529831151774007
0.8175596, 0.41933021, 0.20163535, 0.011220720407313804, 0.30147668516008497, 0.00003654225785949483
0.45984572, 0.68100646, 0.25879093, 0.02230534862859762, 0.34527935439193325, 0.00014042678856585110
0.03357056, 0.47593064, 0.22744159, 0.9822249409566042, 0.6666584262984325, 0.00000596995408452816
0.29857792, 0.12346187, 0.07768375, 0.03608188653092073, 0.34974012803017507, 0.00034500995599859893
0.13760452, 0.29249861, 0.0159806, 0.36369160522958266, 0.5465558380870927, 0.01387126842286409700
0.97539333, 0.15409402, 0.01321751, 0.01768328749808738, 0.37477609462798767, 0.00008324980286311646
0.04266154, 1.16244212, 0.01760229, 0.9744303403026879, 0.6665525700864736, 0.00008157350860116264
0.18924906, 1.37076897, 0.02664056, 0.6896520720588722, 0.6589276305751657, 0.00292992515122325603
0.07115352, 0.43077427, 0.05764321, 0.8999250006718593, 0.6661323979134988, 0.00032822418360356487
0.42339076, 0.31616299, 0.04021414, 0.022859774295239332, 0.36846165559282495, 0.00013147110741191278
0.51565482, 0.15872924, 0.18813208, 0.020178295926667596, 0.32711899707790304, 0.00011363441771214058
0.94370036, 0.87536377, 0.04261729, 0.007578823077755436, 0.3276483780585393, 0.00001666876298359958
0.65182623, 0.99471901, 0.08705059, 0.009848474833980603, 0.3945703879796105, 0.00002266363576054685
0.41292009, 0.18074894, 0.09356873, 0.022831221057205295, 0.30774290139751925, 0.00014324071726543855
0.51046603, 1.4911861, 0.24000255, 0.025502009005273676, 0.3833382175838711, 0.00015555077775069584
0.10910967, 0.32060954, 0.17598044, 0.8072199386883027, 0.6656128435477231, 0.00052702389158465479
0.62526645, 0.63232453, 0.01480747, 0.011169399710667896, 0.28366008312401414, 0.00003530005383930483
0.78881229, 0.13964458, 0.03395538, 0.019256217953710495, 0.34402580941706173, 0.00009116262080567829
0.34458957, 0.30703201, 0.06993017, 0.034043531411181084, 0.39011853813168784, 0.00028101111738926092
0.29499708, 0.10198525, 0.0143899, 0.03522393433352897, 0.39936159757536704, 0.00028842401452340875
0.16556064, 1.20982106, 0.21564477, 0.8553543359189895, 0.6665416490731764, 0.00006899149545525063
0.19392936, 1.30729185, 0.15199073, 0.7973324509414088, 0.6662912144746167, 0.00017968059610762310
0.63175673, 1.04484561, 0.0350214, 0.010193065073228601, 0.24390636404242627, 0.00003395815300972208
0.3742329, 1.25724205, 0.0811483, 0.08095407565110252, 0.31629365421987843, 0.00191459000873298816
0.59739825, 1.68817605, 0.20614055, 0.014411968181882898, 0.31781770890829186, 0.00005498264633827334
0.66415348, 1.42873555, 0.24489878, 0.00941602283076186, 0.35000139285614273, 0.00002244150703818608
0.23391423, 0.97892311, 0.04445428, 0.3564094554369543, 0.5610055030073355, 0.01417390697141876488
0.63991466, 0.68965275, 0.22968933, 0.010991715439313807, 0.3271469231065641, 0.00003413287011424612
0.45305267, 1.96829978, 0.3241022, 0.09333440161583638, 0.3412166669462062, 0.00222745804951721658
0.64645262, 0.39036332, 0.02737125, 0.01405060553289954, 0.4289306661762543, 0.00003991099750203227
0.32492197, 0.23487645, 0.01372353, 0.036268526125302285, 0.3812758947278895, 0.00033585838306177508
0.98716086, 0.34321702, 0.02017762, 0.012427286277862624, 0.3103922557161184, 0.00004298285990595233
0.97066608, 0.2597517, 0.28104669, 0.01319612646420256, 0.2901690886020799, 0.00005394614557615348
0.56178644, 0.28206887, 0.05449535, 0.01498922164893865, 0.2911507849812778, 0.00006727881386919563
0.28371269, 0.40551021, 0.16582385, 0.0673205412919905, 0.4175076781277969, 0.00100423253317083200
0.70963635, 1.07845204, 0.14177275, 0.00840083829388684, 0.2995147389820295, 0.00002113802191914228
0.72652641, 0.11604356, 0.4990133, 0.020415535507867972, 0.34511844060898234, 0.00010787819908915120
0.76473353, 0.48114306, 0.09023579, 0.01070137025257238, 0.2823812861506808, 0.00003421303710645209
0.03536367, 0.61259288, 0.02248871, 0.9706842548993955, 0.6665351090134548, 0.00009357924738151446
0.69231988, 2.13901838, 0.06269301, 0.007972859727188373, 0.3890456851055829, 0.00001582402544156964
0.36511802, 0.92791028, 0.01949706, 0.06508127582144832, 0.36443976120051147, 0.00112506296891481082
0.48310175, 0.63903419, 0.10615148, 0.0190114851215094, 0.3513863438088295, 0.00009691771006874498
0.76727874, 0.79731938, 0.4577704, 0.008601246523683636, 0.2533932790749328, 0.00002135885462177963
0.27444184, 1.34716927, 0.0756192, 0.45693022184819365, 0.607085121646608, 0.01301076093997477479
0.99690873, 1.0458665, 0.01114524, 0.00664992954227759, 0.3841609480913345, 0.00000987607470983622
0.44730772, 0.28287406, 0.0504928, 0.021818671722780177, 0.34002407750237873, 0.00012178753975636503
0.53550604, 0.56745612, 0.34353346, 0.015125767472131894, 0.2456181592282879, 0.00008127210425762249
0.74063974, 2.57841401, 0.01807972, 0.006719033602296781, 0.3647841224601639, 0.00001088783951695800
0.73810146, 0.50210109, 0.04683643, 0.011046283777963396, 0.3228284578600358, 0.00003271004441278031
0.02910486, 0.39878479, 0.13752939, 0.9815428948463611, 0.6666507666479367, 0.00001150210361022808
0.22452611, 1.11607951, 0.05936459, 0.554413400182489, 0.6456999408899546, 0.00650290106522671829
0.49862851, 1.85870402, 0.34587369, 0.03800336984388314, 0.37363320158640756, 0.00034471419332352178
0.72173981, 1.71749729, 0.14715995, 0.007173189998755686, 0.3189517227979344, 0.00001531694221152512
0.34603649, 0.48793812, 0.13413806, 0.04266755636322717, 0.35788320789206274, 0.00044744513069176696
0.31242482, 0.22393621, 0.38040785, 0.03760632465641029, 0.31297111691020285, 0.00035395633244733149
0.07988446, 0.12946062, 0.26562287, 0.8123817745976158, 0.6650935722297342, 0.00094976508463939791
0.56972706, 0.10709886, 0.02771203, 0.022099041144167844, 0.34594168209506726, 0.00013193748109231783
0.48534237, 0.74804551, 0.0120416, 0.01891596705091613, 0.31172624517363945, 0.00010464107612993850
0.02380411, 0.15726162, 0.03271255, 0.9594850498255886, 0.6663747321031053, 0.00020336165278656004
0.25239242, 1.18984117, 0.02407637, 0.3269786513260889, 0.5438728789255892, 0.01315077976821274475
0.59099854, 0.11660403, 0.10305864, 0.02118000940541839, 0.2838073622516303, 0.00012542827506857200
0.28638868, 0.59210029, 0.06442066, 0.08221735382941671, 0.305548914863471, 0.00205666470932707943
0.40903431, 0.25658011, 0.04926005, 0.02324575873982853, 0.35287198824851673, 0.00013739886778016560
0.38504422, 1.55180746, 0.06839346, 0.08800702985929386, 0.28425595525700076, 0.00234572643803056865
0.71424372, 0.43752362, 0.10990033, 0.011060412897627707, 0.32595160645048216, 0.00003560062686179636
0.93318485, 2.3696925, 0.04371002, 0.004453375281572649, 0.3200033189144599, 0.00000535913195430157
0.89132105, 0.26995429, 0.0109121, 0.012948849469931707, 0.4236517514455248, 0.00003575620100892791
0.06079832, 0.18388772, 0.11533987, 0.8758029159091277, 0.6658558040940773, 0.00047519381014438089
0.9062086, 0.81779965, 0.03616863, 0.007946980315852463, 0.35502070963506593, 0.00001516319300901268
0.27668235, 0.2274894, 0.01508799, 0.05002643021235236, 0.41034998424637015, 0.00059806856737148160
0.60419369, 0.5401515, 0.01935536, 0.012459796204476046, 0.3738244856583126, 0.00003997399102182047
0.0177275, 0.46123969, 0.19392103, 0.9938401063539611, 0.6666636502842043, 0.00000223753577988095
0.11314828, 0.69896302, 0.18260219, 0.8869079226402397, 0.6665292429190701, 0.00008144591705727677
0.61065545, 0.35251706, 0.0112869, 0.014508545651001053, 0.31885508672337926, 0.00005466309989063853
0.84459735, 2.27020283, 0.27155594, 0.00514237869702099, 0.23795799594126488, 0.00000743660518752720
0.39997637, 0.32795863, 0.31417168, 0.02529905123208881, 0.3369104699240961, 0.00017941369699835911
0.20408105, 0.28815536, 0.02881867, 0.10913337215678078, 0.3980643342568403, 0.00301762272293313281
0.21203592, 0.55566087, 0.24879192, 0.6203071106843311, 0.6613014140019455, 0.00165983198061003812
0.35621292, 1.13556811, 0.05345406, 0.08830073476474345, 0.36979424678251505, 0.00209983196318791390
0.32765847, 0.17731888, 0.08911623, 0.03122880316885438, 0.3428850679949861, 0.00025598826057493312
0.37676724, 1.37596654, 0.16189658, 0.1110696754697886, 0.36086800281527565, 0.00305040528417190211
0.54915175, 1.09977482, 0.15028887, 0.01672428871774421, 0.40043599204972213, 0.00006500519118502997
0.00809864, 2.10603013, 0.03901235, 0.9997002608921575, 0.6666666601022521, 0.00000000492053831014
0.50366139, 2.91754792, 0.01161504, 0.06690647189995652, 0.4255494267895571, 0.00111408180259464293
0.05658036, 0.30894439, 0.02980215, 0.8991283437779654, 0.6656757912037746, 0.00060583780237399854
0.80105594, 2.04886245, 0.03985057, 0.005329457423680941, 0.33539663648939233, 0.00000759303894023516
0.88968919, 0.14341359, 0.02447526, 0.019220659762880135, 0.30814334294859635, 0.00010649796261957047
0.54276588, 0.12687246, 0.20809521, 0.021823210740976335, 0.36898183229452064, 0.00012295070222777520
0.55273079, 0.60184282, 0.01557325, 0.013872856082648547, 0.32034495698831633, 0.00005739296210098479
0.93869716, 1.53196334, 0.03216611, 0.00577336295447924, 0.36069960988202865, 0.00000849951900847783
0.13386299, 1.45743875, 0.02617298, 0.8469014651901552, 0.6645967161249802, 0.00117776128541080549
0.24256132, 1.60738965, 0.01885707, 0.4323725699242375, 0.5774645337278432, 0.01596447947320916994
0.09584038, 0.10652435, 0.06347084, 0.3588412269217958, 0.5291521860996367, 0.01662337314053463633
0.15479798, 1.94067074, 0.02363008, 0.8400412826266594, 0.6652273907582926, 0.00078076868421861345
0.12280353, 0.17447245, 0.05896054, 0.3258622664575459, 0.5179024832408731, 0.01462656986413730931
0.96154407, 2.64526271, 0.01711243, 0.004275748047610259, 0.31264236090926045, 0.00000578572375959017
0.16128666, 0.21736595, 0.10697739, 0.2028525079194673, 0.42879256705877977, 0.00816354886864945062
0.15536098, 1.58698984, 0.02126432, 0.7923946510138322, 0.6614920015805883, 0.00273195608503862264
0.65729048, 0.2643955, 0.19626353, 0.014695773159023413, 0.3168310145260266, 0.00005860747777433980
0.49119284, 0.32887172, 0.08000515, 0.01720582383330658, 0.3677827849690952, 0.00007881179146954369
0.30487551, 1.66035195, 0.37062977, 0.6835104101611537, 0.6662314864254002, 0.00015326921605146593
0.73259564, 1.49481172, 0.01682422, 0.00706532272621844, 0.3401853838830524, 0.00001430396675317536
0.95766302, 0.20519177, 0.04866122, 0.01539512231353005, 0.363652106602524, 0.00005736094024020639
0.57479693, 0.13751987, 0.39977603, 0.020184443450556998, 0.40926131945287547, 0.00009652301548703206
0.64304176, 0.53140578, 0.29309448, 0.010803530323283142, 0.3492369371401287, 0.00002998548790440491
0.79132715, 0.37351563, 0.08456357, 0.011695556872707853, 0.3801815003676816, 0.00003141648806389275
0.1184625, 0.29968699, 0.27681955, 0.8094913818404592, 0.666067070484667, 0.00029751798264565643
0.26608177, 0.46279794, 0.17373475, 0.10976146098817763, 0.4292266127396701, 0.00283832137958932133
0.83944067, 0.19214072, 0.46561799, 0.015531953085667807, 0.2964685853759641, 0.00007254018906247274
0.95337109, 0.76714819, 0.29726053, 0.007461340177390369, 0.37045479975661155, 0.00001403072267388030
0.17534734, 0.79599449, 0.03653486, 0.5892283721244241, 0.6481799826973109, 0.00523749447680538216
0.33183618, 2.4373529, 0.07121549, 0.5206568547929529, 0.6355931643045005, 0.01080139503740290552
0.66819338, 0.77988964, 0.37772941, 0.009855463939289303, 0.4167524983974158, 0.00002243563977395709
0.71664863, 0.7189932, 0.44690172, 0.009213307937863851, 0.3866064131448794, 0.00002205269560048516
0.68593367, 0.13394361, 0.10057068, 0.020407292714642793, 0.35533320897979215, 0.00010456646227923231
0.43600632, 0.21248673, 0.41824893, 0.020996376375037897, 0.3492109883129745, 0.00011516128250565718
0.2374864, 0.44097759, 0.212751, 0.23043684644747212, 0.47781931143051926, 0.00924132887232818195
0.88211157, 0.51466397, 0.33696145, 0.009655844001616714, 0.4045321724683645, 0.00002244079023679451
0.21957939, 1.75348962, 0.03051495, 0.6604938297496603, 0.6529950536643061, 0.00545458382563840383
0.58866148, 0.50880831, 0.01177905, 0.01288179714439572, 0.36549644947453197, 0.00004300969093195693
0.31571079, 1.1400586, 0.01028703, 0.16141075759883705, 0.4671616167226972, 0.00445552748462822376
0.09288631, 0.16888435, 0.01864872, 0.47583849854210997, 0.5555299664135804, 0.02467296829117443524
0.58271083, 0.23851989, 0.25691841, 0.015925110161707737, 0.3555060876512266, 0.00006571304754811563
0.25880065, 0.34837222, 0.39391214, 0.1826531506258345, 0.3673943738973, 0.00891674172631056611
0.78320014, 0.14953323, 0.01260908, 0.018018504368845722, 0.3211652497320636, 0.00008802961967454670
0.36252179, 0.33541068, 0.06700212, 0.031341128212156774, 0.34165354384976343, 0.00026559784773312416
0.69688761, 0.22225047, 0.11964841, 0.015826784681881347, 0.3520402998711136, 0.00006905098871690292
0.41935514, 0.41475094, 0.02094767, 0.023655686453265656, 0.2724942005598986, 0.00016090632523423380
0.74839252, 0.36682973, 0.04189432, 0.011415987975238169, 0.3492304692368443, 0.00003599252845419551
0.26374173, 2.07251269, 0.04725154, 0.6314357065279593, 0.6615112802570797, 0.00159039807688426960
0.33918337, 0.13149608, 0.01795039, 0.028904870807381286, 0.32968688774207866, 0.00027831285282623819
0.84708789, 0.66836507, 0.43100051, 0.008672948684344615, 0.35057322078439535, 0.00001900051389251607
0.75349345, 0.12128482, 0.14425177, 0.021285244477450106, 0.37466941372080964, 0.00010803732834228111
0.92287613, 2.52124215, 0.48583456, 0.004394131887166022, 0.35804399427611966, 0.00000526459208178098
0.85509, 1.63898507, 0.36544655, 0.005621385698739345, 0.22471161709263332, 0.00001081589660814427
0.08994704, 0.11909957, 0.05108097, 0.3667997116363213, 0.4860025359059901, 0.02470890218769350444
0.38427119, 0.27295051, 0.082813, 0.026559151886148675, 0.3685020684137257, 0.00019325821533905602
0.80937183, 1.29157967, 0.18587086, 0.006679871707446575, 0.33143299908495427, 0.00001226930174682817
0.91106839, 0.20972051, 0.01416994, 0.014853040926843926, 0.37673334738392916, 0.00005663191107119464
0.39381571, 0.16381866, 0.01617623, 0.024279120129459576, 0.35269332894733363, 0.00017394575179639391
0.24851372, 2.87724628, 0.03004929, 0.7212150083568603, 0.6634689673799476, 0.00130405992912174806
0.75849214, 0.5262244, 0.01012177, 0.010107922681004237, 0.34318127077796257, 0.00002958068810934771
0.87146394, 0.10392259, 0.15644911, 0.021325661063805124, 0.37221798022327945, 0.00012664863802916491
0.52905162, 1.86651461, 0.04526007, 0.0280332025065936, 0.36944351764222727, 0.00023200788737890257
0.61935051, 2.29101571, 0.12377396, 0.013716541909397929, 0.2688377984992183, 0.00004907834271929566
0.53181144, 0.14657864, 0.13051538, 0.019371961234801664, 0.32117475019730735, 0.00010733537399760715
0.87784606, 0.10097362, 0.23596325, 0.022527274285289174, 0.3453982548836131, 0.00014254068153579376
0.77534244, 0.12855757, 0.02153027, 0.019978959355787883, 0.3871610277741129, 0.00010268569341713234
0.57563444, 0.14152436, 0.1115129, 0.020301581569359295, 0.3739161059024704, 0.00011110479109040922
0.5594362, 1.92731664, 0.06540847, 0.019473955518622434, 0.38495508199670625, 0.00009420670177755377
0.91541281, 0.18913312, 0.0247567, 0.016119060188815166, 0.32121658415708176, 0.00007245437099585758
0.06763735, 0.15226305, 0.09981738, 0.8058396951565037, 0.6640924619911244, 0.00130245989523791739
0.14938234, 0.45297927, 0.12772807, 0.6905206310687345, 0.6623273929687086, 0.00162425647263336748
0.20836967, 0.19816333, 0.32951169, 0.12691069541208042, 0.4079875940360189, 0.00373372980199001073
0.98409123, 0.90054929, 0.16963636, 0.007276286475630245, 0.3838447911563312, 0.00001307543957277891
0.60611201, 0.16316943, 0.02820927, 0.018828775618406964, 0.3406261543928296, 0.00009647142721645648
0.82744435, 2.55847735, 0.09144182, 0.004910285510868421, 0.2925094834170221, 0.00000692114358754980
0.92985351, 0.16953143, 0.07478412, 0.01667202024760863, 0.2754803035776259, 0.00008027410372353380
0.96780131, 1.82096295, 0.0731369, 0.0052717313264916636, 0.31208562596187683, 0.00000740764903003650
0.85073571, 1.99800495, 0.01356292, 0.005370121721382814, 0.33077804902621455, 0.00000804825877631280
0.50761279, 0.38506325, 0.28565272, 0.01591302077078684, 0.3285752220249416, 0.00007292546850547611
0.62267846, 0.56600476, 0.12589309, 0.011156324425445866, 0.25483818075275533, 0.00004021573739454212
0.44019561, 2.66473402, 0.02023091, 0.11973035527917333, 0.3622739383762371, 0.00420552882853252215
0.83318654, 0.24739078, 0.01060982, 0.014882433258920112, 0.33989423110250117, 0.00006002316909793154
0.12664431, 1.02030081, 0.01312492, 0.7271705414233697, 0.6364516013602441, 0.01670908052618003126
0.22896505, 0.85839443, 0.30506182, 0.7098259881747302, 0.6656853024614737, 0.00037839149952700879
0.08135715, 1.78554537, 0.0376794, 0.9525042153286234, 0.6665976794514124, 0.00004719726759727649
0.30569479, 1.21889005, 0.03831263, 0.16904196206281158, 0.4357508093616048, 0.00626808468178640180
0.94720143, 0.72448931, 0.02574278, 0.007648140220849319, 0.38233316585861854, 0.00001532349747215923
