0.81391913, 0.3821387, 0.11320703, 0.011725032478245434, 0.3490388705024198, 0.00003669693068597185
0.00332304, 0.94561975, 0.04159654, 0.9999173695456275, 0.666666661235032, 0.00000000407326994356
0.67500244, 0.88601343, 0.05205602, 0.00978800435929502, 0.2764372194799619, 0.00003008077815579356
0.52144133, 1.39891397, 0.01222729, 0.022655794018673753, 0.2765986270527555, 0.00014124203722217540
0.77440626, 0.66033457, 0.47211713, 0.00880836925204311, 0.27976711719136316, 0.00002469749947680778
0.82417796, 0.20322256, 0.01052886, 0.014684131973551381, 0.2965360464992294, 0.00006388159097008421
0.19525641, 0.96872396, 0.02208079, 0.43012799202086, 0.5826715252337491, 0.01448725584435231473
0.70388967, 0.73203275, 0.03127415, 0.009790864434820972, 0.34350671719462467, 0.00002375337359826715
0.89689729, 0.18753187, 0.09507495, 0.016668645832207358, 0.3636477982673182, 0.00007213947177253503
0.42950359, 2.78202743, 0.17865272, 0.4201811523760826, 0.6583270603454023, 0.00128475969759331288
0.01056332, 0.61966019, 0.01458031, 0.9984152170993095, 0.6666654749713063, 0.00000089255498614271
0.35136887, 0.36306286, 0.03332652, 0.03557419740614701, 0.372231579258574, 0.00032272317571212976
0.46563411, 0.84095686, 0.09715718, 0.023384408078085686, 0.3867123483499507, 0.00013065890840880257
0.68251851, 2.80731482, 0.05566769, 0.009369173786059655, 0.2987454348192985, 0.00002190011142251625
0.67022389, 1.2672599, 0.02298744, 0.008865779453385339, 0.4146502317974151, 0.00001848609083978844
0.86077216, 0.82773613, 0.22060447, 0.008137569408695755, 0.2530948687807282, 0.00002102369771917709
0.04915388, 0.23292034, 0.35586031, 0.953396908567237, 0.6666342337861029, 0.00002218529582298512
0.79957841, 0.10993593, 0.06140142, 0.021206462447078852, 0.2869683283098683, 0.00012939726277898369
0.46499471, 2.98348707, 0.07801105, 0.10021696236894566, 0.3361367974851398, 0.00262385128590737066
0.1427413, 2.74586568, 0.40639732, 0.9375817927335364, 0.6666578449460812, 0.00000582148417882511
0.10247722, 0.24329996, 0.42453427, 0.8626365725539996, 0.6664902057872562, 0.00009928891116450789
0.90063218, 0.93705727, 0.03462557, 0.007241720803669594, 0.30248935611836747, 0.00001492799003878158
0.86793894, 2.19021224, 0.31056366, 0.004800883721199622, 0.3092597167591782, 0.00000667986820045053
0.43427368, 0.112604, 0.05652734, 0.025093376282726353, 0.33647352808245024, 0.00018825253086740816
0.8175596, 0.41933021, 0.20163535, 0.010767086634870568, 0.2679036141981499, 0.00003810674059404787
0.45984572, 0.68100646, 0.25879093, 0.020502863238792565, 0.39847869786324475, 0.00010534723398578213
0.03357056, 0.47593064, 0.22744159, 0.981727298379138, 0.6666574093012022, 0.00000669710581002736
0.29857792, 0.12346187, 0.07768375, 0.035217501035953634, 0.3708472957766251, 0.00032850836757744280
0.13760452, 0.29249861, 0.0159806, 0.37128635639728097, 0.5233611578306145, 0.01823113551114755038
0.97539333, 0.15409402, 0.01321751, 0.01634031560634654, 0.26931068063872887, 0.00008365170028115453
0.04266154, 1.16244212, 0.01760229, 0.9828067494637462, 0.6666365672412808, 0.00002184866047005851
0.18924906, 1.37076897, 0.02664056, 0.6789668062279236, 0.656703724104147, 0.00395104931094691914
0.07115352, 0.43077427, 0.05764321, 0.896848129515354, 0.6659999681915694, 0.00041752381772774960
0.42339076, 0.31616299, 0.04021414, 0.02258228612442706, 0.3236456310402267, 0.00014295009427317431
0.51565482, 0.15872924, 0.18813208, 0.02017247361266082, 0.32967048718332104, 0.00011108821460547225
0.94370036, 0.87536377, 0.04261729, 0.007210680908319636, 0.28565015618187184, 0.00001575936903206231
0.65182623, 0.99471901, 0.08705059, 0.010124713787668691, 0.3796150812124972, 0.00002415753023320599
0.41292009, 0.18074894, 0.09356873, 0.023479193990565826, 0.351252929662659, 0.00014179125139152028
0.51046603, 1.4911861, 0.24000255, 0.02463275223341803, 0.3599986675359933, 0.00015217788196561033
0.10910967, 0.32060954, 0.17598044, 0.8072683476885367, 0.6657959750580704, 0.00043077913254407907
0.62526645, 0.63232453, 0.01480747, 0.011680929549009334, 0.3190951824205014, 0.00003945962938406002
0.78881229, 0.13964458, 0.03395538, 0.01828728008143563, 0.3800560730854312, 0.00009446674757911897
0.34458957, 0.30703201, 0.06993017, 0.030754734156929222, 0.22233153132043482, 0.00029710485951943779
0.29499708, 0.10198525, 0.0143899, 0.03712727883359129, 0.34525418456587786, 0.00038369014281750317
0.16556064, 1.20982106, 0.21564477, 0.8553796516005981, 0.666514988738615, 0.00008384415757878294
0.19392936, 1.30729185, 0.15199073, 0.7932444980117077, 0.6662105763590157, 0.00021687238292511513
0.63175673, 1.04484561, 0.0350214, 0.010683662035903605, 0.39627070681647425, 0.00002430634906432358
0.3742329, 1.25724205, 0.0811483, 0.08458597023527838, 0.32111732507173574, 0.00185933100982744928
0.59739825, 1.68817605, 0.20614055, 0.014284904301921376, 0.3451494696703513, 0.00004794542730621925
0.66415348, 1.42873555, 0.24489878, 0.00831524230948543, 0.25063944441052344, 0.00002268196813882945
0.23391423, 0.97892311, 0.04445428, 0.4166681703374872, 0.5996788065120506, 0.01263384215878821104
0.63991466, 0.68965275, 0.22968933, 0.010488156995471737, 0.2870385764214173, 0.00003002394926683729
0.45305267, 1.96829978, 0.3241022, 0.09042720867196251, 0.343527406049567, 0.00218093714566493062
0.64645262, 0.39036332, 0.02737125, 0.012860875597470798, 0.3739302017715861, 0.00004420983184879736
0.32492197, 0.23487645, 0.01372353, 0.03581953528673433, 0.3939598088118219, 0.00028400446922212190
0.98716086, 0.34321702, 0.02017762, 0.011675015069522171, 0.3674192265043341, 0.00003630084755490458
0.97066608, 0.2597517, 0.28104669, 0.013143577552883546, 0.35564530184383314, 0.00004547488108374995
0.56178644, 0.28206887, 0.05449535, 0.0164931983038324, 0.37348941781078704, 0.00006678569510591936
0.28371269, 0.40551021, 0.16582385, 0.0653529577340089, 0.38757950489124315, 0.00103398192827001793
0.70963635, 1.07845204, 0.14177275, 0.008271364705320585, 0.29481237251062653, 0.00002280564508261049
0.72652641, 0.11604356, 0.4990133, 0.02190077471724014, 0.2137744002728853, 0.00014741027556609289
0.76473353, 0.48114306, 0.09023579, 0.011012755730863858, 0.35136781807396766, 0.00003288078978539404
0.03536367, 0.61259288, 0.02248871, 0.9724404638053095, 0.6665179635522712, 0.00010671188229327555
0.69231988, 2.13901838, 0.06269301, 0.00916959052056997, 0.4092203501841206, 0.00001976180533219347
0.36511802, 0.92791028, 0.01949706, 0.06301948742926777, 0.39318489561752046, 0.00094514792249512924
0.48310175, 0.63903419, 0.10615148, 0.019883321550491658, 0.3684792161353765, 0.00009754443787425820
0.76727874, 0.79731938, 0.4577704, 0.008000972341052745, 0.23947650152657296, 0.00001925680066831331
0.27444184, 1.34716927, 0.0756192, 0.44471999289509595, 0.6207868799144771, 0.01012202452833022015
0.99690873, 1.0458665, 0.01114524, 0.007013216564374592, 0.39846226660674555, 0.00001074312997135799
0.44730772, 0.28287406, 0.0504928, 0.02093403157245557, 0.36763405336548416, 0.00011163185969440573
0.53550604, 0.56745612, 0.34353346, 0.015080636165760357, 0.4208422965583589, 0.00005316653979362969
0.74063974, 2.57841401, 0.01807972, 0.006480446660173108, 0.34013752724738866, 0.00001043291533978164
0.73810146, 0.50210109, 0.04683643, 0.010640639903348893, 0.3252675474891611, 0.00003459789622302702
0.02910486, 0.39878479, 0.13752939, 0.9815328909057585, 0.6666470467024275, 0.00001421438676474374
0.22452611, 1.11607951, 0.05936459, 0.5406118515743921, 0.6457488785287284, 0.00534495757345732070
0.49862851, 1.85870402, 0.34587369, 0.03760758961615225, 0.3257100264636852, 0.00041553556007356074
0.72173981, 1.71749729, 0.14715995, 0.006654768833844976, 0.27374133097815023, 0.00001359987497541152
0.34603649, 0.48793812, 0.13413806, 0.041338458501399306, 0.29321086661081297, 0.00048815434050382867
0.31242482, 0.22393621, 0.38040785, 0.035737155271680476, 0.2938390937646206, 0.00039131836162564293
0.07988446, 0.12946062, 0.26562287, 0.8128224185172891, 0.6658043618571261, 0.00043469325328460151
0.56972706, 0.10709886, 0.02771203, 0.02391436258205765, 0.27661103389790065, 0.00016350188283184065
0.48534237, 0.74804551, 0.0120416, 0.019687468074426704, 0.330333875174302, 0.00010197520757246624
0.02380411, 0.15726162, 0.03271255, 0.9621633418571905, 0.6663154542921985, 0.00024725731473229651
0.25239242, 1.18984117, 0.02407637, 0.3508768242225596, 0.5837052981786728, 0.01023940332349658477
0.59099854, 0.11660403, 0.10305864, 0.021135124324151364, 0.3049947015117105, 0.00013258901089102182
0.28638868, 0.59210029, 0.06442066, 0.08722052496234815, 0.38991733482037305, 0.00182503291217630311
0.40903431, 0.25658011, 0.04926005, 0.023682848087397904, 0.34669718857670684, 0.00015616389361276166
0.38504422, 1.55180746, 0.06839346, 0.09438288945713559, 0.38573421857015, 0.00228585876816308001
0.71424372, 0.43752362, 0.10990033, 0.011422276460536309, 0.265882120306867, 0.00003716447617082183
0.93318485, 2.3696925, 0.04371002, 0.004550536719347755, 0.3490875478306561, 0.00000549607499227219
0.89132105, 0.26995429, 0.0109121, 0.012130763869099594, 0.3607607130310151, 0.00003597670182791478
0.06079832, 0.18388772, 0.11533987, 0.8704767522285178, 0.6656811967057585, 0.00057355009515636102
0.9062086, 0.81779965, 0.03616863, 0.008391436807450373, 0.3703726025935429, 0.00001900447392833192
0.27668235, 0.2274894, 0.01508799, 0.0498988361560811, 0.2796273200308781, 0.00070162264928817168
0.60419369, 0.5401515, 0.01935536, 0.012800038634848628, 0.37244688957813443, 0.00003923947505314609
0.0177275, 0.46123969, 0.19392103, 0.9938461700614554, 0.6666635810438086, 0.00000228856719985959
0.11314828, 0.69896302, 0.18260219, 0.8862178371868165, 0.6664712039341407, 0.00011616793245161627
0.61065545, 0.35251706, 0.0112869, 0.013883804667034153, 0.3443809048122193, 0.00004974143387691062
0.84459735, 2.27020283, 0.27155594, 0.004565814124457375, 0.3160374700525542, 0.00000601674754758339
0.39997637, 0.32795863, 0.31417168, 0.02483737501466273, 0.38047982063519104, 0.00014721140889643544
0.20408105, 0.28815536, 0.02881867, 0.12014728658369746, 0.3995644247715866, 0.00382570500135364332
0.21203592, 0.55566087, 0.24879192, 0.6146394825355658, 0.6618707477984367, 0.00142049756576118069
0.35621292, 1.13556811, 0.05345406, 0.08585536448969845, 0.33962857648209455, 0.00220737940311666915
0.32765847, 0.17731888, 0.08911623, 0.03276440037411694, 0.40000008314682645, 0.00025153049546205075
0.37676724, 1.37596654, 0.16189658, 0.11182939007762534, 0.39790985813853075, 0.00295802358437602907
0.54915175, 1.09977482, 0.15028887, 0.015219226663378537, 0.3746228862811455, 0.00005637197209932434
0.00809864, 2.10603013, 0.03901235, 0.9993943539031225, 0.6666665133721016, 0.00000011485859752192
0.50366139, 2.91754792, 0.01161504, 0.06960188803443722, 0.3911548860922376, 0.00113308515075732485
0.05658036, 0.30894439, 0.02980215, 0.8856640143514991, 0.6647338410069062, 0.00116330706836909048
0.80105594, 2.04886245, 0.03985057, 0.005480970493880099, 0.2983540707592498, 0.00000880015952197838
0.88968919, 0.14341359, 0.02447526, 0.018086296276906406, 0.27067002636785176, 0.00010360835159847612
0.54276588, 0.12687246, 0.20809521, 0.02133489836651318, 0.3143842479520895, 0.00012972603155974184
0.55273079, 0.60184282, 0.01557325, 0.014047782189620509, 0.30850902532365343, 0.00005957682587440105
0.93869716, 1.53196334, 0.03216611, 0.005861617544934084, 0.4100686197329546, 0.00000807849974841834
0.13386299, 1.45743875, 0.02617298, 0.8500374596086819, 0.6654322885538866, 0.00068748972017029786
0.24256132, 1.60738965, 0.01885707, 0.4841152744512632, 0.6156650102737131, 0.01014907971766101924
0.09584038, 0.10652435, 0.06347084, 0.334284184945372, 0.49491760932313145, 0.02089932719086379231
0.15479798, 1.94067074, 0.02363008, 0.8386945129096023, 0.664922276866754, 0.00100124180018956732
0.12280353, 0.17447245, 0.05896054, 0.3166050186831005, 0.5257778133903754, 0.01491207834972141377
0.96154407, 2.64526271, 0.01711243, 0.004394706492678515, 0.37425612272001674, 0.00000516813065061119
0.16128666, 0.21736595, 0.10697739, 0.19778083147150657, 0.4492030862970334, 0.00815413925498575942
0.15536098, 1.58698984, 0.02126432, 0.7981245337442916, 0.6632694061900684, 0.00187986348975854867
0.65729048, 0.2643955, 0.19626353, 0.014465557694266473, 0.24176485782236667, 0.00006266974197902670
0.49119284, 0.32887172, 0.08000515, 0.017632010179840084, 0.3140890770887572, 0.00008801026586272980
0.30487551, 1.66035195, 0.37062977, 0.6853796047801304, 0.66623447204664, 0.00015307147075654948
0.73259564, 1.49481172, 0.01682422, 0.006940105859076142, 0.3499071055004037, 0.00001290072337282318
0.95766302, 0.20519177, 0.04866122, 0.014871317774158966, 0.37965843492742324, 0.00004747842207229890
0.57479693, 0.13751987, 0.39977603, 0.02057058109084649, 0.3278257962012041, 0.00012414190442262200
0.64304176, 0.53140578, 0.29309448, 0.011083781689736557, 0.3507721955687836, 0.00003182946719175900
0.79132715, 0.37351563, 0.08456357, 0.011059688578267456, 0.2510452189696145, 0.00003988304464199404
0.1184625, 0.29968699, 0.27681955, 0.8085706178440726, 0.6660602721969392, 0.00030391553137465444
0.26608177, 0.46279794, 0.17373475, 0.10533602891250861, 0.3966369615090297, 0.00233305751789588366
0.83944067, 0.19214072, 0.46561799, 0.01657373931223212, 0.3906624219450636, 0.00006567047735632031
0.95337109, 0.76714819, 0.29726053, 0.008043799924007451, 0.33192353239416894, 0.00001753786872342523
0.17534734, 0.79599449, 0.03653486, 0.5985585978574223, 0.6399869842006511, 0.00886514492858669900
0.33183618, 2.4373529, 0.07121549, 0.5139588551177622, 0.6409216194942682, 0.00782807907556137827
0.66819338, 0.77988964, 0.37772941, 0.010323649666962484, 0.3752279194659881, 0.00002767364278383441
0.71664863, 0.7189932, 0.44690172, 0.009178405497131179, 0.3537935669420085, 0.00002392359278796485
0.68593367, 0.13394361, 0.10057068, 0.020505808837262524, 0.3866124734816371, 0.00009734511540333471
0.43600632, 0.21248673, 0.41824893, 0.020893924704739657, 0.29902499566788954, 0.00012700355178987040
0.2374864, 0.44097759, 0.212751, 0.2607942775444342, 0.5314235579689142, 0.00857199124708593607
0.88211157, 0.51466397, 0.33696145, 0.009968222223535767, 0.2835583480007364, 0.00002827910243398942
0.21957939, 1.75348962, 0.03051495, 0.6745441757145031, 0.6578997445330272, 0.00348415310290628444
0.58866148, 0.50880831, 0.01177905, 0.012578954333528384, 0.3526636155263153, 0.00004038303122415486
0.31571079, 1.1400586, 0.01028703, 0.11981959340134646, 0.37564947937048776, 0.00326953900081043171
0.09288631, 0.16888435, 0.01864872, 0.4665718502919189, 0.593553002109758, 0.01795617957230649653
0.58271083, 0.23851989, 0.25691841, 0.01731877096010113, 0.31927908960131846, 0.00008669252155475888
0.25880065, 0.34837222, 0.39391214, 0.19854538556518372, 0.4721203204163785, 0.00688938418941155428
0.78320014, 0.14953323, 0.01260908, 0.01911847885043872, 0.3534131995958528, 0.00010209239662614016
0.36252179, 0.33541068, 0.06700212, 0.03139026941620674, 0.4104238783121087, 0.00024532245703613622
0.69688761, 0.22225047, 0.11964841, 0.015532263726727778, 0.31215128826463756, 0.00006631251778256507
0.41935514, 0.41475094, 0.02094767, 0.02502421334004437, 0.365237375697418, 0.00015986511459335469
0.74839252, 0.36682973, 0.04189432, 0.0114690026096239, 0.24166137774372665, 0.00004110202296460740
0.26374173, 2.07251269, 0.04725154, 0.6655821554384928, 0.6618239330581341, 0.00175339676288444046
0.33918337, 0.13149608, 0.01795039, 0.03206434842246981, 0.2790632635938681, 0.00030647858261950494
0.84708789, 0.66836507, 0.43100051, 0.00901325985378302, 0.35881571598208883, 0.00002017468884186950
0.75349345, 0.12128482, 0.14425177, 0.020138386605646773, 0.3100714368825357, 0.00012142437643516870
0.92287613, 2.52124215, 0.48583456, 0.00443586649788694, 0.36124460332903485, 0.00000528935469099352
0.85509, 1.63898507, 0.36544655, 0.00580773838013016, 0.3516221465999074, 0.00000831163618842299
0.08994704, 0.11909957, 0.05108097, 0.43584530177155645, 0.5585198792670616, 0.02071695128491968241
0.38427119, 0.27295051, 0.082813, 0.025019056557446698, 0.28755051514230756, 0.00020217440176467400
0.80937183, 1.29157967, 0.18587086, 0.006857267461012685, 0.3998272724060933, 0.00001155715163658058
0.91106839, 0.20972051, 0.01416994, 0.014865511400031057, 0.3587940826133279, 0.00005962494219493829
0.39381571, 0.16381866, 0.01617623, 0.026002891797694622, 0.3441263905237498, 0.00017349756753872445
0.24851372, 2.87724628, 0.03004929, 0.697838791087145, 0.6595701037112434, 0.00311721363632816439
0.75849214, 0.5262244, 0.01012177, 0.009821828851608864, 0.31020524501237057, 0.00002695980659403042
0.87146394, 0.10392259, 0.15644911, 0.022376572695374578, 0.43403985729670813, 0.00011666519915840771
0.52905162, 1.86651461, 0.04526007, 0.02845026068274334, 0.3639466097084627, 0.00021786223718603436
0.61935051, 2.29101571, 0.12377396, 0.01329796752561959, 0.38459199985087067, 0.00004473092089480975
0.53181144, 0.14657864, 0.13051538, 0.020681136099513397, 0.35336046138353006, 0.00012046223036492234
0.87784606, 0.10097362, 0.23596325, 0.02231627944376348, 0.3038544022469133, 0.00013571263852090116
0.77534244, 0.12855757, 0.02153027, 0.01967134604917584, 0.3747671909842156, 0.00009846262179499251
0.57563444, 0.14152436, 0.1115129, 0.0212302238322278, 0.3893898030310827, 0.00010152581211520949
0.5594362, 1.92731664, 0.06540847, 0.01925246618297764, 0.4166336907193362, 0.00008682042576067030
0.91541281, 0.18913312, 0.0247567, 0.016454124034221706, 0.3173283421863332, 0.00007528027786314991
0.06763735, 0.15226305, 0.09981738, 0.8060185228513358, 0.6633848503376041, 0.00171808757633051812
0.14938234, 0.45297927, 0.12772807, 0.6785146053564489, 0.6610637220689626, 0.00206912320884133916
0.20836967, 0.19816333, 0.32951169, 0.13155585225159885, 0.42599228579958925, 0.00356297138311383044
0.98409123, 0.90054929, 0.16963636, 0.007252527919912795, 0.3409982018061605, 0.00001471583621437786
0.60611201, 0.16316943, 0.02820927, 0.018887468945378714, 0.3385917018403628, 0.00009394180023882714
0.82744435, 2.55847735, 0.09144182, 0.005246876511798785, 0.3692783962971461, 0.00000694648972320250
0.92985351, 0.16953143, 0.07478412, 0.017352222950985777, 0.34017367750515237, 0.00008363782667298756
0.96780131, 1.82096295, 0.0731369, 0.005241202114002784, 0.2929146394837102, 0.00000753002667960615
0.85073571, 1.99800495, 0.01356292, 0.005186656953939853, 0.26528480885077843, 0.00000862766831389933
0.50761279, 0.38506325, 0.28565272, 0.016385967038171786, 0.35993378604587556, 0.00007478222932575751
0.62267846, 0.56600476, 0.12589309, 0.012294316674731716, 0.35476828677208105, 0.00003925754126457619
0.44019561, 2.66473402, 0.02023091, 0.11231411722985161, 0.4605551160073693, 0.00230869748179233537
0.83318654, 0.24739078, 0.01060982, 0.01480970652666371, 0.3720024838035335, 0.00005546650792257705
0.12664431, 1.02030081, 0.01312492, 0.7900574107401342, 0.6602675070557824, 0.00315405982004701713
0.22896505, 0.85839443, 0.30506182, 0.706182638279844, 0.6657252868077881, 0.00036001084175779630
0.08135715, 1.78554537, 0.0376794, 0.9505480415306453, 0.666592814010049, 0.00005029316831628439
0.30569479, 1.21889005, 0.03831263, 0.14745559404517966, 0.42321958219858735, 0.00542025565247023985
0.94720143, 0.72448931, 0.02574278, 0.008183186487384588, 0.36088594734187884, 0.00001841703395364874
