0.28587881 0.37729903 0.02660286
0.02662040 0.71405756 0.44647221
0.04259107 0.38785211 0.06353029
0.82125413 0.15416359 0.07820517
0.26438154 0.17747995 0.22043207
0.05897022 1.50304485 0.17687479
0.54126046 0.39423623 0.10881226
0.31572675 0.16752064 0.01534084
0.86125118 0.11888744 0.04308227
0.34860146 0.86235699 0.11119884
0.13273369 0.14377096 0.23954705
0.17906262 0.45790868 0.01490296
0.83578043 0.13138607 0.07621862
0.75242967 0.60744051 0.02188950
0.72139397 0.10685181 0.10321156
0.72302587 0.22792999 0.18011813
0.83445445 0.28707384 0.03220744
0.13583331 1.46517095 0.10769693
0.79706025 0.89068345 0.08675927
0.72873051 0.92435233 0.02055735
0.12762041 0.13243139 0.16204300
0.59306636 1.09286745 0.01174590
0.68355930 0.18618614 0.02209630
0.16268955 0.25586265 0.01477671
0.51144190 1.67353604 0.48203929
0.96995820 0.62814956 0.01001277
0.50950449 1.30029325 0.05562095
0.20375670 0.45587194 0.04008815
0.16999014 0.16496616 0.01245902
0.14410831 0.29465967 0.17087093
0.23804616 0.42664340 0.03184815
0.15379626 0.24409528 0.04231122
0.85719480 1.71900354 0.28045364
0.94975202 0.40390539 0.30351496
0.99518907 0.48186255 0.07676860
0.65776825 1.99116534 0.23738943
0.97291143 1.83862963 0.01972033
0.80201366 0.41849317 0.31525111
0.25753231 0.35378773 0.47281884
0.93692764 0.18184001 0.33233819
0.42886133 0.77915010 0.27513557
0.71593081 0.16099344 0.06305931
0.00025639 0.14840033 0.35918413
0.01524309 1.14319420 0.01846793
0.27078818 0.34220750 0.19670941
0.77773993 0.11100120 0.01138917
0.36921965 0.10004591 0.01579049
0.07624474 0.11702370 0.21531628
0.55506844 0.31933471 0.01188295
0.00983722 0.27035532 0.04665874
0.24529020 0.81384712 0.03613252
0.73782746 0.10900955 0.09239319
0.15592584 0.26647759 0.01863182
0.43655683 0.10084935 0.24863411
0.85982915 0.33898461 0.18323362
0.25228506 0.63687264 0.02070460
0.50525239 0.66147483 0.02257602
0.97021805 0.85004013 0.09529607
0.44481012 0.10523619 0.13838105
0.98111553 0.10794013 0.03639364
0.36623659 1.95532518 0.07125153
0.69427206 0.29889843 0.46435209
0.48484069 0.18817563 0.05626570
0.79358633 0.89373601 0.02630611
0.06299704 0.20532051 0.39649692
0.17100529 0.39680962 0.01998519
0.51535032 0.15872293 0.40870696
0.98798035 0.11412216 0.03277416
0.19759782 0.34475440 0.43887966
0.11446492 0.13516519 0.05930999
0.89840422 0.38102812 0.08304400
0.99813193 0.23273652 0.14946441
0.35747230 0.18316186 0.04133131
0.29724823 0.96210191 0.34932535
0.34575416 0.98512024 0.14100453
0.34229636 1.53539875 0.03319391
0.95652356 1.56858386 0.31000484
0.40778553 0.84200191 0.17516047
0.11666055 1.20598814 0.29079808
0.02814438 0.49071486 0.01055957
0.59111719 0.56960855 0.02085130
0.05685951 0.45124941 0.01545411
0.06828304 1.16976282 0.24511676
0.32079636 1.73086699 0.19810399
0.27786172 0.12121616 0.11909513
0.28945822 0.17039638 0.24156494
0.11968706 0.51153374 0.03546084
0.57155626 0.11180116 0.03123963
0.32673702 0.35789659 0.03883795
0.43881967 1.30749441 0.06827495
0.67725308 0.20937247 0.01496028
0.10693055 0.11814238 0.01276235
0.02347364 0.49719055 0.07175591
0.37786960 0.12579360 0.32717758
0.65220610 0.20283647 0.15488855
0.42316334 0.23622514 0.03030019
0.18013379 0.25245891 0.37164260
0.53468426 1.06553939 0.06533949
0.24218194 0.12632050 0.12208825
0.31855303 0.10950229 0.03380811
0.45903844 1.93273133 0.37643305
0.69101645 0.25975275 0.14384531
0.49839006 0.12282617 0.37834494
0.58382329 0.15722942 0.18761033
0.55004173 0.65525573 0.07034605
0.61380074 0.56774137 0.02514024
0.19732657 0.17169947 0.07874597
0.65409983 0.14111155 0.20063178
0.65539589 0.28527765 0.04911128
0.58785585 1.62424947 0.03942239
0.26995678 0.28836037 0.30934786
0.93104233 0.43010051 0.01813683
0.62370678 0.18958171 0.04061367
0.00585397 0.72555950 0.02025049
0.29026191 1.58021859 0.11994499
0.93360707 0.10218813 0.11205273
0.04178951 1.89516046 0.01558175
0.06719076 0.46138624 0.06724091
0.31398074 0.16818970 0.18575912
0.35324943 1.43374866 0.02975142
0.84938984 1.16563339 0.05368705
0.77061049 0.15271596 0.02735402
0.89098232 0.11296488 0.08962685
0.87286696 0.28033114 0.29684851
0.09851577 0.87570314 0.25679116
0.48034516 0.31431902 0.01212803
0.61202246 1.96455071 0.14847144
0.13206119 0.31548422 0.05434171
0.73186959 0.55538078 0.32241508
0.16673902 1.39439792 0.03159169
0.78407076 0.22501604 0.03018905
0.23253220 0.38429104 0.14647321
0.43196586 1.97726843 0.02179578
0.96445710 0.22702227 0.01339575
0.60202673 0.43783939 0.41825430
0.01183062 0.43131631 0.03439443
0.10341818 1.32228847 0.05515899
0.91385487 0.18065798 0.33053985
0.82668126 0.60335176 0.23441059
0.85170473 0.54713787 0.03421904
0.20865502 0.72129837 0.05163832
0.62237679 1.01806676 0.01264432
0.56380291 0.12202581 0.08230729
0.58166765 0.34728799 0.01923741
0.39756724 0.17584032 0.35572017
0.14654564 1.66852020 0.07329906
0.04527761 0.10750627 0.01026186
0.24427201 0.11707212 0.20981670
0.50256185 1.74949635 0.12976842
0.92059596 0.51892143 0.01820409
0.12385886 0.79482509 0.13246252
0.33320837 1.78802307 0.21193152
0.77634402 0.25880693 0.13540667
0.32466244 1.64542714 0.22356820
0.07889338 1.69467051 0.28290692
0.61838403 1.48557983 0.01675198
0.18922185 0.20433164 0.01062603
0.70656235 1.18185645 0.16272988
0.89692094 0.17521226 0.20491097
0.86775970 0.21332240 0.48001159
0.27368627 0.32920833 0.30454689
0.76169644 0.82651742 0.01715679
0.40316565 1.90118451 0.22863988
0.56657861 1.13405479 0.02455615
0.88642980 0.69316579 0.02941213
0.82833154 0.89754818 0.03255723
0.62857422 0.36570743 0.04027310
0.46908316 0.15983155 0.11695713
0.20592201 0.21748285 0.01282389
0.56886509 0.19174067 0.01195648
0.66842251 0.76862654 0.14017955
0.85409988 0.21473819 0.01375472
0.74083529 1.00463170 0.09425135
0.83107055 0.49531167 0.04762665
0.60400579 0.68714340 0.16661244
0.17627583 1.38038845 0.14462382
0.54735639 0.86899432 0.10734207
0.69910914 0.97362404 0.02838064
0.15883269 0.19502352 0.01155764
0.86396477 0.69721909 0.01793694
0.29820524 0.13397394 0.02770859
0.52805830 0.12794839 0.24386112
0.09020869 0.13768336 0.19412951
0.30479754 0.61914256 0.08811251
0.47027414 1.82138246 0.43198410
0.71797793 0.75955291 0.20670520
0.21716050 0.47603285 0.29427529
0.91745424 1.08046969 0.08594287
0.74427182 1.27140097 0.02019979
0.73434981 1.11155976 0.39999542
0.98713570 1.64888239 0.06762350
0.33561899 0.83399153 0.09661086
0.75934581 1.84964776 0.02796404
0.83790635 0.18633506 0.10619774
0.19112126 0.74458715 0.02582955
0.75719804 0.39200280 0.46861853
0.70436828 1.91350979 0.04114801
0.38319334 0.32412746 0.11855698
0.18734372 1.24162381 0.20778927
0.84356330 0.41066309 0.34566006
0.82422383 0.58334814 0.01132622
0.24950137 1.77385795 0.43133297
0.37469053 0.30334604 0.03577789
0.81118499 0.61295762 0.41956535
0.28324428 0.19218115 0.06226658
0.84189138 0.16616289 0.02341641
0.60924268 0.53188116 0.07244236
0.26718186 1.33737579 0.01097979
0.30156054 0.65093369 0.22945215
0.13816975 1.61964898 0.16411962
0.66645727 0.11601713 0.15133309
0.37021228 0.25017220 0.06271872
0.87602735 0.23013080 0.04788132
0.12243936 0.66544284 0.23198918
0.44804143 0.24240395 0.15351696
0.49484208 0.88377042 0.10421282
0.95251205 0.32871164 0.01699918
0.38535217 1.78577884 0.01235094
0.89348340 1.50491130 0.08123845
0.53917207 0.39062899 0.04279558
0.22685741 0.26324095 0.05298074
0.51367454 0.46457182 0.01344093
0.48898722 0.32169917 0.01159555
0.30894634 0.10598464 0.05677021
0.60525364 0.52386189 0.31597130
0.08211756 0.14173065 0.08034154
0.14003144 0.22276177 0.01759431
0.16211827 0.21835228 0.15752756
0.69598452 0.41655190 0.01441990
0.64690805 0.19434871 0.01036761
0.63316653 0.36527286 0.02240346
0.88007709 0.75345747 0.04478429
0.74531781 0.55703323 0.12407552
0.49725442 1.80963051 0.04723057
0.48682453 0.22085811 0.12855117
0.98477835 0.13954257 0.22493504
0.37528654 0.12048228 0.12619631
0.08596247 0.25463661 0.10030492
0.84677609 0.10232562 0.01962310
0.91780855 0.29096061 0.02533732
0.53166545 1.54367560 0.36237239
0.44024391 0.21056558 0.16901673
0.59909949 1.05053908 0.02705061
0.15140129 0.24581193 0.25361375
0.39442201 0.93199578 0.02359781
0.33176879 0.37556193 0.02407559
0.75489082 0.20194435 0.25949799
0.76983955 0.23985081 0.01306440
0.93976363 0.97843557 0.21925150
0.36426291 0.16925381 0.07477167
0.51909537 0.27577509 0.04398717
0.92553372 1.86801900 0.38581273
0.40691807 1.24801130 0.04947857
0.54420451 1.03815730 0.01660033
0.05242192 1.08445773 0.05084189
0.01498141 0.43420451 0.16063627
0.40197748 0.16202623 0.15803036
0.41797272 1.52223171 0.03808855
0.18377159 1.04808926 0.08884213
0.25479876 0.56202408 0.06028504
0.09625560 0.12966313 0.02637631
0.78606720 0.26264409 0.27537991
0.80286307 0.13039266 0.45542522
0.14863725 1.29040531 0.32058604
0.30554074 1.27816413 0.01680809
0.28131468 0.61221600 0.02110396
0.47407745 0.99736626 0.02424955
0.90920473 1.36429682 0.09869946
0.07188999 0.50191425 0.42563930
0.17287938 1.19278185 0.03062496
0.38229297 0.48824711 0.01324228
0.74865911 0.19930104 0.09129524
0.62515422 1.02976701 0.13427449
0.22160745 0.91577726 0.11013635
0.97944385 1.33051195 0.01423270
0.47726137 0.13829467 0.17845349
0.11091722 0.14875001 0.45126867
0.94290225 1.42002126 0.11434168
0.45123019 0.27698491 0.04194886
0.67287238 0.54289099 0.08421741
0.86579371 1.73628337 0.34098291
0.10885169 0.12890711 0.05899055
0.90244906 0.37122618 0.01226504
0.79944418 1.02218578 0.03907413
0.58735277 1.12923728 0.38961538
0.90347150 0.11194790 0.08513107
0.19410309 0.57720292 0.01112283
0.71414365 1.40155176 0.27259067
0.52647621 0.14279155 0.07754641
0.21016415 0.17388403 0.01047612
0.88877089 0.52229414 0.03852925
0.64890929 0.40058373 0.10512142
0.02192381 0.15014115 0.05209002
0.87160611 0.81781364 0.01415737
0.52220176 0.26859249 0.05251320
0.79177830 1.47490351 0.41414766
0.94620848 0.15508973 0.06093179
0.78833636 0.99260555 0.01642173
0.72644258 0.17916678 0.45794782
0.22870438 0.28251828 0.15310119
0.63003069 0.11449862 0.09348819
0.81554719 0.30672624 0.49007451
0.20133325 0.76607481 0.02581901
0.32886723 0.53068281 0.04831354
0.21374919 0.46943096 0.18975526
0.42644884 0.10436645 0.25172083
0.41327646 0.15594271 0.16751594
0.22412012 0.27165419 0.04371557
0.66411816 1.55908975 0.06457113
0.26003073 0.15201060 0.06162998
0.57589900 1.60171096 0.01611446
0.33890995 1.10155083 0.02378306
0.36113984 0.80252319 0.01519727
0.77304799 0.16350271 0.40382773
0.09386485 0.19695083 0.20320723
0.45619310 0.73261738 0.02501037
0.47907920 0.63175767 0.05827457
0.29494004 0.55027834 0.01585428
0.63906871 1.36592909 0.19332870
0.80580417 1.35003116 0.06603339
0.95070390 0.23711478 0.01617385
0.35791862 0.58879950 0.02287817
0.21811238 1.58903147 0.33513383
0.50006890 1.21898227 0.12315416
0.59630243 1.70397364 0.26725347
0.76666379 1.19652326 0.05041154
0.68107536 0.29387717 0.01737391
0.08410644 0.59497113 0.01293402
0.46561246 0.77602926 0.01936138
0.03165215 0.12495031 0.13672215
0.61625219 0.14520123 0.26108901
0.06109342 0.30940748 0.49706806
0.68962015 0.14601729 0.13217104
0.23721668 0.90971270 0.11398772
0.03263396 0.36252599 0.11615799
0.03836868 0.13300975 0.07361026
0.71146080 0.47337017 0.05707495
0.46469372 0.24910013 0.01123696
0.05400192 1.45208617 0.26790091
0.92298564 0.70719890 0.03349759
0.44539715 1.23184686 0.01380913
0.97590903 0.94922838 0.26457113
0.41519863 0.44832909 0.01076532
0.91093745 0.67390767 0.12778522
0.31078402 0.19907582 0.01890947
0.54814746 0.80058440 0.18222610
0.01773702 0.68097166 0.03094958
0.35090641 0.23371925 0.02134855
0.49141456 0.57441694 0.04973213
0.57757452 1.06877293 0.04451143
0.96623748 0.59243075 0.14220374
0.78016111 0.44235435 0.35322615
0.66165556 0.36994910 0.02914896
0.00429188 1.12326237 0.21682601
0.38833385 0.94042356 0.39273196
0.96046894 0.62339445 0.01359375
0.87945469 1.15647149 0.02482253
0.10184422 0.33631156 0.17233669
0.41111966 0.42324917 0.08014263
0.39706529 0.33379859 0.01015293
0.80992692 0.95956827 0.03678727
0.46084505 0.44493313 0.36872326
0.56115940 0.53568172 0.03472817
0.94050760 0.73740650 0.03520697
0.73553080 0.74349925 0.02883230
0.04765859 0.22305265 0.02301118
0.81972369 0.50597076 0.38276164
0.07275857 0.24077906 0.04558960
0.53502573 0.13650819 0.09084749
0.64410477 0.31768125 0.49265826
0.76336897 0.18348989 0.05400499
0.95761411 0.30126326 0.01769882
0.25640466 0.14720330 0.01408173
0.92848879 0.82604384 0.29979921
0.52331478 0.21305285 0.34208400
0.57400494 1.26637507 0.03753258
0.45358428 1.44294421 0.06950375
0.23235392 0.51549883 0.05794901
0.67867301 1.22869153 0.08738308
0.81264687 0.48443421 0.09673331
0.39184382 0.92708290 0.01452127
0.99445257 0.33886132 0.06581287
0.88320257 0.35716085 0.03733238
0.43406311 0.31049764 0.01886107
0.70781864 0.85545258 0.12584109
0.63531601 0.78898348 0.04636811
0.55895213 0.64452248 0.02754954
0.55413541 0.27382980 0.10094741
0.08894697 0.64635195 0.01086825
0.64181507 0.35008900 0.28828134
0.70055342 0.12382343 0.04552772
0.99032617 1.41460142 0.09801602
0.27572362 0.29817662 0.02151733
0.12630349 0.67694077 0.28418277
0.90623019 1.87032859 0.19096390
0.67020474 0.40574808 0.07530215
0.03605013 0.20744810 0.44290890
0.42197007 0.70414286 0.06877515
0.68729302 0.41406789 0.02872007
0.34254478 0.10377631 0.10200784