0.01360456 2.84068158 0.41819836
0.02122788 0.32936357 0.26173375
0.29349227 0.42314892 0.05430313
0.16652856 2.12430966 0.47728870
0.18503307 2.58901558 0.36239217
0.29731359 1.98218037 0.13900853
0.14846320 0.41169223 0.48953915
0.15735533 2.14065718 0.29735087
0.21386245 1.66336407 0.08874900
0.03246979 0.28002504 0.32787177
0.25209525 0.48036652 0.47132263
0.28258037 1.16628866 0.49638348
0.26458246 1.70586692 0.26983372
0.25109927 1.38350194 0.11081172
0.28736083 2.41568441 0.19251520
0.22970451 1.68999257 0.12204497
0.22331141 1.91751659 0.04834190
0.24236172 0.14470074 0.29276467
0.04811101 2.81073346 0.15288387
0.14661362 0.83739064 0.06008030
0.09000402 1.32441978 0.15944789
0.03473685 0.61436657 0.20902160
0.13922968 0.79472714 0.36619226
0.10774957 2.87130857 0.16924846
0.10066846 1.25305608 0.30329288
0.20622470 2.79191464 0.22712270
0.01934505 0.12318735 0.30716457
0.19179580 2.50741364 0.37537283
0.00011400 2.88624260 0.19782181
0.10971591 1.59408412 0.02649226
0.07553705 2.18416107 0.39155489
0.24831078 2.96563764 0.42200149
0.04307802 1.35049231 0.44478817
0.06622482 2.48110624 0.02037555
0.19230870 1.52597035 0.21754448
0.16809861 0.95505948 0.25874471
0.11891213 0.64133680 0.35111345
0.12488553 0.17877217 0.01303288
0.01155235 1.03466563 0.07869566
0.19683218 2.45785335 0.07789403
0.04166600 1.82384015 0.40818733
0.28892070 1.57851175 0.33702325
0.02878542 2.92636460 0.35759488
0.27862028 0.55126291 0.10161947
0.08430812 1.61987985 0.43232850
0.02426291 1.08633591 0.19090792
0.05111921 0.23423435 0.03685032
0.12657057 0.72965524 0.44038687
0.12008408 1.50006286 0.31073194
0.09458689 0.27200461 0.07073532
0.21942337 0.33995438 0.24608778
0.10484524 0.89529540 0.45394013
0.17408473 2.73235106 0.31963860
0.11292494 1.19230047 0.33330112
0.24328678 2.26676482 0.37110716
0.16028220 0.20773024 0.44999114
0.27981566 0.93066810 0.28706986
0.04563644 1.43736731 0.38708063
0.07244742 2.04088453 0.48404665
0.21731253 1.07894534 0.23480585
0.09773064 1.00832745 0.40025214
0.25935317 2.23292670 0.05405797
0.21266329 2.42273968 0.46894333
0.05517179 1.41070023 0.26855964
0.13272879 2.34024208 0.04168532
0.23580778 1.73433537 0.16389699
0.13144586 2.38135965 0.39286922
0.15485264 1.94979741 0.17448230
0.23319787 2.21151522 0.41432561
0.08213414 2.68607430 0.10772372
0.22798397 1.27999116 0.31495445
0.00662115 2.09435007 0.28108385
0.29590404 2.30363725 0.34556995
0.17363971 2.55736133 0.25363131
0.20146860 2.06334393 0.23713033
0.26934417 0.74866406 0.38013928
0.20737584 1.76074345 0.13607224
0.27111836 0.45022177 0.18396429
0.08986396 0.37608280 0.34094494
0.25608322 2.65640605 0.40611883
0.06903221 1.14087365 0.22303684
0.27304990 2.97649391 0.01548429
0.11510840 0.81959593 0.21399091
0.19991976 1.88910197 0.11638565
0.07949973 0.57096330 0.14956836
0.18663819 1.46573960 0.45753504
0.17716636 0.97792683 0.20441419
0.05846064 2.31365251 0.14246900
0.03782609 0.53474738 0.17932911
0.01655732 2.74271295 0.49325477
0.18173218 0.69148244 0.12285869
0.13744437 1.22141573 0.06535225
0.00576567 1.80563857 0.42978461
0.15234336 1.29781073 0.03026083
0.14393454 2.63336714 0.12763044
0.16464281 1.86355277 0.09607434
0.06588142 1.99779931 0.46323486
0.06025346 0.67437711 0.24238501
0.23734684 0.87741667 0.27533738
0.26296393 2.61687894 0.08493549
