0.81391913 0.38213870 0.11320703
0.00332304 0.94561975 0.04159654
0.67500244 0.88601343 0.05205602
0.52144133 1.39891397 0.01222729
0.77440626 0.66033457 0.47211713
0.82417796 0.20322256 0.01052886
0.19525641 0.96872396 0.02208079
0.70388967 0.73203275 0.03127415
0.89689729 0.18753187 0.09507495
0.42950359 2.78202743 0.17865272
0.01056332 0.61966019 0.01458031
0.35136887 0.36306286 0.03332652
0.46563411 0.84095686 0.09715718
0.68251851 2.80731482 0.05566769
0.67022389 1.26725990 0.02298744
0.86077216 0.82773613 0.22060447
0.04915388 0.23292034 0.35586031
0.79957841 0.10993593 0.06140142
0.46499471 2.98348707 0.07801105
0.14274130 2.74586568 0.40639732
0.10247722 0.24329996 0.42453427
0.90063218 0.93705727 0.03462557
0.86793894 2.19021224 0.31056366
0.43427368 0.11260400 0.05652734
0.81755960 0.41933021 0.20163535
0.47179624 2.44636449 0.11996951
0.18416098 0.25192351 0.15845465
0.47570401 0.11451668 0.02536064
0.05022936 2.33147630 0.01635333
0.99182735 0.19502528 0.01276314
0.40433144 0.58329386 0.43706614
0.45984572 0.68100646 0.25879093
0.03357056 0.47593064 0.22744159
0.29857792 0.12346187 0.07768375
0.13760452 0.29249861 0.01598060
0.97539333 0.15409402 0.01321751
0.04266154 1.16244212 0.01760229
0.18924906 1.37076897 0.02664056
0.07115352 0.43077427 0.05764321
0.42339076 0.31616299 0.04021414
0.51565482 0.15872924 0.18813208
0.94370036 0.87536377 0.04261729
0.65182623 0.99471901 0.08705059
0.41292009 0.18074894 0.09356873
0.51046603 1.49118610 0.24000255
0.10910967 0.32060954 0.17598044
0.62526645 0.63232453 0.01480747
0.78881229 0.13964458 0.03395538
0.34458957 0.30703201 0.06993017
0.29499708 0.10198525 0.01438990
0.16556064 1.20982106 0.21564477
0.19392936 1.30729185 0.15199073
0.63175673 1.04484561 0.03502140
0.37423290 1.25724205 0.08114830
0.59739825 1.68817605 0.20614055
0.66415348 1.42873555 0.24489878
0.23391423 0.97892311 0.04445428
0.63991466 0.68965275 0.22968933
0.45305267 1.96829978 0.32410220
0.64645262 0.39036332 0.02737125
0.32492197 0.23487645 0.01372353
0.98716086 0.34321702 0.02017762
0.97066608 0.25975170 0.28104669
0.56178644 0.28206887 0.05449535
0.28371269 0.40551021 0.16582385
0.70963635 1.07845204 0.14177275
0.72652641 0.11604356 0.49901330
0.76473353 0.48114306 0.09023579
0.03536367 0.61259288 0.02248871
0.69231988 2.13901838 0.06269301
0.36511802 0.92791028 0.01949706
0.48310175 0.63903419 0.10615148
0.76727874 0.79731938 0.45777040
0.27444184 1.34716927 0.07561920
0.99690873 1.04586650 0.01114524
0.44730772 0.28287406 0.05049280
0.53550604 0.56745612 0.34353346
0.74063974 2.57841401 0.01807972
0.73810146 0.50210109 0.04683643
0.02910486 0.39878479 0.13752939
0.22452611 1.11607951 0.05936459
0.49862851 1.85870402 0.34587369
0.72173981 1.71749729 0.14715995
0.34603649 0.48793812 0.13413806
0.31242482 0.22393621 0.38040785
0.07988446 0.12946062 0.26562287
0.56972706 0.10709886 0.02771203
0.48534237 0.74804551 0.01204160
0.02380411 0.15726162 0.03271255
0.25239242 1.18984117 0.02407637
0.59099854 0.11660403 0.10305864
0.28638868 0.59210029 0.06442066
0.40903431 0.25658011 0.04926005
0.38504422 1.55180746 0.06839346
0.71424372 0.43752362 0.10990033
0.93318485 2.36969250 0.04371002
0.89132105 0.26995429 0.01091210
0.06079832 0.18388772 0.11533987
0.90620860 0.81779965 0.03616863
0.27668235 0.22748940 0.01508799
0.60419369 0.54015150 0.01935536
0.01772750 0.46123969 0.19392103
0.11314828 0.69896302 0.18260219
0.61065545 0.35251706 0.01128690
0.84459735 2.27020283 0.27155594
0.39997637 0.32795863 0.31417168
0.20408105 0.28815536 0.02881867
0.21203592 0.55566087 0.24879192
0.35621292 1.13556811 0.05345406
0.32765847 0.17731888 0.08911623
0.37676724 1.37596654 0.16189658
0.54915175 1.09977482 0.15028887
0.00809864 2.10603013 0.03901235
0.50366139 2.91754792 0.01161504
0.05658036 0.30894439 0.02980215
0.80105594 2.04886245 0.03985057
0.88968919 0.14341359 0.02447526
0.54276588 0.12687246 0.20809521
0.55273079 0.60184282 0.01557325
0.93869716 1.53196334 0.03216611
0.13386299 1.45743875 0.02617298
0.24256132 1.60738965 0.01885707
0.09584038 0.10652435 0.06347084
0.15479798 1.94067074 0.02363008
0.12280353 0.17447245 0.05896054
0.96154407 2.64526271 0.01711243
0.16128666 0.21736595 0.10697739
0.15536098 1.58698984 0.02126432
0.65729048 0.26439550 0.19626353
0.49119284 0.32887172 0.08000515
0.30487551 1.66035195 0.37062977
0.73259564 1.49481172 0.01682422
0.95766302 0.20519177 0.04866122
0.57479693 0.13751987 0.39977603
0.64304176 0.53140578 0.29309448
0.79132715 0.37351563 0.08456357
0.11846250 0.29968699 0.27681955
0.26608177 0.46279794 0.17373475
0.83944067 0.19214072 0.46561799
0.95337109 0.76714819 0.29726053
0.17534734 0.79599449 0.03653486
0.33183618 2.43735290 0.07121549
0.66819338 0.77988964 0.37772941
0.71664863 0.71899320 0.44690172
0.68593367 0.13394361 0.10057068
0.43600632 0.21248673 0.41824893
0.23748640 0.44097759 0.21275100
0.88211157 0.51466397 0.33696145
0.21957939 1.75348962 0.03051495
0.58866148 0.50880831 0.01177905
0.31571079 1.14005860 0.01028703
0.09288631 0.16888435 0.01864872
0.58271083 0.23851989 0.25691841
0.25880065 0.34837222 0.39391214
0.78320014 0.14953323 0.01260908
0.36252179 0.33541068 0.06700212
0.69688761 0.22225047 0.11964841
0.41935514 0.41475094 0.02094767
0.74839252 0.36682973 0.04189432
0.26374173 2.07251269 0.04725154
0.33918337 0.13149608 0.01795039
0.84708789 0.66836507 0.43100051
0.75349345 0.12128482 0.14425177
0.92287613 2.52124215 0.48583456
0.85509000 1.63898507 0.36544655
0.08994704 0.11909957 0.05108097
0.38427119 0.27295051 0.08281300
0.80937183 1.29157967 0.18587086
0.91106839 0.20972051 0.01416994
0.39381571 0.16381866 0.01617623
0.24851372 2.87724628 0.03004929
0.75849214 0.52622440 0.01012177
0.87146394 0.10392259 0.15644911
0.52905162 1.86651461 0.04526007
0.61935051 2.29101571 0.12377396
0.53181144 0.14657864 0.13051538
0.87784606 0.10097362 0.23596325
0.77534244 0.12855757 0.02153027
0.57563444 0.14152436 0.11151290
0.55943620 1.92731664 0.06540847
0.91541281 0.18913312 0.02475670
0.06763735 0.15226305 0.09981738
0.14938234 0.45297927 0.12772807
0.20836967 0.19816333 0.32951169
0.98409123 0.90054929 0.16963636
0.60611201 0.16316943 0.02820927
0.82744435 2.55847735 0.09144182
0.92985351 0.16953143 0.07478412
0.96780131 1.82096295 0.07313690
0.85073571 1.99800495 0.01356292
0.50761279 0.38506325 0.28565272
0.62267846 0.56600476 0.12589309
0.44019561 2.66473402 0.02023091
0.83318654 0.24739078 0.01060982
0.12664431 1.02030081 0.01312492
0.22896505 0.85839443 0.30506182
0.08135715 1.78554537 0.03767940
0.30569479 1.21889005 0.03831263
0.94720143 0.72448931 0.02574278
0.17255460 2.21894055 0.13699472