0.81391913,0.3821387,0.11320703,0.0127611623326969,0.3828355457169906,3.7849115766e-05
0.00332304,0.94561975,0.04159654,0.9999131516942704,0.6666666549517277,8.7858768e-09
0.67500244,0.88601343,0.05205602,0.0095567802714824,0.3502525713563591,2.54498728898e-05
0.52144133,1.39891397,0.01222729,0.0239986994364968,0.3043933192396764,0.0001739132382032
0.77440626,0.66033457,0.47211713,0.0090577948945276,0.3637882099344173,2.12278314674e-05
0.82417796,0.20322256,0.01052886,0.0157781078911113,0.3828961754881159,6.30764742331e-05
0.19525641,0.96872396,0.02208079,0.5391684997840404,0.6332029308382771,0.0085335084513081
0.70388967,0.73203275,0.03127415,0.0095677269978342,0.3681298481917673,2.16487028363e-05
0.89689729,0.18753187,0.09507495,0.0163757622969076,0.295239880965067,7.22541554971e-05
0.42950359,2.78202743,0.17865272,0.42001648088753,0.6586669748121039,0.0011586579894974
0.01056332,0.61966019,0.01458031,0.9966498790256608,0.6666587242592783,5.9355290205e-06
0.35136887,0.36306286,0.03332652,0.0339701060174873,0.2069520837679674,0.000406493384755
0.46563411,0.84095686,0.09715718,0.0238452730777693,0.2973055562698928,0.0001611286846664
0.68251851,2.80731482,0.05566769,0.0090751312289939,0.2936981556950194,2.27917696457e-05
0.67022389,1.2672599,0.02298744,0.0091965194813819,0.3866549261918524,2.14154587923e-05
0.86077216,0.82773613,0.22060447,0.0076155524459706,0.2009034984386148,1.79890507078e-05
0.04915388,0.23292034,0.35586031,0.9530559306685236,0.6666319054701639,2.3762004095e-05
0.79957841,0.10993593,0.06140142,0.021314148484566,0.4286018176166237,0.0001023609841619
0.46499471,2.98348707,0.07801105,0.1013917391026548,0.3611720528569532,0.0026907562043605
0.1427413,2.74586568,0.40639732,0.937377214710594,0.6666533045055342,8.82877781e-06
0.10247722,0.24329996,0.42453427,0.8610672639157928,0.6664838927900714,0.000102139680672
0.90063218,0.93705727,0.03462557,0.0070343452609849,0.351091685847482,1.35101076053e-05
0.86793894,2.19021224,0.31056366,0.0051085403206694,0.3587932933521864,6.9898374808e-06
0.43427368,0.112604,0.05652734,0.026333736853769,0.3164591516972967,0.0002252983115177
0.8175596,0.41933021,0.20163535,0.0112207204073138,0.3014766851600849,3.65422578594e-05
0.45984572,0.68100646,0.25879093,0.0223053486285976,0.3452793543919332,0.0001404267885658
0.03357056,0.47593064,0.22744159,0.9822249409566042,0.6666584262984325,5.9699540845e-06
0.29857792,0.12346187,0.07768375,0.0360818865309207,0.349740128030175,0.0003450099559985
0.13760452,0.29249861,0.0159806,0.3636916052295826,0.5465558380870927,0.013871268422864
0.97539333,0.15409402,0.01321751,0.0176832874980873,0.3747760946279876,8.32498028631e-05
0.04266154,1.16244212,0.01760229,0.974430340302688,0.6665525700864736,8.15735086011e-05
0.18924906,1.37076897,0.02664056,0.6896520720588722,0.6589276305751657,0.0029299251512232
0.07115352,0.43077427,0.05764321,0.8999250006718593,0.6661323979134988,0.0003282241836035
0.42339076,0.31616299,0.04021414,0.0228597742952393,0.3684616555928249,0.0001314711074119
0.51565482,0.15872924,0.18813208,0.0201782959266675,0.327118997077903,0.0001136344177121
0.94370036,0.87536377,0.04261729,0.0075788230777554,0.3276483780585393,1.66687629835e-05
0.65182623,0.99471901,0.08705059,0.0098484748339806,0.3945703879796105,2.26636357605e-05
0.41292009,0.18074894,0.09356873,0.0228312210572052,0.3077429013975192,0.0001432407172654
0.51046603,1.4911861,0.24000255,0.0255020090052736,0.3833382175838711,0.0001555507777506
0.10910967,0.32060954,0.17598044,0.8072199386883027,0.6656128435477231,0.0005270238915846
0.62526645,0.63232453,0.01480747,0.0111693997106678,0.2836600831240141,3.53000538393e-05
0.78881229,0.13964458,0.03395538,0.0192562179537104,0.3440258094170617,9.11626208056e-05
0.34458957,0.30703201,0.06993017,0.034043531411181,0.3901185381316878,0.0002810111173892
0.29499708,0.10198525,0.0143899,0.0352239343335289,0.399361597575367,0.0002884240145234
0.16556064,1.20982106,0.21564477,0.8553543359189895,0.6665416490731764,6.89914954552e-05
0.19392936,1.30729185,0.15199073,0.7973324509414088,0.6662912144746167,0.0001796805961076
0.63175673,1.04484561,0.0350214,0.0101930650732286,0.2439063640424262,3.39581530097e-05
0.3742329,1.25724205,0.0811483,0.0809540756511025,0.3162936542198784,0.0019145900087329
0.59739825,1.68817605,0.20614055,0.0144119681818828,0.3178177089082918,5.49826463382e-05
0.66415348,1.42873555,0.24489878,0.0094160228307618,0.3500013928561427,2.24415070381e-05
0.23391423,0.97892311,0.04445428,0.3564094554369543,0.5610055030073355,0.0141739069714187
0.63991466,0.68965275,0.22968933,0.0109917154393138,0.3271469231065641,3.41328701142e-05
0.45305267,1.96829978,0.3241022,0.0933344016158363,0.3412166669462062,0.0022274580495172
0.64645262,0.39036332,0.02737125,0.0140506055328995,0.4289306661762543,3.9910997502e-05
0.32492197,0.23487645,0.01372353,0.0362685261253022,0.3812758947278895,0.0003358583830617
0.98716086,0.34321702,0.02017762,0.0124272862778626,0.3103922557161184,4.29828599059e-05
0.97066608,0.2597517,0.28104669,0.0131961264642025,0.2901690886020799,5.39461455761e-05
0.56178644,0.28206887,0.05449535,0.0149892216489386,0.2911507849812778,6.72788138691e-05
0.28371269,0.40551021,0.16582385,0.0673205412919905,0.4175076781277969,0.0010042325331708
0.70963635,1.07845204,0.14177275,0.0084008382938868,0.2995147389820295,2.11380219191e-05
0.72652641,0.11604356,0.4990133,0.0204155355078679,0.3451184406089823,0.0001078781990891
0.76473353,0.48114306,0.09023579,0.0107013702525723,0.2823812861506808,3.42130371064e-05
0.03536367,0.61259288,0.02248871,0.9706842548993956,0.6665351090134548,9.35792473815e-05
0.69231988,2.13901838,0.06269301,0.0079728597271883,0.3890456851055829,1.58240254415e-05
0.36511802,0.92791028,0.01949706,0.0650812758214483,0.3644397612005114,0.0011250629689148
0.48310175,0.63903419,0.10615148,0.0190114851215094,0.3513863438088295,9.69177100687e-05
0.76727874,0.79731938,0.4577704,0.0086012465236836,0.2533932790749328,2.13588546217e-05
0.27444184,1.34716927,0.0756192,0.4569302218481936,0.607085121646608,0.0130107609399747
0.99690873,1.0458665,0.01114524,0.0066499295422775,0.3841609480913345,9.8760747098e-06
0.44730772,0.28287406,0.0504928,0.0218186717227801,0.3400240775023787,0.0001217875397563
0.53550604,0.56745612,0.34353346,0.0151257674721318,0.2456181592282879,8.12721042576e-05
0.74063974,2.57841401,0.01807972,0.0067190336022967,0.3647841224601639,1.08878395169e-05
0.73810146,0.50210109,0.04683643,0.0110462837779633,0.3228284578600358,3.27100444127e-05
0.02910486,0.39878479,0.13752939,0.9815428948463611,0.6666507666479367,1.15021036102e-05
0.22452611,1.11607951,0.05936459,0.554413400182489,0.6456999408899546,0.0065029010652267
0.49862851,1.85870402,0.34587369,0.0380033698438831,0.3736332015864075,0.0003447141933235
0.72173981,1.71749729,0.14715995,0.0071731899987556,0.3189517227979344,1.53169422115e-05
0.34603649,0.48793812,0.13413806,0.0426675563632271,0.3578832078920627,0.0004474451306917
0.31242482,0.22393621,0.38040785,0.0376063246564102,0.3129711169102028,0.0003539563324473
0.07988446,0.12946062,0.26562287,0.8123817745976158,0.6650935722297342,0.0009497650846393
0.56972706,0.10709886,0.02771203,0.0220990411441678,0.3459416820950672,0.0001319374810923
0.48534237,0.74804551,0.0120416,0.0189159670509161,0.3117262451736394,0.0001046410761299
0.02380411,0.15726162,0.03271255,0.9594850498255886,0.6663747321031053,0.0002033616527865
0.25239242,1.18984117,0.02407637,0.3269786513260889,0.5438728789255892,0.0131507797682127
0.59099854,0.11660403,0.10305864,0.0211800094054183,0.2838073622516303,0.0001254282750685
0.28638868,0.59210029,0.06442066,0.0822173538294167,0.305548914863471,0.002056664709327
0.40903431,0.25658011,0.04926005,0.0232457587398285,0.3528719882485167,0.0001373988677801
0.38504422,1.55180746,0.06839346,0.0880070298592938,0.2842559552570007,0.0023457264380305
0.71424372,0.43752362,0.10990033,0.0110604128976277,0.3259516064504821,3.56006268617e-05
0.93318485,2.3696925,0.04371002,0.0044533752815726,0.3200033189144599,5.3591319543e-06
0.89132105,0.26995429,0.0109121,0.0129488494699317,0.4236517514455248,3.57562010089e-05
0.06079832,0.18388772,0.11533987,0.8758029159091277,0.6658558040940773,0.0004751938101443
0.9062086,0.81779965,0.03616863,0.0079469803158524,0.3550207096350659,1.5163193009e-05
0.27668235,0.2274894,0.01508799,0.0500264302123523,0.4103499842463701,0.0005980685673714
0.60419369,0.5401515,0.01935536,0.012459796204476,0.3738244856583126,3.99739910218e-05
0.0177275,0.46123969,0.19392103,0.9938401063539613,0.6666636502842043,2.2375357798e-06
0.11314828,0.69896302,0.18260219,0.8869079226402397,0.6665292429190701,8.14459170572e-05
0.61065545,0.35251706,0.0112869,0.014508545651001,0.3188550867233792,5.46630998906e-05
0.84459735,2.27020283,0.27155594,0.0051423786970209,0.2379579959412648,7.4366051875e-06
0.39997637,0.32795863,0.31417168,0.0252990512320888,0.3369104699240961,0.0001794136969983
0.20408105,0.28815536,0.02881867,0.1091333721567807,0.3980643342568403,0.0030176227229331
0.21203592,0.55566087,0.24879192,0.6203071106843311,0.6613014140019455,0.00165983198061
0.35621292,1.13556811,0.05345406,0.0883007347647434,0.369794246782515,0.0020998319631879
0.32765847,0.17731888,0.08911623,0.0312288031688543,0.3428850679949861,0.0002559882605749
0.37676724,1.37596654,0.16189658,0.1110696754697886,0.3608680028152756,0.0030504052841719
0.54915175,1.09977482,0.15028887,0.0167242887177442,0.4004359920497221,6.5005191185e-05
0.00809864,2.10603013,0.03901235,0.9997002608921576,0.6666666601022521,4.9205383e-09
0.50366139,2.91754792,0.01161504,0.0669064718999565,0.4255494267895571,0.0011140818025946
0.05658036,0.30894439,0.02980215,0.8991283437779654,0.6656757912037746,0.0006058378023739
0.80105594,2.04886245,0.03985057,0.0053294574236809,0.3353966364893923,7.5930389402e-06
0.88968919,0.14341359,0.02447526,0.0192206597628801,0.3081433429485963,0.0001064979626195
0.54276588,0.12687246,0.20809521,0.0218232107409763,0.3689818322945206,0.0001229507022277
0.55273079,0.60184282,0.01557325,0.0138728560826485,0.3203449569883163,5.73929621009e-05
0.93869716,1.53196334,0.03216611,0.0057733629544792,0.3606996098820286,8.4995190084e-06
0.13386299,1.45743875,0.02617298,0.8469014651901552,0.6645967161249802,0.0011777612854108
0.24256132,1.60738965,0.01885707,0.4323725699242375,0.5774645337278432,0.0159644794732091
0.09584038,0.10652435,0.06347084,0.3588412269217958,0.5291521860996367,0.0166233731405346
0.15479798,1.94067074,0.02363008,0.8400412826266594,0.6652273907582926,0.0007807686842186
0.12280353,0.17447245,0.05896054,0.3258622664575459,0.5179024832408731,0.0146265698641373
0.96154407,2.64526271,0.01711243,0.0042757480476102,0.3126423609092604,5.7857237595e-06
0.16128666,0.21736595,0.10697739,0.2028525079194673,0.4287925670587797,0.0081635488686494
0.15536098,1.58698984,0.02126432,0.7923946510138322,0.6614920015805883,0.0027319560850386
0.65729048,0.2643955,0.19626353,0.0146957731590234,0.3168310145260266,5.86074777743e-05
0.49119284,0.32887172,0.08000515,0.0172058238333065,0.3677827849690952,7.88117914695e-05
0.30487551,1.66035195,0.37062977,0.6835104101611537,0.6662314864254002,0.0001532692160514
0.73259564,1.49481172,0.01682422,0.0070653227262184,0.3401853838830524,1.43039667531e-05
0.95766302,0.20519177,0.04866122,0.01539512231353,0.363652106602524,5.73609402402e-05
0.57479693,0.13751987,0.39977603,0.0201844434505569,0.4092613194528754,9.6523015487e-05
0.64304176,0.53140578,0.29309448,0.0108035303232831,0.3492369371401287,2.99854879044e-05
0.79132715,0.37351563,0.08456357,0.0116955568727078,0.3801815003676816,3.14164880638e-05
0.1184625,0.29968699,0.27681955,0.8094913818404592,0.666067070484667,0.0002975179826456
0.26608177,0.46279794,0.17373475,0.1097614609881776,0.4292266127396701,0.0028383213795893
0.83944067,0.19214072,0.46561799,0.0155319530856678,0.2964685853759641,7.25401890624e-05
0.95337109,0.76714819,0.29726053,0.0074613401773903,0.3704547997566115,1.40307226738e-05
0.17534734,0.79599449,0.03653486,0.5892283721244241,0.6481799826973109,0.0052374944768053
0.33183618,2.4373529,0.07121549,0.5206568547929529,0.6355931643045005,0.0108013950374029
0.66819338,0.77988964,0.37772941,0.0098554639392893,0.4167524983974158,2.24356397739e-05
0.71664863,0.7189932,0.44690172,0.0092133079378638,0.3866064131448794,2.20526956004e-05
0.68593367,0.13394361,0.10057068,0.0204072927146427,0.3553332089797921,0.0001045664622792
0.43600632,0.21248673,0.41824893,0.0209963763750378,0.3492109883129745,0.0001151612825056
0.2374864,0.44097759,0.212751,0.2304368464474721,0.4778193114305192,0.0092413288723281
0.88211157,0.51466397,0.33696145,0.0096558440016167,0.4045321724683645,2.24407902367e-05
0.21957939,1.75348962,0.03051495,0.6604938297496603,0.6529950536643061,0.0054545838256384
0.58866148,0.50880831,0.01177905,0.0128817971443957,0.3654964494745319,4.30096909319e-05
0.31571079,1.1400586,0.01028703,0.161410757598837,0.4671616167226972,0.0044555274846282
0.09288631,0.16888435,0.01864872,0.4758384985421099,0.5555299664135804,0.0246729682911744
0.58271083,0.23851989,0.25691841,0.0159251101617077,0.3555060876512266,6.57130475481e-05
0.25880065,0.34837222,0.39391214,0.1826531506258345,0.3673943738973,0.0089167417263105
0.78320014,0.14953323,0.01260908,0.0180185043688457,0.3211652497320636,8.80296196745e-05
0.36252179,0.33541068,0.06700212,0.0313411282121567,0.3416535438497634,0.0002655978477331
0.69688761,0.22225047,0.11964841,0.0158267846818813,0.3520402998711136,6.90509887169e-05
0.41935514,0.41475094,0.02094767,0.0236556864532656,0.2724942005598986,0.0001609063252342
0.74839252,0.36682973,0.04189432,0.0114159879752381,0.3492304692368443,3.59925284541e-05
0.26374173,2.07251269,0.04725154,0.6314357065279593,0.6615112802570797,0.0015903980768842
0.33918337,0.13149608,0.01795039,0.0289048708073812,0.3296868877420786,0.0002783128528262
0.84708789,0.66836507,0.43100051,0.0086729486843446,0.3505732207843953,1.90005138925e-05
0.75349345,0.12128482,0.14425177,0.0212852444774501,0.3746694137208096,0.0001080373283422
0.92287613,2.52124215,0.48583456,0.004394131887166,0.3580439942761196,5.2645920817e-06
0.85509,1.63898507,0.36544655,0.0056213856987393,0.2247116170926333,1.08158966081e-05
0.08994704,0.11909957,0.05108097,0.3667997116363213,0.4860025359059901,0.0247089021876935
0.38427119,0.27295051,0.082813,0.0265591518861486,0.3685020684137257,0.000193258215339
0.80937183,1.29157967,0.18587086,0.0066798717074465,0.3314329990849542,1.22693017468e-05
0.91106839,0.20972051,0.01416994,0.0148530409268439,0.3767333473839291,5.66319110711e-05
0.39381571,0.16381866,0.01617623,0.0242791201294595,0.3526933289473336,0.0001739457517963
0.24851372,2.87724628,0.03004929,0.7212150083568603,0.6634689673799476,0.0013040599291217
0.75849214,0.5262244,0.01012177,0.0101079226810042,0.3431812707779625,2.95806881093e-05
0.87146394,0.10392259,0.15644911,0.0213256610638051,0.3722179802232794,0.0001266486380291
0.52905162,1.86651461,0.04526007,0.0280332025065936,0.3694435176422272,0.0002320078873789
0.61935051,2.29101571,0.12377396,0.0137165419093979,0.2688377984992183,4.90783427192e-05
0.53181144,0.14657864,0.13051538,0.0193719612348016,0.3211747501973073,0.0001073353739976
0.87784606,0.10097362,0.23596325,0.0225272742852891,0.3453982548836131,0.0001425406815357
0.77534244,0.12855757,0.02153027,0.0199789593557878,0.3871610277741129,0.0001026856934171
0.57563444,0.14152436,0.1115129,0.0203015815693592,0.3739161059024704,0.0001111047910904
0.5594362,1.92731664,0.06540847,0.0194739555186224,0.3849550819967062,9.42067017775e-05
0.91541281,0.18913312,0.0247567,0.0161190601888151,0.3212165841570817,7.24543709958e-05
0.06763735,0.15226305,0.09981738,0.8058396951565037,0.6640924619911244,0.0013024598952379
0.14938234,0.45297927,0.12772807,0.6905206310687345,0.6623273929687086,0.0016242564726333
0.20836967,0.19816333,0.32951169,0.1269106954120804,0.4079875940360189,0.00373372980199
0.98409123,0.90054929,0.16963636,0.0072762864756302,0.3838447911563312,1.30754395727e-05
0.60611201,0.16316943,0.02820927,0.0188287756184069,0.3406261543928296,9.64714272164e-05
0.82744435,2.55847735,0.09144182,0.0049102855108684,0.2925094834170221,6.9211435875e-06
0.92985351,0.16953143,0.07478412,0.0166720202476086,0.2754803035776259,8.02741037235e-05
0.96780131,1.82096295,0.0731369,0.0052717313264916,0.3120856259618768,7.40764903e-06
0.85073571,1.99800495,0.01356292,0.0053701217213828,0.3307780490262145,8.0482587763e-06
0.50761279,0.38506325,0.28565272,0.0159130207707868,0.3285752220249416,7.29254685054e-05
0.62267846,0.56600476,0.12589309,0.0111563244254458,0.2548381807527553,4.02157373945e-05
0.44019561,2.66473402,0.02023091,0.1197303552791733,0.3622739383762371,0.0042055288285325
0.83318654,0.24739078,0.01060982,0.0148824332589201,0.3398942311025011,6.00231690979e-05
0.12664431,1.02030081,0.01312492,0.7271705414233697,0.6364516013602441,0.01670908052618
0.22896505,0.85839443,0.30506182,0.7098259881747302,0.6656853024614737,0.000378391499527
0.08135715,1.78554537,0.0376794,0.9525042153286234,0.6665976794514124,4.71972675972e-05
0.30569479,1.21889005,0.03831263,0.1690419620628115,0.4357508093616048,0.0062680846817864
0.94720143,0.72448931,0.02574278,0.0076481402208493,0.3823331658586185,1.53234974721e-05
0.0266204,0.71405756,0.44647221,0.9899742810877968,0.6666621349675109,3.3355748292e-06
0.04259107,0.38785211,0.06353029,0.0628919018773169,0.4014789326833486,0.0009545969713374
0.82125413,0.15416359,0.07820517,0.9108663159167794,0.6666436808612539,1.4344398489e-05
0.26438154,0.17747995,0.22043207,0.8962280274778114,0.6666387495925112,1.68533978667e-05
0.05897022,1.50304485,0.17687479,0.6475835590857412,0.6645946428759224,0.0006695178090612
0.54126046,0.39423623,0.10881226,0.8251281317966166,0.6664223731977477,0.0001260543623788
0.31572675,0.16752064,0.01534084,0.9111461811614048,0.6666405904856098,1.62807753798e-05
0.86125118,0.11888744,0.04308227,0.7607854308185489,0.6656755707867235,0.0004366294435863
0.34860146,0.86235699,0.11119884,0.978009077162562,0.666652173516562,1.04239365028e-05
0.13273369,0.14377096,0.23954705,0.5650489487354519,0.6626515655333474,0.001007615956976
0.17906262,0.45790868,0.01490296,0.6992877893298198,0.6662339782046218,0.0001601555371991
0.83578043,0.13138607,0.07621862,0.7384092590654067,0.6662745424278359,0.0001610755293361
0.75242967,0.60744051,0.0218895,0.6543341324649254,0.6631410846945525,0.0012779858782681
0.72139397,0.10685181,0.10321156,0.7245181910224321,0.6661622904945605,0.0002012817304097
0.72302587,0.22792999,0.18011813,0.7469200846686778,0.6655961250208804,0.0004591264223465
0.83445445,0.28707384,0.03220744,0.7255265392684384,0.6634020955850282,0.0013502774095922
0.13583331,1.46517095,0.10769693,0.0476360934844581,0.3805544163282202,0.0005744955389546
0.79706025,0.89068345,0.08675927,0.989458564459928,0.6666655932713508,7.885240526e-07
0.72873051,0.92435233,0.02055735,0.7720371555578391,0.6643576288896732,0.001063674745893
0.12762041,0.13243139,0.162043,0.9485319947078285,0.6666333216955336,2.25738809457e-05
0.59306636,1.09286745,0.0117459,0.984073832138364,0.666659211135813,5.4255062081e-06
0.6835593,0.18618614,0.0220963,0.8835694374033121,0.66657988506168,5.10152377406e-05
0.16268955,0.25586265,0.01477671,0.955447411372949,0.6666507168360969,1.09461995809e-05
0.5114419,1.67353604,0.48203929,0.9450781291672076,0.6666500109722082,1.11840925868e-05
0.14410831,0.29465967,0.17087093,0.90216612202365,0.6661467405246697,0.0003230906900633
0.23804616,0.4266434,0.03184815,0.9768058862953092,0.666662125338001,3.2531018646e-06
0.15379626,0.24409528,0.04231122,0.8372723922921117,0.6666158286459529,2.68651153529e-05
0.8571948,1.71900354,0.28045364,0.988909387611664,0.6666657048655471,7.05628579e-07
0.94975202,0.40390539,0.30351496,0.9721628642138548,0.6665906599527807,5.45466748141e-05
0.99518907,0.48186255,0.0767686,0.8365579032459787,0.6665069949057965,8.40880444246e-05
0.65776825,1.99116534,0.23738943,0.8356354457615345,0.6664510552409092,0.0001144798836438
0.97291143,1.83862963,0.01972033,0.8977033350704517,0.6665936676658817,4.42793699069e-05
0.80201366,0.41849317,0.31525111,0.2853131589698138,0.5268609402169397,0.0121960284445784
0.25753231,0.35378773,0.47281884,0.998255341336742,0.6666662209160452,3.33237998e-07
0.93692764,0.18184001,0.33233819,0.8370314196000247,0.666385661766612,0.0001495723076239
0.42886133,0.7791501,0.27513557,0.9909018052613616,0.6666653293915374,9.860192032e-07
0.71593081,0.16099344,0.06305931,0.7006196872078919,0.6662681485811254,0.0001477352483709
0.00025639,0.14840033,0.35918413,0.9964381932446884,0.6666665110214003,1.159263494e-07
0.01524309,1.1431942,0.01846793,0.0958607252315959,0.3528994257473469,0.0024343762609624
0.27078818,0.3422075,0.19670941,0.9678780197291452,0.6666592711310955,5.2101330074e-06
0.77773993,0.1110012,0.01138917,0.9942830922900038,0.6666656562175608,7.496334933e-07
0.36921965,0.10004591,0.01579049,0.8937294605695084,0.665371934556922,0.0007956246259011
0.07624474,0.1170237,0.21531628,0.9023014298636584,0.6666207940874289,2.81063994952e-05
0.55506844,0.31933471,0.01188295,0.9329659072820736,0.6666352042568047,2.06273318992e-05
0.00983722,0.27035532,0.04665874,0.7523752091353642,0.6624395913344872,0.001838939217622
0.2452902,0.81384712,0.03613252,0.2660932543565812,0.5383772318257035,0.0097619039372388
0.73782746,0.10900955,0.09239319,0.9370993904896704,0.6666433205384099,1.5442942185e-05
0.15592584,0.26647759,0.01863182,0.9063185070573688,0.6666431870320518,1.45030439591e-05
0.43655683,0.10084935,0.24863411,0.932805658540835,0.666642979444651,1.55034400348e-05
0.85982915,0.33898461,0.18323362,0.821388706432196,0.6665812504083253,4.34690991684e-05
0.25228506,0.63687264,0.0207046,0.6453359889005285,0.6632743546451532,0.0010988528458701
0.50525239,0.66147483,0.02257602,0.5958665338416997,0.6645940293523742,0.0005624484693034
0.97021805,0.85004013,0.09529607,0.9879490629570504,0.6666654458431026,8.940830061e-07
0.44481012,0.10523619,0.13838105,0.9786889044809176,0.6666626356942061,2.9052301137e-06
0.98111553,0.10794013,0.03639364,0.7473621944967833,0.6660384621883848,0.0002641908441344
0.36623659,1.95532518,0.07125153,0.9456377978476856,0.666649805369047,1.13255125903e-05
0.69427206,0.29889843,0.46435209,0.6814015323424734,0.6629341302429752,0.001353715622956
0.48484069,0.18817563,0.0562657,0.8690092017537462,0.6666288796644153,2.14980596404e-05
0.79358633,0.89373601,0.02630611,0.9812058267685636,0.6666611449028759,3.9912500957e-06
0.06299704,0.20532051,0.39649692,0.9081008989566788,0.6665081987971302,9.83397923494e-05
0.17100529,0.39680962,0.01998519,0.7590118174037143,0.6661173874635198,0.0002406632320649
0.51535032,0.15872293,0.40870696,0.9416671466908454,0.6666490009906225,1.18258182638e-05
0.98798035,0.11412216,0.03277416,0.8981685036058726,0.6666058878545125,3.69254970061e-05
0.19759782,0.3447544,0.43887966,0.8368574867784021,0.6666187995347505,2.51835528958e-05
0.11446492,0.13516519,0.05930999,0.9693231411680844,0.6666513872216282,1.08052648589e-05
0.89840422,0.38102812,0.083044,0.7779310746084694,0.6663762212099598,0.0001324970737601
0.99813193,0.23273652,0.14946441,0.9998360506953936,0.6666666644177246,1.6862329e-09
0.3574723,0.18316186,0.04133131,0.740932047373595,0.6664888310962911,7.35475077877e-05
0.29724823,0.96210191,0.34932535,0.9004128456480425,0.6666278428325383,2.37161217772e-05
0.34575416,0.98512024,0.14100453,0.8508528052356094,0.6665393993148883,6.97303583023e-05
0.34229636,1.53539875,0.03319391,0.6071850383435282,0.6646082300815477,0.0005870632013283
0.95652356,1.56858386,0.31000484,0.8003252729691694,0.6661759463739073,0.0002412225278611
0.40778553,0.84200191,0.17516047,0.0972814643192357,0.4307576761817695,0.0018032175041856
0.11666055,1.20598814,0.29079808,0.9083004003162524,0.6665945748831887,4.46508848847e-05
0.02814438,0.49071486,0.01055957,0.8199790422387161,0.666598816766855,3.44366714102e-05
0.59111719,0.56960855,0.0208513,0.9669507844531556,0.6666531969140321,9.4763342837e-06
0.05685951,0.45124941,0.01545411,0.5353363392629089,0.6085454674530855,0.0170635796220162
0.06828304,1.16976282,0.24511676,0.9012328635007104,0.6665804804551845,5.27257842546e-05
0.32079636,1.73086699,0.19810399,0.8171657784067978,0.6663580740404453,0.0001567797868264
0.27786172,0.12121616,0.11909513,0.9252545596704376,0.6665703779119228,6.19062074531e-05
0.28945822,0.17039638,0.24156494,0.8707447016615186,0.6666105876922774,3.21049403041e-05
0.11968706,0.51153374,0.03546084,0.8100215308163496,0.66627897724773,0.0001942454103872
0.57155626,0.11180116,0.03123963,0.9828872472306432,0.6666619612094147,3.4148143051e-06
0.32673702,0.35789659,0.03883795,0.9779915741773826,0.6666467921467578,1.42836311891e-05
0.43881967,1.30749441,0.06827495,0.9987500517965492,0.6666666482015551,1.38156616e-08
0.67725308,0.20937247,0.01496028,0.6781243194059066,0.662024181553041,0.0016858302952818
0.10693055,0.11814238,0.01276235,0.8503409442547579,0.6661109463657091,0.0003057059101181
0.02347364,0.49719055,0.07175591,0.9997202125585468,0.6666666594308335,5.4241425e-09
0.3778696,0.1257936,0.32717758,0.7930060104825417,0.664443291502835,0.0010860049683932
0.6522061,0.20283647,0.15488855,0.9192685435997652,0.6666197233737474,2.98583558535e-05
0.42316334,0.23622514,0.03030019,0.8621068264496158,0.666430527373929,0.0001329986437594
0.18013379,0.25245891,0.3716426,0.9817553873401768,0.6666649699723801,1.2275766523e-06
0.53468426,1.06553939,0.06533949,0.963397885164644,0.6666449749951162,1.51522476717e-05
0.24218194,0.1263205,0.12208825,0.6788460222134567,0.6652710301954412,0.00048953493808
0.31855303,0.10950229,0.03380811,0.730564131016412,0.6657003541401078,0.0003946848330482
