0.81391913,0.3821387,0.11320703,0.0113336885875626,0.3161873173788537,3.87853745188e-05
0.00332304,0.94561975,0.04159654,0.9990015259638964,0.6666662064938302,3.444437698e-07
0.67500244,0.88601343,0.05205602,0.0088450046384246,0.3099896226650012,2.27744440327e-05
0.52144133,1.39891397,0.01222729,0.0232756976225742,0.3287060557198702,0.0001563226655773
0.77440626,0.66033457,0.47211713,0.0092307685271059,0.371832395770776,2.16374536391e-05
0.82417796,0.20322256,0.01052886,0.0158928848202165,0.3288239565016331,6.84092752755e-05
0.19525641,0.96872396,0.02208079,0.4520226471377856,0.5937169200985948,0.0142720355311192
0.70388967,0.73203275,0.03127415,0.0096844747785803,0.3328380755399954,2.47470330882e-05
0.89689729,0.18753187,0.09507495,0.0160387071838112,0.3683920221067476,6.46198896068e-05
0.42950359,2.78202743,0.17865272,0.4021949290533578,0.6435173178512219,0.0045863952230742
0.01056332,0.61966019,0.01458031,0.9968140057194844,0.6666605354922841,4.5772113869e-06
0.35136887,0.36306286,0.03332652,0.0336586968701475,0.3242585357724372,0.0003283142625917
0.46563411,0.84095686,0.09715718,0.0231336184646365,0.3633127044842644,0.0001274409984266
0.68251851,2.80731482,0.05566769,0.0086110326691511,0.2319844987779521,2.08664794366e-05
0.67022389,1.2672599,0.02298744,0.0093474105264436,0.3025446334723539,2.11086791803e-05
0.86077216,0.82773613,0.22060447,0.0082153955418247,0.3088902585151288,2.22438414252e-05
0.04915388,0.23292034,0.35586031,0.9534459953575368,0.6666311810139405,2.42507470694e-05
0.79957841,0.10993593,0.06140142,0.0219752753136871,0.2861950311272931,0.0001467999268864
0.46499471,2.98348707,0.07801105,0.102002593665189,0.4122726829110668,0.0019880658797328
0.1427413,2.74586568,0.40639732,0.9372156339384616,0.6666555293929439,7.3496100831e-06
0.10247722,0.24329996,0.42453427,0.8610356551846801,0.6664848889770882,0.0001017307038522
0.90063218,0.93705727,0.03462557,0.0069145286685181,0.2990639470275775,1.44594002785e-05
0.86793894,2.19021224,0.31056366,0.0052044108179915,0.4045392817291223,6.5091509327e-06
0.43427368,0.112604,0.05652734,0.0252342298778241,0.3403302946589102,0.0001741050836602
0.8175596,0.41933021,0.20163535,0.0110994096392432,0.3550225965248039,3.46296194657e-05
0.45984572,0.68100646,0.25879093,0.021126035782703,0.3361283704708381,0.0001217472688437
0.03357056,0.47593064,0.22744159,0.9824954553871642,0.666658704062431,5.7749220928e-06
0.29857792,0.12346187,0.07768375,0.0350878625780053,0.3617405764840123,0.0003307952574553
0.13760452,0.29249861,0.0159806,0.3622607418058939,0.5633411699355312,0.014270568195922
0.97539333,0.15409402,0.01321751,0.0175821966342713,0.3674474037761619,7.59947683584e-05
0.04266154,1.16244212,0.01760229,0.9742627427005096,0.6665133281239135,0.0001098973406884
0.18924906,1.37076897,0.02664056,0.6795692234029992,0.6567921728723003,0.003752754185124
0.07115352,0.43077427,0.05764321,0.8984665544215191,0.6659803016256742,0.0004229327487142
0.42339076,0.31616299,0.04021414,0.0230585244400809,0.3944689741214635,0.0001134087752943
0.51565482,0.15872924,0.18813208,0.0199890664791623,0.3631457115074314,0.0001058991291314
0.94370036,0.87536377,0.04261729,0.007278548663638,0.3259525644106407,1.48164558324e-05
0.65182623,0.99471901,0.08705059,0.009578791909575,0.3470621195591689,2.33374280216e-05
0.41292009,0.18074894,0.09356873,0.02388998350104,0.3340178046708031,0.0001607624322628
0.51046603,1.4911861,0.24000255,0.0234502396563897,0.3840452127823646,0.00014190850511
0.10910967,0.32060954,0.17598044,0.8094384843230292,0.6657047407338117,0.0004804681316041
0.62526645,0.63232453,0.01480747,0.0112453587992196,0.2647952547955138,3.83502909174e-05
0.78881229,0.13964458,0.03395538,0.0183838490606003,0.3431382476644783,9.73347333215e-05
0.34458957,0.30703201,0.06993017,0.0316693416320397,0.3320677371814465,0.0002953737670411
0.29499708,0.10198525,0.0143899,0.0372359526422645,0.3374454755068883,0.0003704383991016
0.16556064,1.20982106,0.21564477,0.8558400427063247,0.6664945544145471,9.59659110727e-05
0.19392936,1.30729185,0.15199073,0.7952155142803274,0.6662147399052649,0.0002163327155955
0.63175673,1.04484561,0.0350214,0.0098243985760869,0.3060270627239576,2.8480129956e-05
0.3742329,1.25724205,0.0811483,0.0817946611114887,0.3107771446148804,0.0021029422175461
0.59739825,1.68817605,0.20614055,0.0138754654859145,0.3382315666568639,4.71217936287e-05
0.66415348,1.42873555,0.24489878,0.0087647032813461,0.2655225005289131,2.28871315955e-05
0.23391423,0.97892311,0.04445428,0.3896408626305659,0.5784380416162893,0.0137852770694366
0.63991466,0.68965275,0.22968933,0.0117192939559646,0.3827090950818766,3.5386087232e-05
0.45305267,1.96829978,0.3241022,0.1027951679406289,0.3617850581100009,0.0027091091694421
0.64645262,0.39036332,0.02737125,0.0128381403944117,0.3218989733175692,4.86141379027e-05
0.32492197,0.23487645,0.01372353,0.0349670462376127,0.3365745547868867,0.0003291109459236
0.98716086,0.34321702,0.02017762,0.0110322923045788,0.2502151761623358,4.03303482499e-05
0.97066608,0.2597517,0.28104669,0.0133302800786775,0.331310041324952,4.71414526737e-05
0.56178644,0.28206887,0.05449535,0.0147798963004518,0.3181429664776858,6.54265396769e-05
0.28371269,0.40551021,0.16582385,0.0657983679577688,0.3777913105964492,0.0010776441075734
0.70963635,1.07845204,0.14177275,0.0084442922199411,0.365434110441263,1.69289282767e-05
0.72652641,0.11604356,0.4990133,0.0215094645133388,0.3590904062910117,0.0001339283862328
0.76473353,0.48114306,0.09023579,0.010687168851689,0.3690468335915314,3.04880695824e-05
0.03536367,0.61259288,0.02248871,0.9679730845224236,0.6664195836467386,0.0001766455325356
0.69231988,2.13901838,0.06269301,0.0083982094673805,0.3727786877701812,1.77707196693e-05
0.36511802,0.92791028,0.01949706,0.0612193134046102,0.3516208356066604,0.0010022356622043
0.48310175,0.63903419,0.10615148,0.0185095147107095,0.3704831654150371,8.78655038938e-05
0.76727874,0.79731938,0.4577704,0.0081037942793434,0.2904310594345572,1.93426371475e-05
0.27444184,1.34716927,0.0756192,0.4543615064007849,0.6278407966878135,0.007083652900079
0.99690873,1.0458665,0.01114524,0.0066468153111289,0.2819535219911921,1.37798691365e-05
0.44730772,0.28287406,0.0504928,0.020493720913351,0.3970672718862673,9.97284275305e-05
0.53550604,0.56745612,0.34353346,0.0142794556098863,0.3237394900375028,5.65125010554e-05
0.74063974,2.57841401,0.01807972,0.0065018157654144,0.3862973207167722,1.13858295172e-05
0.73810146,0.50210109,0.04683643,0.0104696331718012,0.2501108879151836,3.63826998443e-05
0.02910486,0.39878479,0.13752939,0.9812879760487092,0.6666454596604248,1.53451539411e-05
0.22452611,1.11607951,0.05936459,0.5350484867985261,0.6433964182610409,0.005948601761479
0.49862851,1.85870402,0.34587369,0.036346262476044,0.3712787087598908,0.0003447309791889
0.72173981,1.71749729,0.14715995,0.0072270583714165,0.3126283575022466,1.49014152057e-05
0.34603649,0.48793812,0.13413806,0.042240110674286,0.3741265344287913,0.0004741501809865
0.31242482,0.22393621,0.38040785,0.0374922572627497,0.3688878045591526,0.0003564617693975
0.07988446,0.12946062,0.26562287,0.814252594109141,0.6657417457431631,0.0004671452948012
0.56972706,0.10709886,0.02771203,0.0246433654721132,0.3531886641688493,0.0001475860968582
0.48534237,0.74804551,0.0120416,0.0218140328048024,0.3806060730283418,0.0001166985990756
0.02380411,0.15726162,0.03271255,0.9603287657348938,0.666131561627614,0.0003762348221458
0.25239242,1.18984117,0.02407637,0.3255854644867392,0.5459621555846954,0.0128770320670311
0.59099854,0.11660403,0.10305864,0.0215666588884628,0.3345987810219348,0.0001232271587794
0.28638868,0.59210029,0.06442066,0.087818249098568,0.3858868047543774,0.0019027523350795
0.40903431,0.25658011,0.04926005,0.0228146689878663,0.261540083753356,0.0001571138752226
0.38504422,1.55180746,0.06839346,0.0949408123994253,0.4147500544073179,0.0020527456843598
0.71424372,0.43752362,0.10990033,0.0120849587463835,0.3583435470236084,3.57228716082e-05
0.93318485,2.3696925,0.04371002,0.0046210354536482,0.356296940139867,5.6610984383e-06
0.89132105,0.26995429,0.0109121,0.0137314063648266,0.4171594804682402,4.69076619476e-05
0.06079832,0.18388772,0.11533987,0.8734408264096934,0.6660043348335205,0.0003838854763338
0.9062086,0.81779965,0.03616863,0.007645061679143,0.3702516292100951,1.4600383604e-05
0.27668235,0.2274894,0.01508799,0.0520208629542679,0.3645025732653397,0.0007437086437547
0.60419369,0.5401515,0.01935536,0.0128405532424296,0.3831025739033808,3.85230831042e-05
0.0177275,0.46123969,0.19392103,0.9933972278016708,0.6666631987904876,2.5747749575e-06
0.11314828,0.69896302,0.18260219,0.8887982177264216,0.6664990221719538,0.0001000043980728
0.61065545,0.35251706,0.0112869,0.013243173253775,0.3513248685276897,4.87800260378e-05
0.84459735,2.27020283,0.27155594,0.0045579084310737,0.3015745700069663,5.8654933845e-06
0.39997637,0.32795863,0.31417168,0.0251528839944797,0.282323838971431,0.0002091052969355
0.20408105,0.28815536,0.02881867,0.1116386318047623,0.3717318589213021,0.0033776964429551
0.21203592,0.55566087,0.24879192,0.6185294031480306,0.6615743935479497,0.0015436522706887
0.35621292,1.13556811,0.05345406,0.0831485759445668,0.258392882779007,0.0022392681446424
0.32765847,0.17731888,0.08911623,0.0326437458246432,0.3342097215872455,0.0003057797586582
0.37676724,1.37596654,0.16189658,0.1196434222374123,0.3930421362344279,0.0033848478185707
0.54915175,1.09977482,0.15028887,0.0151632143884702,0.2926601106783236,6.67564449086e-05
0.00809864,2.10603013,0.03901235,0.9994821723144398,0.666666591336037,5.64520007e-08
0.50366139,2.91754792,0.01161504,0.0686401962932937,0.4071235893028017,0.0010774865422963
0.05658036,0.30894439,0.02980215,0.8794431937113207,0.6637988679192186,0.0017735649669219
0.80105594,2.04886245,0.03985057,0.0053198273785873,0.3217226717685428,8.5234111295e-06
0.88968919,0.14341359,0.02447526,0.0183687830383621,0.3914489045476137,8.57994679499e-05
0.54276588,0.12687246,0.20809521,0.0221881880358401,0.3356591448755119,0.0001400430927459
0.55273079,0.60184282,0.01557325,0.0140048069508004,0.290568416274823,6.07580373106e-05
0.93869716,1.53196334,0.03216611,0.00545914179894,0.3638286289894089,7.6294350167e-06
0.13386299,1.45743875,0.02617298,0.8463415564735111,0.665291810196798,0.0007515098620012
0.24256132,1.60738965,0.01885707,0.4593236565497277,0.60554510297262,0.0133665497396947
0.09584038,0.10652435,0.06347084,0.3141680118177399,0.4951000226600012,0.0155794431601657
0.15479798,1.94067074,0.02363008,0.8363572908471384,0.6652596128873542,0.0007603642592574
0.12280353,0.17447245,0.05896054,0.2913011248765741,0.496445662690604,0.0147608478809608
0.96154407,2.64526271,0.01711243,0.0039887645623858,0.2726857021192951,5.0101254442e-06
0.16128666,0.21736595,0.10697739,0.2177619801411661,0.4817474172362942,0.0088335012255291
0.15536098,1.58698984,0.02126432,0.8026193848490832,0.6605397009453953,0.0036454593562175
0.65729048,0.2643955,0.19626353,0.014113703994816,0.3166598911189636,5.60176652847e-05
0.49119284,0.32887172,0.08000515,0.0190853666654601,0.3453207593503791,8.83769198666e-05
0.30487551,1.66035195,0.37062977,0.6807081404767642,0.6661391163293195,0.0001856517312294
0.73259564,1.49481172,0.01682422,0.0069573794887703,0.2656332761440305,1.46438253483e-05
0.95766302,0.20519177,0.04866122,0.0155244556032628,0.338318468470915,6.39260537609e-05
0.57479693,0.13751987,0.39977603,0.0205989685354902,0.380267659567126,0.0001113897718752
0.64304176,0.53140578,0.29309448,0.011080223741673,0.3367916204657442,3.42794385029e-05
0.79132715,0.37351563,0.08456357,0.0121601103404794,0.3191827951546165,4.34717176383e-05
0.1184625,0.29968699,0.27681955,0.811115916456198,0.6661509749882355,0.000257997664904
0.26608177,0.46279794,0.17373475,0.1091224481321479,0.3552204414256753,0.0031952411381311
0.83944067,0.19214072,0.46561799,0.0159758684031616,0.3748579327561095,6.02908468418e-05
0.95337109,0.76714819,0.29726053,0.007703497291906,0.318961794139971,1.85240043547e-05
0.17534734,0.79599449,0.03653486,0.5839574324560506,0.6410465014690268,0.0075837162142239
0.33183618,2.4373529,0.07121549,0.5339065581979066,0.6535025742502029,0.0031996865943521
0.66819338,0.77988964,0.37772941,0.009622263492363,0.4099509764466194,2.15280861828e-05
0.71664863,0.7189932,0.44690172,0.0095471311158421,0.3445080254149536,2.56505113676e-05
0.68593367,0.13394361,0.10057068,0.0187893804812412,0.2466307641793252,0.0001106759430843
0.43600632,0.21248673,0.41824893,0.0209246993445035,0.4030345330969284,0.0001067039373855
0.2374864,0.44097759,0.212751,0.2371103789422003,0.5344566034024957,0.0070795075675263
0.88211157,0.51466397,0.33696145,0.0100100018389109,0.3160645804765831,2.77634018009e-05
0.21957939,1.75348962,0.03051495,0.6429300632703299,0.6560061601277052,0.0034462677037548
0.58866148,0.50880831,0.01177905,0.0133243175391212,0.385016131168197,4.57880458286e-05
0.31571079,1.1400586,0.01028703,0.1389395836334594,0.4134913935356462,0.0041216959450584
0.09288631,0.16888435,0.01864872,0.4157246983618393,0.5030996557669489,0.0303018342801603
0.58271083,0.23851989,0.25691841,0.0165106487615484,0.3395371013565637,7.79278391948e-05
0.25880065,0.34837222,0.39391214,0.1783761617664493,0.420857841509072,0.0076112920689195
0.78320014,0.14953323,0.01260908,0.0180462084423346,0.3064235997704767,9.50764923494e-05
0.36252179,0.33541068,0.06700212,0.0323328315951865,0.2379863350865171,0.0003098489095907
0.69688761,0.22225047,0.11964841,0.0157324969078161,0.3722182549667595,6.01020303728e-05
0.41935514,0.41475094,0.02094767,0.0248671907986846,0.3073341869074995,0.0001688735555693
0.74839252,0.36682973,0.04189432,0.0127221063645831,0.3419742797215892,4.15009841119e-05
0.26374173,2.07251269,0.04725154,0.6459749550797343,0.659480828613408,0.00252816045705
0.33918337,0.13149608,0.01795039,0.0318100150562105,0.374316750743306,0.0002601378779685
0.84708789,0.66836507,0.43100051,0.0088570326087473,0.3704622379198542,1.91452819328e-05
0.75349345,0.12128482,0.14425177,0.0193607604143758,0.2596441290563872,0.0001110495753845
0.92287613,2.52124215,0.48583456,0.0044289430109385,0.2821642262849161,5.7926925135e-06
0.85509,1.63898507,0.36544655,0.0057171257214782,0.3119208402398604,9.3217848484e-06
0.08994704,0.11909957,0.05108097,0.4074632437241195,0.5423721354002686,0.0208767719804015
0.38427119,0.27295051,0.082813,0.0252916345533456,0.3663118636592772,0.0001569922399714
0.80937183,1.29157967,0.18587086,0.0064816979590762,0.2717879573170647,1.12701279783e-05
0.91106839,0.20972051,0.01416994,0.0151670062417711,0.3883518287821392,5.95911890177e-05
0.39381571,0.16381866,0.01617623,0.0253950866275608,0.2691000894681112,0.0002110297611621
0.24851372,2.87724628,0.03004929,0.7108500527915877,0.659818674290009,0.0028502400700988
0.75849214,0.5262244,0.01012177,0.0098733081313863,0.3749282510832017,2.58123297024e-05
0.87146394,0.10392259,0.15644911,0.020980978065639,0.3161855741262579,0.000132957585733
0.52905162,1.86651461,0.04526007,0.027667230188315,0.3271816118997362,0.0001995042759333
0.61935051,2.29101571,0.12377396,0.0139776665238753,0.3795525226092936,5.06478672165e-05
0.53181144,0.14657864,0.13051538,0.0201108844435542,0.3390959616016548,0.0001063161324938
0.87784606,0.10097362,0.23596325,0.0235105197530213,0.3929396718869204,0.0001294071012988
0.77534244,0.12855757,0.02153027,0.0207756113436217,0.293792434112052,0.0001290588608092
0.57563444,0.14152436,0.1115129,0.0203524336086437,0.3315867770355304,0.0001157687884647
0.5594362,1.92731664,0.06540847,0.0199427612761351,0.1446592056776269,0.0001197290625113
0.91541281,0.18913312,0.0247567,0.0154175816395803,0.3420333354953693,6.13422373409e-05
0.06763735,0.15226305,0.09981738,0.8101392344641749,0.6647038802145022,0.0009943188366724
0.14938234,0.45297927,0.12772807,0.686236727108362,0.6617596735120661,0.0018231758406092
0.20836967,0.19816333,0.32951169,0.130838936839094,0.4308600992027829,0.0034404486481941
0.98409123,0.90054929,0.16963636,0.0073790822805133,0.3971374938372584,1.25883490347e-05
0.60611201,0.16316943,0.02820927,0.0191561242492982,0.4202594882646814,8.21688852133e-05
0.82744435,2.55847735,0.09144182,0.0047584763599775,0.2340853924318637,7.9132994047e-06
0.92985351,0.16953143,0.07478412,0.0163525920767592,0.289311392881504,8.13316244947e-05
0.96780131,1.82096295,0.0731369,0.004952551854233,0.3286575978279006,7.4700335556e-06
0.85073571,1.99800495,0.01356292,0.0058585211045958,0.4048043752384495,8.1311487529e-06
0.50761279,0.38506325,0.28565272,0.0175975346686107,0.4237712578023933,7.11438721567e-05
0.62267846,0.56600476,0.12589309,0.0112749572139952,0.3140566604699777,3.6751682538e-05
0.44019561,2.66473402,0.02023091,0.1186609223086181,0.4163321548713224,0.0033395607656701
0.83318654,0.24739078,0.01060982,0.0147179303162162,0.3607762667467502,5.57592892523e-05
0.12664431,1.02030081,0.01312492,0.6914813538961045,0.601254622368617,0.0414638320840147
0.22896505,0.85839443,0.30506182,0.7143444436396479,0.6658405550339694,0.000321977275292
0.08135715,1.78554537,0.0376794,0.951503167814747,0.6665910000666353,5.15682188491e-05
0.30569479,1.21889005,0.03831263,0.1772186033628616,0.4233383070898299,0.0070224362517212
0.94720143,0.72448931,0.02574278,0.0080953732419486,0.3520392027315181,1.7687034533e-05
0.0266204,0.71405756,0.44647221,0.9894823524997084,0.6666590973678017,5.5640803765e-06
0.04259107,0.38785211,0.06353029,0.0600788898048482,0.4035113794342702,0.0008632374573146
0.82125413,0.15416359,0.07820517,0.9108315440486878,0.6666490404293118,1.09858314094e-05
0.26438154,0.17747995,0.22043207,0.895409560515781,0.6666355744309749,1.8771354598e-05
0.05897022,1.50304485,0.17687479,0.6506564881003524,0.6648513314700557,0.0005942938046778
0.54126046,0.39423623,0.10881226,0.8264542709856327,0.6664564391745711,0.0001080319331902
0.31572675,0.16752064,0.01534084,0.9121129793486088,0.6666439661905001,1.418431699e-05
0.86125118,0.11888744,0.04308227,0.7515717345355513,0.6651403598937179,0.0006595732311732
0.34860146,0.86235699,0.11119884,0.9777065371540068,0.6666472903843702,1.39412132192e-05
0.13273369,0.14377096,0.23954705,0.5710877148328691,0.662677992161733,0.001018604645869
0.17906262,0.45790868,0.01490296,0.699903269097707,0.6662132916305744,0.000168738937202
0.83578043,0.13138607,0.07621862,0.740270541339794,0.6663191347087811,0.0001440615838622
0.75242967,0.60744051,0.0218895,0.6416110152988806,0.6619531132152693,0.0015475926946922
0.72139397,0.10685181,0.10321156,0.7254085548978865,0.6661922153089017,0.0001897140304224
0.72302587,0.22792999,0.18011813,0.749911887823001,0.6656722770911765,0.0004373231107303
0.83445445,0.28707384,0.03220744,0.71750076838437,0.662643235880535,0.0016541805078251
0.13583331,1.46517095,0.10769693,0.0491475240683807,0.3849217094522954,0.0006041131102491
0.79706025,0.89068345,0.08675927,0.9892591381678872,0.6666650846655622,1.162282012e-06
0.72873051,0.92435233,0.02055735,0.7672734182331153,0.664580695614678,0.0009453952598049
0.12762041,0.13243139,0.162043,0.9485317087908618,0.6666402813120664,1.78196778928e-05
0.59306636,1.09286745,0.0117459,0.983509670125895,0.6666575309476483,6.6476354014e-06
0.6835593,0.18618614,0.0220963,0.88373211999145,0.6665870803795027,4.68480050119e-05
0.16268955,0.25586265,0.01477671,0.9561128265775276,0.6666543154837277,8.4906128013e-06
0.5114419,1.67353604,0.48203929,0.9452069598539408,0.6666462851290786,1.37344231948e-05
0.14410831,0.29465967,0.17087093,0.9040639204626876,0.6662898193179021,0.0002341715107756
0.23804616,0.4266434,0.03184815,0.977210249235114,0.666664383336121,1.6365876143e-06
0.15379626,0.24409528,0.04231122,0.8376887663163937,0.6666199670249242,2.47020804178e-05
0.8571948,1.71900354,0.28045364,0.9887024914471504,0.6666651200376246,1.1346907653e-06
0.94975202,0.40390539,0.30351496,0.970272683546158,0.666597028578021,4.9429161535e-05
0.99518907,0.48186255,0.0767686,0.8359216138831507,0.6664948841711893,9.06918149641e-05
0.65776825,1.99116534,0.23738943,0.837611809024886,0.6664910800595925,9.31153036344e-05
0.97291143,1.83862963,0.01972033,0.8972458048005637,0.6665925873411792,4.48061447259e-05
0.80201366,0.41849317,0.31525111,0.2847243331722938,0.4439349111287687,0.0181949568715153
0.25753231,0.35378773,0.47281884,0.9980267732711388,0.6666659199040694,5.58280778e-07
0.93692764,0.18184001,0.33233819,0.8344995703901336,0.6663433323019856,0.0001715582596575
0.42886133,0.7791501,0.27513557,0.9910547742056962,0.6666659090341149,5.582669526e-07
0.71593081,0.16099344,0.06305931,0.6997521938795068,0.6661542050519609,0.0001905929864346
0.00025639,0.14840033,0.35918413,0.9965421339993064,0.6666665722725729,7.03140893e-08
0.01524309,1.1431942,0.01846793,0.0956930807039839,0.3729359845515231,0.0021805238971558
0.27078818,0.3422075,0.19670941,0.9682535616769872,0.6666612610717391,3.8059932075e-06
0.77773993,0.1110012,0.01138917,0.9941550322849968,0.6666655485921154,8.292064206e-07
0.36921965,0.10004591,0.01579049,0.8952516449006716,0.6652134994834334,0.0009061160031281
0.07624474,0.1170237,0.21531628,0.9026511095505372,0.666618919193364,2.92550656016e-05
0.55506844,0.31933471,0.01188295,0.9331960808221536,0.6666437262589143,1.50309926982e-05
0.00983722,0.27035532,0.04665874,0.7574671083354069,0.6630197355624681,0.0016099159494257
0.2452902,0.81384712,0.03613252,0.2459512608103052,0.5041139338107598,0.0101528351563444
0.73782746,0.10900955,0.09239319,0.93709394565371,0.6666447660727493,1.4451207859e-05
0.15592584,0.26647759,0.01863182,0.9059736232195588,0.666636768724725,1.8538545911e-05
0.43655683,0.10084935,0.24863411,0.9332638105686596,0.6666385402493014,1.84694510093e-05
0.85982915,0.33898461,0.18323362,0.8209484287327564,0.6665541507720409,5.74849765494e-05
0.25228506,0.63687264,0.0207046,0.6442221231957168,0.6631746547528881,0.0011108731169682
0.50525239,0.66147483,0.02257602,0.5925795004396683,0.6639674694206691,0.0007273907320198
0.97021805,0.85004013,0.09529607,0.9876900235804768,0.6666647113856047,1.4316285208e-06
0.44481012,0.10523619,0.13838105,0.9791067335446358,0.6666647924100417,1.3486156708e-06
0.98111553,0.10794013,0.03639364,0.7513790404535317,0.6660634364770666,0.0002583080760666
0.36623659,1.95532518,0.07125153,0.9456312879923754,0.6666506989593908,1.07248043901e-05
0.69427206,0.29889843,0.46435209,0.6717556536887106,0.6612765560385079,0.0019425560389672
0.48484069,0.18817563,0.0562657,0.869807241135421,0.6666262497738331,2.30754603173e-05
0.79358633,0.89373601,0.02630611,0.9815023920369828,0.6666633699247992,2.3839519449e-06
0.06299704,0.20532051,0.39649692,0.9083287387938934,0.6664874690361715,0.0001118881293593
0.17100529,0.39680962,0.01998519,0.7609923188910804,0.6661678768402923,0.0002182864730898
0.51535032,0.15872293,0.40870696,0.9418638686791384,0.6666559406667654,7.154375258e-06
0.98798035,0.11412216,0.03277416,0.8977976832715211,0.6666056763490691,3.6958185144e-05
0.19759782,0.3447544,0.43887966,0.8367052359806828,0.6666149979553666,2.71727169443e-05
0.11446492,0.13516519,0.05930999,0.9683647513912822,0.6666483166944555,1.29451885225e-05
0.89840422,0.38102812,0.083044,0.7787654028922775,0.6664008077769322,0.0001218724991042
0.99813193,0.23273652,0.14946441,0.9996950591711072,0.6666666616950068,3.7265934e-09
0.3574723,0.18316186,0.04133131,0.7407881339152262,0.6664712087525508,8.11113373596e-05
0.29724823,0.96210191,0.34932535,0.9003452378099619,0.6666375565664164,1.77582495618e-05
0.34575416,0.98512024,0.14100453,0.8522957846236552,0.6665667772441144,5.45767664731e-05
0.34229636,1.53539875,0.03319391,0.6068435833635969,0.6649356920359017,0.0004875107889678
0.95652356,1.56858386,0.31000484,0.8047142422668778,0.6662667745107127,0.0001976165964626
0.40778553,0.84200191,0.17516047,0.0966849747633475,0.3389039129988699,0.0024620271293799
0.11666055,1.20598814,0.29079808,0.9091732849086642,0.6665926918241687,4.6016531636e-05
0.02814438,0.49071486,0.01055957,0.8194214033650838,0.6665910556625172,3.83392685934e-05
0.59111719,0.56960855,0.0208513,0.9665085737321244,0.6666516427936853,1.05563738026e-05
0.05685951,0.45124941,0.01545411,0.5736908011304425,0.6275316312000302,0.0153712464624523
0.06828304,1.16976282,0.24511676,0.9004951421846634,0.6665993125119428,4.10178140316e-05
0.32079636,1.73086699,0.19810399,0.8188312279934536,0.6663450904038637,0.0001626584183677
0.27786172,0.12121616,0.11909513,0.9250021522969448,0.6665939518358641,4.67488284714e-05
0.28945822,0.17039638,0.24156494,0.870607414424378,0.6666260539744129,2.31354151269e-05
0.11968706,0.51153374,0.03546084,0.8089104720669847,0.6662821643777346,0.0001900637350781
0.57155626,0.11180116,0.03123963,0.98266274491486,0.6666632426084413,2.4818537974e-06
0.32673702,0.35789659,0.03883795,0.9789115283255432,0.6666503974060579,1.17332570707e-05
0.43881967,1.30749441,0.06827495,0.9987723898599123,0.6666666506078636,1.20157339e-08
0.67725308,0.20937247,0.01496028,0.6787324393202906,0.6620682191510606,0.0016613309482458
0.10693055,0.11814238,0.01276235,0.8540481974674969,0.6660971846969936,0.0003173226075564
0.02347364,0.49719055,0.07175591,0.9997599431066344,0.666666664282488,1.7873204e-09
0.3778696,0.1257936,0.32717758,0.7903707472948228,0.6640539113219048,0.0012786524832908
0.6522061,0.20283647,0.15488855,0.9188651059038848,0.6666226008686833,2.80152913566e-05
0.42316334,0.23622514,0.03030019,0.8614655877636643,0.6663897383311153,0.0001557815685878
0.18013379,0.25245891,0.3716426,0.9818552753839866,0.6666649355653367,1.2524020134e-06
0.53468426,1.06553939,0.06533949,0.9641658560593848,0.6666478373978664,1.31545403622e-05
0.24218194,0.1263205,0.12208825,0.6829707320112799,0.6654036739463198,0.0004439601316881
0.31855303,0.10950229,0.03380811,0.7352941832534162,0.6658964032605377,0.0003173181132858
