0.0266204, 0.71405756, 0.44647221, 0.9892565472080352, 0.6666624522147397, 0.00000309577873147671
0.04259107, 0.38785211, 0.06353029, 0.063930762863694, 0.3413895940360563, 0.00106363986620583873
0.82125413, 0.15416359, 0.07820517, 0.9108200069932721, 0.6666420436876639, 0.00001537760439995761
0.26438154, 0.17747995, 0.22043207, 0.8965327842430281, 0.6666427689549995, 0.00001444158803964868
0.05897022, 1.50304485, 0.17687479, 0.6539878925948072, 0.6651626837313984, 0.00049152023975079784
0.54126046, 0.39423623, 0.10881226, 0.8256563175699168, 0.666462542409284, 0.00010487387793867153
0.31572675, 0.16752064, 0.01534084, 0.9114454881827752, 0.6666395703613852, 0.00001692694118138327
0.86125118, 0.11888744, 0.04308227, 0.7586219105750492, 0.6652878964065968, 0.00061870061801805321
0.34860146, 0.86235699, 0.11119884, 0.9777962370214344, 0.6666537817256442, 0.00000925654587824454
0.13273369, 0.14377096, 0.23954705, 0.5741094536257645, 0.6637660078018005, 0.00072345876585999669
0.17906262, 0.45790868, 0.01490296, 0.7012455215317601, 0.6662871395121531, 0.00014065211714142656
0.83578043, 0.13138607, 0.07621862, 0.7377077843260244, 0.6661590935197234, 0.00020920816443081858
0.75242967, 0.60744051, 0.0218895, 0.6459934500986526, 0.662353644944791, 0.00141449146948524618
0.72139397, 0.10685181, 0.10321156, 0.7267962669929764, 0.6661630599075417, 0.00020110011881036005
0.72302587, 0.22792999, 0.18011813, 0.7498575201510908, 0.6658877525756022, 0.00033320800590952437
0.83445445, 0.28707384, 0.03220744, 0.710054860650182, 0.6633237810183965, 0.00132859980146327050
0.13583331, 1.46517095, 0.10769693, 0.0500550000957607, 0.3437473827269746, 0.00063744268195932863
0.79706025, 0.89068345, 0.08675927, 0.9895819841004334, 0.6666653603143031, 0.00000095997823879035
0.72873051, 0.92435233, 0.02055735, 0.7705544092903821, 0.6640347457764209, 0.00122093906397935381
0.12762041, 0.13243139, 0.162043, 0.9487093622141005, 0.6666393680439109, 0.00001845363446240089
0.59306636, 1.09286745, 0.0117459, 0.9839745234652791, 0.6666550871620494, 0.00000843344002310342
0.6835593, 0.18618614, 0.0220963, 0.8823427975171109, 0.666599963171572, 0.00003917559410437921
0.16268955, 0.25586265, 0.01477671, 0.9567998298891612, 0.6666565280310328, 0.00000697103018354461
0.5114419, 1.67353604, 0.48203929, 0.9451189345260833, 0.6666466782596723, 0.00001342229456224864
0.14410831, 0.29465967, 0.17087093, 0.8932671467709131, 0.665783356375234, 0.00054722870012813285
0.23804616, 0.4266434, 0.03184815, 0.9774433550842757, 0.6666643098875122, 0.00000168997207761201
0.15379626, 0.24409528, 0.04231122, 0.8373567531392695, 0.6666131829795919, 0.00002824528255251924
0.8571948, 1.71900354, 0.28045364, 0.9890218416711768, 0.6666655688885991, 0.00000080616557929236
0.94975202, 0.40390539, 0.30351496, 0.9700281513554921, 0.6666122435605883, 0.00003856741014551801
0.99518907, 0.48186255, 0.0767686, 0.8363544547054165, 0.6664937024757351, 0.00009168967151096385
0.65776825, 1.99116534, 0.23738943, 0.8372791789657998, 0.6664591589478911, 0.00011082082623481426
0.97291143, 1.83862963, 0.01972033, 0.8971460901244965, 0.6665906812568181, 0.00004606486542058086
0.80201366, 0.41849317, 0.31525111, 0.26202918787170243, 0.4466194861369711, 0.01273205145260618287
0.25753231, 0.35378773, 0.47281884, 0.9981419881348778, 0.6666654509867433, 0.00000090996653212549
0.93692764, 0.18184001, 0.33233819, 0.8339816471885833, 0.6664258720483056, 0.00012620567630994284
0.42886133, 0.7791501, 0.27513557, 0.9912246112831008, 0.666665924801936, 0.00000054679838568106
0.71593081, 0.16099344, 0.06305931, 0.7022848898384606, 0.6662583963960297, 0.00015247221380826348
0.00025639, 0.14840033, 0.35918413, 0.9965771430113115, 0.6666665465868622, 0.00000008947341734178
0.01524309, 1.1431942, 0.01846793, 0.09802966388616316, 0.3526056108978102, 0.00256625757432898949
0.27078818, 0.3422075, 0.19670941, 0.9681688535596521, 0.6666622118004838, 0.00000313396159745682
0.77773993, 0.1110012, 0.01138917, 0.994173837293744, 0.6666652817088883, 0.00000102746420982402
0.36921965, 0.10004591, 0.01579049, 0.8998157492324256, 0.6652390693451102, 0.00089513207470304224
0.07624474, 0.1170237, 0.21531628, 0.9021089692936548, 0.666617226533395, 0.00003029157704848018
0.55506844, 0.31933471, 0.01188295, 0.9335600548814846, 0.6666404098642582, 0.00001720456272968907
0.00983722, 0.27035532, 0.04665874, 0.7564449782508345, 0.6622870500393945, 0.00195911342045218539
0.2452902, 0.81384712, 0.03613252, 0.22928833257794412, 0.5046359608110627, 0.00834016040028791317
0.73782746, 0.10900955, 0.09239319, 0.9367255421724379, 0.6666384592059245, 0.00001862713510847325
0.15592584, 0.26647759, 0.01863182, 0.9060979398762397, 0.666631888704309, 0.00002148303419058362
0.43655683, 0.10084935, 0.24863411, 0.9336447832604248, 0.6666391129101361, 0.00001808718539175747
0.85982915, 0.33898461, 0.18323362, 0.8217823225381141, 0.666597823875648, 0.00003498702823345745
0.25228506, 0.63687264, 0.0207046, 0.6412182066068568, 0.6613436212673094, 0.00168921314885533969
0.50525239, 0.66147483, 0.02257602, 0.5970210687604582, 0.6647050300708004, 0.00053522447480869317
0.97021805, 0.85004013, 0.09529607, 0.9877707924670445, 0.6666655542868347, 0.00000081432970977513
0.44481012, 0.10523619, 0.13838105, 0.9787371755181433, 0.6666623433585144, 0.00000311970993327471
0.98111553, 0.10794013, 0.03639364, 0.7526860151405177, 0.6661469814623995, 0.00022469699450544667
0.36623659, 1.95532518, 0.07125153, 0.9452431466546989, 0.6666419058099433, 0.00001666129664212868
0.69427206, 0.29889843, 0.46435209, 0.670701094731954, 0.6618667585336404, 0.00175037122681731550
0.48484069, 0.18817563, 0.0562657, 0.868413280992394, 0.6666161208625324, 0.00002873466991559770
0.79358633, 0.89373601, 0.02630611, 0.9810093564477295, 0.6666619702959788, 0.00000339456170361796
0.06299704, 0.20532051, 0.39649692, 0.9095303514585807, 0.6665110317937332, 0.00009732666987960492
0.17100529, 0.39680962, 0.01998519, 0.7630360819252608, 0.6661379742586695, 0.00023394290291367525
0.51535032, 0.15872293, 0.40870696, 0.9420666504239036, 0.6666566542526013, 0.00000668088443389614
0.98798035, 0.11412216, 0.03277416, 0.8961496352918551, 0.6665786122625743, 0.00005334108338184151
0.19759782, 0.3447544, 0.43887966, 0.8368727016406048, 0.666611018776297, 0.00002934969156886957
0.11446492, 0.13516519, 0.05930999, 0.9696514369087702, 0.666656365158685, 0.00000727458120675095
0.89840422, 0.38102812, 0.083044, 0.7790092058807321, 0.6664236161627342, 0.00011134608942864332
0.99813193, 0.23273652, 0.14946441, 0.9997005482127233, 0.6666666581629407, 0.00000000637444119711
0.3574723, 0.18316186, 0.04133131, 0.7416532804421166, 0.6664498540445458, 0.00008984517174370765
0.29724823, 0.96210191, 0.34932535, 0.8987255537762628, 0.6666321173792336, 0.00002099025008328592
0.34575416, 0.98512024, 0.14100453, 0.8528266791692649, 0.6665759625809964, 0.00004969813413324697
0.34229636, 1.53539875, 0.03319391, 0.6041063250124301, 0.6645831675450149, 0.00057802885390179082
0.95652356, 1.56858386, 0.31000484, 0.8044747454330443, 0.6663609828444368, 0.00014995092396019594
0.40778553, 0.84200191, 0.17516047, 0.10032510921773816, 0.3702033120695577, 0.00269377885898585030
0.11666055, 1.20598814, 0.29079808, 0.9085400214014466, 0.6666006487676861, 0.00004089032665621772
0.02814438, 0.49071486, 0.01055957, 0.8187824324253811, 0.6665923386685904, 0.00003752740218232464
0.59111719, 0.56960855, 0.0208513, 0.967193682346034, 0.6666558627404975, 0.00000758702060676963
0.05685951, 0.45124941, 0.01545411, 0.6255688438678936, 0.6552673529234335, 0.00364779873534909482
0.06828304, 1.16976282, 0.24511676, 0.9016230491135179, 0.666575158909476, 0.00005605014211829129
0.32079636, 1.73086699, 0.19810399, 0.8176339310440536, 0.6663290327585312, 0.00017065653067294129
0.27786172, 0.12121616, 0.11909513, 0.924722803255545, 0.6665530676731934, 0.00007321447767116851
0.28945822, 0.17039638, 0.24156494, 0.8706051072220777, 0.666619216295488, 0.00002707510424604376
0.11968706, 0.51153374, 0.03546084, 0.8071247097252382, 0.6663101393981964, 0.00017569658144223066
0.57155626, 0.11180116, 0.03123963, 0.9828559563313182, 0.6666627612135203, 0.00000283171358228529
0.32673702, 0.35789659, 0.03883795, 0.9784341975150599, 0.6666524863857985, 0.00001020024339526415
0.43881967, 1.30749441, 0.06827495, 0.9987760786753173, 0.6666666441174893, 0.00000001687321737887
0.67725308, 0.20937247, 0.01496028, 0.6741465257281438, 0.6626538624024165, 0.00141324262537606549
0.10693055, 0.11814238, 0.01276235, 0.8501795683796767, 0.6661606915011486, 0.00027671446272958811
0.02347364, 0.49719055, 0.07175591, 0.9997462935659873, 0.6666666643422818, 0.00000000174241787665
0.3778696, 0.1257936, 0.32717758, 0.7749419850953185, 0.6604000569217263, 0.00318267428876628511
0.6522061, 0.20283647, 0.15488855, 0.9178931883136899, 0.6666146927810417, 0.00003305810140208365
0.42316334, 0.23622514, 0.03030019, 0.8639417112475731, 0.6664589429869319, 0.00011711625522559110
0.18013379, 0.25245891, 0.3716426, 0.9817483220554394, 0.6666646993961665, 0.00000142293467353394
0.53468426, 1.06553939, 0.06533949, 0.9636056381927753, 0.6666481453764281, 0.00001291241499656870
0.24218194, 0.1263205, 0.12208825, 0.6819798623055061, 0.6653423685795989, 0.00047789729926178692
0.31855303, 0.10950229, 0.03380811, 0.7345633107562872, 0.6655976699711416, 0.00044176877548829374
