0.58704012558574004
0.60397959954111391
0.60379079401753377
0.62649476557758677
0.54986366745428727
0.64979697085149979
0.60711097075639142
0.54778443299650759
0.60565324278342558
0.56453647078444791
0.5917987361967848
0.52677780179992062
0.54147724531539199
0.59541540561003414
0.5663442795916892
0.5936545848625332
0.58608173484616877
0.58546089616121688
0.60345724453066429
0.56394472070482038
0.59811925823047618
0.60811487681855314
0.57116651008357455
0.54134325031947417
0.57926846142478239
0.59433328632825166
0.5469019940041332
0.62070071419935957
0.59761578768942236
0.61841658446447234
0.56491381930764739
0.53752894782809257
0.53177284050142837
0.57407763652343013
0.58601489065456636
0.56443370999863396
0.54651774619419591
0.56524151381737398
0.62895941042354486
0.61328315829524294
0.60810631070141496
0.5944450607756202
0.57714406875049162
0.5648983432409429
0.4951471907839729
0.54228930842400969
0.57030839376205811
0.47255687608838071
0.55783038154073006
0.5946618502819121
0.57147451585491649
0.53689182606557295
0.58974526167256747
0.57868161352283787
0.53164435774595975
0.57748538635396918
0.55781809947454397
0.56596170310683602
0.54536727032510612
0.52797011981167075
0.52896906888626127
0.54257645182546443
0.57625734808782891
0.54552478133976112
0.59989361879468928
0.53350370705402039
0.56464486640188138
0.56973914952251525
0.57516409455331563
0.5790123185508641
0.5690344072672251
0.59124437313991418
0.59683929875880359
0.59750160086668302
0.61311094237691999
0.57426648819515724
0.54949268282772756
0.59983941623139048
0.55272344280997265
0.57586434677182963
0.58034710751533236
0.59599841955678168
0.58595413567271692
0.55645254026602509
0.63333910035029928
0.5330697312218341
0.56560524998135164
0.60366395738422773
0.50400341191108067
0.59616601641978673
0.55964252630281486
0.58568475082272475
0.56457126917997447
0.61231946288110906
0.59647384865556796
0.55074096451952703
0.56940891641687608
0.56392566546024681
0.56907994415285434
0.5885012937961801
0.59877679073907064
0.6028341331908641
0.59031880749665488
0.59358834770239077
0.55172657930387137
0.55638972434160883
0.55970449671523625
0.62062976061317898
0.57588451430075982
0.54306833724408954
0.56673406744006882
0.57273638256192072
0.60009979506264577
0.63349132853384182
0.57632966210366654
0.55554451344820743
0.61506616134390202
0.55344420914101211
0.5771471367878579
0.5969453015556293
0.55634044726589704
0.58547056512070372
0.58487369832226443
0.5789043108143932
0.59177766841198509
0.59264232406784489
0.53287603853052135
0.5940902615612792
0.50608016830812819
0.58554971143814094
0.60261409343689776
0.55302876594276806
0.57028253228383974
0.61209622475783709
0.59702689163191613
0.58041928557352584
0.57181537879795075
0.55095524060171974
0.57156694328102198
0.60141940521955672
0.57674265747673126
0.54494222007072757
0.57746086755624471
0.60868138852748055
0.59169021902655039
0.5697521952679393
0.59640179924989634
0.6127941733675154
0.59845691509454579
0.59750925215468975
0.56989793182784365
0.61965911007985686
0.6024001564562691
0.58219532135557495
0.58746669509579419
0.56019040233201522
0.5871382186979045
0.59879429832663067
0.57227317718869353
0.61708763153240376
0.57579953894166802
0.58294091059813269
0.61161982913420643
0.58082397149487242
0.60236386007571707
0.59465714649742929
0.5627055673484479
0.60747792325755146
0.5770234255504636
0.61542570712680045
0.6144238637089372
0.59262636733210361
0.59335438957770459
0.54942374771484148
0.53642938897329018
0.57922449124327025
0.54375416933358034
0.53963070240161759
0.56318571188299538
0.63314677252053353
0.56983835992077114
0.5612631602748962
0.56926838709910399
0.57570291215379166
0.52256194802994527
0.60775404985566039
0.61942225055414135
0.58877529458536737
0.56042500896385927
0.54284563472604641
0.54089450257879268
0.55787644851849894
0.60289554925715161
0.51954152110218921
0.57387002659929931
0.55368698370969271
0.59010672240356965
0.55433174887608772
0.56940844061668772
0.51871390318245203
0.592965647043878
0.51893996063969094

