0.55608839542418409
0.5810766976993117
0.57989355621088079
0.50590838398333848
0.57276818979000599
0.61355598623888119
0.55014610645773643
0.5645102835842214
0.58185959821831601
0.50316835857608933
0.59162256578234029
0.61768563203978799
0.5612070893477773
0.54975144459465863
0.49428553162226674
0.58914683944901813
0.54931880382060005
0.53640934434845489
0.54545720213009741
0.59786920224771589
0.58399172974351843
0.60416661572302077
0.57611948203034602
0.52508456960369987
0.5827526359416203
0.51515202784612946
0.50899748288587232
0.57261465079211016
0.52362583380323435
0.60958233147670526
0.54454036575513165
0.56410869838594668
0.58112293415086569
0.57903790068760097
0.58375927547847117
0.54749930639065092
0.58358845476922816
0.56230957865871356
0.58676783110435515
0.57631778294172509
0.56590995910563502
0.51250013296003116
0.55333918996909703
0.51575845199679238
0.52096406154264641
0.59163313397469519
0.57797826865936519
0.57801743779572057
0.59050108229725751
0.59519636233468554
0.56809017488475877
0.58896456170689304
0.57232197916869476
0.5787579497262384
0.55844333978039418
0.56539563428712969
0.57645647994335925
0.55363415136466843
0.57460508671705379
0.56638714004163826
0.62225354616783979
0.53492332038433055
0.47251995931078228
0.61187321341941403
0.61686032227755283
0.59145524153115558
0.56070308342996722
0.5919110462578614
0.57125182091964721
0.5591119534603215
0.56043939419378297
0.54135162263442871
0.57726919782294051
0.59818859109185718
0.59064869506763795
0.53437024924476095
0.58575968100520515
0.56186826740339413
0.60490044523898234
0.58968380405840604
0.58252296222880917
0.58844327116835127
0.62538710053782309
0.55154409593332065
0.58170699339498455
0.59182224901850378
0.57059475785683644
0.6048383394864103
0.59555453033325634
0.5991790955827998
0.57206311353562911
0.54931899114230809
0.58964042381186277
0.58545569578938272
0.6273964448160616
0.58251645472104208
0.5936950511233211
0.59180339453197905
0.543510800929354
0.55653153016033929
0.55041711667004556
0.58518635174999745
0.57893078378829077
0.53895280270525048
0.55293827725599354
0.57651059877466759
0.57237745945359431
0.56374984550974849
0.5394093246726368
0.52896107892039779
0.57533336900210308
0.58656256744978164
0.57691985742329988
0.55959016112669235
0.59694768351351202
0.59324226218165477
0.60472612080909316
0.5673353032872015
0.4817121832420419
0.54617003708363643
0.59108074561903479
0.58296521841686999
0.54387452345623855
0.56722344103892375
0.57979094618592042
0.52183692816222393
0.51160418047552658
0.53545970213913774
0.52164733285065956
0.48583306477018851
0.54051526987643728
0.58959567822369041
0.56254255437718703
0.55746983484025503
0.59358473361955744
0.56899068534935282
0.55819191553565339
0.61631495084090937
0.5914270036307917
0.54217741659097451
0.52460285736202505
0.55213769853316086
0.56617178206010021
0.60926050553109301
0.54749719113615714
0.57007609995290098
0.57510596559653637
0.55431377162343431
0.53455587767064938
0.6016464370741117
0.53951538039956282
0.58734381681614656
0.54149098270531049
0.61310558622899425
0.50439968818854941
0.56160908421634992
0.54867343098942278
0.59147645250962766
0.56522844138044748
0.55704394805551005
0.45394205565707485
0.51883715101477712
0.56448029359770979
0.54612676967180906
0.60884509343848225
0.61660126965639372
0.55358778647024076
0.55185997934047271
0.53873475367686596
0.58335354114909099
0.5768838746657784
0.53729802177584185
0.56258768756038291
0.53442113133264124
0.54784503058538347
0.55956771867757582
0.53779655848180163
0.55111561557896938
0.5741739061403317
0.59346463399172
0.54022731138759617
0.52865762882093903
0.53909133183195135
0.5833350306261843
0.58651880806004375
0.53127662923986996
0.59071908381535154
0.58178803053271144
0.59225108700095341
0.54640867080908506
0.55029265474328681
0.56879442541997061
0.52928040134076748
0.60310229473229204
0.61836665025320137
0.62669492023248385
0.57528508272469592
0.57957556301062885
0.54261706339819438
0.44353745420721069
0.56166579759326396
0.50693251465394928

