0.56677296513195941
0.59570003759012291
0.61023400066702527
0.5687593974189602
0.56561757874030316
0.54665377750453503
0.59401961323644847
0.58186349334173382
0.59244456647130472
0.60094764073554463
0.58971079385588254
0.57920517720012077
0.59986557851176003
0.57480122468458339
0.51254903628972881
0.62240147182877581
0.53371638721911463
0.5734716688171303
0.58364577610511836
0.51093598811143393
0.61467998724952833
0.57937268640941209
0.57801024068970586
0.54584647907179207
0.57431104864683669
0.56672798907048372
0.54124918431011693
0.54836898914180232
0.54457280556794052
0.56748340551929011
0.57649370763983876
0.61321633612962867
0.57557372684427033
0.62575646742210145
0.58394140714341347
0.59826134376244833
0.58588394690335655
0.5719770380663235
0.55406025799920333
0.57005347586714261
0.60680844906038345
0.56762849003271709
0.60613412131436983
0.61007330322846098
0.53624400534625849
0.54566414965855059
0.57793405818416532
0.61032240213547806
0.58694113694205852
0.60344861182913534
0.57269421396721221
0.55242986893528723
0.58114826980610801
0.56911578807690077
0.52993171890761492
0.59068778317473214
0.59669358368551739
0.54656172531877911
0.52475376465868351
0.58473023262556889
0.56337473916420477
0.61267307395706683
0.56563639690426049
0.5388284782825582
0.55583190940646476
0.53730393541635624
0.61269980283316228
0.57829315915404966
0.56035265288028147
0.5650466180502498
0.58484235884975055
0.53510340468243001
0.57906280941665644
0.62547166435724522
0.54366079050240435
0.60289830335844663
0.56020551610829861
0.57375066392035712
0.52036259234229387
0.54238230235592544
0.50858731577432947
0.5557594032079336
0.54434867272299359
0.58731103141651475
0.5259561305061311
0.59216553516261605
0.57724422019733512
0.52883673134520282
0.57103328650424878
0.61611612862629905
0.59372305108134849
0.61680421951570985
0.56153245320692879
0.58780866314832647
0.58344147672264024
0.56167491356632437
0.60873552595840064
0.59849271488858102
0.56046105947561742
0.55859810314042835
0.59788402305145194
0.60438810559308909
0.54931531861241567
0.57006287532959721
0.57833761968222808
0.62702073528707347
0.60032946733307013
0.57160892710518751
0.56325654708346551
0.56363037133898097
0.55190964114850061
0.55016354521802391
0.57169220926144348
0.61072253110868213
0.57832333813335102
0.60825647445069764
0.56829492838243523
0.58779573567484977
0.57697812228684509
0.59022410759358834
0.56510570747207134
0.60286841160566496
0.6141770948135189
0.59787136403303354
0.61075410228268234
0.53899570084851922
0.6280053755131344
0.59894201475753239
0.55949358718785869
0.5413879317114404
0.59209394398709847
0.61782458096934767
0.59043358529228318
0.54320052529188401
0.53541454226894836
0.56373843129098888
0.56724579431649536
0.5473810869235608
0.57856007086434114
0.60720546348704707
0.58511649295365076
0.52975805868112302
0.53191374852850715
0.57357408337836913
0.59122506625059579
0.57649913593788649
0.60711913014545182
0.56778119982363151
0.55610342154803005
0.60471196242146186
0.56617264328177541
0.57961345575934686
0.58325883689590519
0.55559620327082793
0.57136604439125593
0.59545505912919172
0.56321052498993185
0.54477516064309695
0.60477374002531803
0.5855542705386696
0.58252370227510641
0.53993842002724757
0.52215935139024272
0.61431725910087853
0.5650430736037344
0.56208325663178549
0.60828571143545107
0.56781373941105018
0.60200231374958912
0.53436267778435731
0.53816707473953695
0.55460725261833832
0.5564270491237826
0.55911508885750083
0.6196320009036832
0.57388123266561764
0.56497800396860209
0.62518920929737742
0.57255211230893954
0.53061175525482107
0.54384073443212189
0.60155264859229018
0.56653781078687926
0.51990598086941031
0.56299027769910315
0.60714788771466199
0.55442600397465769
0.52929735718514304
0.58358420344303508
0.57602151376675192
0.57374977074787836
0.54758273823592352
0.617329674396358
0.57436147772107826
0.61262537837848763
0.56565307227766282
0.58143159869506889
0.55944872136381363
0.58501486632108146
0.53673232655822622
0.60091403959226508
0.56628490540386245

