0.71957939667806281
0.71030729225035316
0.70806808679158673
0.66410398338714638
0.69608375861464666
0.69175746618001044
0.69139076997702886
0.71088101787160307
0.69589901226708462
0.67919220841628092
0.69162537663003498
0.67661771721773101
0.72060650114678548
0.67335814821134421
0.69668314236326567
0.70145320884215023
0.70097160994856189
0.71403522601912228
0.71841617361689969
0.70437421973283754
0.69151333922767988
0.69905274707790344
0.71139332660372911
0.70165526604704376
0.70924664247911762
0.70674238335386319
0.70565855811642364
0.67160708285551929
0.71147612743640232
0.71199272805514824
0.69505495095809733
0.70527638993934949
0.68526358484830452
0.71017131709844306
0.69214947896140988
0.70844909452696558
0.69908915427618534
0.68551535041052314
0.68150515224489083
0.69742444625659095
0.71120714954405806
0.69189088803426169
0.71069885925074205
0.71116551964950625
0.69684818861777043
0.68378246411402943
0.67678703014882224
0.69969122566185815
0.7023824359904981
0.70976562031868884
0.71526462594348728
0.68190944230521533
0.70761914892531497
0.7123172706727311
0.70930660709991389
0.68990963472906985
0.70340776288094986
0.70106219936998926
0.6997007998452528
0.69860723799228541
0.69555909423243789
0.71084124116058411
0.69466579321904742
0.69016513870743479
0.70163074915006407
0.70439755425016615
0.69277733581677525
0.70536721103537714
0.71469675648724229
0.71250398981875174
0.71506401597006597
0.71240058516226346
0.71487970028519132
0.69027513951210473
0.69700561485250068
0.71160031365647003
0.70137070842100846
0.72556054506201884
0.67480202793735355
0.69100807416101417
0.7007508056348084
0.69215792005556231
0.68124411261049944
0.68673379739999607
0.70052092607678751
0.69789710771407987
0.69839851642954209
0.68555630987346772
0.70280536489965062
0.70654628790527008
0.69991340717846551
0.68308924836458274
0.70185194769457426
0.68204465503604161
0.6977695721589281
0.71357333455103455
0.69471945077543928
0.71256647164589604
0.7134200464209971
0.70107018032343227
0.6993546410974304
0.67514864523447526
0.71004183032433554
0.69093385038905097
0.70260806061679915
0.68259512923387988
0.70648823691261187
0.71710627935788784
0.67561695487486939
0.71159901610854936
0.67816852227900404
0.7070597484686767
0.70079068358829133
0.70955401374990001
0.71994595100061576
0.71055522578067554
0.69732899419282557
0.70901341240495397
0.70936491733336626
0.68507171100470265
0.6793962077386303
0.70339428342197141
0.69202753161010211
0.71091144462238298
0.6877701474197101
0.71117190581136192
0.69349449497252791
0.70523366771635776
0.69288588120257266
0.70366936818393477
0.70580588674364686
0.6955361940861583
0.69543191356127732
0.63570729795726577
0.67921739132274628
0.70807190917394214
0.70376535258586503
0.71601140534155239
0.7013199305282134
0.69890435012695173
0.68790202633615638
0.69870229266606942
0.68918950078484575
0.7078949151250119
0.69452764111843734
0.70104382034574952
0.707117258369239
0.69741740419401077
0.71423112548931011
0.70689940221641778
0.69840506180304152
0.71070571813152361
0.6966051645809278
0.71064922236888162
0.70161295409497182
0.7044597805649021
0.71088395285123018
0.71524708882890953
0.68657882724724828
0.72368074027661999
0.70183390020495784
0.71034451994304715
0.69912085844092164
0.66418163274108433
0.71350733547594414
0.69453469273627699
0.70822755561175843
0.7305749236688901
0.7114548615441002
0.70966576096540734
0.71066041099478383
0.70558048224393288
0.70613678060698515
0.7084286329144156
0.70906098313066601
0.68156973917067087
0.6673247364685575
0.7062597928005302
0.70794194241031339
0.70033271758869164
0.71703528061873345
0.70686508764960165
0.69722278359237377
0.70103073716855846
0.69554576002896895
0.68695267936620685
0.71455420089035782
0.68545896450562149
0.68985016957843059
0.71310169937399004
0.71625535379117822
0.70672734726329589
0.7132746436969063
0.71327224582771143
0.71373448947134177
0.71909397437715383
0.69000986475579651
0.69555851046622774
0.66136032106804865
0.7257033141414041
0.69540368168829159
0.69911517798234879

