0.69012823917480814
0.70619511057725048
0.64644451939595882
0.68910375504442034
0.71275420640824816
0.68822706279093526
0.71117477727775069
0.69018985535859245
0.69999706513809545
0.67772240751567259
0.68928892716905099
0.68581790895938699
0.69450210543583368
0.71681995894490824
0.70749854941152102
0.69915652438391218
0.6791207837548735
0.68802748827614479
0.70832675285454672
0.70528169493413084
0.69386029371240909
0.69379799908960871
0.7179093893451699
0.70945910557864422
0.6743392895404754
0.69565734610427876
0.69703124905889957
0.69914889119925594
0.68390357304394644
0.7085583538693434
0.70012833070036051
0.70003554990714767
0.6817784956579368
0.70573770781731437
0.69922594754949852
0.72140601165106832
0.71922736016621591
0.68239182304725854
0.70936289117028739
0.71052793056336783
0.70682521608118276
0.69009041528348414
0.68301292290454219
0.7000383040903545
0.70705919876714607
0.68404187475634792
0.68966372409953836
0.69951375203800359
0.72076846301022246
0.69570246360309229
0.72384300847934568
0.6927171468160116
0.69437839697527237
0.70552289808358348
0.69193552531919589
0.72321406996965087
0.6992457398422609
0.71125759810238998
0.70364790196261351
0.70308328566260136
0.71152683210649248
0.71596589564832069
0.6919816690491094
0.68788743090066262
0.6948606584236684
0.68440858512451963
0.70478494515064172
0.71343339970465602
0.68090216030449102
0.71125087584164681
0.70176346697660752
0.68509831275791455
0.69869034871441427
0.68093266987737433
0.69407750786627409
0.70178685203958546
0.68736231299901351
0.69690158180101625
0.69928966065326892
0.68851304502013855
0.70232398146463171
0.68612049756269855
0.69775304809437577
0.72692051847977268
0.67609118688543302
0.68703613174986766
0.69451683500165085
0.71575718821558565
0.71759290926688291
0.71346009807739774
0.71482222131054851
0.69039617033009248
0.70661468893514057
0.69502186815939415
0.68353633933329205
0.69955765484330767
0.70317324614468113
0.70083231278113833
0.71368664482260946
0.69711124301909178
0.69732171831582812
0.69193549266228493
0.7162084799195636
0.69000547046293481
0.7088851459980362
0.70594424941464884
0.70225776117143601
0.70863656773391748
0.70881033915036096
0.71090737478025834
0.69337759107219754
0.69247229954998746
0.68200209543239554
0.6905867592500754
0.69589643398372647
0.70040856039683663
0.70430277182835177
0.70248432655436588
0.72082515381898171
0.70553780049995585
0.7125807882201316
0.69309688267667124
0.71847138967685786
0.70847668450814383
0.72033893934085058
0.68917282136991498
0.70769521603777652
0.6946632650707355
0.69667380444198312
0.69308674844946794
0.69552728053238499
0.68901719124222749
0.70192344152857089
0.71262310468171008
0.6996348048923523
0.70919283663944999
0.7159756362158447
0.72514099312750302
0.7041771877575923
0.70165854034870245
0.68822499998420894
0.6974941483482322
0.69936773749274661
0.70072337590259892
0.71300245675939933
0.7022716614235458
0.7088944732863649
0.70115271324099615
0.68784345378832368
0.65860911669036026
0.69710574681916715
0.69673400153140153
0.6863182433177113
0.7123950806716246
0.69471383034178147
0.69543667146737476
0.66453055407150219
0.72692419487811299
0.67607010186437555
0.70404574640967554
0.71347063905989827
0.68322092172480642
0.70027986988538915
0.6815471819606157
0.70338705664865675
0.68008937171585904
0.69582425927374292
0.68319817733620247
0.70629125827279815
0.70161138603158979
0.69487671622529468
0.70890938826247785
0.68396507954722496
0.70102623140449949
0.69945771272782786
0.71235380300945761
0.67949183235149135
0.70602367047551684
0.69426692732502204
0.68075365468230042
0.68686880171535003
0.70457396001932004
0.71391436467283964
0.70046353584935628
0.6720923561188894
0.6985018446733835
0.69556665164553755
0.70135822288033556
0.71145514225091333
0.70677196431264333
0.69888442980176491
0.69785509829343328
0.69041238536158245
0.69801694842459905
0.71380407231793686
0.70462171963001563
0.69410764826316373
0.70268754157508995
0.71480313433331655
0.71030702651284516
0.70843690610730037
0.72222216203602341

