0.71197720998595759
0.70178021759245934
0.72124203986638891
0.70320548250953041
0.71109213881682087
0.71461003985082994
0.69753839319039013
0.69028418040937789
0.71194859698458168
0.71054447148051159
0.7131908004795503
0.70290930261185158
0.70388142468734183
0.69407487083111785
0.70211258870583526
0.68788063575065395
0.68359270293500429
0.69747729987559914
0.70422285985937383
0.688777606836526
0.68451301752484894
0.69666416479249804
0.70205810681610137
0.71030681035818122
0.68178108920635283
0.69485769920430751
0.70521070730817259
0.67415675044361822
0.68371850001148282
0.68207623309047938
0.68625060100102664
0.70820510297230466
0.6838741313472565
0.71082869960411954
0.72089621403067516
0.71260881369728923
0.70849297531804412
0.69878208365296213
0.70977838061426246
0.71339958391460345
0.68850478731178033
0.69674663189563446
0.69455194592024072
0.71160717204974067
0.70234968139866671
0.71227929194788475
0.68033351231161376
0.68756460900455341
0.69907245267541462
0.70238058567754036
0.70439514216699861
0.71332678913843905
0.69614004486009928
0.71289186652860481
0.71539166331052984
0.69652897209952414
0.72526960943729879
0.70098077199535558
0.70252518619478299
0.70543901184853497
0.70091619563083474
0.71910725263778696
0.69114339586010232
0.65199385651191233
0.70830256541423309
0.68966657926835451
0.7153384755756349
0.70620278476340681
0.68603480227458724
0.71068059601539668
0.71270859226986605
0.70118075970180349
0.71328321047680643
0.70429066423813047
0.69595260680008886
0.67807479936970017
0.68570622245774127
0.70628159845958893
0.72051553808068181
0.69746283211592419
0.69628328101469505
0.68924463473055142
0.71515953191131243
0.68137014108581972
0.68781644253495611
0.68290547455714723
0.7106061246910419
0.71066751177038878
0.6857902004878077
0.69004353801895213
0.689993142268021
0.70329234125446749
0.69917639678155452
0.69166831286779185
0.68382848500455828
0.67707387476511394
0.70349792984204473
0.70400094996020934
0.70100879504591107
0.70823362767829212
0.6988602539287474
0.70181167101321396
0.67146653205397666
0.69719661683842726
0.70853327300960844
0.70022425619762274
0.71589545295777612
0.71959196457886909
0.69990044949453079
0.70741637799561163
0.70274325572650742
0.71397666477114041
0.70178441261585911
0.69485598602793541
0.6940711562698747
0.6886677962513672
0.70580205047430267
0.6947017832125868
0.70959584057166525
0.70444024988843901
0.70772396480780986
0.68869525715885882
0.70245697045892508
0.71383815198973299
0.72983805863683271
0.71351806208740332
0.71502927567966568
0.69424042812101805
0.70421060350530773
0.7145319173867295
0.70616088685749523
0.71615998687744309
0.70455724649241414
0.70679105628563765
0.70494811632695131
0.71027571555877755
0.69400700375205238
0.6930956238434558
0.65621706732388418
0.70869999905763514
0.7059220351165737
0.71556155755912132
0.69599567576641319
0.7221605325085696
0.71204721621780642
0.69518350419045427
0.69041596123095683
0.69091340017058134
0.71444399662265279
0.6953926226992112
0.70517788352274113
0.69868113378926688
0.71249696218134639
0.69742883316745974
0.69625759730359638
0.69203741172800393
0.69279209740431424
0.67541755498037004
0.68265512210274104
0.69890828934360538
0.70851879375331983
0.68220538203437964
0.68971275177749258
0.70017704319970508
0.69403881496862729
0.70530454265185405
0.71215797274452908
0.70222361747555273
0.69862497259933054
0.70085811158923517
0.66961578564938695
0.66350278485531644
0.72223744418448843
0.68931160308542705
0.67262902638157795
0.69454456926077668
0.70410147080671015
0.67766643090766499
0.69876371955079419
0.68909182320029538
0.69200779709824467
0.68050176320515754
0.69630427359834346
0.70775230902473285
0.67517554014783032
0.71199369999186213
0.68393478907674221
0.71179271183175119
0.67399697853945084
0.71421201558534742
0.71574858848706224
0.71604101865498104
0.71165286605900036
0.69620007163344733
0.71490659208351792
0.70818492490255314
0.70960232400742274
0.70371940623966456
0.71614966914522482
0.69210011246142034
0.68864750442497968
0.70254159703497232

