0.71801538170361923
0.74734251345708558
0.74418313805980707
0.74564393988686717
0.75615543341700309
0.72388523542050409
0.75795724289420663
0.71188889933055099
0.73965770152089982
0.763005844034502
0.73539797402118712
0.74513800715942879
0.73028157771549429
0.72930093651873296
0.73645672086062974
0.76009066832724248
0.73715975124503486
0.74688702241773564
0.74178064589525494
0.74589434172222679
0.7263910413856377
0.74858616529020083
0.7670888493807857
0.75423764101079194
0.74665176162183577
0.7443899679288708
0.75512453600567275
0.7458421222254441
0.74749491742934349
0.75659558420430517
0.73678881618444225
0.74328054715262604
0.73024783409267713
0.7567776108253037
0.75284991963174841
0.73650793923026925
0.72803901885139333
0.73991570109103699
0.745617111021187
0.72710755076140099
0.72777935579345598
0.73907690292612738
0.75450008007599334
0.74472304266883371
0.73576227335294941
0.74503085991526907
0.74674902146330269
0.73003136356725107
0.72682250808791216
0.73745186769555582
0.74273345351792441
0.73594530523205903
0.73610081976026598
0.75844320792023323
0.7623375865197457
0.74431601338135722
0.73881778835108269
0.75217469075246446
0.74642741613018526
0.74178194985395962
0.74790897467873774
0.75033257108587947
0.74305405903378741
0.72972636253358381
0.71017567348182753
0.73614009783025469
0.74130049042931268
0.72597931287949002
0.73636582783237692
0.73252756944787323
0.73879974352300559
0.74637692117195042
0.74742402656022977
0.72688085801467439
0.73707499192809323
0.73148114640406836
0.73637331103364712
0.75884455205509216
0.73747025922156939
0.74832975169599802
0.7469450599071874
0.73536354260323156
0.71699918594429524
0.74843440965483854
0.74431379548670906
0.73894274500981905
0.74502898671290585
0.74849124602769446
0.71881650354366411
0.74326561600308783
0.74036025217915957
0.76074438092436114
0.74770567006953614
0.75021736057151323
0.72719532751490545
0.7286054901037432
0.74004969501107121
0.7429464555390537
0.75378407992693708
0.72411731461511186
0.72183109914199317
0.72505737658841329
0.74148074058560631
0.74381255203280139
0.72896782446136876
0.72988244433847393
0.75651117707205839
0.75428556886017206
0.73408867774157927
0.74556075322030235
0.7132047738907884
0.72005640956490546
0.73621697605086411
0.74021947486508077
0.73434083379625714
0.73922768878796319
0.74096297141822853
0.75370820302273989
0.75950974394817727
0.73346651403070273
0.73892020453442764
0.7364486166744848
0.73347276865482292
0.7517633466908672
0.73021807232864888
0.72179429431666753
0.73421924721337051
0.73631472644726093
0.75094625214485988
0.74692652942804005
0.74509637360693015
0.72284016823374075
0.7585305256606315
0.74463595029982677
0.74645637570316203
0.71342848155528382
0.74339354517754086
0.73290512421331655
0.74979941118091054
0.74503015990953014
0.72629719599881959
0.74974113087495431
0.7493707314086715
0.74312194892191974
0.76099914591447315
0.74201153509229689
0.74550338963496643
0.74007000254294963
0.73701802067932509
0.73930902161498802
0.75924440350776534
0.73426339278420938
0.74920857982513234
0.73512647841453427
0.72973417788099337
0.76631479344949893
0.75693179303593316
0.74783582043942853
0.75415686906866231
0.75099088071816322
0.71500935261977561
0.74356086482989336
0.75905846664826238
0.73956413726594161
0.73715951220268028
0.72753350446035203
0.75020777559656748
0.74202538920494809
0.74020830439614993
0.76038005469671943
0.74079689137883709
0.73034924015153424
0.74197560821029029
0.74289158968395952
0.75579182245756871
0.75234356531321533
0.73726571305304134
0.74963963120326194
0.74586195770998165
0.7452532518593139
0.76349850608933179
0.7245046712366926
0.73172437725261696
0.75805496388381755
0.74946367905503852
0.75045628714633361
0.72520516230727305
0.74435907677330659
0.7186271202919059
0.75217149085789559
0.73996991800233647
0.74513392011039881
0.73703351272492723
0.75067669705144957
0.75412538358559844
0.75596469463568261
0.7362061935230545
0.72497526080906283
0.737805319224631
0.73927340314697776
0.69976576794964029
0.74756106682538925

