0.74877331469682229
0.72796280730287377
0.74228015905899025
0.74153675447171785
0.74009848232735165
0.71763665298845736
0.74357343597766778
0.73834292067041585
0.72793300836479435
0.75525550923158513
0.75366390718579124
0.7551012159228021
0.73093570215534731
0.72303932770237123
0.73797776057532116
0.72906032523447817
0.72337288130057231
0.74616757807058431
0.7456263191980228
0.73602724128763697
0.74376093777211527
0.73811007737771417
0.71558650249536015
0.72559917347117253
0.73199321643264936
0.72305586672732891
0.72897307054562732
0.74052041835099425
0.71579144605585954
0.72548752080139989
0.7432495866926655
0.74118920690921497
0.74520642376409174
0.73561201798187825
0.73995698751889261
0.7525108210061271
0.73083084014461641
0.71208836576968759
0.74641054143377406
0.7322606265640409
0.71938429444399077
0.76053150811093606
0.74415169673853576
0.73536216735770266
0.72660944192455745
0.75641950890477738
0.74869111756122353
0.74275519574614546
0.74161915655377275
0.71014138885250688
0.74602890779708675
0.71875399257478523
0.70995470309854891
0.70261787049564517
0.73860694266050486
0.72805632842483792
0.7392532455056553
0.74344199772503439
0.75229501021772149
0.76245529368256082
0.75083639462744634
0.7328255808749663
0.72701098507308792
0.71699707138213908
0.72102367365695141
0.74390830586607548
0.73834437487738236
0.7413374175929347
0.74073294648615673
0.73674004689770911
0.73131322417965205
0.75140281028669498
0.76530335901097402
0.73703120115022691
0.73688267592379497
0.75266137138881739
0.74170444069445329
0.73569034374567943
0.74613578744068398
0.72704980395023244
0.73878190892789197
0.73419246238808011
0.75352672312137214
0.7461860270480043
0.74078359519636594
0.74179807493995775
0.73807974366242701
0.74975693628767759
0.74132216098679216
0.74657927622160558
0.72013714302052245
0.74088747494700613
0.74689313913763899
0.74637486113052132
0.72171267026015551
0.73844523183784283
0.74907546388712176
0.7634113231268157
0.72952292194905177
0.74577053537512028
0.7310532742359368
0.74391812586561878
0.72455076952246356
0.71906468651596012
0.73688756465253413
0.72380335526408235
0.74875615570250031
0.75326377592195048
0.75350200302369563
0.75569081483922884
0.73277792001609832
0.76780519447808582
0.75563418741908273
0.71463720808216002
0.72875701966380957
0.73909715605584536
0.73930581677406482
0.73992849461220933
0.71889372047755218
0.7348145804518752
0.74289284063390404
0.75306277545647426
0.74853977022585449
0.74417946813140468
0.72399983729999617
0.72511123042363157
0.75668425292284192
0.71823001566730482
0.75949289752915972
0.74635346512239742
0.76797838659181794
0.75457341559622537
0.73682827958788599
0.72954324025981665
0.73276972114353545
0.76568695455985436
0.7500010447227361
0.74132211091441735
0.7344244792798279
0.73537344960920625
0.74650987277497916
0.7460768398118669
0.71024364332839507
0.75033624257206077
0.71374502956400643
0.73004867676659357
0.73748148660182988
0.73061977794161692
0.72387987789766917
0.74547456932587719
0.73222154691164143
0.7362430834183038
0.72901364958674397
0.73092679471429289
0.72304810170387646
0.76129415038970394
0.74848941918647327
0.75099611622610385
0.73608680952337224
0.74357047306117074
0.75401266895360974
0.75534584902369351
0.72101701293030029
0.74714167509001705
0.74788678845560785
0.73400521360435778
0.75639421470061341
0.74474127259023926
0.75600397537772746
0.73934404603893134
0.73859600818280979
0.75459934534495687
0.74017209656646588
0.73431490211094608
0.72829471047925098
0.74215706109396129
0.7387798968364695
0.75214044916586253
0.73390979780519849
0.74258280812038924
0.72651022690385447
0.70166617680458143
0.74353738926978663
0.73970785799304539
0.73034657403210756
0.72503869177954738
0.72170770458915068
0.74400600124827099
0.74284880415009735
0.72878496840539497
0.73102020982829619
0.73129582550760819
0.73283523392081273
0.74444489647274914
0.75625985905693249
0.73257446026940831
0.72557973525279484
0.7370396861729821
0.75335041961616811
0.73574196216758792
0.7442985018710947
0.7452815243954618

