0.74752618913246793
0.72679050063792427
0.72495699039674655
0.75241343582622533
0.74688422454289727
0.73380898119931448
0.73757440886602599
0.72992794862629151
0.74723645887610846
0.72159042457716072
0.74454215733715046
0.73678814812377336
0.74144168382446163
0.73222342634194615
0.74302743850755004
0.73782064168179085
0.73708726894654952
0.74555775637602806
0.75274850594316312
0.75417346441379218
0.74980065298037024
0.72199753588097271
0.7464172252296406
0.74899277177818369
0.74752552276065054
0.74542299654589295
0.76068887384095973
0.73627139085249815
0.7519617097578345
0.74404528024239969
0.73539790650316816
0.75430351668176487
0.74961704217591807
0.75417105894847691
0.74821386426286196
0.75399420376167403
0.72792897204107554
0.72708499305753016
0.73834842430781067
0.74203243641998462
0.74221905433364199
0.73731861094344631
0.75177805528942754
0.74030470033187712
0.74660138587710911
0.72138935676467453
0.7376792439434926
0.75234181225207541
0.73721632803603498
0.73817013042698998
0.75102702713366798
0.73152193428664258
0.74525168397379915
0.730922806156873
0.75136741618490344
0.74779348963381043
0.70119927196766985
0.74565886634946787
0.71338833166683147
0.74121496788215624
0.7100852742398448
0.7260829756026308
0.73859322660550897
0.74593180628687628
0.75491594379271798
0.73679908799400473
0.73657547420353475
0.73174531590926994
0.74083431296831082
0.72979303704841847
0.75224635555618768
0.73976089529604094
0.72971611574760775
0.7426138313986248
0.71991715983895088
0.74995789650646971
0.75052936936500159
0.73782740616679054
0.74884739358432328
0.73647048271127269
0.75285058311064323
0.73384296102299096
0.73133544916742399
0.74306493286180753
0.74890061974126165
0.71387445418477247
0.75321861310768445
0.74965760870431575
0.76129356428153183
0.72911759532991138
0.71982604077120371
0.71093408806831759
0.7480562107818971
0.71719993809317417
0.74408598745196386
0.74867509978172775
0.74667473447822841
0.74017690489446197
0.73219764418513267
0.73802552882654759
0.74235304308184524
0.72900535907897801
0.7293296685084556
0.73677195680380447
0.72802150008051436
0.74349219592307569
0.74776716978512991
0.7261380865406466
0.71956061014250883
0.74857857790277094
0.7238521782979257
0.75056631422410591
0.74012782497404095
0.74521245925161272
0.72834115935461374
0.74293253148405825
0.72169250281950259
0.75208368525768687
0.72731644902173831
0.73352161641340086
0.76287394834243372
0.76243080257135587
0.73832592857475121
0.74543283993576903
0.74427778852814097
0.7528253238274385
0.73539868890903537
0.74183809246645482
0.7278757736956083
0.72932315996342301
0.71359371491451384
0.7383464003374659
0.72817407513492693
0.75809152918514744
0.74850493607596413
0.71602656545331866
0.73141001715897647
0.74249716630834839
0.75152410208546805
0.75188456242009227
0.74044869072431985
0.73518194706846551
0.75003847042794303
0.74910629100576598
0.73043966286912032
0.73482081319046655
0.76155420174014643
0.73193684074227972
0.7381076706821218
0.75904490064621966
0.75219020223414401
0.72773294630591534
0.73322747227976703
0.75383966473736852
0.75239286281900208
0.75615337382584746
0.73735868568663487
0.73459353904627345
0.73090402973239821
0.73096803731319882
0.74586605845367737
0.73482732502837977
0.75530800182870361
0.7413681168304801
0.75819257340762392
0.7463729136436078
0.74626642553440381
0.72258396193250074
0.75375708559219112
0.75485494638177664
0.7510418063678389
0.75160450387839506
0.75175744347720519
0.73470181452704142
0.74516400017835926
0.7104038306720214
0.72943726463077119
0.74070169002706643
0.74076090804993711
0.72452361752810812
0.73589173643559302
0.71858394329208897
0.73412565295232413
0.74304393227215149
0.73366945003924899
0.74089571681217292
0.7587832669181972
0.75797076013827791
0.75552641574959278
0.75093639304333426
0.74089308374246576
0.75507687737340734
0.75153064674736259
0.73137875890254689
0.71967138027643129
0.73401132796978619
0.72759570644381755
0.74868582765342251
0.7537641977845444
0.74248514256011822
0.75897811542877203
0.75934329691117786

