0.70923991636012396
0.74167174563549987
0.72958620401185592
0.73466578037072361
0.74384744757592347
0.70056010784018241
0.70702451629938623
0.72738031515263235
0.72875451519639278
0.7378781646506567
0.74103149233963039
0.73204039844328417
0.72894600006612154
0.75250050694336057
0.74189109156533917
0.76405232628656883
0.7243723413353963
0.74647574077069712
0.76457422629647243
0.74763401132141338
0.75748619816157881
0.73480305382399436
0.73419676121632149
0.75444242347335
0.72716678332962159
0.73424664272174744
0.7520214441340185
0.74373689638157958
0.73296866199400068
0.75472085279656653
0.74878058021120886
0.76199531167001733
0.74175886086107545
0.70219182338751474
0.73709913358752988
0.75832577374098464
0.76310826362215101
0.74329984720256459
0.74205311691713682
0.74322083340391221
0.7433222349602342
0.73360635163511356
0.73108826328648657
0.75901652008044307
0.74380103719959068
0.76364210625145845
0.72769642139960888
0.7502573983603652
0.75336198463594573
0.73617493547962232
0.72828501203312768
0.73867765688116471
0.7414141646736222
0.74663535482157872
0.73019403261542837
0.71060841955494514
0.72084213222002802
0.7376226702578822
0.75092826289563008
0.70359957233241965
0.73929269650456697
0.74131571505297111
0.73431047143150341
0.70776567240835364
0.72874558603489958
0.73783139262407949
0.73735940366177333
0.73868529656496573
0.74663159550230174
0.74234195501111111
0.73942696253690554
0.75472094687123781
0.74066537706610658
0.71885147015335782
0.72678553581394711
0.7538472828666869
0.70900995114497989
0.72364747958217457
0.75250741447360492
0.73274326338248563
0.72527744069014155
0.72506381264989295
0.73342348867644103
0.70915067124151476
0.7396037199980976
0.72945491822071329
0.7273410735396425
0.7590982145863715
0.74583548619171358
0.72342007651451257
0.74440367601050428
0.71922765653503717
0.73246438877478326
0.7128722323972172
0.74499185451991146
0.75909580527870635
0.74157272424683562
0.75375157522568925
0.72763852402952034
0.74932190687259148
0.72471972206890045
0.7408087570996682
0.75323252132995078
0.75697925515577136
0.74896065000324819
0.76159368293669849
0.75203939394627328
0.75137141128546248
0.74714260467376226
0.75495937076998276
0.70706772080395741
0.752641823781388
0.74384319921914288
0.75497814776733807
0.75173263358266018
0.74859282898765611
0.74815999908163677
0.75839224806284589
0.73621633904537009
0.75472582829906709
0.74300944629930898
0.71582246312599507
0.73262376800875895
0.73709925479813065
0.72627457805179996
0.74410287290696797
0.76042695545966177
0.74273158718355226
0.73452323260206198
0.75071011220427919
0.71002311601252233
0.74802138765626225
0.75825785660713907
0.74474288587981774
0.74886890806162787
0.73520885426077065
0.73886200251819878
0.7223860430900112
0.7343127722625572
0.72975289495805096
0.7360636635223532
0.75306338702851761
0.72856713987578992
0.72732651499343826
0.72427763280412238
0.74323201049569021
0.73568777060367507
0.70205221891658331
0.73507711460285607
0.76193304038856413
0.73780793428497216
0.722781200988452
0.75072051459320677
0.71526526848375327
0.7316806029777656
0.74364673155863981
0.72217196224113678
0.73864347990669033
0.73342714296616218
0.74232019873207822
0.72571649788116444
0.73042228066230919
0.73401875860124455
0.71822527983793893
0.74719254996331719
0.74972047659793817
0.72976310204549044
0.72241053191607929
0.75344421800114314
0.72667632751945632
0.74958858465159683
0.74818080883233007
0.70500197078283178
0.72154194354905377
0.69736547737186816
0.72533500262807804
0.72739542986242745
0.71631707947886836
0.73932435421600173
0.74594076923359687
0.74495738839620906
0.7177508656650512
0.72701381159381484
0.73594105542917465
0.7570358362300208
0.72702372163322815
0.73683977597341477
0.74187568572122786
0.7566104964656446
0.72958287382033116
0.72795076757323152
0.7490936216431211
0.72793543651542647
0.7454052255026985
0.73221288672965024
0.76023054198684004
0.75135730171020632
0.73087274344934283
0.73989861322427808
0.75060130204720832
0.74811780806555706
0.74139921347471582

