0.64867031889270332
0.671828868401249
0.71518652142817785
0.67539114229992414
0.66339227228104536
0.64138681949294352
0.64143372883339556
0.64489610721037116
0.6486346554619612
0.62504723159087239
0.66009981127197093
0.61523059515188749
0.64215443793822158
0.68423779500556892
0.69280793094351889
0.60696885968790837
0.67119813768808978
0.69553767816236389
0.67184311452281376
0.66788881228591734
0.69178656832988161
0.6688087476569079
0.68451464267401763
0.67066032552212973
0.65240970757639527
0.687400931014582
0.6251279359990024
0.6796384540296142
0.69409453887707451
0.69457054458161893
0.6857125868465338
0.67704484694169409
0.63406143512422741
0.68309370460074847
0.60519334204188946
0.65132627334717275
0.6174611504648212
0.60717554097310533
0.66819270624159044
0.65558201972304642
0.65105095239383071
0.64012616080116003
0.64511446169846465
0.6627965945278067
0.61872337777783115
0.64912031538127501
0.69769582291206766
0.70643972070940386
0.68295430325161643
0.64062693748599708
0.68574192858604821
0.62826272096840308
0.65653192721428999
0.61462801648139087
0.60718896772747444
0.63304370939588761
0.6470275870334472
0.59606764203225826
0.56104464193387593
0.6694925031691713
0.67950971860252474
0.67879842980602312
0.64028520389785903
0.64634854581208701
0.61975738575141293
0.63725489502195576
0.68922081980834016
0.62840689938416305
0.62739114784939265
0.69205566508678951
0.60584782918509761
0.50703247620040193
0.65057263653417752
0.641384296019893
0.67851340173774699
0.62152651167006256
0.62683175959754489
0.66370013798635896
0.66453170792845606
0.65795801871716142
0.68124878609067341
0.66104822368022054
0.67522862477517609
0.67190207578456629
0.68403630900462753
0.66495353749806085
0.57045428075287952
0.60115725627762873
0.59213223494006906
0.58666413672910944
0.66030824778593444
0.64125018219935148
0.66731794395064759
0.65084838132395872
0.66838392648415956
0.61510834972646278
0.66413433393766141
0.61790562282819739
0.68558438481160622
0.63187608840929477
0.6644623220668141
0.66149153571572461
0.67468689295640005
0.69523578121768159
0.6810704504452898
0.66058308670664556
0.65421190813205976
0.63850538020301151
0.69328492490491278
0.70867240013513488
0.69222879526324044
0.69612760223254133
0.65257071092840524
0.66879932339669368
0.62391877922132533
0.70485673825063921
0.6322704210729958
0.67720852381878405
0.65934790355830086
0.64993309640403374
0.71138964532365245
0.66692034375446063
0.66591126249615085
0.65698516879067015
0.62226075225663136
0.62321877622597033
0.63685780405591164
0.66107915520796978
0.62648480099329029
0.67894189062474308
0.68305881919843092
0.65998355823889443
0.67138019771789215
0.66175680835763362
0.67524323522065022
0.66270665230063242
0.64767172590715738
0.60319334798967561
0.60485467663806902
0.64522387311315421
0.67621206574843506
0.64689609949697879
0.63600389876677532
0.69922679345399397
0.68074185358508621
0.66237197306881535
0.6690168819601342
0.65514156802635393
0.63391206353598573
0.65479711655224671
0.67108636983046221
0.65044826597082606
0.65632277483048795
0.66417056613598957
0.65772503242634761
0.65852243175266412
0.6117461599055708
0.62618424835955766
0.65543703832643407
0.67429297395320476
0.67710861973094816
0.69038662920264371
0.65622989082395156
0.69936736751218631
0.60549008791048464
0.63680844316266316
0.66894847793731782
0.67673500849039436
0.66935824530511179
0.67406885791071969
0.64155627721331998
0.63474243165014832
0.6368475303791723
0.67530210211968067
0.67610937989588316
0.67275761228650832
0.66234180906999174
0.6331799038207987
0.63557729075234759
0.6738217432286695
0.65471236541790179
0.56167993338086764
0.59818248969802545
0.64717559973544547
0.62824741751078372
0.68065844670609632
0.65250744114422321
0.70783609597474761
0.66284639074219465
0.64461530579704951
0.60976106173356948
0.6243888643552028
0.69165733328247481
0.66904471079770089
0.65496509891292398
0.6914320266728905
0.61505301518811273
0.64719227244325028
0.66528041858808817
0.59887138640537763
0.60726222686938414
0.58721070863365155

