0.68518961781423782
0.64149593796078408
0.65863655641329633
0.65429471165286934
0.65621111488306638
0.65098198460336998
0.66806413385218189
0.68412638301356699
0.70259929382163189
0.68278097277681638
0.70349000574139864
0.6971878942284212
0.7017033050323348
0.67095332911270866
0.64726610764433223
0.66150494890816636
0.6741200633162362
0.68448076279986325
0.66703981325265493
0.66600194896473308
0.59372725100026891
0.64382556878781838
0.6883110936037985
0.6629992657804773
0.64893703501747524
0.62777977147154496
0.62516161611543297
0.67820266572542098
0.68465949234754975
0.66096835952069399
0.67820509264062379
0.68664098613714963
0.68293352103163807
0.68737794379160444
0.70547871311561761
0.63695032070420077
0.62029829765660349
0.64330073013066846
0.60169100848622337
0.65955164576701997
0.64169539398238373
0.57938594403349264
0.63039056811333771
0.62615557040153469
0.57033105365930448
0.65844420512793567
0.63137629197831124
0.6672303642841293
0.65971408951549471
0.66579441281570484
0.64903932188095059
0.66107640098456255
0.65526342116536052
0.6723546790309195
0.68360217496887665
0.60635272506410298
0.66599830040122643
0.64634023454059275
0.62530904124795494
0.63410020633803488
0.66120594639313501
0.65048703238666206
0.65276916022568532
0.6295202383370806
0.64812035091643017
0.60847073913517069
0.63738088897964151
0.6279053680248059
0.60771025773787846
0.6565789084387269
0.57283948249209993
0.60568922211386023
0.6506735009030542
0.66450177548750344
0.628600759541037
0.67310790472042648
0.65837939787370658
0.63133351639539137
0.66013327011698053
0.60976768416668048
0.5902807135540018
0.54971882123247606
0.64706251669555948
0.66759919544683788
0.66038783780897226
0.64438458375127261
0.59137874156282511
0.69894231490256142
0.67714904937798159
0.69576250833723474
0.69808614106471523
0.72266143272856431
0.68467258677523957
0.69821430951262986
0.69607671323118292
0.73553428998667525
0.69140346234677741
0.69853841924045923
0.70086556451896687
0.7056685264974587
0.66351644168204194
0.69329018458960534
0.7107235538189558
0.71280380493281448
0.68112228029415856
0.69904590829242574
0.65925483433806387
0.66904111823056878
0.70634025467989237
0.68788740045961105
0.67131648991196269
0.66935017734735702
0.68093756786187831
0.64875998963390402
0.65800415468084716
0.66151259413633268
0.68258297762646447
0.69467894341271685
0.67501633721272503
0.67742048204338912
0.69987116723913567
0.69349233638510421
0.68050986052630491
0.68869855069996766
0.69883845137933442
0.66710503494325091
0.69143051984811787
0.69370028231984671
0.69090912601529175
0.65795468113949007
0.69430419691652845
0.68438452535699035
0.69999078009655402
0.66609929186716366
0.71717783335869045
0.73333997629785452
0.68888513951916974
0.7105274208381499
0.71508475797774096
0.67349528391161784
0.67651703929343732
0.69210969618456486
0.68634867198391836
0.67276244942579377
0.68182281728420513
0.68220391921249313
0.62664879431117737
0.67561222977631097
0.67605989450594917
0.67216443448018881
0.63304154869276696
0.55203039727284375
0.60938766863253757
0.6828291461224526
0.68287811278745247
0.62689057747498333
0.66694253708356954
0.66242207490593563
0.63591769088124417
0.60571122346554129
0.58137045478267979
0.64159648627350174
0.59230175872174895
0.63529070199845716
0.62192064316159523
0.63177969030102454
0.56231806076959456
0.65993864594038509
0.62976160841576079
0.58276721405458276
0.63449096184844722
0.61808486045425459
0.61001014987610536
0.65909244729737726
0.64335588918038455
0.64941540402215592
0.6572110137011351
0.66455776831991509
0.68592739784368084
0.67549048179055815
0.63468103864522185
0.63536874169617386
0.59187341634738966
0.6629208904558227
0.68757003379286175
0.66495671785915733
0.60358365791903623
0.52855593903022036
0.60731377203133718
0.58785104127266263
0.628072726566963
0.64237154535538765
0.62969444632419957
0.68416836391949154
0.63833546751248305
0.64027619775245792
0.64658006119336431
0.65877399963153149
0.68779807949804406
0.61801196776737022
0.65785677258783382
0.65549571207581014

