0.71941499026793876
0.72397717422389785
0.72725200067584606
0.72104213102713532
0.72392569982822164
0.70231749734715776
0.74242504852670499
0.74321615568972266
0.73350259264783646
0.72329386853907052
0.69969565401403444
0.73206042132380822
0.72155472413120281
0.7297357135909931
0.69139650774822115
0.67635482753187759
0.71463175289115122
0.72440901121285062
0.7316237222865638
0.75305478196716225
0.70306635073065271
0.74011480444998046
0.72505957957484402
0.73229611143696871
0.73764162439910586
0.72858659053866071
0.7403367264880879
0.70474553487586755
0.72737002362878456
0.71856740746413028
0.70226553750366483
0.71949515504415862
0.73232973731982809
0.73981501034075425
0.72825023397782895
0.72624245781740149
0.73254209177288576
0.6972186775716962
0.74931816547888208
0.72133222281861353
0.71818532446906325
0.74377725602998523
0.64056301144539352
0.69070846027891331
0.73158798231767752
0.73106837437086447
0.71385614355523952
0.73955765866356871
0.71544702554935524
0.73049868610483293
0.72571084983308443
0.72412502110735433
0.70741759837875906
0.72263485607618216
0.73912163280499232
0.72973958867288669
0.71458524033185655
0.69189899370110253
0.69941571180420115
0.71531952816779254
0.72216562299660592
0.70967410821869947
0.71317694779646068
0.70045097940147394
0.68963903250366432
0.72918030739474826
0.7052126704181948
0.72876102101659601
0.70479554621485652
0.73503892138493032
0.72951180923522119
0.73782941963791271
0.71946937762263152
0.72666066428433096
0.71565432682478913
0.71058624905021261
0.69426914654163019
0.72835437335475817
0.70338389876227325
0.72886902741317394
0.72141550969730694
0.7005684298370104
0.68828444219943219
0.73351213918863678
0.72084620567693847
0.72857050728785433
0.71309536435883203
0.71928536203422977
0.73677433243204393
0.71271315685610759
0.71624880651381873
0.72326836958076368
0.71976935496298844
0.70930232437001761
0.73494993239478423
0.71724508188254554
0.73510605078838243
0.74148137335265829
0.73102068805784548
0.73717074937297533
0.74657207531145475
0.71625604175579416
0.73640522802605934
0.70701725386027259
0.72987575370338198
0.73244166935330879
0.73662372970622592
0.70656402752798431
0.71670541683517053
0.72818666146272193
0.71800745891912632
0.69551258528551341
0.72470743935624859
0.74306240965153514
0.72078811960909983
0.71796711606881758
0.72689345979411291
0.73173149625670508
0.73754274541534792
0.74518506847419519
0.7170071563113668
0.69975588863599458
0.72057685852451381
0.71843296926914946
0.73184571244678032
0.75357568102986494
0.73246190822236001
0.74401544506006534
0.73456364702686128
0.73180708920337911
0.72116495216940379
0.70093287654993741
0.72504022460645245
0.71888584019009183
0.74107366485184323
0.74559883231057522
0.73186262381266642
0.73633397905200937
0.73297875362446563
0.72477767863839615
0.73120951648889054
0.70929297238743794
0.7203701925569479
0.71512748242383406
0.72519996472335191
0.7357926817595638
0.70479411910931766
0.73145024525603863
0.71932236798475169
0.71417926458328151
0.74671066996851065
0.70336110825531084
0.73221273596447478
0.73298776491293582
0.73161176725569277
0.71349885521692802
0.7434741170368997
0.73200318225760652
0.72264742988756203
0.7339389314559337
0.70569650330668943
0.74153368861421332
0.71653515276584145
0.72603318547124196
0.70021926049280703
0.69233445729092236
0.71916362349013496
0.73326865586507961
0.7455600935881036
0.72932759574714146
0.71738840480836363
0.73075939936000434
0.73293636514103999
0.72972913955583008
0.74246750347831714
0.73100896768159407
0.74069894961618488
0.72580735128921781
0.74340539967151842
0.72657432649641784
0.73991111211793148
0.72538965312380166
0.74815745052467975
0.74096823075894303
0.74671357008305272
0.72257340670524328
0.7380840148186637
0.73504081149209388
0.74319555374994994
0.74123048168137595
0.72379051416685813
0.69882081176875999
0.72776701607895244
0.73312933105946654
0.71625451247041805
0.70394299691257534
0.7249427214331905
0.70359669396057434
0.72829233150494532
0.70492832042105102
0.70467071557941618
0.71974874334743333

