0.702671342696497
0.72759544805043508
0.75031336844930885
0.73741622159250364
0.73766974437815191
0.72955733364410202
0.73582493922011427
0.74704149275321285
0.71729450689160601
0.71920955832382649
0.73128808360919306
0.72883054391800794
0.72625729742222633
0.72287799565630739
0.71423794282219188
0.71276942918484487
0.75738956605683583
0.74183575187304662
0.73063048905833516
0.72983354217084184
0.72194589950181431
0.71607964679266989
0.70474673624379935
0.74461685635716746
0.74763569673211794
0.71906833025816241
0.73400220327345478
0.72816084583192708
0.72759630711244871
0.70537993229014828
0.69961419284715765
0.71814710593034925
0.7299066250552374
0.71090342236671999
0.74157642570486981
0.73060963144024393
0.74011279176349609
0.72591624708360447
0.73552794356572815
0.72498193754195939
0.73550984391138452
0.72726743586715981
0.73113006411695658
0.71712261785436426
0.72546109196656483
0.72427745278955391
0.71859047295798228
0.73335794986882807
0.71228050298149614
0.74599153427075104
0.74997363379630944
0.70638068138959276
0.74623701046834312
0.73874183140866356
0.72972925049224369
0.74603051116520058
0.7318961594363631
0.72318579397125893
0.7110017236688666
0.722515052850076
0.73032192650928673
0.73756485145813588
0.74445497277271433
0.72359561116036031
0.71367870158236324
0.70823778157180706
0.71119487591387631
0.7239003004901754
0.68058921509574888
0.73169710275801036
0.69849721767530226
0.70607313626932955
0.70174921924492939
0.70997818068194296
0.74692289825086533
0.70956444257858586
0.73365438341100631
0.68277443075215583
0.72923310545380637
0.72967874153144296
0.71547086376068048
0.723228400701871
0.74357844048310584
0.7223422101175494
0.73585239800214564
0.73111423997747416
0.73394023364624439
0.72252295396817223
0.69776559949115113
0.71367316047043239
0.68676848787027756
0.71342359827110768
0.71973226096127685
0.70974742484610531
0.66926387748429617
0.71483712438693214
0.7163869617248787
0.73011208840486796
0.72598491054476477
0.71994062663849612
0.72934023743450516
0.7259655269109716
0.72387725217710308
0.71383449915349173
0.72494468726623185
0.73507895443284088
0.75459872895942481
0.73294226509202232
0.7204689584979449
0.74677290977635469
0.73354947531715409
0.72737670345848748
0.7222458967854356
0.72352522987803258
0.71482166821293025
0.70986935187115296
0.7300240385879555
0.73461644272705218
0.73319730388245374
0.71733352238601433
0.72281245859373278
0.71924061076792911
0.73067261565415365
0.72433534126500843
0.71118401053222247
0.73037583805108497
0.7297142532739247
0.72608227778650836
0.73982416785349514
0.72633873599300502
0.71171208416449816
0.72284714920973892
0.7305693103086921
0.73069342943749305
0.73422908985655122
0.73930729372183945
0.73582117236150435
0.73456955308251293
0.72684008653933463
0.72770669376132002
0.72714560394343963
0.73515244185287998
0.72945718777384305
0.70616694915865541
0.71861177010519994
0.73969132610341204
0.72058835828584122
0.73936237658200143
0.72793250660334119
0.74086771220864445
0.73844294677592426
0.7162853975174116
0.71893689558092111
0.70941071211546836
0.71300134463701847
0.71535263566214047
0.72182626567312502
0.69929836683125979
0.72016208608139398
0.72098729659881178
0.71061984357225605
0.7238161740049297
0.73544378686449063
0.7345594601295472
0.73301512161484284
0.72706190463432951
0.74467434392158016
0.72511792399164832
0.74168058148832838
0.74441930846118542
0.74032100226156006
0.7273571527193653
0.7397036017056462
0.71804685597006934
0.71386668057238856
0.73647702939776671
0.70146808834917451
0.70532418817239595
0.74953142776449178
0.72667932561100945
0.72990727675986111
0.71724337112415404
0.7411797500526085
0.72218040823105945
0.72446139270069765
0.72958372953841255
0.72535567618844321
0.71232955701718559
0.69915226236004957
0.75052915094841777
0.72453963540598076
0.73429091371462596
0.71943877034966786
0.74466319646102885
0.73089180179699442
0.71957476572263723
0.74122205560863286
0.73750832597491112
0.72262074215941108
0.72612059633325166
0.73785137538442125
0.71195858161047965

