0.75620766461785027
0.72748967602813008
0.73109800220044208
0.71130816826560361
0.72905940578070072
0.70694390199238311
0.72820373501514801
0.7195189306814459
0.70530878388956841
0.67557421150299579
0.70004609682825347
0.71533207833771917
0.71120281040606814
0.7133671198685908
0.71218555018395668
0.72534461881069223
0.73110011794055019
0.71433441523808694
0.7381259284565882
0.73364187325188079
0.75310813417448719
0.74152958046127371
0.7433663789809658
0.72298343404668408
0.7238716781656005
0.72760822322362317
0.74824629936438647
0.73119260920200013
0.73036205016350353
0.71399607183426383
0.74065692094631141
0.72707530184015046
0.73712747401055234
0.73093128727323287
0.74911555965630261
0.74963922268213479
0.72607420575686921
0.72932129323831618
0.73175539253627409
0.72502749121776733
0.74441622437864574
0.74195833844257053
0.7195707560427913
0.73010238693358154
0.7152538444283657
0.73455557997895371
0.71838920799829098
0.73962638157409899
0.72842809460712665
0.74027006540043339
0.74137864562616218
0.72538642853306656
0.74074688089468155
0.73737998231742541
0.71793296824549768
0.70191926664699145
0.74528787101353633
0.74414741354587466
0.73170727589813112
0.7266906352069038
0.7307008569139648
0.74043938109360796
0.72362094859235193
0.74943584620272008
0.71880172239130624
0.7130294651077913
0.70339420165960576
0.73057034649964769
0.72281721974544377
0.72347443515558552
0.75816525426281389
0.74284493383380445
0.7268804305996146
0.69874378404457527
0.73470279494813973
0.71875404069882509
0.70697588619771223
0.70905119992702914
0.7048542537113851
0.70282777056247103
0.73486071570217026
0.72969432506581378
0.72490910339399128
0.72911647261140144
0.72826550324556982
0.73301608507942706
0.71141414605037412
0.71490257715222327
0.73063224817490791
0.75099659065689572
0.72793936829413619
0.73977500178903188
0.73195530353182414
0.74272445561042577
0.7273049928077846
0.73763825071757116
0.71617575378778497
0.72094586314366049
0.69637237195526436
0.74540402482473345
0.711032740556372
0.70162190385871592
0.70672151598274024
0.73147355622944532
0.72261478175681226
0.74795676577955417
0.72978990554436174
0.73888811112866248
0.70742720720883201
0.71005505003746905
0.72006395156468139
0.75659540432501515
0.75558816360801995
0.73543356684935002
0.72085167747037526
0.72508734662115815
0.74153551020426278
0.74247823957054537
0.73868432614225688
0.73607492615220549
0.73096233789807097
0.70123351151756086
0.73736206041291719
0.72998499157645058
0.74283018471152262
0.71151425531190449
0.72888679993198036
0.72487853532150648
0.72905966406727418
0.73373405352553622
0.70550488923997057
0.71986680238540413
0.72724113287133929
0.74385457489537865
0.6956011037988008
0.72265875237517774
0.74553787481459544
0.73004863174802304
0.70918216944839674
0.72165097190239491
0.75257537536784247
0.71673767125787269
0.72267938735438342
0.73664819084383482
0.73669534679328708
0.73683065781938462
0.72334979530249044
0.72636896163161191
0.74066766043930166
0.73630327229086379
0.71562908013004245
0.72046247020110044
0.72693735618641819
0.73121392501477678
0.74758238151164469
0.71858567968769405
0.72542580417857516
0.72964503534921166
0.72280609195690615
0.73110725886969741
0.72479192438659801
0.71309019673345575
0.72000000426280708
0.74458431232962774
0.71095397044044395
0.7199796803888151
0.71851537569040758
0.73902098896209623
0.72916175593269339
0.72604788839219847
0.73386484160962384
0.69153351926633022
0.71564220011403812
0.72088011364783577
0.72339604256634049
0.72587758474450892
0.70800142601696303
0.73112363011712478
0.74582837023293136
0.73035837722303654
0.72452968621784908
0.71410283068093638
0.728529976708298
0.72137496504003729
0.73736613611000179
0.73930657081170348
0.74626656429987281
0.72643241117800728
0.74486836807743462
0.707315633049593
0.71849000624437853
0.70414943887680059
0.72122336228631656
0.73356741246266188
0.74645152051533892
0.73669899075813816
0.73068633359734403
0.71942857839778207
0.73110442467593428
0.71918671342694429
0.7024546430162586
0.6891819410318869

