0.7571625020499978
0.74620315001161419
0.76520280186166223
0.76869934554355035
0.75654696889146222
0.76730699388205137
0.77195788362703943
0.7829792243488547
0.76241972108489464
0.7616601898079971
0.78616895683620835
0.7222667152743184
0.75738758520206106
0.76449360294750468
0.78720834286540997
0.74974619885502969
0.7615374916500498
0.77074474945547444
0.78253165700237604
0.76736334169848541
0.75728168603409618
0.75661899300378987
0.75498063451032404
0.77064201012074773
0.75507642247046036
0.77633707137511521
0.77548750174896763
0.75413855935383811
0.76209594017629045
0.76770323655632955
0.76867289313504517
0.74126505533573683
0.76185141759731279
0.75866376499478239
0.75075517491739119
0.7409727891654958
0.77092535697130771
0.76147196569140985
0.7532461744654837
0.7449640403175487
0.75075458149943464
0.75289163394773706
0.77192660338447305
0.74783445159757733
0.7405371807878125
0.75402150270804302
0.76592545097138143
0.74139786349747083
0.76667505210437248
0.78646167979257475
0.76885897497065059
0.75480427053437027
0.74489669789195379
0.75828807960933142
0.76878445675085116
0.75369950355558724
0.75872519845948672
0.7351327963323433
0.6984059604827989
0.72637754194474768
0.72997116423146668
0.72844672044467085
0.72935229747691599
0.73696606907209039
0.70555177260647062
0.75761297436421282
0.76577619383890305
0.78157957649581511
0.77603439369966365
0.75677159003301275
0.75541488885086594
0.75232327994145287
0.70711015739315564
0.70397639849027649
0.73248633834644983
0.72916533316169752
0.76442492037969234
0.71040161531934232
0.72672905476708849
0.75182236730526886
0.74054571324640639
0.73596926550997543
0.75623384815895667
0.71102410379814063
0.75282258499806909
0.75723427894126072
0.73660731216487418
0.72465490963442114
0.7510839636658867
0.72872134419515888
0.76122506043661142
0.74517018009572711
0.75781231238963942
0.73003867174089887
0.7436262178083044
0.75597901016384783
0.76640624017718728
0.74162848021260575
0.72344411937211994
0.72329298576663392
0.7313869544200301
0.71941138326178289
0.74663825805308537
0.73425275492415565
0.76479065472794117
0.77818134897022417
0.75488339589456377
0.73624493207769903
0.76193040931482003
0.73487671389169384
0.73531171619742119
0.7765508031252103
0.71509276462657556
0.69901273724125601
0.72780642748705771
0.74709225025876946
0.72821789165799877
0.72912470844421806
0.77681002141841549
0.73115089901527797
0.7427023453125664
0.73005233978127448
0.69919258769302073
0.7620531286381873
0.75428709390350246
0.76162718076512326
0.75624771570626059
0.76928318826931497
0.73036283503847621
0.7464988982548344
0.76724272218727818
0.75001748431219972
0.72448340455483506
0.74718886708924337
0.76889123732566778
0.71387219720388351
0.7647529237258579
0.70908294095135549
0.74728107627927987
0.75683441575338939
0.77590676172601614
0.76568733689323254
0.77330570871254545
0.7267852282699333
0.7615685172400245
0.74643523042842008
0.75169736995439018
0.74725477844734278
0.76297545157050661
0.75444444522390552
0.71914001515643933
0.76454459136675246
0.75605346077945323
0.74171282198957245
0.70644833253215822
0.71115390720921279
0.74729927886077696
0.73105668543585767
0.72288019731545272
0.75307641141312942
0.72810164436824043
0.75270901641635468
0.76865990244172178
0.74969654113779627
0.75700578195029211
0.74872689178597684
0.7310929190171489
0.72798728142610014
0.77188454305540299
0.73095165536071705
0.73576899418943753
0.75190658221018947
0.73201861289690795
0.75611481974299222
0.77028801220713372
0.77175943042136086
0.76700981400698021
0.76375043853312197
0.76670901179472772
0.75948973226938865
0.74143332830931752
0.7718997894831493
0.7622888710003981
0.77887706171884807
0.77053529419987943
0.75837998502597137
0.76763804669798152
0.76840809466469195
0.7715857605983365
0.75850674832413556
0.76250352405546573
0.73169069390758701
0.75403231284905692
0.75955012721591342
0.73804286261344365
0.72230990267910322
0.76446462823217765
0.7643908150037122
0.75941638957167834
0.75271540437565621
0.71414293777591209
0.72810970958926569

