0.77477208223735083
0.74456764398920627
0.75349014544853332
0.73031220435630895
0.76006802988108702
0.77254009006870838
0.75885974084430441
0.78253505184136629
0.76486571956839822
0.75116168926705684
0.75367960131705991
0.73715803127006418
0.75087281644743009
0.67232604121243333
0.75535285572815047
0.75070803894261073
0.71767307100104738
0.75504396251147299
0.73195487273534476
0.72814903210466009
0.74835225766104796
0.76952972730510949
0.75685676025975634
0.73051401284320072
0.74563512898383744
0.78405983496929244
0.71783522263863264
0.73921762874599029
0.72640411076594913
0.75409782060457065
0.74073426802792752
0.73459282615420818
0.74527977684767521
0.78170435466099308
0.75586663866671155
0.71944650817351574
0.74733673073417339
0.77080228537711271
0.75670807876853174
0.75949793703813406
0.75436115135284909
0.77697458099147765
0.74832621220630025
0.75716499776748636
0.76655530888925794
0.72128861945598177
0.77605927360168259
0.75419537640855605
0.73885794107788927
0.72737059749503608
0.76571243639644171
0.74373640690030496
0.72461843325376907
0.75902689582793248
0.76648958984389082
0.76329573975296316
0.740738402954079
0.72472101078886597
0.75377576200648688
0.75419582735646984
0.75948268901490001
0.78082635810267509
0.73416143583258553
0.73524021206772561
0.73128830837127667
0.68063574310337494
0.73188175004717371
0.7194422184760334
0.75121115755549361
0.74384451933169449
0.75431657905611682
0.76633685740854174
0.75587355718682359
0.75770083218515905
0.76124395224714447
0.74876247277421981
0.75788503418123854
0.75664547755339751
0.74909595501361648
0.76939951182618427
0.80210703249857007
0.77904615819746226
0.74107813477669493
0.74761181166597868
0.7634999844820447
0.73262368288052948
0.74665769279782002
0.7723484530766036
0.77198303643392541
0.75672197016442089
0.75315004224698245
0.74489423249115838
0.74248306270414355
0.73205716636513707
0.75676302009885299
0.73419839890847405
0.74523740812636241
0.78181468369975127
0.76972455664622941
0.73599891908364046
0.75176731375725581
0.76441948578153396
0.73722747907839326
0.74130724121353231
0.77960273558822191
0.76893889115673353
0.76067482200831404
0.75328373988693553
0.75552196428907792
0.71373407211453455
0.74478995255176583
0.74589884413338159
0.76602339094290994
0.77023818959820245
0.72399613093154391
0.73537566156160394
0.74427257356789844
0.73454024313512689
0.74997230334252296
0.73872424216544308
0.75714087236440442
0.74401570503697412
0.72512225531771435
0.73865894466841175
0.77257389594951187
0.74977161743645526
0.77195242066299197
0.75234431352175657
0.7349911299734051
0.7485785330239656
0.77082760541427442
0.74495389011015811
0.72249939880106573
0.69891799747717764
0.72717869817215608
0.75114554549492163
0.77235426653179351
0.72902807731565333
0.754508547819152
0.74649108151205368
0.78999927072869025
0.77399585181841291
0.75044096730220267
0.73679888840793784
0.75120374496893938
0.73831962755169311
0.75892671730649652
0.76243804955168359
0.78493671809522148
0.76102739158444388
0.72727404018739739
0.78584048007023355
0.76227848829190692
0.78030186301639526
0.74145880101486916
0.71838884529543812
0.73682946508375513
0.7216976255182177
0.76522853025709803
0.75435925562649297
0.75502722593510618
0.77735029788112819
0.76811042029607635
0.76773669807058864
0.74146279166952644
0.75655276660236626
0.7386242130555315
0.73574555303744371
0.74310013248868945
0.75121696486181444
0.74637733508665249
0.72394252805440085
0.75739344285874466
0.72908100884064064
0.78447989418508157
0.76190504313767393
0.76598946359627462
0.76622642456846535
0.73189646557962729
0.76040203220015912
0.74564894703755502
0.73687163629508134
0.77803575169115335
0.7613481208388444
0.7274370480967931
0.74398861780211722
0.74326857839488858
0.78053352771769791
0.76353489911289885
0.74836928790971191
0.72921707939803304
0.76138208255106965
0.73425055147783624
0.74307577965596217
0.75454762823765675
0.77406982112534328
0.79228477669593977
0.74136708145395869
0.72116835644636312
0.68459223676814163
0.75922482725964746
0.69379973526375027

