0.72078864006281085
0.74048476084108805
0.76668806384339916
0.7403799425465375
0.75977347055199917
0.73797017020145628
0.71389255152382569
0.76579743266034939
0.73946161456598769
0.76331866533338599
0.76049713099304539
0.74915648415338199
0.77681909544418204
0.75063714448934771
0.69028512712673862
0.75273644787073191
0.76454481427653087
0.7323083790285968
0.72897156402979435
0.7468354351413341
0.76595466475042351
0.77737476962137186
0.7225180044840358
0.75155568788498395
0.75412481865918024
0.75855579869667256
0.72633949886172045
0.74911784469000076
0.7422871239687473
0.75350920580139213
0.75056353823763611
0.7409626570761485
0.79006728704867102
0.76226290293881815
0.78657984990501995
0.7462936644332625
0.76819307800711933
0.74850758211710922
0.76323490347338974
0.76619068124826972
0.77437845422600071
0.71631446549002342
0.76108046338357949
0.76676313755665848
0.76082079470681796
0.78664794770434887
0.7539358454948949
0.76137354707897953
0.78605588463353082
0.77293653971764398
0.76254850368417193
0.74469240425373417
0.74008326314323458
0.77887585617765964
0.7675968858123241
0.73504279042187814
0.75760667054473796
0.74949676686844391
0.76538229057475937
0.74009168663804714
0.77605897619291186
0.75189380583311927
0.77680049464991074
0.77810184891071765
0.77152320048681466
0.76818706711135065
0.75860309135466963
0.76290959750106535
0.73172558282603384
0.78173169104513018
0.74414879114363308
0.75623266324774929
0.75999252781943183
0.76541812535839049
0.72568548505115982
0.73145927147481038
0.75671520812342241
0.72470679131610816
0.71194430525538033
0.68890734129018716
0.72105172314948807
0.74551844772661646
0.73662813877822708
0.71043408667155727
0.76756318729984518
0.74913096679243063
0.75734873441468353
0.7559343446765755
0.73365602617799941
0.73708102565812517
0.75619986775789672
0.7612000980853284
0.75534732500903889
0.72862868224707411
0.76282132867786634
0.75021779433144986
0.7236545558012607
0.76535584817013713
0.76581418360875997
0.6942047891028843
0.75620391886242755
0.6742153648947864
0.69160195330092067
0.68495702625300603
0.75860036377139239
0.75174075835939136
0.7138602524360389
0.69423790205935498
0.75080837294869529
0.74647480708221636
0.77029701365535463
0.75895034759042079
0.75484220745125075
0.71883178424580241
0.75386408384026626
0.72580968090553943
0.74703735265494542
0.71879615699459953
0.73132705681464127
0.74825948982254809
0.74323339744395001
0.74416962645570273
0.77196222269662207
0.72914619293311667
0.73430896161958803
0.75196012312254645
0.72326262780716732
0.74377227159160253
0.76171848031856682
0.7468544287643788
0.75717262404969277
0.74519868815760926
0.73365495002738557
0.76642680671014096
0.77047995090302857
0.73833383728984603
0.746017938284948
0.76137923498794335
0.73543945746025263
0.7501977194822117
0.74624822448195915
0.73230186732129543
0.71381477831908324
0.76269553535102785
0.73114806152847622
0.73689238995458972
0.76946849389284599
0.76106318699353215
0.74839123167672694
0.73627924338829276
0.74552766457710684
0.77408946821959412
0.73372743953599306
0.75901664820222636
0.75897370561221777
0.7545002268124249
0.76176137334983851
0.78327829586754261
0.74430963071617584
0.72788713512652337
0.76550698030429665
0.74615676890947968
0.73335342421166627
0.75296979708349221
0.76573511230437419
0.76793147225784353
0.76286833993781855
0.74899695205045724
0.76328132711727115
0.75019121084306384
0.72920329017379892
0.77433436379559428
0.6801793482388494
0.71860264123476036
0.73977623596505637
0.70743868344115357
0.70251544935658483
0.71814081759462434
0.71489601647203382
0.75112281751504173
0.73155597210296797
0.72892200191946643
0.75786622589827746
0.73138565546169754
0.76024703625949996
0.7637622628134495
0.70631221461377003
0.7381238211422102
0.74250096678088273
0.75959610087078977
0.76550712072976623
0.75056636836119373
0.74325594928831917
0.75788536420033836
0.74438999452594212
0.77127669534217613
0.73912095327003791
0.73974018240457773
0.75919032182665147
0.74193767849994896
0.72209554955657995
0.73483586859052141

