0.77172004302393482
0.7708294385937734
0.77103808829283571
0.76112805329624533
0.76426996578814599
0.74327704255630334
0.75570113449617282
0.76550731601963851
0.72274331026323069
0.75563839168326941
0.76437898348208422
0.74481419163528095
0.76079282676505811
0.75813262859300901
0.74249429572982539
0.74820714302900615
0.77882573570805447
0.7463655351322741
0.74612358817953073
0.79158108373538871
0.75800365796011493
0.74940691240437207
0.75436082111066161
0.76382793683404571
0.77842050805977359
0.76752934113475768
0.75399042194036725
0.73410127838948513
0.77397403720008373
0.7519395085368209
0.75712371172121573
0.76323027989650749
0.75046209816457965
0.763784921991154
0.75889916919494205
0.78795992623594935
0.76000690768551682
0.76813176121615079
0.73480595203234589
0.77649603039149895
0.7472842010032521
0.76371426134103415
0.73684154689638104
0.73980237238522228
0.76386688201341524
0.72672600107244067
0.72554895933063068
0.73678400052564064
0.70782006513325502
0.64362214823289721
0.70544211526345924
0.73071723628127805
0.74202529566039399
0.7596524762398823
0.73921302902346797
0.72577255403491248
0.7732667842733999
0.76949350453745402
0.74780645480582764
0.7649110345382768
0.76288636810598154
0.7257949482712307
0.72390975171465666
0.762692022239289
0.75593185090342085
0.75244693001071383
0.76768005244751669
0.7368630033067668
0.75032109835948324
0.7568465162276875
0.75083517779602649
0.76086483340101596
0.74817154794235263
0.76606775741197031
0.75929758602093322
0.74863721234698644
0.7378640860739738
0.74500992261843857
0.75592421296557721
0.7425473025367908
0.77051780342425336
0.72461368034649709
0.71601971215419613
0.74927026295266508
0.76682429860617152
0.78473417871533524
0.75526188485267864
0.75590820078673993
0.74276227347378154
0.75662635516326004
0.77072580093233134
0.777227006352192
0.76292414033883749
0.76608127314007479
0.75008498806699098
0.75631034558771038
0.7536934475321001
0.7076999395173299
0.75135287287000274
0.76956962914825577
0.76243101718563977
0.77811891014832857
0.76195909782934546
0.74842914383700387
0.7428849396771029
0.74897311824917057
0.77505322867078275
0.77448533897551919
0.77650568722190905
0.76053093123878657
0.75470844139855375
0.76787335084755592
0.75122090155772314
0.74628095939407901
0.72449442070428294
0.76339901314206171
0.75869149906393796
0.77345696307079848
0.75459201994929426
0.73135235246089625
0.75516664636832698
0.75988740074370731
0.72518344065825235
0.76526441244741705
0.74793409491821938
0.74690551853654452
0.74399655382974861
0.73978031809186862
0.76446302988002945
0.76692915922270422
0.76421395445292439
0.70570417682938669
0.77244734267021598
0.75981257362387766
0.75763300302023429
0.69214822011631194
0.73254031294067667
0.70759784371702938
0.74315320565452481
0.74756033171492842
0.73040054162470702
0.76061743895943479
0.7565650812179523
0.74360004484515951
0.73881196594992893
0.73945909185611258
0.74836380154203452
0.77685065572401579
0.77470712620629467
0.74249209764025381
0.78083772771334237
0.7706959570209948
0.75614682707233871
0.72258628911902334
0.75898296765923523
0.72873357856350407
0.66595995424302545
0.70238922382398894
0.70032893888746772
0.72846129628311318
0.75742710996839002
0.77317664307901368
0.68405989507781706
0.72007847485702925
0.74366785059205454
0.76242826506151151
0.77284905768279188
0.72233711349614138
0.74426542953832986
0.71283992028163301
0.75301674892481885
0.75108929274272673
0.75687500142588959
0.74829275303180864
0.74289672034112408
0.75331460062794708
0.71691227196148033
0.75236102384986026
0.72921497463168949
0.73168654007807732
0.74908585869585975
0.7550788788998466
0.76260421756736185
0.75187468030734961
0.76905721366438751
0.74920777411193773
0.76379684628933864
0.74633262272218648
0.75762031755372639
0.75164325337392923
0.73395887353434208
0.76512613951691943
0.76612801277553277
0.73868749665457278
0.74078160895014367
0.75488647912212337
0.77180291912286991
0.75340290210529315
0.7517047321962167
0.71408851978387344
0.76156092444235257
0.74509272623614509

