0.7477274531347109
0.76117521276506783
0.73903608845472268
0.77304469762192773
0.76908317072522692
0.74928472080819641
0.75886172544452168
0.76724964322513323
0.75335554345942757
0.76177876493156671
0.78239334318111819
0.77453685242095582
0.77552150007160836
0.79294762328551938
0.78208212049402803
0.76653560445798363
0.75977064995568777
0.75237431148079992
0.74155449800207829
0.70947845446286262
0.74416016720276756
0.76264583606447089
0.74749620524875637
0.76206713905031565
0.75388911838134365
0.71699470794158349
0.77330337871025767
0.76500039758171889
0.70586261075815349
0.74809100813240137
0.74026921539906976
0.74434897679901069
0.76918338381771134
0.75024971077397029
0.75431164259802996
0.74245054749769757
0.74876905012357586
0.72992798947369586
0.74715862282583489
0.7479516797045066
0.76674505754058719
0.73724195621717203
0.74016433898200173
0.75960428190262086
0.7578016142447721
0.77629056199884328
0.74482909222241611
0.76492034778394125
0.75666630402990942
0.73929160356963675
0.75776591911783908
0.74613555741074478
0.75614634442776862
0.7585072413656474
0.76017049447189289
0.76012947032249989
0.75868825945566221
0.7539431626670986
0.75350992935184491
0.74536378199405962
0.73131858347107015
0.73618652544789553
0.72677325987139429
0.74710839843478172
0.74157995472728067
0.73715799580548302
0.74608023320275951
0.70744712265795529
0.7533518995730657
0.74756044379270559
0.75259598754201551
0.74988305496020713
0.75133779192178607
0.73973874024155817
0.73506656253118596
0.74325025530555233
0.76624372764099491
0.76277647145321426
0.78431263492557335
0.78845982010477988
0.75796672851240199
0.76962414831509807
0.75406485054272188
0.75917235627996327
0.76062556496650224
0.73649176690334128
0.75105864718541537
0.73339177918563458
0.76452531751473107
0.71597162132973735
0.7314592735548443
0.74481023585608896
0.72151309135915664
0.76417485991931411
0.76770067462680358
0.71565257688543338
0.73760190620568278
0.74447028058542275
0.74585990171836303
0.75338290331836288
0.73837287915605176
0.76151136793241025
0.77331926874643708
0.75536994397959922
0.74796378800556329
0.69918626875154988
0.69412827823278855
0.73569519079089496
0.75832809230801701
0.70576822170977715
0.75930728641474254
0.78189549995839558
0.74457084891220637
0.74811062636874259
0.71923937729760956
0.73862633354794305
0.74054543517992311
0.76499800750207669
0.75780642565400724
0.74488404869800917
0.75362822464834966
0.75895640104985618
0.74968974105693686
0.75502781032853439
0.75392472212103057
0.71738986134286853
0.76699781989941251
0.72095034610768638
0.75407781570082921
0.73045247489918486
0.72544439820649642
0.72686780577022236
0.75503522909995779
0.74871425050520823
0.73085669119322505
0.71954341269172872
0.75864675668957027
0.77501462718146219
0.74203614489848146
0.7499156676896761
0.76927003337694244
0.76316521299608731
0.74119069524451275
0.73797509042451037
0.74342784434659104
0.73912866122444287
0.76979615094870424
0.75016442177077636
0.73292350483154189
0.74116298345249687
0.72757071807851714
0.7532875556188916
0.74633239501321935
0.75260002850973096
0.73688444830485755
0.76289930765731273
0.69236942595377804
0.76315202368683632
0.76140362814560281
0.75390295894490633
0.72724377966794618
0.72913836393345099
0.77075570583729824
0.76951867549419728
0.77423880240735266
0.74251311244798046
0.74454362043532385
0.77400143702145963
0.74535559259086281
0.74792902023231023
0.76439040452214124
0.76840025993454619
0.77091786434504739
0.75882856559700373
0.78453557868579382
0.75456717995781086
0.74667019273034452
0.78155781344693831
0.76974584575374827
0.7538387540936573
0.74865751840296468
0.72580861488566595
0.76389426770290769
0.73505571863889474
0.72206007237343561
0.75199771543362226
0.74906964364471029
0.76467622360361565
0.77793954392420617
0.72519538388199289
0.70203184165180477
0.72867653877930716
0.76167910541090578
0.75856282654478346
0.75019649399762378
0.75053287439684191
0.73080261971373006
0.76382788356295805
0.73412698397299614
0.76202098947465746
0.75868225620362184
0.78204227250489122

