0.69936414107465228
0.77302240306072745
0.72250774380237781
0.70698194744843634
0.71979562462762703
0.76237066055821512
0.78346577855577348
0.77941213130609521
0.77031519293333284
0.77315446425349921
0.74633383653442398
0.74221439776168396
0.71139544475381167
0.7138903212180947
0.76750871523438391
0.76493887658723037
0.77008718140592947
0.74115782023822929
0.733534823507348
0.7066788115131879
0.66786852699184762
0.75000767651526012
0.69035879188444671
0.69900024905773961
0.73997231542371977
0.66570231227413956
0.64713981257634945
0.69804705531963396
0.75787373907764688
0.72162316244702207
0.68621612159424794
0.7296712304830808
0.6480437642368625
0.66125398123959045
0.59556033357320781
0.60236022010033186
0.62920685225002038
0.55035005510774926
0.62325726929855108
0.62229613724232924
0.64499533827569933
0.71651336610531302
0.71130828774729837
0.71452948518289994
0.73621787447640041
0.710435651561651
0.66849706942033849
0.62291008434628292
0.67098014874386525
0.63919936712681469
0.70546133263623867
0.72783342786842253
0.66241948596330413
0.59343649377522656
0.76235015871977529
0.69385697476421293
0.69042511139976803
0.71997439836055577
0.73658442289830717
0.68329730000384969
0.69275419178701381
0.66932324925197129
0.66044317133458164
0.67279742802729192
0.70932138718056625
0.67364911134862671
0.73778539746543115
0.68801009564765458
0.7299501787816981
0.74277310975263089
0.75340810093222854
0.77973992527035141
0.74074602552386992
0.75566454407531936
0.77155612773135429
0.74878736481077124
0.71038186333215636
0.69367345564507954
0.71901232661134296
0.68658088398339612
0.63735533144588263
0.66612347639820635
0.70684932869236239
0.70208037224515296
0.7090513324343678
0.71511629375346875
0.72300974878057589
0.74254171814565728
0.74505374833033855
0.7224205724750471
0.73050267117332179
0.68649513619641445
0.73705098271337932
0.73828381984068148
0.76176861297713505
0.75952084472061332
0.7573639423344688
0.7526429993007161
0.73277246275958019
0.66474768390421668
0.68994605430953393
0.73775063926363271
0.71150206234864311
0.7280734298043664
0.69992155447330473
0.71143141819648581
0.7182556393991647
0.70384746183602864
0.67703412698978394
0.73043286228294568
0.70956648635965669
0.71169722172375149
0.74115762411792441
0.74356336249771504
0.7126710409810163
0.71796708494585493
0.6850664991909855
0.69346366715243313
0.69951690848693615
0.72255004364641107
0.71843564807231697
0.73371475523967167
0.77108719561245487
0.75707290215849676
0.74392511774783143
0.74885125905510108
0.73155614597113017
0.7479656294909196
0.75264316354588767
0.73930837940227589
0.77210242248666938
0.75293364144741648
0.772046427700534
0.77639353471755834
0.7832750483384967
0.70965924805632341
0.72155458223094859
0.76542043511865554
0.754062074518278
0.75156495307980253
0.72876690355656015
0.73633509317945267
0.73694205208763885
0.73049310654334076
0.73635719935845856
0.7542418981437109
0.78493541029621894
0.74194586200553425
0.7751219656465268
0.71516387838542095
0.71698502329974656
0.70830362986974715
0.71086386314707772
0.72598163502464785
0.73785808276612597
0.66788080955286466
0.74082267690275005
0.72201550922862801
0.70391478755926296
0.74391511679747324
0.68509526869288095
0.72919127640265691
0.74652367114224549
0.73695017209528901
0.71573755341954615
0.74466596154295073
0.76003452826481144
0.76494722475190435
0.73700336296363556
0.73385366734407587
0.64005963710829006
0.68973286988794846
0.72565540007773666
0.766726388823461
0.74174388091082033
0.72413339995504389
0.74730713028777074
0.75093933227552068
0.76024766714664016
0.7581456539873398
0.79914404266612782
0.77228742414273688
0.74049941816367726
0.78420135132050384
0.74974264150653924
0.76524579617112554
0.74148903262677379
0.74924251728162439
0.7334138346572463
0.72202574658549135
0.73717071267475387
0.66277649999161481
0.71751185255503491
0.74658057506512832
0.76046017220380735
0.75897240247773767
0.73711339418007682
0.77195306382735596
0.80215344610449424
0.78677674946301723
0.77684563911792048
0.8068088161850524

