0.75908455969803612
0.77427829698591666
0.7732558886413059
0.76681684140058282
0.78469044119741393
0.77122660020749456
0.70559203740955623
0.73879356347929714
0.74164111786195441
0.75245099605942223
0.74712940687963358
0.70958464280362388
0.73194376110976478
0.76963944311144517
0.72801413538850068
0.70489134865423009
0.69410612997068699
0.72259220127609602
0.74357732505725427
0.74215605465970069
0.76926451003035645
0.75106812237000753
0.73309346204424786
0.73706759740752503
0.77732543418972433
0.77529445127723084
0.77519815242215118
0.7875642996360287
0.75614375567785852
0.77617688706084631
0.75279170766194548
0.74389219694169828
0.73653701880350642
0.75346945005921029
0.73135352334498172
0.77003657423931438
0.77025249926256212
0.76238315026482018
0.73884995237641671
0.77922413800706902
0.7294568229035796
0.74211142831012267
0.7965471286743776
0.74036314007374582
0.72844986773405973
0.76516987554943483
0.71613532463584495
0.74541147337904679
0.73001957221287073
0.71795515216358163
0.7346965365385294
0.75378018599274998
0.76335372332072404
0.78433498461911844
0.75532487287131367
0.72878783886937082
0.75704698784170921
0.77058843215439021
0.73958147221554793
0.71887575929366221
0.73233779913410635
0.73695642156014951
0.7181028097360036
0.74743878246040019
0.72129330784260359
0.64620899985289237
0.69318586620502576
0.66312759795107878
0.66834562445616919
0.62325968232147377
0.71973480982977378
0.70534605312442666
0.74050411974345343
0.74312396338076081
0.7467916949625838
0.71154669337040333
0.75266570597323834
0.69681377787951415
0.71806713475056472
0.67587266947603197
0.65276720220174422
0.68015007053102949
0.74836878782059291
0.75033490743875841
0.75995848074983319
0.74935180876920826
0.76111397170624462
0.73706727206961187
0.73591988011844289
0.74302497838647563
0.72712210108009223
0.69615516337686112
0.58878451231820217
0.54327148922351243
0.59371200419423675
0.67868160186406667
0.6685945553657392
0.68773075289961327
0.66957406613998272
0.67910720144086034
0.76392981417116557
0.69235107725510658
0.70934834992314333
0.70563947898332058
0.69798829964954789
0.7434227166176377
0.71407622198267451
0.67237639991897158
0.7703953753621261
0.68414917533460562
0.67150126578897396
0.68764881225011121
0.72188379749103548
0.6959484606392794
0.74938494406915457
0.73053478743246136
0.68710403264568154
0.69145907773279913
0.728225799192732
0.6850456967269406
0.6883752255093798
0.70341391140298881
0.65968671570238002
0.72514035823786616
0.67824592368453485
0.68552761645331439
0.76193389298060032
0.70875587435493692
0.71885295057044207
0.72779238787147982
0.75288187544126584
0.73041552592067049
0.73619567836907585
0.74156342965477962
0.70173872966931838
0.74140241488895364
0.70761916967144911
0.71247093990834232
0.7048172578865286
0.74159729927623685
0.75101736223638316
0.70470198320813571
0.71241653161355112
0.66965036213257634
0.66618000825962453
0.68279626634251123
0.70615141618614963
0.73430804973947184
0.72927365219997808
0.75092394695994424
0.71590745545807843
0.70940409165597662
0.69978317570822057
0.73576722083509594
0.7076997303678596
0.6914161199134673
0.70257723845914366
0.70938735396845098
0.72667540600595137
0.70226807580268613
0.71861876840473382
0.64978713680736833
0.67930522154768214
0.66252486567424229
0.59840204931980123
0.5692261222875733
0.67047346968216592
0.68526115491064765
0.69163600052970808
0.65770806448230545
0.74092249155067624
0.70090708561405413
0.71908476722647297
0.68077318625995109
0.67181430584388602
0.75192242912183105
0.67538008227940782
0.73375223624190955
0.71929540782608425
0.70934886216020876
0.68723392589183085
0.65864608237425482
0.63317315396024043
0.7082223445096012
0.73096756663976237
0.67494628710787263
0.73609139686357861
0.72521727141526116
0.69177281219736853
0.67269206398806236
0.74776645651146512
0.72141106147386258
0.72049937873700387
0.6717274496761847
0.70103951751727922
0.74752745198020742
0.73458074984805444
0.76920565334621849
0.6812088484289972
0.66773391465627074
0.72520842111636186
0.73503691396808013

