0.062734602591348942
0.031137875045455392
0.071679004588002054
0.015563520098940218
0.038447654008913493
0.05675301859902715
0.027892109787276791
0.0098906557811072205
0.097414999518995252
0.019784148640292661
0.01952310713552886
0.068598366829978774
0.032762679753925876
0.013823102768676742
0.062858937230386103
0.064721184192680331
0.050964140003030997
0.038289804501310164
0.032560660673799646
0.064553239446659388
0.045468562613591772
0.046806074250741847
0.048727995007995011
0.059834666858296581
0.048214881835119183
0.015254669969403948
0.027177496191001974
0.039326213462119335
0.033596026750240746
0.035292723569864667
0.035047264058872277
0.11675393575946978
0.053323861695872873
0.061039747697157642
0.030915631585178148
0.035008039821266157
0.027057388939809562
0.04686586238174377
0.02801314197128053
0.0043030645458481676
0.050509570098831044
0.050341989341748043
0.038713041717105788
0.051062824446387892
0.049571379447560862
0.024051713124787367
0.03040545772137352
0.015920473287113272
0.037920183683342566
0.0042163511738249632
0.051610807757230898
0.034633633122005299
0.026113947388815617
0.029493699254179197
0.02655718719977318
0.058676740769978024
0.030885130104606785
0.010729774727887246
0.09659039797081849
0.0043511672126666538
0.041314860067596985
0.0091690115899129288
0.066748325572627498
0.023893780073760772
0.025830285558751487
0.014463088614401967
0.056256085907328744
0.067627903483439694
0.079999799306431779
0.077409275963972138
0.050784651138972341
0.058916270495043596
0.04631248778808094
0.037311939709264129
0.016552637550041081
0.020684299866061996
0.03358258235750021
0.030552928201923658
0.03974166053233958
0.042596141186341543
0.04069581983273618
0.042032818803740414
0.026417253046745928
0.065924446323075453
0.023188919122310307
0.025232942238559493
0.040395868146565796
0.035655259178435685
0.042162758073966036
0.057497706136797923
0.043048216426418429
0.013647093792281295
0.073038978586568576
0.032121305641759385
0.039714166404080035
0.038286511224844742
0.047766789156369449
0.031735165659036717
0.01931128292641612
0.041432770589543977
0.037843551983142612
0.032710166749297866
0.090295117837114733
0.047817382235654571
0.065034730871256288
0.060485700523458398
0.039203498458135352
0.064409785770810898
0.042179858528528222
0.015306561538940153
0.036046848471734186
0.03396571357336392
0.037277653597156353
0.10366887419539927
0.033395861953258818
0.044027145059564871
0.10000980181533202
0.058357158977893814
0.083776511955711272
0.0079892874768294903
0.078624535785461455
0.079479320669210304
0.024383625057719165
0.031797494064668488
0.070068961940845692
0.065072560756878006
0.032286191876097166
0.010389855471341875
0.031897219599571668
0.015627605522977293
0.034559982015291951
0.040583462280265159
0.028129462759159382
0.031248889081404021
0.035291908592621504
0.065952106642705774
0.035438233538643574
0.014167607632114814
0.031951717974892761
0.057127884976399139
0.053634291716680688
0.03889130703898501
0.088096796682549675
0.040454854452142509
0.036214719887286209
0.029283028859182339
0.073318838746687834
0.098268358372057302
0.014370394081846396
0.054267081965877172
0.045599391819339412
0.061124265315274075
0.024866451696470528
0.040509221290984984
0.037795213052026315
0.061188280331935428
0.025969548088384399
0.077194446961087557
0.056479863045809202
0.05877343483948274
0.083706487547033651
0.081855912697760824
0.074080125135373015
0.034003628259791092
0.056854669632782219
0.078942333308305954
0.095742552158264493
0.029047001529450549
0.022112646347362649
0.064922677888845398
0.0049035632323391381
0.032197598819694438
0.021771554703302335
0.10987435445702178
0.10050712157478234
0.050724678727508007
0.038371965466737427
0.060707727880697372
0.047604544486076858
0.030878562814509604
0.0054894094717118013
0.08888782555908524
0.025736144194330138
0.033558884585653474
0.021832377820786626
0.035374430749522554
0.047238334290538045
0.030642881062765189
0.11595462765350865
0.11305142814591351
0.055373738363341668
0.028811822476898206
0.070303777403759926
0.078215944958099082
0.045712240287392784
0.11658930975592745
0.031881381480072066
0.097645315840116279
0.068359170953415843
0.04515784320392071
0.054683150506922996
0.025230828174420128

