0.079752557876963323
0.065528380324249833
0.065453694089987205
0.095801619501743956
0.040241043609651632
0.045041173424032736
0.054586597042098721
0.062113007147756624
0.0082229624560050917
0.058900247380149519
0.072412840389112706
0.035776008153403739
0.05600958265966284
0.058223742645471609
0.087569529619694886
0.10594816325327179
0.082008988427120247
0.028134145610316581
0.020058531381272119
0.043526442988571307
0.071850273851052526
0.050947551839587532
0.023015220697140983
0.078511535830097026
0.062914050144711547
0.037739827597558707
0.028429337211218736
0.022709237364165684
0.015428523911739144
0.0070893899497640267
0.056089593263913003
0.017988944865559939
0.019380613463728987
0.090983088400322917
0.048289104230476172
0.097780896499522554
0.025617965927642844
0.039959427546288055
0.018357004700713959
0.029077349810084866
0.07369332963525492
0.067102661273992545
0.056569864892414064
0.039193664497581847
0.018755403782100739
0.026415439759205236
0.049370985739890724
0.080107505086554523
0.016656974667279847
0.080022200406777877
0.020056147233117556
0.08052650760303541
0.02133835969931084
0.04043097315319015
0.033293701872398919
0.063081735862178523
0.047664476424650069
0.065022296535112184
0.012137729425118701
0.053198194887272114
0.070935333245789614
0.06172519516719209
0.039118182068711302
0.079416187735634483
0.09845709590971026
0.024223469139628126
0.051198202626478652
0.047692309249792203
0.069769297005587552
0.049334074237882566
0.0095420956456796716
0.075083358392639951
0.03786051347967774
0.091818101730477664
0.08167083380051858
0.037521901558069254
0.0065483558235127073
0.015285132372923147
0.072600693924234794
0.086269850958390473
0.047536306856691919
0.047827883848784239
0.075693193699755149
0.015566340177153611
0.022489576100359072
0.047375037023082128
0.0235653903314034
0.042581012088511186
0.047992859260933815
0.022821184844745226
0.053127945746284287
0.057985238235824577
0.078146518115446331
0.042622638098420498
0.067075034984736548
0.091612382340688775
0.030805012291685481
0.045308869080306999
0.041008216980126432
0.068275171563264639
0.041472180352288425
0.075692229861793511
0.089921302159216898
0.081354721415961326
0.067843550577653358
0.038375247030542084
0.077934051138531524
0.024928310843343637
0.040391740905706873
0.0098020489493451223
0.023845361498495941
0.051720502243624802
0.026333988606741809
0.053888861203651037
0.026282971166225806
0.029875641498639322
0.042703014397132498
0.045269636072517959
0.03652120519179599
0.057473262729525652
0.059474919812401543
0.088997854419259892
0.033372466797680141
0.036031304352019636
0.048750355635842603
0.070131689291692084
0.047229398397630636
0.044699862590421857
0.025908937421557015
0.020468822360110269
0.01813231534342782
0.047087439186354288
0.066286057752361432
0.085109736928403734
0.073235098200718385
0.051002221941117067
0.040194043237733859
0.066143386276409588
0.045000652508992295
0.01495041269460522
0.060213643086216975
0.071293509893141982
0.03482436614476557
0.063413801076619827
0.11503367294463261
0.031598508144155865
0.024601064453730039
0.010358978105957744
0.072569438760579141
0.026253480176480038
0.016791689806138523
0.060003653807775656
0.031689985538642669
0.074119729735910994
0.04366406515416104
0.057519882192031815
0.037614746275776025
0.036366130348750525
0.092415785853619634
0.05112019860317174
0.028612517588000524
0.03536092515362127
0.0060464161509913711
0.031873461544854799
0.030439020834695286
0.0194448211778483
0.031167745276715394
0.043277182553383177
0.047087572755481893
0.031278022671669257
0.058348723902312542
0.014125036987071802
0.031581286687417609
0.037330927993974729
0.059911029065458532
0.064396183280085756
0.046762887788527406
0.058543815574286867
0.0048767025177502569
0.048034576725242209
0.010968749979758842
0.029517724696616055
0.036447646164676724
0.038898425618524912
0.04348378141761236
0.032477891330270132
0.026977756571268413
0.013851593019173835
0.023818671836036174
0.077250454361709561
0.018808910596347005
0.026193535017357276
0.12282402858086708
0.05208529145711608
0.021938990771539699
0.050575500523262512
0.057601894909012422
0.044270352982339986
0.023335350860260073
0.056449401204707268
0.078349104539738298
0.044971494836231383

