0.085836097796400168
0.073673857898724424
0.030678467117125283
0.04540629880232961
0.044457702405138362
0.01215021744198307
0.027018974066285284
0.032711579377082446
0.039899304971489025
0.052510559973609754
0.042694282018658436
0.053332746221258921
0.087202014138940159
0.020233543472062021
0.0355793356891334
0.062442730323846452
0.035191259158598415
0.062051964291678453
0.044415959479170243
0.047538959920521734
0.079469987594596114
0.080155437217294331
0.046141512102270486
0.034218263268577673
0.055842385562537386
0.027607591281839941
0.017537477915151922
0.024021820800068053
0.024244461975852172
0.059896496853913843
0.036438713498213357
0.034076921589952569
0.015940296554441857
0.058268313602160129
0.021178513894559606
0.057992924558561657
0.013095518437275171
0.061735138694821758
0.0097549238913883073
0.058344891508522512
0.058556699859496575
0.03658988098001064
0.12113955972452316
0.060768647600984625
0.011199614593831068
0.014998860845366394
0.059890915405379094
0.020143963369288719
0.044005351778009932
0.05099378581049388
0.071569464412097564
0.046919407075412561
0.067152837412430874
0.012091291113694572
0.043811054665417778
0.054528585147640377
0.080371167205973357
0.056146009666114896
0.056973273016945505
0.016677843203278465
0.034035965429477608
0.058999565877230847
0.06234647675118523
0.043483353275009434
0.052749756514203432
0.0091712353506249802
0.0087421346767421419
0.025929847781388432
0.019527267159330935
0.034708488730756562
0.10690945062360911
0.014175295401439704
0.073231205635145721
0.014974803769538247
0.067635781409787474
0.02001587768457078
0.076559979693849534
0.050304636107108266
0.032914493486705179
0.070078617090611639
0.066008057387276012
0.036090291255167523
0.014715749682483447
0.041204469066093784
0.072361276522890441
0.067300380059132872
0.034420245751165944
0.099053711810974346
0.0097348380214428605
0.017373335069824015
0.024789036966360548
0.066753133423269148
0.056792731306622324
0.05110551776675154
0.026376466964151794
0.088588823688302537
0.033127168590497552
0.079793974789481095
0.062804619478678464
0.023583327214677183
0.05087430762345705
0.039249889471569523
0.049821001783376756
0.029464735539812176
0.028407038120067334
0.02243731482308358
0.065480940501837961
0.068638534606239449
0.079294278602123819
0.045180817692573802
0.0085171193043561515
0.063745451501341935
0.072305578394401576
0.077923359655109964
0.11064734732412719
0.010934428681042222
0.041448109991605565
0.037966540334334088
0.022324001058453977
0.061935678126340564
0.019980269564293305
0.051944480460983815
0.023836983196729462
0.025757721688982806
0.055127875589729966
0.044650485607978851
0.050708876907763142
0.034278369954010228
0.039334003354534366
0.037732414166308792
0.065430182373923729
0.032443588927053839
0.063700020103653152
0.036774112990487016
0.069840565363451929
0.039702788429451949
0.020346748133631257
0.07411198746265206
0.049686769614809424
0.074020177612829988
0.047874026606334233
0.025022577151090259
0.051361979997851248
0.090085473889218434
0.032583478714437897
0.0079080388067447275
0.048597457767853298
0.095896060912810485
0.074562579731348472
0.019081993345469901
0.082958486897042008
0.051473438482116475
0.066510536377204763
0.071837847673746291
0.072462760575307719
0.027229396843801618
0.074451771542418221
0.043302387844346438
0.046170485320164635
0.0056277915813619829
0.019081805991667092
0.042607743178518266
0.11827963088815963
0.032575012673803867
0.082181296305086665
0.077093547764245859
0.070100627286276015
0.078028001569784816
0.080877836037664241
0.048432729052981495
0.079221999469110571
0.057161360596650952
0.052503421083197992
0.10745156500478409
0.057716467842027906
0.08373710094856554
0.020255088250812625
0.09427591598839638
0.056190306507144218
0.046760613219884721
0.098195346535818837
0.038000622692794667
0.045102232855036513
0.070391322635910691
0.045950711122894297
0.033486586926358836
0.022272106707408416
0.01943637673497365
0.038208034240279569
0.036903368380790488
0.051830065587166609
0.04046167823442387
0.02571644526659576
0.077085427516839222
0.069917478720561296
0.029598679168359749
0.056132414671593384
0.038010921628937121
0.058020753921633805
0.10662473678764341
0.07621652319547581
0.030715448407480729

