0.08952793543209156
0.06718524963591907
0.022961623924039304
0.13021472017736285
0.026419992542906879
0.1020253218339867
0.040325567778659054
0.028528164187507192
0.048262576562614311
0.038700389739740423
0.012076945249709451
0.035271236502926406
0.046023766801646084
0.081730757425071229
0.034232978338900211
0.030440622373257838
0.049907188430011545
0.032539265947748496
0.05770847263177812
0.022909362885897299
0.045652083748380486
0.032788439141325378
0.056218682844528536
0.038408812925536877
0.04267808327309669
0.012175126670324344
0.044970683662603698
0.04406920071320234
0.022390059060949687
0.078042473398151693
0.035344128960156859
0.046845551985820633
0.061608628864508727
0.043589894485149341
0.063147396483374085
0.023553371077180491
0.099167197612921323
0.052812350050898953
0.021005565051091218
0.056801496851207237
0.034196550804534855
0.026905566021257581
0.021904551574427431
0.050564549370239173
0.030956184883100316
0.095899593111992559
0.064336690578253017
0.039052168669088637
0.023615646834149059
0.032669069806377467
0.037243036834650883
0.038927657262729044
0.055357067222169806
0.089659023275190292
0.063055186551058046
0.032190225105216276
0.084150137338155143
0.027334125600582578
0.035641672970084193
0.084362024358216409
0.042683184576990128
0.018222067155618679
0.080226250968074841
0.030606213867440984
0.029319179603929289
0.071956951027150828
0.011860264604760884
0.055619483424652665
0.090262366112211515
0.015728797779911909
0.0057212942290371781
0.097509248474685714
0.0019133597812408813
0.02474485975519021
0.083881928169131523
0.048626314505217483
0.11408056719757749
0.060525248089214154
0.089096046961520237
0.029786728212208138
0.091347941124663962
0.092489048866052387
0.087077198848102902
0.049615528323984713
0.041276664642461616
0.055208709731542627
0.044209357024888138
0.048470445483992389
0.074729596364644532
0.077504646577789216
0.061531439784544222
0.072306696717244198
0.039772047179479103
0.045052186097865668
0.055696682585934666
0.055282455312211862
0.017692042974939697
0.044061524988026478
0.016569409133150519
0.032840059269422121
0.037275170766125937
0.063763530643932878
0.099289608446102864
0.085483707822014005
0.017168078933494996
0.077730494333957831
0.059534272808043534
0.054625608718758101
0.067448761774029156
0.079136513622211732
0.020113260041316573
0.053506933331196556
0.047139857785666615
0.04473493230797379
0.071853644863969113
0.053764636639400454
0.046426708984150585
0.060705885753735256
0.053784738006994674
0.037986987822101068
0.014297861683099914
0.041317345285945585
0.039172547990786337
0.034207343088548038
0.048934618192951335
0.034654129294670238
0.032266422833724273
0.033121971251840764
0.034115740798077672
0.094399034802822898
0.082567046826665075
0.041640525806943621
0.037564964182280357
0.045613047753870421
0.04372943824439874
0.08318249066865592
0.012730530395992775
0.0071465368826254157
0.032417257362624796
0.066915109268456827
0.013632257853278687
0.048156810291086039
0.066992016283274031
0.063906178480220732
0.10510972871829465
0.025467123212497864
0.028092781406946835
0.057876307808238457
0.035691238752550279
0.029077840396481307
0.019155152737468914
0.032403925851961814
0.018819766352710699
0.040100290530899529
0.027007207977876844
0.052425083631329326
0.093098603814535455
0.038228292225373106
0.064099288805909094
0.040315190686266773
0.083372152224490931
0.027528063203795389
0.026712124521116463
0.043094055284155254
0.029475564206511543
0.035690564617494924
0.04509567316742593
0.069778110395941326
0.081168000048627661
0.060520373466374525
0.053873052832900024
0.0049996695375467831
0.13153783896605709
0.025107586696997541
0.048135333599691292
0.038581967614683119
0.11188871163291018
0.066919687953591961
0.03769082682216348
0.051163011446598787
0.073725538162095261
0.077749566996077532
0.063960155565182988
0.018307385130193615
0.059496128771318303
0.036875249033633137
0.038110808044002985
0.027623400361520903
0.038226594457708443
0.098089053218892913
0.036763046810963401
0.028398259882161353
0.048107672701731843
0.071108074354780837
0.036164343576323872
0.062484406240580825
0.032315057656651956
0.065782258002754446
0.10428336309545769
0.043348258154746626
0.052971992719288506
0.042378527370801125

