0.98881599355622052
0.98881643201997005
0.98830165474588061
0.98878408809692175
0.98816860230661463
0.98976495204862303
0.9902147873438768
0.9890389581378618
0.99052157423283815
0.98921022350522614
0.99099109405844732
0.99030311578860275
0.99011633324045611
0.99022709328494685
0.98981763024327107
0.98859869568680891
0.98882982340596404
0.98904537241483814
0.98937389935610809
0.98903054019826842
0.9887755036981527
0.99066432413450156
0.98929525942043173
0.99053512299236457
0.98987809315670483
0.98859436436442127
0.98799113714611986
0.99009701135578121
0.99040413293077312
0.9906168271274417
0.98972974905191813
0.98919645628732389
0.9891185104984056
0.98903320540179129
0.98982762193505436
0.989681471825403
0.98942012572095461
0.98895960078241074
0.98747522544192023
0.98596658895048261
0.98766473458026938
0.98990715686600217
0.98842786535509108
0.98796921252436964
0.98824246807977645
0.99023362500898826
0.98916656630954602
0.99076697736387009
0.989553336926562
0.98965396373277226
0.98958826921035548
0.98731771064951368
0.98776442723339086
0.98752724741387332
0.98940545040266004
0.99047104023871257
0.98953005267458116
0.98989090072546282
0.98941854333635848
0.98984778980187527
0.98891101220946609
0.98970061712022728
0.98929176622575554
0.98944233933637538
0.98884455957163442
0.9903586565729775
0.98944990505773034
0.99010054978534401
0.98934037480003068
0.98895392251706393
0.98883587984002685
0.99090098757702028
0.99057820326539903
0.98932631959312001
0.98915105861617658
0.98797960140064001
0.98924179376760568
0.989182801522
0.98936212310547222
0.98998191882943576
0.9895715764721148
0.9877103419668295
0.98662719086467821
0.98581789313690782
0.98501926968436426
0.98686852357930355
0.98862977544190878
0.98981878949646396
0.98941237227998247
0.98860474374754359
0.98949990741924154
0.9900756082156984
0.99024965234573725
0.98925149878377583
0.98876477563923293
0.98827040390597454
0.98763778991407036
0.98900297730608999
0.98856290852965001
0.98900196559518505
0.98731634800005563
0.9886544886215789
0.98666553332696627
0.98680298013882872
0.98673878972338491
0.98723792233090091
0.98801092268338264
0.98994573775398986
0.9904260608673553
0.99069548942762753
0.99072120169290112
0.99048608190563636
0.989763846921068
0.99038919414224336
0.98933533074280899
0.98844720052870561
0.98903840469608018
0.98924829894824828
0.9897452883788197
0.9878175259822074
0.98975101990187897
0.98969770515677336
0.98934315327653333
0.98920311869306154
0.98840515524574446
0.98868154900258254
0.9901677432503736
0.98863474253544281
0.99046683713644879
0.98902776467737896
0.98909818886136169
0.99005633375419699
0.98970525106598228
0.99139800562064362
0.99096260359457655
0.99035777406069647
0.99053502082568123
0.99025558176595074
0.98953331022369373
0.98936326097760785
0.98640840322330769
0.98884204284976762
0.98762214791145875
0.98930954626173362
0.99047804277215012
0.98983653564106411
0.99029446805805987
0.98838010770162588
0.98761468405147357
0.99021552513766131
0.98919040850521567
0.98889699650775253
0.98877928201263809
0.98992746222158434
0.98942389147528575
0.98962714454065193
0.99013774929820442
0.99003163617960177
0.98796828021996119
0.9886003756462699
0.9887409306320345
0.98841274733928486
0.98889732809956277
0.98945334058081902
0.98802506496829112
0.99012261048015715
0.98967637695177035
0.98990217252028767
0.98960646086967674
0.99068476252558246
0.98933799096483721
0.99043394579395971
0.98833720388664836
0.98860565551078317
0.98912412917763715
0.98780556885729776
0.98958383220215462
0.98959229277942651
0.98932882940930733
0.99035486898232272
0.9888359881577613
0.98905197552706436
0.98904328998026869
0.99008349414426466
0.99174065291229818
0.9907133724521896
0.9902465567493981
0.98928563102570688
0.98942156678187732
0.98927788386444937
0.98979394071344329
0.9901261196362332
0.99079675804394896
0.98980049439136075
0.99047357100369771
0.99035037110242996
0.98843457606575924
0.99015009685443311
0.98936675535731688
0.98949267843392508
0.99084945935499813
0.9903581788073117

