0.99063196251315144
0.99028844722843201
0.98822278148692044
0.98687050480444116
0.98961678030535949
0.98849589197455223
0.98941421248079675
0.98819523619415883
0.9899937167486037
0.9902186325110196
0.99023239285574582
0.9891337629342033
0.98981804615698266
0.98861685971030022
0.98929521389754049
0.98971892001752337
0.99043380398040293
0.99049668022632908
0.99000530670489217
0.9895887974761769
0.99031808956147938
0.99014780948577985
0.98929168234661247
0.99082262617566774
0.98999905920888231
0.98964877912774163
0.98974987439242146
0.99005959207141425
0.98939011158121526
0.98843365335759192
0.9879354055191365
0.98926607692737778
0.98831252718266815
0.98872845837454915
0.98733137195581844
0.99172605866481833
0.9909755500279771
0.9901692674726198
0.99132135110613573
0.98990672677221603
0.98877447318839584
0.98804713414572687
0.98852795111413361
0.98815168698185152
0.98776140522247735
0.9889344166991002
0.98888458882689934
0.99010969079509858
0.99117912609166525
0.99053234417646718
0.98979214132985416
0.99021584464813639
0.98976385944223144
0.98924363268803528
0.9905345055875957
0.98845280164700644
0.9898787169350628
0.98879440310103683
0.98984809150504904
0.98882416719033372
0.98886801921355094
0.98965883870596894
0.99005976603960621
0.98894383519394835
0.9902650152702871
0.98914753141965073
0.98988262642841529
0.98993569894139755
0.98777026756454911
0.98716336176905406
0.98910450506730752
0.99037731362349313
0.98917879760564609
0.98975909039667598
0.98951124702662974
0.99082288194501256
0.98967142031906929
0.9892523507857548
0.99045126397977357
0.99068510218126715
0.99068473697825254
0.98976279633168296
0.9898981464437967
0.99067005863301894
0.99074695863658457
0.9906851285207986
0.99053540830110431
0.98877536731746263
0.98847928120709472
0.98904153496130276
0.9878044507126722
0.98687958320374691
0.98708823407977964
0.98706311019830739
0.98712139048843117
0.98783614804634379
0.98778663220891227
0.99002594851590586
0.99001874547326418
0.9892253207520677
0.98967710619552585
0.99020404643003235
0.99044329763327243
0.98963072156544174
0.99025397348033439
0.98966238208119761
0.98923436253863362
0.98927172529153584
0.99023352790264585
0.98908790254527246
0.99031870361441288
0.99095185607458247
0.9909476403311358
0.99072312843220689
0.9898275258079906
0.99013188965656618
0.98993032905299838
0.9892517898231834
0.99127434755509525
0.98938184398362961
0.98869730029384917
0.9913031290950719
0.99019838349681011
0.98995431390955402
0.99045178784278975
0.98999774471455215
0.98930596638639667
0.99012914803997498
0.98900775074368119
0.98877912383097366
0.98713361010846246
0.98810076575744576
0.98820639605162996
0.98834693570588172
0.98973189698469588
0.98838632959268358
0.98998904631073037
0.99011720253390956
0.98933304004979239
0.98963867501868774
0.98935353626273159
0.98938198084541162
0.99098478174652072
0.98943110449073934
0.98958413225278585
0.9901308288203009
0.99039121640500638
0.9910056123026979
0.98984979630293224
0.98871468262876572
0.98873787258655599
0.9898193008038092
0.99067373320956487
0.9893630440172505
0.98836392369216464
0.98833510134531333
0.99056087986186836
0.99148171672887919
0.98967165148004888
0.99017275829123763
0.98929764226859618
0.98979886643654658
0.98899663398922655
0.98819831636234423
0.99018463104690713
0.98937218453237097
0.99035416451555425
0.9890113903463793
0.99038505401381927
0.98986715698444516
0.98915772087802678
0.9893617833131082
0.98927240547119499
0.9895679037543319
0.98904136899779138
0.989199847027733
0.98827431082948658
0.99169519328868339
0.98976091788937826
0.99130256234033942
0.99040147770271303
0.99023799448381011
0.99101034739443805
0.98936031435657013
0.99003774323734151
0.98999393509465872
0.99081400051728763
0.99036973554116503
0.99071376461840055
0.99017521789734808
0.99021862179273346
0.9891971609043736
0.99059666108848554
0.98994830432049885
0.99033454509086694
0.98965357921199348
0.99011320517044832
0.98921951957542442
0.99014273150372445
0.98890183659558784
0.98899200184045299
0.99006281820172104

