0.70465896775764603
0.76839603185022032
0.78911732165534065
0.77900945008734779
0.72607081797944228
0.74474853224046611
0.72128700529536749
0.77975163743777576
0.69056511124428743
0.71394532468655303
0.71711538850216694
0.71944625478848556
0.77660595805659283
0.75954224321547592
0.75371463228736157
0.71196670708323595
0.74116444149420913
0.78760941567958309
0.79151334662749162
0.76286458998875306
0.71108383482788906
0.74570774168591414
0.75649462465333028
0.79289910870160274
0.7565367898485702
0.77358528201565069
0.74767942897947037
0.75287671840095327
0.80264127107922401
0.74290601360919861
0.74426168734654141
0.70857289561001102
0.75440007878549098
0.75289847268456667
0.77252972261948571
0.71821791427508452
0.80742510358990471
0.82207747367874795
0.80800628313467004
0.80469673058989144
0.78437020167020044
0.77925931708584006
0.71486170346717737
0.7715984564214744
0.82197560421813598
0.8155636120833456
0.75523692508280826
0.81452227278255751
0.81821864650507659
0.80118724580680756
0.76810304917429029
0.77574709498083838
0.79764357869261981
0.80578980435358694
0.79641599362438908
0.76660091627218085
0.78756208642614933
0.80642815111214217
0.78427991247068107
0.81863605085199787
0.82262673005118647
0.77754860611573307
0.8124687130849424
0.74969584467350336
0.72223403278260601
0.7721849959308591
0.79657392702695218
0.80816763739030495
0.74659968184169501
0.71026433153195045
0.71561360053965872
0.76632397336171332
0.69688197392849671
0.77108415841341871
0.80078390388767551
0.70063817500362902
0.69649137154079821
0.7866162255404705
0.77092515063132971
0.77696572215299564
0.77042231938402894
0.74748923042082738
0.79412991646259179
0.72117582891741894
0.74226922934031692
0.69618418027547779
0.74416125901063679
0.68187435067893643
0.65728918667814096
0.69699705919089561
0.75588861879980096
0.7667080945242768
0.76360424645113434
0.81746073355675797
0.79719091750026372
0.78932719245499428
0.79178154866560291
0.74147191466223383
0.74284136821409863
0.78068457241108336
0.77494640338951226
0.72962970507294378
0.69364697703579836
0.70827982576951576
0.71088966428450384
0.75237404876245417
0.738440207584939
0.69959844940569071
0.79278864442202102
0.76723180466951335
0.77285357085289497
0.75145528130922334
0.7265014543974746
0.72022751781140293
0.67901261328044216
0.6379916901083571
0.66061056456673639
0.74814297721588019
0.77124038757793045
0.74837663465898052
0.73224454414276219
0.62208775864711996
0.60362648947390407
0.50364992831141353
0.39018315159840888
0.71924211941733496
0.679091607083807
0.68802537572374078
0.71673868151541875
0.72485246564474204
0.79075273324044282
0.7264131927054881
0.71771670054331571
0.78957893303929616
0.76208891185120686
0.74871520683619974
0.79601996295168498
0.80266930688832872
0.78233773548900432
0.74266498272163639
0.71905738704086275
0.7622669091015486
0.77379469683165425
0.71464238810475655
0.76345620994766805
0.74371129375458922
0.72309465020651609
0.77237739383623427
0.78732674382290713
0.76890170690581072
0.67672191262381398
0.77341357434881608
0.77533216803934468
0.80760622406145932
0.80177240251378512
0.79293453959691262
0.75595880817285854
0.79200972413464643
0.77535052873205401
0.76556280460000048
0.77932783598734923
0.77888623804455959
0.78417482350843282
0.80066907845896274
0.74643740799940916
0.73247086312428056
0.74916530118276481
0.7424494852922956
0.76300135221952448
0.7994757000466195
0.77401281997094984
0.78230786872661062
0.80769584317510867
0.77890263608743271
0.76331032796687615
0.80899098824343896
0.80466549441492996
0.8209381266861937
0.78504956150458727
0.77582075998264466
0.77420516765431158
0.77225218732149348
0.73757812191221228
0.793881492723708
0.78244594032635917
0.78604462817268028
0.7483762928547365
0.75863889915141158
0.81469406335046601
0.78010694011066617
0.77272129054636418
0.75739191919765858
0.73019684152225695
0.78976323516654423
0.78588583909168264
0.79403393285789026
0.73867395606242059
0.80885359939507195
0.78504279085751039
0.82744028527214064
0.81485956944422233
0.78675240009488112

