0.75200190729329031
0.73782333108722953
0.77307486648366863
0.79234162592081681
0.79106701124020007
0.80116065490898736
0.79280116388792932
0.74411267913578472
0.73208001305024395
0.77250965148164308
0.78231565780516754
0.78984252455580928
0.78798111529131099
0.78252805872818265
0.77292857589451036
0.73800421238426894
0.7259652200688983
0.72060719879154866
0.76053516771933738
0.749736151997343
0.7661814006478358
0.73540606186298219
0.78908236191402037
0.78233770183455353
0.80783946556078967
0.74370245138089119
0.71803094281395585
0.68210393792080448
0.74112433526940924
0.75915139830088729
0.79304273245866963
0.77681328774090441
0.76347309490038473
0.74949697087662737
0.69813782194432406
0.74706026088739574
0.73668822892512675
0.75549728603939525
0.70993414571937541
0.7496067852203161
0.76715910719416158
0.78197418314684508
0.7798747117211513
0.80760374678668057
0.7760757452327699
0.70337600451006632
0.79174874375472126
0.80582748756288025
0.75508822117265906
0.77082821644723754
0.77244981638431176
0.80069523352907579
0.76802008715946279
0.77529489373930305
0.72639294991885828
0.71192663883614538
0.69300695070124607
0.68232604160818833
0.53421846141072571
0.58964662510977217
0.60378148446964208
0.6710633486178732
0.711470135045284
0.72040796693680687
0.77900652265958958
0.75515302188257927
0.76088974056484404
0.71816834309072131
0.73959845159870996
0.73578503450654098
0.78575305201264167
0.79882482970717195
0.75598882566390813
0.75540975805546073
0.76577256390117099
0.73402837410831134
0.77246262272286126
0.78074930863963299
0.78408795656803809
0.73965155895678392
0.7570170559783026
0.78241238243971323
0.78379109331717989
0.78919098246961883
0.75805813353590701
0.76728795874246158
0.76824797178058957
0.77381951695059004
0.80968790955423409
0.7368160559093323
0.69284099446339797
0.72099221952904113
0.77325312333510066
0.76543459880292575
0.76728757501042333
0.7498484483305089
0.81079062868981555
0.75598913993809147
0.73580863847169842
0.79057819584516398
0.68699822620241424
0.76734129516038596
0.6534186221152386
0.68643698117398755
0.74949680586319478
0.75435687806005725
0.78422836751050673
0.77441034861497027
0.74036642278905673
0.74207137928671352
0.80297878057347583
0.80540163587321678
0.74024870196577719
0.78634507588912428
0.78409140230777286
0.78643049337088966
0.73900754630342436
0.80516531662802171
0.76950547895029198
0.75332671661296391
0.75952599235838836
0.78503247270548626
0.78374849986369921
0.74981423157356497
0.75992539316421859
0.7963814473809625
0.78549925720014724
0.78514137473826406
0.76403256275522258
0.7616628141346149
0.74305268954868342
0.74349697565001449
0.77312864036010975
0.76853418003084728
0.7459890957991363
0.78585360729560938
0.76626532754885235
0.75166173600503594
0.78672172922318273
0.75576581105398388
0.74431510859283245
0.7391532102037045
0.73800950448586389
0.73827399878023203
0.76256543939180199
0.81621271571744614
0.78904746178764185
0.71633775766482621
0.84842343023637956
0.82650952303262926
0.78709500407153732
0.76065080845874622
0.73335334389936446
0.76759505313562981
0.76374288887081077
0.67991730030377839
0.72962767181932087
0.77092274852887144
0.78948660781542235
0.77781245274218802
0.80644968560034769
0.78771525911780438
0.79338414130352741
0.78389954051774702
0.78583931695149034
0.7980590202837301
0.79048738608095837
0.79441044814272443
0.80127450789016563
0.77330967778836313
0.78180308915378049
0.78194384163669872
0.79215061072739634
0.82794575198984066
0.8167155608221085
0.77508552493756466
0.79298923829439061
0.77762748403599591
0.78007713491350195
0.75807762391257183
0.80725984702797693
0.76102424676928893
0.79153173046976311
0.81664957417388229
0.79708952971323233
0.78931174426566819
0.76336834500547612
0.7426314827370234
0.79994279878892149
0.74782005542882357
0.75017715102717852
0.73041736965189397
0.78780841330035101
0.76683796190616771
0.78319065456787418
0.79447280233697881
0.76313140992259554
0.74955109776738926
0.74677226549652076
0.68091232753588238
0.7670082827886251
0.77541239477148727

