0.79300738582119612
0.7942672374494516
0.82024437390537952
0.81343647200570124
0.80226293599383136
0.80399719455752228
0.84609931527277893
0.80936444432813481
0.79674223693275703
0.79691620269222263
0.77621758006105945
0.81068789766742577
0.76834838084251089
0.76044531751998734
0.80530143041776026
0.74976747380320352
0.79456703227270331
0.70797789357128771
0.768037896705135
0.78930011361905827
0.75945776049423186
0.68650282799861695
0.76157957349975014
0.79146380298165486
0.84697303419542269
0.79518172283851296
0.75699479674377768
0.77443208697182064
0.71079992307813622
0.75023428850189511
0.76370073721136755
0.76684547682061188
0.79302770963391234
0.70230884810000738
0.77741481125057443
0.78695776440700149
0.7786150988193562
0.78970236966130414
0.75969145937119154
0.72777582695053455
0.75106066535783877
0.78382301621652373
0.73648226858785448
0.77681060332237117
0.72715134532317316
0.76943786270316727
0.76320288980023565
0.79336074934444567
0.7680874136550625
0.74831895805850202
0.77556720568750137
0.79327710286046382
0.7424681857824289
0.74824588252677127
0.69502833159236388
0.72812583321057189
0.70602257838065663
0.74059304922454494
0.78124586218171777
0.78018166258918442
0.76587152215160981
0.74093078879330043
0.74984875081022462
0.77263028089616748
0.73329678566073964
0.69984736688079774
0.77149892677440324
0.75968066861144845
0.79616049568947445
0.74212813041097692
0.80441538695181147
0.81553919597607427
0.80802129119556654
0.81310735955129043
0.79468410729711147
0.76702265695523841
0.76675151637980843
0.79334876254608622
0.77608624231260115
0.7300441002418524
0.69697288708016625
0.73886780534953678
0.74007898926727189
0.77252330624639776
0.65303742403906373
0.71117374331960581
0.74848376441903397
0.76640262376384083
0.76078047923527059
0.75062664997179884
0.81592400958981515
0.78805172376677624
0.81203325159806461
0.7744064597032253
0.66800499973874283
0.73709313721297764
0.74585911236729874
0.77772625079270896
0.81817961849928766
0.74049748100081558
0.76316682426224935
0.81810437426460925
0.75775798005709483
0.78052031259186339
0.76699539353551216
0.77758913416423137
0.74282124414629624
0.71971484999667878
0.81291034350947522
0.7677986711819047
0.76101464127248697
0.79032169691171372
0.74695547362803527
0.76318963638375192
0.73040329859616315
0.77141218714558446
0.79616300448287325
0.799069957614715
0.79845171338351573
0.76057598795775394
0.81535568094542132
0.75020700405379936
0.75814006024559333
0.79909835101476678
0.76807300009045265
0.77982461678498438
0.72048470793324693
0.72744236245552862
0.72251722657099826
0.73021120758475733
0.75559989734470068
0.74953963425734449
0.81307868338827327
0.7649414348796183
0.82560803265471461
0.76539223252422872
0.79430660945710685
0.77242252669228451
0.79789797328597867
0.72338298076003194
0.78760532165524855
0.75803654006591059
0.7880633780941162
0.76601913315506109
0.79327272299093643
0.75564806978248489
0.79294249180503118
0.77975745541637165
0.80169666485426605
0.77905277081828206
0.78370827794141462
0.79877145759954682
0.75800680095390927
0.78394738558871768
0.78369305309808535
0.78112267441416161
0.80889589607041201
0.80496236258589737
0.78187112147135096
0.80772917833432734
0.77552123492686864
0.81856733888809174
0.77953888134105409
0.78533208899059836
0.77491594267028097
0.77218826946197394
0.79508011549737778
0.78080332469596847
0.77073481383214848
0.74127768122523874
0.71381333845733663
0.71612200829066053
0.76878006253469777
0.82142416651853922
0.80927671861809525
0.82056826329915289
0.78708479471591508
0.77985533209061908
0.80461454066203719
0.73449919400330832
0.74716653868577076
0.79621575760926699
0.78265169078187213
0.7782228378348266
0.79007304488125008
0.73695781813589267
0.80480236040579134
0.79844793334934094
0.76891422465535442
0.78119212297896778
0.75462221199732848
0.75744511213329468
0.765933541820636
0.78078981192197017
0.80695657538374421
0.81379697048373079
0.80908053453203765
0.82136947452810882
0.80730083472369674
0.81040029807689096
0.81940218332977144
0.80372347458569049

