0.76862127153476079
0.77312741505236471
0.73286091960468813
0.79633976627579328
0.84160795685777268
0.78201636115043982
0.80095681660836071
0.78444637371692372
0.81584332590722064
0.79474713022750465
0.70724813772680872
0.66900443743826732
0.7515308303569409
0.75033051174650489
0.76260674380528037
0.78125417590313673
0.734875285456556
0.73256193807750725
0.76151435383803623
0.76606700247352766
0.72065640001190512
0.73910239447239345
0.74685037218601114
0.78932764698439495
0.73225986894090733
0.80289099998590241
0.78356413873726727
0.7861232572085104
0.78753408344410281
0.79544533905607939
0.77651572537169078
0.79017850234545162
0.77889547266299575
0.77959654178656235
0.79705811653922232
0.79188089754338431
0.78371439493329864
0.77673575527047523
0.74720097774335292
0.79147162357928647
0.80757576468545844
0.79809104129784181
0.7843623577897274
0.78128512308793185
0.7445486156540696
0.78403005459138297
0.75688551200364185
0.74570444655412083
0.71327686988351213
0.65682107319209049
0.70571469274845955
0.74498635815008474
0.79992593223887709
0.80500743302613498
0.76217234916084642
0.77652312270358004
0.80691164487998279
0.76819645845666396
0.76486455189076741
0.74461101595022039
0.73435360994282695
0.74417828692936616
0.75469578738474652
0.78030049591242168
0.7694359093583184
0.771872517355222
0.77476319134930316
0.78410234396686063
0.78362908190490987
0.80383194210779529
0.79267850845750631
0.77964881729789048
0.76686574866307944
0.77540378409686184
0.80249485042113089
0.7865188437754661
0.7359991088115635
0.78578135328039189
0.782689402976112
0.72012488789458295
0.70737403338188565
0.77569324709733378
0.76409542912223904
0.74382600834097168
0.67218492563952192
0.75122784418140276
0.76767617703798774
0.76039364315913338
0.77796887876793686
0.80387821739684306
0.76442149713309049
0.77274261797684807
0.79269818198557607
0.77221836125680254
0.76357513798651988
0.76931482306988863
0.7632718576352967
0.74871757260437122
0.76633907787231148
0.72974693027508264
0.74917299357297429
0.68215489017426489
0.74811291013576486
0.73917242733855171
0.75139482332976659
0.70693042486894309
0.7666373910038865
0.76186414789932255
0.75334611532062101
0.8030622923758246
0.755560475813429
0.80512247246893787
0.7385191415046205
0.74208216795850179
0.75666108878868277
0.73310929645953915
0.80228137822325429
0.77486532173135425
0.72165789482507103
0.74770796440853304
0.79217653149622025
0.80544176406679002
0.76326783776901974
0.71833400456131347
0.73465502353503309
0.76146997276841299
0.78374645524092967
0.79334094823006884
0.78406055446953327
0.77774936408568884
0.76006956077501742
0.81556916666001333
0.79395497082381505
0.7550239818735438
0.8118552758606572
0.76749398981658357
0.75562665667657281
0.77443465664161759
0.74874695896928978
0.76164960442317775
0.75542541279759789
0.76770059775792654
0.73350473391646787
0.71994101992467019
0.75306411864953215
0.71856140762751897
0.76900024190438354
0.79891963593264814
0.75363299548843832
0.77363500727334555
0.74652709786237792
0.76977055580343234
0.77683532107955111
0.7518195564822554
0.73287012608710589
0.74831622662452468
0.78157743150043035
0.76226149890749351
0.76362129417914038
0.81894191491329837
0.78800969175033453
0.81379467099492753
0.72422269557177676
0.74813570848518651
0.7620831192419536
0.77047486255499453
0.7650870989600157
0.70914150334919213
0.7089052827746859
0.72118708962471523
0.71995189971174267
0.74891898744219709
0.77729815558435322
0.78728781242005763
0.79621143750572021
0.80163617485505634
0.77974587387550875
0.79668667386603731
0.8215502539169125
0.79384141695290544
0.7975227927290407
0.82398955287032272
0.83049181504622982
0.77249125585720468
0.80907407888672234
0.77164450228236436
0.75007222348998437
0.80845191749042133
0.81477949608874534
0.8010484122412691
0.78678400159852957
0.77006400327117275
0.76422478361702795
0.76425571219964272
0.74689581301254293
0.82973568975895018
0.80843657057627094
0.78103709798944554
0.78497029648245575
0.78869421344109159
0.75435469852374359
0.74924144022619299

