0.9893431660319687
0.99166121254361661
0.9920291039103224
0.99205921288645016
0.99155100167496135
0.99031013966544013
0.99111339507852347
0.99009514730474024
0.9901991347446808
0.9897636900622413
0.99280037918370012
0.98879978787968636
0.99355591244622787
0.99032381021231808
0.99091338303954002
0.99146997037640472
0.98896354183497126
0.98781099545964846
0.98725283924709861
0.99292509235823401
0.99232887107521628
0.99078296571950097
0.99156644471279176
0.99147963854899346
0.99159102695593038
0.99072573392962515
0.99068591484869017
0.99089953918023388
0.98979538329265648
0.99071442821894606
0.98908981669755802
0.98555867330713154
0.98977349331791142
0.99161053096194729
0.99033197126172068
0.98579268070573556
0.9923155212963759
0.98925900635193242
0.9908067545872653
0.98594644584132896
0.98920814054845119
0.99342164205443384
0.99156892259083107
0.98941735124179264
0.98919978003698927
0.98890148509242315
0.99164295789880197
0.98856387989553363
0.98739577306006476
0.98554272750958705
0.97945659060856449
0.98437170550456743
0.98870540561485309
0.98859918474998987
0.99105108350890969
0.98883172887470061
0.98604065522370599
0.99049661416659729
0.9883146170291931
0.98504069702568819
0.98918225798682924
0.98700047057450402
0.98784678029278827
0.98973472042857424
0.99211009365300518
0.99167587874249108
0.99000149500756074
0.98978783496206069
0.98757342950412019
0.98598427121203314
0.98814992672002933
0.99190338559177893
0.99081122649085362
0.99183186293303593
0.99162893363908877
0.9884660922710572
0.98655327578320884
0.9902599002987984
0.99152665192519762
0.98941367768296162
0.98878479541375519
0.99118047098658579
0.98845922206270653
0.99280721851266718
0.98890862218042785
0.98883811011260225
0.99035148296811604
0.99080299041883924
0.99240187059446761
0.99053787757972611
0.98760745733934607
0.98811283598035204
0.98727881354344582
0.98984445372674912
0.99086332136242061
0.98962258430670058
0.98934613098202284
0.98793049763989571
0.98783712620006603
0.98915465896729893
0.98884041088165253
0.98885900501582924
0.98802965286917355
0.98538144600290534
0.98684926685929242
0.98713518781228948
0.98477036457598421
0.98571439793295446
0.98766911742917352
0.98569057044638486
0.98767367747752921
0.98380135828317128
0.9796022988131764
0.98351497475616356
0.98659291924124082
0.98685363223719347
0.98841225485691753
0.99035679431960377
0.990052285041229
0.99126247867623452
0.98820087106357957
0.98697794444581033
0.98369148273841323
0.98252916952740688
0.98387569682226395
0.98706329953106242
0.98807292801480373
0.98890649813326337
0.98845567634180265
0.98742772831262282
0.98946317816378238
0.99056794830826667
0.9849973060893974
0.9889297666835607
0.98649648084562236
0.98152342605655485
0.9831508112350843
0.98381901828799512
0.98336884238963518
0.9852224011349856
0.98922370364560652
0.98814137259569768
0.99082012661119412
0.98998803389864665
0.99027350026263872
0.9879634656255154
0.97764786211288657
0.98209349304436044
0.98595017037068677
0.98517498348555099
0.98701847392009268
0.99165860395843231
0.98969626231396846
0.98887099155918501
0.99102428092211237
0.99004823585146373
0.9910345414936883
0.98857787404363906
0.99146739544957074
0.98964449611417682
0.98803509789216759
0.98962935251901862
0.98937695786160762
0.98947471959849631
0.9899030577988851
0.9886917150163248
0.98989549312217062
0.98767186416576336
0.99130419171922912
0.98995397129861862
0.98902686778512705
0.99127874207520705
0.98823997322440071
0.98836050842446344
0.98793318182098244
0.98901584591377689
0.98843958543246391
0.98886480180683778
0.98981888947799934
0.98800221286857182
0.98884977137827268
0.99182096232665984
0.99050851157243347
0.99050386844846428
0.98980319976819864
0.98888097301927236
0.98978674538630784
0.99181984773594611
0.98862182515716135
0.990275177952056
0.99073944843101924
0.98665743943729622
0.98822569494282053
0.98916456892465443
0.99198348411072979
0.98941814224970137
0.98510985889866187
0.98465498484060343
0.9899776328967792
0.98980990564890858
0.99065646394788276
0.99227440170889325

