0.98806976890018261
0.98978419977360188
0.988360631133128
0.99215167662342163
0.9898945170477651
0.98802655902029968
0.99258490339437588
0.99354752695510473
0.99189145331372897
0.99112014187235475
0.99183350334375742
0.99233961794390901
0.99201604972617952
0.98865713148121093
0.99276280599794187
0.99150501370208
0.98936210513759104
0.98970131160031738
0.99043207561289359
0.99161447033543415
0.99339061981426191
0.99225534348784816
0.99059802445693212
0.99264891690543888
0.98863762652142106
0.99380729886799957
0.98801312721798396
0.99118427130744746
0.98938062581896824
0.9897338945087738
0.99067670040027411
0.99172054364868245
0.99139986844063077
0.99070172431951731
0.98998058384873233
0.99209729931748802
0.99206170273508953
0.99205733809299179
0.99033476464607795
0.99177097557139426
0.9889258979423704
0.99137408175951092
0.99159132199916278
0.9893895583533161
0.98802273683643949
0.98105282485268808
0.98872495491921741
0.9904307990027903
0.98997847536425543
0.98742316970657462
0.98780597734854325
0.9882032264356222
0.9886631381073635
0.99042368730559904
0.99235864074634217
0.99100740641257834
0.98953812713525313
0.98974792818735124
0.98814984494235358
0.99061951213606614
0.98861959980372438
0.98990356691462111
0.99053789558135286
0.99166781613852506
0.98979241751695046
0.9878615121573282
0.98873518197336985
0.98986957314730351
0.98814661483406974
0.99076649089489655
0.9912298009445667
0.99067496603549754
0.98815670175663239
0.98938011030810702
0.99341204737985067
0.99065139309986217
0.99028322687094417
0.98824040972783977
0.99033195879955471
0.98986189870709906
0.99255914282089619
0.99046512019888111
0.98848723459791865
0.99194096450407843
0.99067924289463904
0.99047905014045556
0.98951309681506583
0.99037574838168385
0.99189233783077413
0.98963816857265119
0.98942563371676406
0.98710866152411092
0.99048764428565461
0.99134491396170787
0.99093149392952673
0.99166467037548955
0.9905525920876449
0.99002604506009306
0.98715022141384501
0.99173540330466969
0.98791703523214491
0.98963698234234221
0.99310108097975458
0.99189084418293028
0.99167154954388792
0.98938157749824429
0.99109704323216608
0.98963382560436586
0.99017577882814167
0.99211979111156012
0.98830645736852829
0.99259852125387515
0.99310695954622896
0.99161165630449799
0.98946733378551521
0.98944003075385512
0.98740262277538327
0.98745861014620262
0.98935156995002016
0.99109250390071946
0.99040811910744175
0.99116421190139625
0.99006008100439313
0.99033817864229534
0.98978516633267521
0.99196533840859635
0.98889514661527467
0.99167717974630476
0.99057066595700394
0.99179605760580025
0.98986539996256517
0.98929833773593778
0.99012916035887166
0.98910763258203782
0.99117560382767145
0.99261536964970476
0.98941568446106443
0.99198380646474504
0.98727995405336988
0.98528806466623986
0.98616742792513112
0.98854084866677971
0.98983612556246059
0.98770525010794752
0.9894920093392745
0.99102096801706796
0.99101048381528256
0.99039637670316538
0.9905060162468472
0.99154974954607722
0.98994636969992233
0.98621908001855318
0.98669656375413528
0.98915740273328756
0.98768405866265774
0.99126522011879648
0.99042510831107633
0.99169562479996221
0.98947066405069017
0.98871200507408596
0.98965050289410705
0.99245472349946784
0.98992747124115221
0.99000258749494896
0.99115746886959755
0.99049521333622181
0.99246538560890929
0.99106487070589944
0.98687845196227197
0.98939640209100788
0.99086542853663406
0.9878935155610733
0.99099261861251009
0.99045532970413197
0.98624055655125875
0.98968268668879045
0.9911505445979637
0.98786095614884029
0.98972417171290672
0.98931868207627194
0.98951968255931977
0.98726615130128548
0.9868270828806428
0.98671571565313299
0.98631870089894302
0.9919641181861435
0.99026743711769194
0.988323082746564
0.99126901320195637
0.99121124115227877
0.98885210897916798
0.99181161796827078
0.98822586576409832
0.98720213502618714
0.98706343087890036
0.98873118357877909
0.99055085017065048
0.98880241691713655
0.98837505388479918
0.98655704012341927
0.98732566910874153
0.99105073582062941

