0.98890252991684868
0.98778503825173947
0.9871036210459827
0.9902647646188254
0.99036317468555723
0.98859243693926624
0.99033532216427356
0.98847926354220772
0.99026531426703435
0.98911916121525745
0.98776512477055955
0.98825075916345495
0.9881177916566426
0.9894242071622219
0.98720787877775584
0.98458063103470606
0.98495859727825441
0.98926209244594487
0.99377919625829048
0.99282554438771908
0.99038009210099531
0.99090750573299424
0.99093294049882941
0.9894141218878667
0.98821893078027734
0.98781010897161681
0.98969282116431823
0.9904133859303923
0.98927916789464654
0.98574302580952722
0.99028902006004527
0.9894118287694571
0.98880959106452382
0.99054587057776167
0.98956796854751783
0.99154268017616598
0.99092706226091876
0.99107669278418575
0.9867197305068206
0.98583995786829637
0.99120765232344854
0.99130878207016371
0.98882575728839717
0.98481221905999039
0.9874488086491745
0.9893511868123156
0.98921564771382575
0.99042113598548209
0.99119759936969942
0.99166072629835156
0.98843170950104731
0.98860579825364658
0.99078510256940011
0.98883292435652514
0.98846704602084901
0.98648816490012436
0.99108751138729756
0.98846497498090202
0.9904666393369802
0.98765974911451093
0.9890556037622984
0.98873914435501087
0.9887639091426349
0.9910505358226771
0.99012764184040591
0.98759070635709212
0.99013552104273594
0.98978234520908348
0.98866003494586474
0.99091855632891135
0.99097217471989063
0.98871659686403113
0.98975913097055201
0.98930768603785324
0.98963069564943684
0.99135003393473842
0.98855699487108761
0.98977708701813039
0.98839703797157563
0.98997382525043154
0.98955596255024314
0.98961546202179096
0.99114506995474072
0.98947091977226964
0.98718545633572208
0.9916901327594746
0.99064110529071603
0.98968045569638186
0.98887640761932516
0.98976023828313908
0.99131183874480999
0.99016581556128569
0.98967423296029777
0.991512769618621
0.98740036766797268
0.99062766456615381
0.98666048786192873
0.98476331838805387
0.98955745550132723
0.9930260524115615
0.99011651245025067
0.98796676060035848
0.9873435612001541
0.9876973344315354
0.98945546551856511
0.98807800019085268
0.99066992717975111
0.98947229964312122
0.98665900075239976
0.98698904191179937
0.98904327808839154
0.98943014856978717
0.99025410962755123
0.99137588797765797
0.99256032510501369
0.9901828089178647
0.99148283647815205
0.99068156383499617
0.99106066461184994
0.98972426334957808
0.99019764370044383
0.98837663767353368
0.98895376376683941
0.98569730462081262
0.9896558419064081
0.98611073080728318
0.98968982184495724
0.98870921885322982
0.98967652573302589
0.99104745639291769
0.99082894333116289
0.98825261129463116
0.98858379801612195
0.98691055272288286
0.98972854326456161
0.98986492277787241
0.9912390101679146
0.98626599091994382
0.98827975821492198
0.98891990422939025
0.98973833689784907
0.9902992693078968
0.98866368106356572
0.98691724208390286
0.98485870534186926
0.98505764979497368
0.99166979227245977
0.98943950212178944
0.98772929730286063
0.98849764040001153
0.98847946345415305
0.99051299623559863
0.98775472261914254
0.98853167578483059
0.98853830354348049
0.99128674274678796
0.99017501701000821
0.98866902419755975
0.99055594547082704
0.99140835547025363
0.99025555670941268
0.98805883894725066
0.98841258784401809
0.99002617993107878
0.99177454304794654
0.98844211438679919
0.99026951244096595
0.99164414150719871
0.98837737748108079
0.98624171601643484
0.99108361641648657
0.98864162627867513
0.99070631183386193
0.99241047327831167
0.99088479131423168
0.99017940026678919
0.98827555974866077
0.98952810276045322
0.99097059527015563
0.98788484571712087
0.99065637541356111
0.99164630040335822
0.98966175813195312
0.98888654576378676
0.98981927596916941
0.98799856159915311
0.98863612552668623
0.98768295159135611
0.98481730459068983
0.98683930209329462
0.98902095749386609
0.99046848850489377
0.99081293045771923
0.99201732831022393
0.99090679201070808
0.98966289764074322
0.99204566021378626
0.98889401787660447
0.98674516127450496
0.98651951593381149
0.98639806472552827
0.98637163088040547

