0.94489596178010082
0.94740250631711609
0.94832133310240541
0.94449467436625423
0.95390995173715565
0.95407267039339083
0.95395364634535429
0.95189078260394511
0.94871417376163114
0.93935064611135866
0.94313382164805215
0.94938074336830947
0.94579572607933649
0.94635029270132842
0.94323465159712949
0.95066255906019337
0.95007375245030234
0.94364111979138743
0.94933902807602055
0.9492109861875323
0.94663022716217993
0.95236100903403842
0.94907307814699238
0.95336258454301548
0.94887113782617305
0.95095147602015739
0.95035547358663208
0.94484519201798611
0.95524842697692769
0.95022209325112883
0.94807155877966287
0.94521466795799447
0.94166997906081928
0.94216645609830829
0.95129072935839631
0.94633164493283117
0.95389367687386561
0.94072159950868639
0.95447842555226292
0.94536549212252274
0.93477482264859479
0.9457958668750448
0.94443080561610615
0.94822530000901128
0.94427167680104973
0.93377590525495002
0.94225055253130185
0.93751431027397458
0.94744752806124666
0.94529853045017753
0.95126368484963275
0.94225121210746299
0.93972455580907244
0.94863826298932752
0.94346766934887027
0.94902357035005414
0.94480516218843535
0.94253379693861761
0.94972433217237007
0.94936526798521026
0.94011635417247807
0.95078214262585281
0.94773836379539489
0.94802937231414164
0.94725030299841784
0.94636171292623006
0.9518914606585348
0.95408648988751876
0.95184361600016776
0.95399951900306534
0.95020662927151611
0.9492545925533733
0.95764601537584215
0.94495258698731288
0.94768616339235623
0.95324901997646161
0.95157307460436136
0.95686849715227762
0.94372877779340736
0.95309245573843604
0.94039466989983433
0.93765596467868328
0.94609644749912891
0.94733864703161164
0.94749073764061731
0.94659323732872791
0.95053113031865777
0.94685174118506288
0.94614575147774993
0.94867468348180151
0.95179384390649058
0.9461740680917452
0.94293453678138928
0.95104175643107114
0.95053208476678097
0.94933215379276814
0.95697459162333076
0.94369408840623248
0.95538590856379435
0.9509075054847792
0.94665082866417261
0.94759924551207608
0.95256323341285509
0.94720741021375654
0.94670753875582214
0.94354922416113607
0.93975672727978155
0.95112857841164611
0.95056157732693325
0.95412612414723419
0.9530514893799128
0.95681722759484944
0.94757569647003648
0.95400809245498974
0.94616639571122707
0.94845315471877201
0.94700607838913919
0.95178726500901989
0.95366250664201391
0.95029977152387024
0.95068819500919988
0.9491689850078745
0.94078628792152741
0.95067996012515488
0.95782856460525889
0.9535536040209216
0.95192403727622255
0.95213452122259168
0.93760308291757122
0.93322219996608879
0.94438093243020971
0.95251318597572543
0.95203739488988448
0.94429505222113141
0.95720599181632682
0.94813811812087889
0.95232913246718254
0.9454794233588224
0.94882107894574741
0.94527376046425982
0.93803778957041895
0.943154930628192
0.93934945687165716
0.94299420639322051
0.93641622120861745
0.94686569050086855
0.9528000101072297
0.95101959994262764
0.94779975590480325
0.95064174439916826
0.94924553408438062
0.95134566861620307
0.95115560998871818
0.95259890093565724
0.94607368771488309
0.94949533983488343
0.94713856973486643
0.95125371448577811
0.9483084853470356
0.95724764914892491
0.95006940527340844
0.94783949150012625
0.9423676472312319
0.94654957433911091
0.94909391021002243
0.94787212565479972
0.94901555223504974
0.95350005932855408
0.93912644671757706
0.95097209949383099
0.94375370828493155
0.95178913521927044
0.94070322168803022
0.95489215986374676
0.93109184859323491
0.94693507189723669
0.944860644628575
0.95748709157182676
0.95385563345582136
0.93868723748969374
0.94851909443840332
0.94700629845200035
0.94463879177835153
0.945883505017037
0.94999142328614028
0.95160324504283433
0.9516963320359495
0.95456453193070134
0.94377636798244446
0.95041586865875249
0.95470003764540967
0.9572314185051557
0.95298073733801392
0.9487395580676129
0.95282716820765812
0.95588746014738801
0.94817675067807095
0.95207248379112064
0.95128140219889212
0.94786226046213329
0.9453951438847974
0.94913851804497529

