0.94653020251683739
0.95229925028622198
0.94021253971460672
0.94956812911827548
0.94877614774684904
0.94796951018040343
0.93890022790465755
0.94681174799150392
0.95803616792950208
0.94661673381761124
0.9421177217627944
0.9474244775004278
0.95168158717124329
0.9531080306586267
0.94726697519288416
0.95346169272674897
0.9497290330084287
0.94631343571096627
0.94876913987316303
0.9467496413402281
0.95361657167858316
0.95239417786790037
0.94861931672492938
0.95033719266759697
0.95149020252828997
0.94920985543091518
0.94087347929637744
0.94285106327928148
0.95123816105859393
0.95189120223970158
0.95078497051343913
0.95092418971991211
0.94805074543882317
0.95111872665341846
0.94728253161735654
0.9453614358646405
0.9450490086100094
0.94027019220518904
0.94931676094289719
0.9416583073417123
0.94967560351889602
0.95358350668930436
0.9437432789409419
0.94543529185904551
0.94707680167426311
0.9474978486228034
0.94597714387665655
0.94471804803216031
0.9389376338729063
0.94981669125771617
0.95141267403434038
0.95402409454823001
0.95107459901781621
0.95754121008070503
0.95212328143310188
0.94817130473587963
0.95656743455449
0.95215759316211035
0.94320036291015075
0.94534147245552935
0.94827747522217698
0.94575654981533197
0.95011829991932806
0.94746354587971826
0.94256500758654649
0.94768183264310779
0.94489056468275945
0.94828652916760292
0.94257561260813294
0.94748310291595983
0.95794651990707713
0.95436697628003897
0.95439372105004028
0.95288774146989852
0.94429417987998776
0.94577881677202735
0.94795260548431248
0.94922209339884922
0.95076903767425058
0.95005275814823897
0.95373972221208125
0.95040491850456876
0.94796882172695451
0.95464121011368575
0.95050567552677845
0.94435608653710601
0.95075943160439802
0.94560575467146701
0.94568260974587059
0.94711952630676421
0.93640230035035088
0.94699900738243792
0.92856370878070371
0.94604301192723961
0.95391884233307978
0.94876645961032158
0.93509995435860782
0.94495135144946796
0.94417431608218971
0.95085609467163201
0.95311638857590242
0.95701505129097497
0.95350440137429926
0.94852605373678467
0.94696875196439412
0.94979090325027327
0.945710629116848
0.94674176010149635
0.94901644709675326
0.95291086063045738
0.94592856023849337
0.94311769841978743
0.95020072026669211
0.95510471939390162
0.95587501291763588
0.9438952193862491
0.95252538802002673
0.94679719113676164
0.94957863370120865
0.94566010699188219
0.93936797841922925
0.95090885230568756
0.94894580815406526
0.94914149101304968
0.93833868519710051
0.94421500419372539
0.94127059104444877
0.94182687171429047
0.94667804162201385
0.95751972976876198
0.94989116535050333
0.95266084637800885
0.94982096916185577
0.94751106825350806
0.95383160416631085
0.94526248412063874
0.94529988549165034
0.95204829245385891
0.95504144336922181
0.94988805580932467
0.94721311704599798
0.9375690005083851
0.94946849654346477
0.94771492425865
0.95190371672884522
0.95470027179375816
0.95442075365817158
0.94705021813226742
0.95597694234406683
0.95310372881261307
0.95431678691998534
0.94631299920283918
0.94641470051423693
0.95492761027429585
0.95554211098089614
0.93864467290233611
0.93774104510114853
0.94765668618129839
0.944359839115676
0.94987001108323532
0.9516769003149077
0.95011586776836543
0.94959872113523924
0.95069897614671572
0.94531903718986399
0.93921903181212463
0.95250907735142454
0.95105493452252376
0.95674089625162095
0.94101715966560018
0.94820440592285349
0.94562683122270419
0.95270839526318696
0.95124972370394567
0.94587761375088231
0.9523804515120835
0.95061425714006409
0.95348506178978076
0.95392570573223145
0.94591487461057799
0.95136026928164685
0.9508996491944649
0.94443624162474593
0.95010423915990427
0.94631159423421263
0.94605258731838782
0.94901453535670477
0.95043145782225658
0.95202780079504024
0.95208134582639048
0.95199050879013114
0.94442541029095706
0.95245668041031573
0.95094838946926008
0.94974637964077047
0.94963830766476276
0.95085576255067328
0.94159950084793997
0.94666328511116904
0.95139283145519216
0.95880138490901912
0.94584771521075961

