0.95331185691552878
0.94635942253981753
0.94795426066066857
0.94114768056211695
0.95093775951067661
0.94734929038555871
0.95342556245716359
0.95216949223045677
0.95142270665542428
0.95549099695739881
0.9497577091560323
0.9525424543371751
0.94717916640494004
0.94866897336591238
0.94949887654026288
0.95121003272052085
0.94765950436153013
0.94537822224671542
0.94946875275600506
0.9521087251336311
0.95179804048291128
0.95176608848744237
0.94348177217150808
0.9447205214068628
0.94243654797865684
0.94364265230487399
0.95290215283289104
0.95232199002658302
0.9461100268757926
0.9464598342549736
0.94795060007779441
0.95206632164668559
0.9492080891728516
0.94455865664841343
0.94835949152888843
0.95213694529512072
0.94662015958745827
0.94806544066911091
0.94916310620598487
0.94350887551882445
0.94805291392761859
0.93683612410031181
0.94449248618301263
0.95036745893260166
0.94759900523823959
0.95218654081866305
0.95482972672170274
0.94502928636575789
0.95499333431209665
0.94482389555964275
0.94532551613515192
0.94700570357767289
0.94939479138403338
0.95147744365910936
0.95118301462626142
0.94824075150540088
0.95228688179562981
0.94007064188954781
0.94590510784232162
0.94630459181719284
0.94703715635419294
0.94247840171069586
0.95120739554259137
0.9484046555731942
0.95654112454453621
0.95087247943553455
0.95177315882227287
0.94271707817052175
0.95079038699754492
0.94628528781121024
0.95456574443961317
0.95454907718334858
0.95367701636674251
0.94731467772514133
0.94646052263963121
0.94680987778594927
0.94723570040471627
0.94654269361142451
0.94620437704856486
0.94607512704459185
0.95175320347387382
0.94666856757445217
0.94141957737137583
0.94807775673457384
0.94419029431065404
0.95191502937923334
0.94991676235460121
0.94643724365129034
0.95535524905802183
0.95370208334396056
0.95706616367709363
0.9495898020924004
0.94158441301942053
0.9540097798650381
0.94779130493347119
0.95415388513464605
0.94934983296283804
0.95196689526653477
0.95792357213463919
0.95333577184348928
0.9507415343483826
0.95419484298110846
0.95036185994283606
0.95320487096166406
0.94871505660533695
0.95432048927041535
0.95302199572559443
0.94222867355087558
0.95253542680657577
0.94764181218035992
0.9409637363124308
0.94936808650995697
0.95035403636534199
0.94848390919025027
0.95832003771164342
0.94863268568253545
0.94653060188903027
0.9461172783261933
0.9452851074648142
0.94639977030758449
0.94252059932775878
0.94036948335225534
0.94386581425086691
0.94454875381220249
0.95148185997728763
0.94876476903541473
0.95123468628521635
0.94964164484597346
0.95417716545012632
0.95082618412971154
0.94249812870071625
0.94902623055636359
0.9426180404560307
0.94477553588714946
0.95146242818743487
0.94119318771799654
0.95467631485082916
0.94937322127404633
0.93945044827299229
0.95343591354860968
0.94724862657890985
0.94990954203701972
0.9433231938047717
0.9440867832749682
0.94595592004651907
0.94702261955149913
0.95221751879606586
0.9468015913689023
0.95057959283348603
0.95570076018977979
0.95206731031303826
0.9491018211203982
0.95150823280560726
0.94363392602735896
0.94548524088456287
0.95503874580505144
0.95444929094838382
0.9518699851242195
0.95179417909122188
0.94450401088472113
0.947335981062147
0.95396658185669136
0.94765506103860431
0.94980048554719376
0.94535820186660935
0.94378538191021555
0.94865553029885874
0.95268628315500681
0.95340028771003427
0.95473309927244399
0.95410508650570058
0.93762089497807466
0.93596377021640453
0.95167956075390914
0.95039804481672319
0.95126733267043884
0.94262527938363672
0.94344261574821919
0.94855736775922628
0.94279372881864099
0.95350053431418602
0.95426533913147338
0.94904649675915664
0.95207331985864019
0.95288122475422299
0.95698617512362416
0.944680664844749
0.94771341964150102
0.94803051616745859
0.94232888911050239
0.94670191535079495
0.94830127103159523
0.94991402267216507
0.95036666809029491
0.951823174278557
0.9528603845793594
0.94949633440626291
0.951358887037143
0.94496943414233225
0.94547688259785712
0.94360231379630299
0.94094850779618233

