0.98476000212785353
0.98552347761190739
0.98657678872123122
0.98451612172554448
0.98276619624934203
0.98273618530949047
0.97789572706909689
0.98282545948208222
0.98458645609413753
0.98641628128982262
0.98356980387799753
0.98580331706771329
0.9863202309039284
0.98423634713277597
0.98386787589723279
0.98050787870310807
0.97991778639697991
0.98165461292313461
0.98458395523955344
0.98208817878882437
0.98419945055699054
0.98447838030904156
0.98373974639770023
0.98629022921932819
0.98624343980368057
0.98637881130742633
0.98694885345052119
0.97938390506569506
0.9798195584007231
0.98665361695898779
0.98241101340284986
0.97802641670769019
0.98581233793497436
0.98425051867710933
0.98177458401866469
0.98557641424593834
0.98338538162585398
0.98419178295912413
0.98444790268701354
0.98773096531973648
0.98581157110995288
0.98240061093710107
0.98265129142162422
0.98532021387336444
0.98611406044876748
0.98739323938932522
0.9873626522745832
0.98443563206467743
0.98419943171240998
0.98381198692799965
0.98266041507433632
0.98284009846971387
0.98371711333798706
0.98445165975825988
0.98650419980456083
0.98117854000800864
0.98339387074100937
0.98400903371559145
0.98287045068312262
0.98377843801327336
0.9822849066983681
0.9815446116289761
0.98690697877880618
0.98411670261869211
0.98434137572287084
0.98364880299747981
0.97820929793303768
0.9833730596079403
0.98557294828625275
0.98688082499897367
0.9841068195200483
0.9790094089451703
0.97906163633557286
0.98394603892696819
0.98231826158267832
0.98513067566438983
0.98530491305160894
0.98435369197499656
0.98201287674883841
0.98124143766465144
0.98410266562181159
0.98489212415456884
0.98495070044557886
0.98303800799885954
0.98425535583095303
0.9845565104011923
0.98314235668492445
0.98512899098911177
0.98445949951844258
0.97843714121485637
0.97814475796083022
0.98059853727445179
0.9862005997793204
0.98542307465117618
0.98433141686800629
0.98387889592045352
0.98311590617113875
0.98353286789565886
0.98637501149015661
0.98586491572465218
0.98628859813893299
0.98501738064715294
0.98455449185450028
0.97740975407338948
0.98332504911495577
0.98856276999738846
0.98286086750337942
0.98481206739083238
0.98312498352240529
0.98284144199040246
0.97877875376787482
0.98547218361568623
0.98491459973390549
0.98491041973533966
0.98406745988586619
0.98708910962598384
0.98604227981742343
0.98355476196217217
0.98196880748520643
0.98459417382776193
0.98805931837427996
0.98264163191116605
0.98206922638448979
0.98060823929336327
0.98319289537360111
0.98233633175500024
0.98640799850454564
0.98144822407082355
0.98644136002579019
0.98593880635515629
0.9859361507418426
0.98182495255313795
0.98707744665122221
0.98481855592146172
0.98607446123041931
0.98402360572422221
0.98571862572106372
0.98760897743732989
0.98682260096864516
0.98526267462324302
0.98517177159578295
0.98517272545957857
0.98448859227742225
0.98553326573990974
0.98553249000878074
0.9848313656004869
0.9843233591966668
0.98368784225171302
0.98577659000420237
0.98334436907971556
0.98357729659740201
0.98602769053716877
0.98538897660182556
0.98373666391839221
0.97822220451478981
0.9840858269859325
0.98212215356607346
0.98626088082243635
0.98348079572957137
0.98497147827005982
0.98483878770766431
0.98387421807989961
0.98437576267797533
0.98448053912627653
0.98513931802732591
0.98458149535902684
0.9813457154793378
0.98106509374139328
0.98566326003929916
0.98735294791760453
0.98483962384231127
0.98000881305849519
0.98364082786364582
0.98531085281130826
0.98512625922482011
0.98601731158346473
0.98852994171484199
0.98393741942760748
0.98586206972667567
0.98471696447678703
0.98315722158681884
0.98534220214780444
0.97979704358803432
0.98153178867231727
0.98443434938471053
0.98077844755579413
0.97558847925778236
0.98209046617590856
0.98322009344625105
0.98608828987950747
0.98496157258672601
0.9852880732130993
0.98166860609847473
0.97869128286553697
0.98348654487313858
0.98540994383339531
0.98640384247385893
0.98438039266801958
0.98264545482060839
0.9808118125831633
0.98424180415537321
0.9850602546683761

