0.98564994321613519
0.98381215317991799
0.98500875814836131
0.98155225109753519
0.98294954726106887
0.98422662274685657
0.98576285250993001
0.98308000994223277
0.98167771376466351
0.97916777805138677
0.98356245729849801
0.9837477341092129
0.9841491199174367
0.98250702162834269
0.98709914046412828
0.98842052575557404
0.98663017924281626
0.98250120285121145
0.98335618273922487
0.97859458397778287
0.97435748814281498
0.97732092587546748
0.97983126297490197
0.98030058505127793
0.98077777611004735
0.98354598895437995
0.98613000491910852
0.98197023903600567
0.9869852884851309
0.98117634922730568
0.9807758428176474
0.98146697825916862
0.98158804319038828
0.98294739446951351
0.98421175782308656
0.98300455492799654
0.98582227173517034
0.98127225551079744
0.98110177953290045
0.98885911262431647
0.98508144652147989
0.98226605877704831
0.98050726008042
0.97987251556219224
0.98508868947796668
0.97811761641141992
0.97979102082088876
0.98296775492554711
0.9871273660143608
0.98567088877218345
0.97900593335143671
0.98814736477761722
0.98387675853896506
0.9842166571205716
0.98487211786509377
0.98237248330820492
0.98669271256384916
0.98426750156086584
0.98064834074540175
0.98394505921663722
0.9851589060212036
0.98654439500721969
0.98663276940399747
0.98485205233255513
0.98119961309444637
0.98149456227282406
0.98297252568682625
0.98386574676010718
0.98526925439465607
0.98573442986125326
0.98620087362373932
0.9852148640677495
0.98173720298968514
0.98129552636167017
0.98373962772610601
0.98319109953141914
0.98198645190763312
0.97897193221304735
0.98498191163974202
0.98807440910564914
0.98313671896143051
0.98520869118010534
0.98576026502478298
0.98681682452689745
0.98493491132829392
0.97947968431745847
0.97962943080492204
0.98159640234899037
0.98482243419466775
0.98531037704885671
0.98564443188936302
0.98675847543426132
0.98382935584289266
0.97707359026884577
0.98665155304006635
0.98493145259161297
0.98444499541043151
0.98470565072321814
0.98140874647490706
0.98502982410161299
0.98566781355564892
0.98426144884259736
0.98124783247263203
0.98577570565497197
0.98480410378019734
0.98615334777250785
0.97777512316459303
0.98232709847069766
0.98131089336296817
0.98212568893963348
0.9855387384905161
0.9804467431778956
0.98514725293363037
0.98236014101911706
0.98161535605267958
0.98726976273074174
0.98572524668251549
0.98540639090509963
0.98239055483211835
0.98400849934682466
0.98437520415584978
0.98057024377398072
0.98071671323154996
0.98013760521352056
0.98399711492899278
0.98157165768969457
0.9809071651536041
0.9764549517207668
0.98300558990917264
0.98317887771571499
0.98322595246102251
0.98281983824904673
0.97764869146886269
0.97724572651557684
0.98429977366150423
0.98853414933334094
0.9853358225036698
0.98293116486667997
0.98799665072488096
0.9865029595191237
0.98397409399956581
0.97575098843615959
0.97792334311346996
0.98238672147669637
0.98592045822787544
0.98655320076575459
0.98244549559857342
0.98556924586450434
0.98373458495596033
0.98210363078983087
0.98317554366444249
0.98133794582324019
0.98271068335014866
0.98305068691576225
0.98348139302128279
0.98268089367893263
0.98254456878730911
0.98261916532634885
0.98813161297264385
0.98378983922456975
0.98290767473206586
0.98336387845263196
0.98618380700906672
0.98514717907481553
0.98203736184869506
0.98371459587721655
0.98556510570948819
0.98245049880837942
0.98462243754139023
0.98788786441334242
0.9863979277314403
0.98805329882614412
0.9856362882759786
0.98570830524782271
0.98305325825080114
0.98455156716603043
0.98338359321175783
0.98555660307614723
0.98128243488205913
0.98611452072067329
0.98562649396663093
0.98349071782972564
0.98161814354391808
0.98354328803269742
0.98687514960664746
0.98614531457288834
0.98818954110445945
0.98322259188135541
0.9811809317315342
0.98041461407851338
0.98451038842958671
0.98038757034737789
0.97879168709362785
0.97828691033368675
0.97562195241269356
0.97686679272541355
0.9809537966006675
0.98227287797869167
0.9854467301114076
0.98405911633852328
0.98142124144539777
0.98421451630900036

