0.98303711334481025
0.98177253526048625
0.98383278424501375
0.98590036379129642
0.98103974416352335
0.98202853239217291
0.97777630982840591
0.97937261073288762
0.98332799465402565
0.9848785765239676
0.98413997507066631
0.9815334603016701
0.97370183008212818
0.97372030283263078
0.98594225617772746
0.98474223082265655
0.98655418441269738
0.98686980328956331
0.98754240564511397
0.98061931508248734
0.98751749738567607
0.9872689494316661
0.98428303523015193
0.98654011123131735
0.98621235557376141
0.98697888371104181
0.98153840983941587
0.98292009775420774
0.97830188566099552
0.9816964974741107
0.98706103316888227
0.988925233769965
0.98521529178111944
0.97881572586147325
0.97851412913560443
0.98439472666596017
0.98693985733705925
0.98258051763115484
0.98250939862813791
0.98409907479772185
0.98750713482576347
0.98628614402318893
0.98541543024290246
0.98663614764096452
0.98250897094592049
0.98330102846205303
0.9864773081083521
0.98216046360114517
0.98660300763497988
0.98557497509525671
0.98662041097673769
0.98509161853636107
0.9836258309940934
0.98612483386665295
0.98640823464806582
0.98632646612130059
0.98422042184507597
0.98088665318704937
0.9822694859148956
0.98042611935288349
0.98069553731707404
0.98247061529378987
0.98405734777439346
0.98056120811623149
0.98529054554925333
0.98647445358181896
0.98692182462215639
0.98276244498902654
0.98574373073837185
0.98465244507947625
0.98824267906774266
0.97987445139749663
0.98308191001482081
0.98552484422236919
0.9848145698853652
0.98551302630732085
0.98692837013198942
0.98937832057957176
0.98605274006897992
0.98258735740922731
0.98437443893239773
0.98269444722468968
0.98342898149050118
0.98153731102135966
0.985694956573272
0.98556772446391117
0.98867026309442929
0.98493282284969497
0.98246360682984679
0.98615023520837142
0.98024085238611325
0.98269221664020012
0.98507386046932965
0.98305323476174877
0.98752999253106299
0.98695440389892009
0.9842581862947648
0.98625886539492535
0.98626537161246375
0.98630477155285667
0.98461645688653709
0.98616151356265525
0.98664206924460418
0.98799108356551968
0.98374274753565671
0.98103894959878379
0.98526013903746557
0.98848785597229227
0.98646459150709942
0.98606886732231758
0.98642603960620678
0.98425059958400618
0.98419954648729324
0.98257369802182681
0.98477774094548776
0.98673625774864926
0.98179172588587138
0.98471686793162105
0.98249360912597805
0.98480163731250825
0.97974656743138799
0.98090512438287203
0.98581728146259795
0.98506497566066198
0.98640197297046439
0.98627703901002994
0.98532643953118859
0.98527558496993339
0.98243574646904963
0.98488154102507652
0.98528560998007275
0.98197789743024022
0.98494799829951463
0.98455222177382529
0.98367100947933628
0.98121565810311617
0.98028942694042609
0.97860326638239759
0.98528243801274973
0.98577144371505898
0.98329904624477682
0.98305291914990378
0.98586767574837997
0.986343008621551
0.97834691272547225
0.98156905917702741
0.97536257140040616
0.97626904394006131
0.98246818545680925
0.98063127917239035
0.97807334943241842
0.98312064868564886
0.98386600977430083
0.98125393341168432
0.98552017210089204
0.97600341279211811
0.97873142114210843
0.9847021529072788
0.98433133597056199
0.98492781998693868
0.98717425972292783
0.98657031241336646
0.98278006493345105
0.98306797395409529
0.98434145152336117
0.98497723027775086
0.98543480350150503
0.9755725850439102
0.98022358694916234
0.98319271831963473
0.98014603104784659
0.98548636561081271
0.97995077022629296
0.98795983246833485
0.98357078372889806
0.98379684045397098
0.98569562228537544
0.98695238405702668
0.98633486185145547
0.98448568606763243
0.98752234834268038
0.9862960506812597
0.98559246571022086
0.98306193000660935
0.98318982227614393
0.98183298675232344
0.98083755240093207
0.9804868310798821
0.98263208760536402
0.98412585780274109
0.98638762127490731
0.98640873379745841
0.98781455650402039
0.98692447486071588
0.98782852610574934
0.98310110617328561
0.98595767397508394
0.98754963838484389
0.98571764541797424
0.98492027999453047
0.98563821453424616
0.98371128199117097

