0.87301113397508456
0.88826227715760608
0.88797648627963388
0.87965942223954763
0.88589949780683064
0.88713124600914495
0.87778175974590256
0.88456153581400343
0.88891502058775673
0.8924070621550203
0.86957980997095452
0.88416500193899938
0.88545267936715444
0.87558062611180876
0.88139812044149435
0.87876146733580984
0.86962513742574832
0.86897656579108906
0.89053699913108431
0.88193222746814293
0.88093534715620492
0.88023997480005067
0.88347579836753165
0.87218521699043638
0.88501354319716685
0.87941610497382583
0.86964862202680948
0.88326409837190822
0.88833297673827261
0.90011987404444105
0.89463922958344377
0.88263166603686405
0.88437883467357437
0.88042270891585672
0.89096289912601123
0.89843059413738136
0.89550829252582953
0.8924196550288207
0.88587842830459951
0.88639861572548495
0.87877627263075964
0.88694399256084799
0.88570222927677544
0.88630835840324595
0.8822403598489259
0.87632862820129676
0.88417772912599446
0.88775544338625578
0.88505825889184631
0.88595668503251201
0.89289251966721483
0.88750820387774221
0.86586404719455823
0.88672925881811115
0.89051484604400888
0.87947499184686617
0.88114134142945488
0.88022568678850621
0.88242410029172635
0.89069019409841521
0.89058915178224163
0.87386801043379103
0.88296122753946282
0.89194008249161394
0.88691761242931999
0.88044980266312323
0.88680804954386661
0.87608178611019538
0.8879341962779006
0.88158938863948866
0.87914319806739094
0.87738720824405736
0.88376090741774038
0.88674886082868687
0.88814273287866663
0.88715002652058572
0.89023125591898056
0.89306384299190644
0.87984418871818781
0.88393847267878523
0.88359580202012833
0.87540244505313047
0.8784192835670892
0.88593819282036101
0.88860994062560172
0.8754187110939804
0.88363190736864106
0.88828017910026369
0.88985443784230678
0.88694374816991739
0.88642595087427911
0.87682877237741641
0.88332792185969999
0.87032217603102058
0.89401891747335727
0.87891624518500477
0.87706060576902256
0.89602972283335869
0.88332752233093226
0.87420604338534846
0.88448914461252526
0.88230916247750313
0.88252974152688501
0.88959407407953928
0.88401248012619227
0.8907086917659538
0.88657622667495328
0.87574662321988739
0.88142676148552679
0.88711894106513478
0.88755822369606818
0.886369944971371
0.88616509439004754
0.88210276912806007
0.88567791934465345
0.87628595134184828
0.89759998035787281
0.89483368734210489
0.89033298509850489
0.88522767607295427
0.87616410618410789
0.88375148500817147
0.88479757095457234
0.8782595408235474
0.8831888662868852
0.88780422377247048
0.88331138643276985
0.89036619940019235
0.8806404025855783
0.89365920389415499
0.89538347556580655
0.88414301368117265
0.89475744294958159
0.87188087493570499
0.88656642823658038
0.88609085828864564
0.87931397199913042
0.88300779871222146
0.87589304001345192
0.88088035616658245
0.89149724995475765
0.88287542629325488
0.88121502250862782
0.88536779500166418
0.88983827610793553
0.88945768830034688
0.88095909595898592
0.88243449695917942
0.88693186094176313
0.88307818076797939
0.87884145261498281
0.88674050194066933
0.87608423250366108
0.88009649235125653
0.88102200135915887
0.87590362940381883
0.88733096462660854
0.88964507071282251
0.8695068257202192
0.87920629158720698
0.88977631324318929
0.88480901461303973
0.89398912557859767
0.87976650418157265
0.88099466514510172
0.88806753645675507
0.88189264696407321
0.88736307541521064
0.87446647421270918
0.87942596516475002
0.8829226112252837
0.88510956593489587
0.89567841620477384
0.88812551411608531
0.86959260032302543
0.88035910457148547
0.88007458543560513
0.87748748706861979
0.89086793294703581
0.87561119189474979
0.86710116413709926
0.87759669002678065
0.88551509920185012
0.86762153334799386
0.8920636053948453
0.89229136319298086
0.88649966443913952
0.88967153806755017
0.89293865829256358
0.88753109507981465
0.88718480044015324
0.86153909718624222
0.89266343047684882
0.88227268073693987
0.8868078588956172
0.89264580905584179
0.89188459687268362
0.888021555837745
0.88711347594247847
0.86845647465660958
0.89022490995092007
0.88555016068614445

