0.88898402227897544
0.8804455171604012
0.87840380645185245
0.86472569796037591
0.87322564938043312
0.88018018614460425
0.87771486058494697
0.88816443632840858
0.85762135952311203
0.87870492360897545
0.87127736483403484
0.87313362186249532
0.89410341943800087
0.88331568956854389
0.87876230438796576
0.88067862465755242
0.87648618572956372
0.88303203831258803
0.89090235545201468
0.89155313242434486
0.87737094176959107
0.87745439130486902
0.87905731913477325
0.89126098390925668
0.87977681858742418
0.88258015801823275
0.87083750053211906
0.88978702968323464
0.89047845066408782
0.88908922938904422
0.88019008495426554
0.88577179706403419
0.87895625220669971
0.88274662269143189
0.87395383134194193
0.8811398780154116
0.87841641114090341
0.87146443091268533
0.87939151032562302
0.88644680547406363
0.88123988370004191
0.88446603139125624
0.8732563569859475
0.86449604386290368
0.88834972948265634
0.88577771493669188
0.8891176834496759
0.88727984776714874
0.88687407313983302
0.87440000147657959
0.87174532085716394
0.87627361154256489
0.88865677884099092
0.88779007698581214
0.87858233017531628
0.88780717584766067
0.88296630410269539
0.88380426829830439
0.89143516802569556
0.89159225200922487
0.87730885361418398
0.86827013799995389
0.88582100522671592
0.8873812743256253
0.8888327735579451
0.88742438211579966
0.88560079996109986
0.88494888756676648
0.88247769618070004
0.88338545494462117
0.89545706075425391
0.88468478655191674
0.87371332598046858
0.88616415109940705
0.89203197955634206
0.88984532418128859
0.8839190808761358
0.88168220922058405
0.88165583918443136
0.88969541113612927
0.88022469648502288
0.87963074006606545
0.87385547229772875
0.89580409341650113
0.88775208486349055
0.8908956696689595
0.89184724073038868
0.88213587874563393
0.89186478173771733
0.89011028234207801
0.87443992849252072
0.87836687175933037
0.88966847555698703
0.88531032496637696
0.88333193020708811
0.8946607208067896
0.88898722765996097
0.88425897259219066
0.89062194901810554
0.87770912327371597
0.89329416699909325
0.8840023657997631
0.88167728116803523
0.8783260612365138
0.88094349649240777
0.88948576207559538
0.88458287682342762
0.88509574784645939
0.88734159882283103
0.87634386906112161
0.88090330693067698
0.87932140290852445
0.88430669243325266
0.88920619098815301
0.88503302214622448
0.88058891445202336
0.88468102044176278
0.88538834970759062
0.88989939264840368
0.88958471233799519
0.88784789882799209
0.88528853539513386
0.88908985138512575
0.89098927464784117
0.88930065690043114
0.89208906271827393
0.88941361522890927
0.88518874318724539
0.88436115503647084
0.87977480629130445
0.89056335463458103
0.89119400216684941
0.88105999088570797
0.86960217725054234
0.88499280450500273
0.87345037770899525
0.87904981656820314
0.88268881277409028
0.88729501438858183
0.87465866645303225
0.87760945723145589
0.8882793950338882
0.87561232563419489
0.88184570537023799
0.86912261429510751
0.88078170518137133
0.88293774578197626
0.88343017169344151
0.89274880295165138
0.89401769201720904
0.88567521744010802
0.89058374946784402
0.88233967716457629
0.87988457702080625
0.89303459065347413
0.88465563180506313
0.86737124268903298
0.88992060566331843
0.87613059493260848
0.88718309744455026
0.87617169208000789
0.88244502402309521
0.87483941984957048
0.88965904359179993
0.88581029974747105
0.88747900359340925
0.88879356284718758
0.89120942456976415
0.89648636167692475
0.89478722911839093
0.88840498395982503
0.88163971052032575
0.88908528388133867
0.88721856095202867
0.87737582907494005
0.88448715301560499
0.8837718159120429
0.88148219631249869
0.89104635858620929
0.88263860952583706
0.88869992883035998
0.8850521925668593
0.88890903564674995
0.88797723658583794
0.87695228843327677
0.89330818312944293
0.8953423255984142
0.89456754372602776
0.87369524336780136
0.88831056574026601
0.89745134514764391
0.88900697090790004
0.87561743186675745
0.88103338027382283
0.88432798857959638
0.88725938955573425
0.89041952775614597
0.88371627454062507
0.88959633362559776
0.8751029497461007
0.87511335541414559
0.8812545418413622

