0.88721641198951351
0.88128904764104998
0.886602207993618
0.87948205504884192
0.88337371580319723
0.88265243597923548
0.87729350443685739
0.88219122155994512
0.8767064792956597
0.88906193117868249
0.87806629934248037
0.88750141080422507
0.86928613417640765
0.88422903630505179
0.87499415110674372
0.89171327959562519
0.88738522044416157
0.8865265562953818
0.87904876886882433
0.87546270234429835
0.87219634073333185
0.87842698820878062
0.88194350490748474
0.85717571749101595
0.87645853260957174
0.88278559977574256
0.8876796879650336
0.87848012540538545
0.88003227381061222
0.88097984667163187
0.88781306317148123
0.88435878147634495
0.86941641461958685
0.88537748127683602
0.88795495443981043
0.8899935331017379
0.87443612796101278
0.85899913173977438
0.87571783752764298
0.87749956290000564
0.87279652504920469
0.88247304229159274
0.88428712846743296
0.87811268735970893
0.87982145333261463
0.88413875833171374
0.88536274211999577
0.88169207481673573
0.87455286158797174
0.88814547721068893
0.88171376127024226
0.88015088041697531
0.88928066611197898
0.8729275719665508
0.87756668935323467
0.89173160754533587
0.86746581220817676
0.88122869309927776
0.87840469582133041
0.88339112436675327
0.88762149349746622
0.88662091921310249
0.87816608648180927
0.88079063893971865
0.8844542965513229
0.88466648278934168
0.88683858819722827
0.88577765177436796
0.89096369527090757
0.89130356475086747
0.87688062276821832
0.88475349550829518
0.8885138747995589
0.88665689488806965
0.88031068947553093
0.87721733888269549
0.89221867756453621
0.88576784000028375
0.88384661968553047
0.89203869806384417
0.87642152721801636
0.87342544920028309
0.8889047270582775
0.8830942165499206
0.87737870717735733
0.87628407349803328
0.88459299156698712
0.88078114865513268
0.88454885102787895
0.88754992484177619
0.89001340149647856
0.86773774471236387
0.88238337764331032
0.86873746155239406
0.88790231748874249
0.88001585071889321
0.87950283056203249
0.88367611442709693
0.88748980719833803
0.88067367596866564
0.88087180482754912
0.88816081172238559
0.8893693423761444
0.87686183793060479
0.88507449119630521
0.88234268204220345
0.88728375471948029
0.88160207420195413
0.87674978733495712
0.88021147785311937
0.88272419283932568
0.88669074818382565
0.87693815856980473
0.88399450298041338
0.88628358996948109
0.87775383278696217
0.87417111207031739
0.87466563390868202
0.88735863249471547
0.88014680282881752
0.88892229615904639
0.87259463029343287
0.88949407582001283
0.88528908176250753
0.86718721401295729
0.88495991426296416
0.88232205876695868
0.88835271483981948
0.87212481679577925
0.88889608628551919
0.8934139305824732
0.88150060859067991
0.87596551296615977
0.88105519189709181
0.88335220586060581
0.88298361408239001
0.88993668608704379
0.88517376104515988
0.88378101702049305
0.87957592068964385
0.88395847847104725
0.88797485286266409
0.88132323453109973
0.88656652001075786
0.86992644809631203
0.88822869382437608
0.88641343959773489
0.88835205332949796
0.89367859141408301
0.87530629891840672
0.87796904383444885
0.89031837415119286
0.8798212872896839
0.88036409523163361
0.87844662494154091
0.88313091660393939
0.88210014270997661
0.89390636788228395
0.8891590632478874
0.88544020168766724
0.88479650411153099
0.88692276858980768
0.88580878841535637
0.87967397014581183
0.8892060423013779
0.88341383783828953
0.88730451259244481
0.87843951284114619
0.88174474027654248
0.88776811612947304
0.88516683314072908
0.88543852132004564
0.88332415592976965
0.88904201968428087
0.88427339401796512
0.87702491615981537
0.87670547197152737
0.8874138794299925
0.88005860302370309
0.888457147008759
0.88549016712369633
0.8813548364967474
0.88588688162339568
0.88415583322743185
0.88243034189523428
0.8731069827238368
0.8945737910329663
0.87719319775225391
0.87989547917263122
0.88222344390696317
0.87299151814356812
0.88145791889694436
0.88712634783479238
0.88633878898555285
0.89009785670120745
0.89076902005750969
0.88437168746330774
0.87021360589085039
0.8772996791291312
0.8924990530919098
0.87370754294856312
0.88998135574068393

