0.95950598834622169
0.95966702731459419
0.95949574062832554
0.95901112830377744
0.96051814276627057
0.95471211237558606
0.96104254777656017
0.95380880122289868
0.95647446140436942
0.95665038860989426
0.96116435091020791
0.9591051989947843
0.95557170776706735
0.95597219339511563
0.95742762758599664
0.95065431087317609
0.948895690257753
0.95409785519920909
0.95311513464213737
0.95928216965683233
0.9584121739789776
0.96053858603195352
0.95344850603204534
0.95721837459061343
0.96023968567116103
0.95358630033310021
0.95797388940540273
0.95842240973421045
0.9562401414317232
0.95694226597629339
0.95891099915094691
0.95788823417917701
0.95981848536350733
0.95950799800593911
0.95677461867406244
0.95300047497167784
0.95556869965432911
0.95924996041811106
0.95419668952610182
0.95012750769703913
0.95546626532773815
0.95603223962673767
0.95718355161421265
0.95672198303438771
0.94798311397575796
0.95625583400552705
0.9584090394168846
0.95826197163806792
0.95778744139685446
0.95164221502564905
0.95213659572223552
0.95621484137142421
0.95987692772839206
0.95646454161906047
0.95265442985035087
0.95466814655447485
0.96000498888869668
0.96086397306958293
0.95609432782775838
0.95651796350623197
0.95422927826272763
0.95629620997374065
0.95609380557973389
0.95548696622002061
0.9594734315602601
0.95587744323233159
0.95733383425331353
0.95645250246446301
0.95969865262246123
0.95522319983757131
0.95236117295262235
0.95905976448543406
0.95524626631703735
0.95472700607591421
0.9530083438483633
0.95024918250366008
0.96155749463680518
0.95575153634906873
0.95694728649385752
0.95612274863167013
0.95232751870018173
0.95458849880154628
0.95969846803255565
0.95692648742663566
0.95362015536821387
0.96007571958031535
0.95446966237254516
0.96005452160687521
0.95923525062915094
0.95868032176434304
0.95685076325787
0.95798583257788683
0.95480514302992892
0.95740729784342871
0.95498244223968765
0.94891495540507353
0.95342474100484376
0.95946246946535019
0.9565927477533146
0.95274150214099951
0.95721039275048658
0.95367636865983108
0.95393335524467215
0.9538695486341825
0.95440683829269157
0.95333388517538342
0.95515079941908454
0.95716269085831762
0.95513033841317219
0.95207186495054663
0.95002669089800207
0.95193721185560798
0.95419408113585291
0.95676029969343213
0.95913761782628104
0.95354304074191831
0.955631274016151
0.95436705546320033
0.95500176598692155
0.94688923551254034
0.95026955327200568
0.95141152943103091
0.95085381301163674
0.95461240190389618
0.95689410972237643
0.95357144661504634
0.95795460630162466
0.95825247760718713
0.95810700866878817
0.9546184169360864
0.95709330650069968
0.96080525841640241
0.95949249569875539
0.95759800930408712
0.95582167534058637
0.95459183365551925
0.95374194359598585
0.95696054259969443
0.95730340680313564
0.95218611700898914
0.95461340367458303
0.95580630723021687
0.95400490643045066
0.95874285462078424
0.96017529195287676
0.95304523175341016
0.95272517666958423
0.9531853666311022
0.95607081562884955
0.95432047868606296
0.95587977433118509
0.95603696136967253
0.9436518779467119
0.95236155234880182
0.95739167195527652
0.95467716205200948
0.95469554287113456
0.96069116175330849
0.95631701051968088
0.9543761551846055
0.9560870992023095
0.95922691075219857
0.95737241088130609
0.95265044104858687
0.9618863592675343
0.95852228544187268
0.95912109273498236
0.95852220349156414
0.95440698202554886
0.9533494530975325
0.95420246349744298
0.95510580332735506
0.95518561206465391
0.95821594045296432
0.95796335635050422
0.95951481109490855
0.95873409420001732
0.96110316700156195
0.95667878618375757
0.9547141914376932
0.95982977495518429
0.9577548856400081
0.95217157662698959
0.95706056194157318
0.95695351516912996
0.96079283669105198
0.96033052872426483
0.95448410644637205
0.95831966593914708
0.95247932158520732
0.95587099425370725
0.95690036297948944
0.95977581292402991
0.95908398303553644
0.95814543198858604
0.96066447230927687
0.95700450493457434
0.95738506126058509
0.95774590058537223
0.95949788976886519
0.95870261091154119
0.96124571003924875

