0.95611672804295511
0.95906670571282371
0.95847614964381689
0.95565403953882877
0.95555462969795069
0.95355472104660388
0.95684010703088396
0.95826226362941946
0.9568142604730574
0.95693767020685871
0.95290410293357319
0.96094257801301075
0.95086340050465534
0.95800517533698926
0.95637786769382982
0.95431780604356264
0.95896311629242925
0.95850490235449881
0.95333144193155084
0.96028019922798491
0.95554186095455407
0.95765091185841644
0.95613827744473912
0.95588877596178368
0.95966210066157021
0.95984525098260143
0.95880670430910275
0.9574437033933112
0.95838560850273757
0.95888593370205688
0.95922518004282431
0.96174122850497334
0.96031299666208469
0.95851236680619301
0.95767833398351487
0.96110240283137416
0.96052297222633021
0.95410151584783376
0.96014815737218107
0.95861946573240597
0.95154816507498441
0.9613584824530379
0.95386478668122665
0.95588822877075097
0.96062424710565586
0.95900755669819959
0.9570617967958418
0.95990545504219793
0.9560448847075208
0.95877528154318292
0.95684887493595994
0.95353468368043781
0.95750545155586675
0.95647889871590597
0.95483305669311236
0.95538267584095737
0.9559191724448578
0.95608478570566402
0.95359432789091902
0.95715986358031757
0.95850604747410795
0.95582701689421845
0.95757357138355159
0.96055789754419141
0.95461811903425586
0.954222721973496
0.95980246011273818
0.95571806082865485
0.95667729746061647
0.95876352358935346
0.95716189585639244
0.95749388127820212
0.96030110859421003
0.95763180461630359
0.95647905305780134
0.95477608328906771
0.96161112299284379
0.9537611478854261
0.9542440199542026
0.95717004804471539
0.95707177432317914
0.95911458793798021
0.95368760827454135
0.95361453752497993
0.95499725699260496
0.9548308709321266
0.95135031405595116
0.95534504203368598
0.95667588314631236
0.95718912530744171
0.95750571833400222
0.95538038916299095
0.95681834232147289
0.95817021252613144
0.96121390005574514
0.95670895305130299
0.95768486823152088
0.959377670422636
0.95619159722279967
0.9571130861582352
0.9513177734977728
0.95643453775188192
0.95063897953752474
0.95660822356907227
0.95498834085226714
0.95853007550040081
0.95934074033536632
0.95799515362899168
0.96052722765368403
0.95748478769838052
0.95697399497726221
0.9590957703739118
0.95646079474937584
0.95395834759226328
0.951204322240638
0.94933701171544316
0.94755896303111331
0.95230375834031844
0.95915794998890747
0.95715526435836351
0.95644695747659847
0.95051093453486313
0.95851152287895847
0.95806812949344911
0.95758343422656311
0.95796100824489305
0.95808590356928203
0.95780580317654662
0.95655115315746553
0.95326361891029521
0.95824886138362975
0.95908397386106403
0.96019009638344066
0.95717669565538965
0.95593167919216804
0.95838770287643282
0.95717446251622085
0.95467243848127881
0.95182148231110486
0.95784200834614586
0.95878730405676649
0.96105078948123612
0.95588475663484329
0.95653684462654154
0.95426866811007693
0.95305838515171903
0.95597176783292126
0.95944912062285714
0.95540782801984214
0.95956950569299904
0.96123787021187734
0.96021352669232907
0.96012151972797688
0.9558521230990138
0.9570397834872757
0.95722676382069705
0.95506438789173131
0.9548117085279394
0.95607921336941115
0.95395388315520191
0.95722174769500767
0.95374019522262798
0.95752684489520934
0.95554555795329921
0.96185890631385151
0.95957453539888127
0.95885312840218828
0.95623305693583194
0.95354823703707992
0.95873058460705218
0.95580342857494061
0.95831325310560567
0.95825128280401128
0.95461181736859557
0.95815737609659946
0.95302045667712365
0.95537854170590197
0.95750533642598212
0.95690276804103447
0.95020757971253011
0.94898505920601595
0.95652929872265313
0.95622996108406721
0.95459578565692305
0.95955746704185108
0.95556689896085789
0.95973979253608177
0.95634528762152116
0.95690735061934662
0.95908781902466489
0.95701585655643251
0.95743599478723995
0.95928642604653314
0.95176914602964668
0.95500079115591718
0.956301193804593
0.9525521923445851
0.95514803880627996
0.95550724042431556
0.9600698711972534
0.95648492546819386
0.95644909175620596

