0.95527900957028933
0.95148041586327214
0.95168343870517369
0.95269298307118455
0.95205788305969763
0.94533855003695111
0.94689418898906264
0.94943780602747319
0.95084227413862399
0.95277084699325065
0.95591158795921993
0.95433189030894638
0.95669628128271522
0.95005123426903837
0.95693425315908487
0.94988973668203436
0.95036436784829714
0.95678206760130047
0.95659607411701497
0.95666150748334478
0.95205957599966362
0.95668996203365231
0.95779325667906734
0.95650737480609727
0.95872017935730625
0.95848938477949841
0.96112140632510334
0.95832914641542122
0.95448310258319324
0.95989490405778932
0.95779096496112615
0.95971253679933477
0.9545157774277242
0.95403100690306797
0.95897073972164992
0.95827373199490629
0.95825215864685487
0.95727599448817635
0.95657622000724607
0.96023541930535239
0.95717848926024474
0.95194834070691003
0.95054640803161283
0.95268838253822141
0.94382819515504857
0.95382406289593835
0.9548503732039072
0.96110426038706109
0.95919477927115526
0.95585494237526569
0.95632982333008454
0.96039932526202343
0.95966772755825924
0.9591918688725245
0.95829868916594785
0.95706012385492167
0.95731672115794619
0.95809245144110744
0.95762637985210963
0.95411099818441458
0.95661906603854252
0.95567149980028909
0.95703255167681511
0.95701176003100985
0.94925644904917894
0.95375132492127346
0.95261811485835779
0.95230466683179493
0.95136903097184544
0.95347408189105221
0.95545970573287431
0.94855170674253941
0.94783564359091255
0.95475139585087498
0.95149450218109954
0.95504274084747809
0.95039435887169887
0.95539024385901439
0.95480932087116133
0.95720812453515347
0.95728365429354978
0.95218294707666318
0.9544334028618835
0.95470007596391482
0.94981375914168986
0.95763865403746906
0.95638122644150358
0.95520514447360261
0.95870056695147277
0.95863932558646547
0.9584099434844302
0.95322434903643127
0.95581902243337835
0.95743378726168049
0.95797724590166689
0.95450630667722991
0.95686213051303681
0.95651647079659152
0.95668935023993162
0.96077542230495505
0.95412386072175281
0.9600507556144634
0.95413296839191464
0.95932408206676667
0.95639901659833582
0.95314606543302183
0.95390873156474498
0.95580908410620136
0.9556779061407723
0.95099333684488252
0.9545752302141618
0.95176665292912377
0.9553605645534714
0.95293508323675846
0.95375395910737404
0.95978184784221532
0.95262367864530739
0.95293443335940275
0.95447279925776685
0.95799222970532971
0.95650253446666855
0.95894362405854627
0.94477431297212811
0.95233796029704554
0.96050243089762233
0.96118805644760175
0.95882646926973025
0.96293583585644027
0.95952282186698523
0.95922910509402703
0.96020710293520251
0.95822977290311928
0.95406106667316182
0.955640258615578
0.95885996046108213
0.951465377063752
0.95578422901940396
0.95325636374460487
0.95793807937315623
0.95594057450716918
0.95542670993676204
0.95770223546332989
0.95492544254870582
0.95522486369181192
0.95381288725141222
0.95215698862631615
0.95674452176614366
0.9552964492520829
0.94766166784883732
0.95502917327245651
0.9568397861331176
0.95342072747404738
0.95471481446333972
0.95728818752823841
0.95205279560107559
0.95912362444033517
0.95982768066454527
0.95740122583636134
0.95979784894029407
0.96157250007568906
0.95525743036655908
0.95331207363996284
0.9547333786850396
0.95638449618416077
0.95834175276512679
0.95596739695936128
0.9529615092846232
0.95559974086997301
0.95828111024221041
0.95866793700715569
0.95725576730424733
0.95496117797414992
0.95848124345075969
0.95768353225438874
0.95496230026055962
0.95787839970870414
0.95824561063346481
0.95847065194916103
0.95791142329327872
0.9555554140239767
0.95724311567212828
0.9500905401831522
0.95549559041427745
0.95251339887748665
0.95162385950398976
0.95957291092649977
0.95757511233356751
0.95521607744326231
0.94954713177841699
0.95346038470752958
0.95638947525737084
0.95651646290140635
0.95714474570012442
0.95355055801992983
0.95281997553060083
0.95715406213547305
0.9525129862691224
0.95250347593223339
0.951360282348791
0.95785581141850484
0.95776047049188784
0.95485931136795799

