0.95716631388822793
0.95853675200475719
0.95467978339742587
0.95559729764273715
0.95527646745264072
0.9579132757748211
0.95619460309660564
0.9559875433979087
0.95614396633182097
0.9586669999930858
0.95438898005968942
0.95440120039172216
0.95366607550211335
0.95494483840848521
0.96128033668942525
0.95956960306582861
0.94487436245105405
0.94868435612829249
0.95983960032406457
0.95917650006617461
0.9565071122674077
0.96058401024033935
0.95565949921060389
0.94944649574652251
0.95067381916511784
0.95276108868510578
0.95774965002237877
0.95009255032291784
0.95691982153567468
0.95849497410822415
0.95770517794713894
0.95959407849508671
0.95110016767481076
0.95193692802015117
0.95493300579538498
0.9554590084243535
0.95705404373884595
0.94912634143575869
0.95355059909224527
0.95933920088607882
0.95977841261331764
0.95510807918750951
0.95773978867887744
0.95737924537962615
0.95641140516501966
0.95940409091797896
0.95636001330315901
0.9548396594035774
0.9584319305154464
0.95475367996818361
0.95896276354303489
0.95536159202291715
0.95781380999520815
0.9563134831586706
0.95857436615103353
0.95802474814450878
0.95723291290524148
0.95612335967010686
0.95733130031440872
0.95709596339222935
0.95890718578218503
0.95977252666144985
0.95331896087746115
0.95994505325925417
0.95720296037152452
0.95491405031986865
0.95351565922397974
0.95350469694199047
0.94766163215135546
0.95402125800539817
0.95977696266527968
0.96139867344254004
0.95710955488021798
0.95847356875970069
0.95826607140800524
0.95283583410269057
0.95689039551392141
0.95542899346211685
0.95498934417390702
0.95277342319906444
0.95674564384020089
0.95841501495778048
0.952388428573547
0.95646747260734732
0.95530784152185788
0.95774610067494526
0.95865090812394171
0.9591431409708584
0.95773567871929277
0.95752082346825895
0.95426163537765196
0.95912365079873507
0.95603315448372572
0.95897144330655759
0.95650757875492842
0.95139877441669307
0.9544198994218418
0.95918180771751227
0.95764354654769479
0.95752569110026875
0.95737361130854182
0.95942127804843269
0.94915374352466697
0.95321608033293681
0.95350473868533903
0.95986207515168853
0.9579654197059132
0.95288635033280722
0.95522292953226007
0.95771390281749413
0.95261080687959032
0.95323317203817559
0.95523535533478932
0.95661078946684486
0.9563401250489284
0.95825325666227257
0.95310219117502204
0.95368595460436223
0.95206485980135702
0.95436452730836541
0.95491447014207487
0.9557629345448706
0.958469405822718
0.95545717303723088
0.95585330010484326
0.9595392896106002
0.95661263514994255
0.95527312565675759
0.9561088876945526
0.95708611644865071
0.95586977807850815
0.95989809521538494
0.95575071187155725
0.95744790223594034
0.96113353585155326
0.95954770400108025
0.96263153626376408
0.9552066507660647
0.95968177160653712
0.95994629298425405
0.95890932163966236
0.95548662054226952
0.95378661155313882
0.95028589723132795
0.94988539012718165
0.95555631329847068
0.95623730446034527
0.95167224495198166
0.94524993838309801
0.95576622213730178
0.95585148045477619
0.95592278359510208
0.95557877739936126
0.95763078776632715
0.955962449084094
0.96079865293932898
0.9558162382991221
0.95980509255188551
0.95616324411204556
0.95816808919084184
0.95469943820061676
0.95583327539817342
0.95550121438544067
0.95879547192027159
0.95251729273619357
0.9535934967338543
0.95560143261410513
0.95747494966306634
0.95507410565042383
0.9518190431916641
0.95829047445064819
0.95982002848126857
0.95979913364891456
0.95995028695150142
0.95292670402679114
0.95566171081559748
0.95477141187032344
0.95543903650188922
0.9565355592664424
0.95402763357618148
0.95387336061522865
0.95823399767404549
0.95238759612875945
0.95764062753188084
0.95557320428619663
0.9554101919631165
0.95978470836952012
0.95577751039539727
0.95622608862608527
0.95662837545110002
0.95852931573898847
0.95737286706767843
0.95328541219324237
0.95804573594877873
0.95405470316102725
0.95660747857540718
0.95829784028002407
0.95445612622807485
0.95655112407117471
0.95720234424793327
0.95807138055533236
0.95949126100727433

