0.94926234736783355
0.94703408090278762
0.94354439876332552
0.95026589975670728
0.94323671710096113
0.94958953039041938
0.9461036607770219
0.94833223759699603
0.94308249516348641
0.94670760824367173
0.94736060030191316
0.94477818264613678
0.9491390106858375
0.94444545092502463
0.94879758789600621
0.94069337105590733
0.94476259102993188
0.94602545198115517
0.94891584453242472
0.94765259285505388
0.94255935010799408
0.94910999624965575
0.94841758771493923
0.94527767832003196
0.95112419060331665
0.94891128692612903
0.94550492003401487
0.9436010821941776
0.94424912701333186
0.94780729288550025
0.9485092411139594
0.93483994777124857
0.94120787621801016
0.94830739224523874
0.94106438550770544
0.9418811867990079
0.94339624026544755
0.94541851490468298
0.94945705981662465
0.94608809312685971
0.9447567625479939
0.94439014102781327
0.94707673410860971
0.94546757707942131
0.94460792344049038
0.95267045938905004
0.94496540269293605
0.94834610001647435
0.94230056180095967
0.94991539736927633
0.94579692879542177
0.95106979540747993
0.94000555040352951
0.93556693503174948
0.93958419346872923
0.93844689828782335
0.94621259426635784
0.94210059907047916
0.94868668569879033
0.94217390097633591
0.94661579058273182
0.94535526941574466
0.94717941354740276
0.94858041049152153
0.94221616110098416
0.94881602370249296
0.95054801122080446
0.94625861287437829
0.94525673654972497
0.94885825145182934
0.94673485304397142
0.94748556540547557
0.94050283134266588
0.94554019328010752
0.93931750463328534
0.94813368741500692
0.94265445881002985
0.94721462966134895
0.9454684771953431
0.94615735778024279
0.94402676703862187
0.9419076382763979
0.94395723124899333
0.94179037455273096
0.94346580888778764
0.93944398471313506
0.94561796076050353
0.942118908708384
0.94478698149463325
0.9462118961532493
0.93873492759906529
0.93783409370889037
0.93481914122097853
0.93532665900249323
0.94596099186779103
0.94077973114272162
0.9492892497242954
0.94868578411168192
0.9464005248046502
0.94615321815189946
0.93765547465158816
0.9379609554795979
0.94946978364246448
0.94335194576119463
0.94082066127659059
0.93298019102699292
0.94286063453061586
0.93474266347101875
0.94827633144776413
0.94349783855448555
0.945383232342205
0.94401655437997223
0.9471323360280941
0.94897074634986855
0.9492359813281156
0.94986196876812901
0.94276669062777496
0.95102432491200395
0.9491512994875525
0.94782200458881294
0.93846652037190803
0.94684450513965013
0.94295668970478885
0.94783388716158457
0.94608321535617534
0.94219066106278471
0.94543406355464232
0.9398305515502412
0.94938906041512561
0.94162138298238807
0.94354999430110054
0.94793756810250274
0.94403530784865297
0.9428273980287436
0.94533941168754665
0.94422752134429722
0.94271002059781528
0.94392510719934708
0.94315761570612866
0.93406671927402241
0.94463417481570233
0.94899555892442056
0.94948199481925311
0.94301270142316607
0.94524566086725192
0.94475069567516579
0.94259421350000949
0.94869657186777334
0.94646060699285406
0.94772856281282936
0.94342118553466836
0.94477757643179161
0.94587457799233265
0.94889860831174455
0.9474388064748015
0.94864387751866464
0.94744537946784257
0.94351167275093917
0.94274347448064078
0.94436562952533698
0.94714662758629897
0.93983687486828815
0.94650544135155701
0.93346054480168317
0.94650184800334369
0.94463931221795916
0.94559967232469577
0.94723041988260703
0.94640673154017174
0.94581013833370831
0.94346689610312728
0.94522958155961179
0.93912495007504093
0.94797834643846746
0.94250743536684645
0.94057205227270968
0.94095992444652932
0.94349041094089092
0.94243732965457649
0.944730127929854
0.94234680379959701
0.95048015571780198
0.94851152182905685
0.93768966984345459
0.94740934955106448
0.94804842947161783
0.9428588715501508
0.94934803430016068
0.94168396579040548
0.95208692690616126
0.94350948069200657
0.93856927589303785
0.94382891337221209
0.94903734881553492
0.94313591359136562
0.94600827220117845
0.93845065570684838
0.94012354381437091
0.93173438078625437
0.94439214230987523
0.94777798496930865
0.94778570825081054

