0.94893439541672042
0.93179119761130769
0.94436252330300807
0.93855559703520819
0.94742706566736601
0.95109146717481174
0.94172095152713553
0.94601137029073534
0.94254073627699153
0.94017871898226812
0.944314256682244
0.94604895944016454
0.94590664564164806
0.93846596295897655
0.94750182583303932
0.95065423979539243
0.94138253020819729
0.94389716620181163
0.95271026656619662
0.94782244364203649
0.93829849308358904
0.94923885676976427
0.94169086633415544
0.94838097596671422
0.94823640448027346
0.94671560047297287
0.94045919879533557
0.94912918157464865
0.94857155096560664
0.94122401068002026
0.94501518778294957
0.93737194893652032
0.94194955596041041
0.94045731564339208
0.94435300254406729
0.94280802205718739
0.93847310325387023
0.94889136956392461
0.94107781368987287
0.94433545189045187
0.94832122314729084
0.94519410100039403
0.94584107309657528
0.94640587520038411
0.94382316925383369
0.94466708144547651
0.94299506936751332
0.9472734330990209
0.94398347579762365
0.94365213318633412
0.94732153384779549
0.94618605806032474
0.93968829972300683
0.94389523175487344
0.94640035950662871
0.94254515682949036
0.94438863674821305
0.95082577332490659
0.94009661479969309
0.94541369207163517
0.94899069170711237
0.94435983694551684
0.9456888242679341
0.94564898251814156
0.94582822806262956
0.94303243226367017
0.93733458754870513
0.94204040551149137
0.94384471531007186
0.94751905883752852
0.9470485540025213
0.9464310033950839
0.94137467463186564
0.94819091687173729
0.94156115860762424
0.95082503882915759
0.94480149254107304
0.94961735120273183
0.94727941032359453
0.94358110994633571
0.94418319356584202
0.93678462138242835
0.94052981053967666
0.94744485658800148
0.94292938645047542
0.94688493789411599
0.94278179859004052
0.94405668484846128
0.93865844591526926
0.94236064957382992
0.94828485543536389
0.94697253239523926
0.94069135309157648
0.94291977070340716
0.94247469020155206
0.94426947136922668
0.94655770747254664
0.94698212500905377
0.94577774917797697
0.95040334367852874
0.94403328522200902
0.94561978546491199
0.94471165769434295
0.94898711846619788
0.9443036353378863
0.94813045366356219
0.94675547426538653
0.94427518277779976
0.94566412334533378
0.94308331139795287
0.93689438189626983
0.94447789688369621
0.94463478708964754
0.93615581847263041
0.94468385022689538
0.94569450999326288
0.94168893551008959
0.94184471882981879
0.94376192375934653
0.94479274329949092
0.94970405554505588
0.93742881558464997
0.93991354858754816
0.94644047901560502
0.94723295138019115
0.9506968940827738
0.94350418821566129
0.94810546268299767
0.94829624162914194
0.94873665623938475
0.94799573253456204
0.94479713624750727
0.94239198030923621
0.94849863886243979
0.94808290344730584
0.94721128851722414
0.9458436726697832
0.94759077255819246
0.94923303123040159
0.95020759393358412
0.94465776551710978
0.94341364505508074
0.94443477182010016
0.94053613422987403
0.94390787411347665
0.94581620728596227
0.94881815841862016
0.94537739171803803
0.94825254277141213
0.94797044954717857
0.94683826548807515
0.94664561861589125
0.9458835859376572
0.94408818889756985
0.94739798882449344
0.94437996772396149
0.94765068624134741
0.9490761162704634
0.94628146893399223
0.94204075557751765
0.94366038970060728
0.95008953879246716
0.94825507145688359
0.94622994907186675
0.94805499096069101
0.94668461671945936
0.94547134959352941
0.94785035957799979
0.94378618027427408
0.94658449366337671
0.94282334178779392
0.9460833181267243
0.94789645193913197
0.94433657953067529
0.9484510258266714
0.94463720893258618
0.94897774855888339
0.94835553046033683
0.9438247773317594
0.94843024859305369
0.94435890679688217
0.94202008111981062
0.94840038012136274
0.94701398693093153
0.94566193766774254
0.94298912858753459
0.94416259242751421
0.94409830930972338
0.94770015482836878
0.94286182768102833
0.94548502583178884
0.94576111790149242
0.94402314971758861
0.94489567208732639
0.94465604743365061
0.93852422489276088
0.94955266083549483
0.9498428376701098
0.94430236510099952
0.94272534366056449
0.95009709951048038
0.9467321717372813

