0.94854609514995702
0.94761200590649752
0.94498060009089524
0.94988116674956036
0.94488772315085923
0.94267388745450376
0.94449925731032813
0.94661920500392205
0.94734221334151847
0.9437618386785771
0.94351410779123424
0.9411425800596267
0.94571915922978855
0.95218986031052111
0.94620637660286133
0.94491742214811747
0.94381449761546288
0.95022722717976671
0.94803648436531185
0.94173238332002596
0.94485466003647101
0.94631036052584117
0.94526947421892482
0.93798045847219991
0.94505105424367741
0.94521205293576704
0.95187302800064066
0.94676782592279474
0.94643339317209763
0.94346240105456369
0.94554321030465882
0.94635883239212937
0.94372706823023933
0.94632219029259901
0.95152318532860358
0.94697214784000661
0.94746068637829173
0.94044729413589478
0.94608531616897906
0.94243736564513125
0.94671914504476562
0.94337467109950879
0.94428486884978369
0.94435042055900165
0.94976793475157195
0.94487238788946648
0.94581067045821721
0.94771103964947456
0.94264135936478355
0.93899211020612838
0.94495999282151377
0.94784616560580215
0.947747729531765
0.94563889216614649
0.94508147109231055
0.94373285010198316
0.94684007210726895
0.93754414685114573
0.94465938028966046
0.94367369011803348
0.94705635347902239
0.94173517669407436
0.94688812751360463
0.94773837003012429
0.9431555923007281
0.94744942856501813
0.94098526531940252
0.94457559015548742
0.94584755173777968
0.94789786512658303
0.94384447742750621
0.94173880909862073
0.94646849938053113
0.94690915551395005
0.94736288780670919
0.9397223321847229
0.94073940285384783
0.93912415708281793
0.9457187181602621
0.94504470457161216
0.95151828314491149
0.94375018763188545
0.94835280959534241
0.94191377591309788
0.94376624559179456
0.94487475416742894
0.9457930334486454
0.94357518769115301
0.95136316853312819
0.94958515393862042
0.94957592019588877
0.9424056411155145
0.94624251871255138
0.95270114347403589
0.94665710912661771
0.94222555292351806
0.94530834806982089
0.94362211780579408
0.94829527890706578
0.94409702400178197
0.94676152801925972
0.94116021765207802
0.95137218286750258
0.94436602256283297
0.94608412483906468
0.94352608565306861
0.94829828524514581
0.94743162445054629
0.9431216493882405
0.95023417314250269
0.94773810920875767
0.94866488152297734
0.95191968492299472
0.95023847706036846
0.9466031635879345
0.9402711735796363
0.95029640572279273
0.94906842074973463
0.94206792873255774
0.94140818935311021
0.9453575155104188
0.94408051437298401
0.94079348489171977
0.94705735615308717
0.93505956246225053
0.94185048861873777
0.9475543926317197
0.94458239808464739
0.94597836970733495
0.94378314883861802
0.94607947918011237
0.94261877903216229
0.95097367070242145
0.94836239128269662
0.94621287640579343
0.94793330963040989
0.94567218685412946
0.9481601154249456
0.94150458630576239
0.94183538975084813
0.94804737967804953
0.94199883218625835
0.94528317965401731
0.94899221640257492
0.94752961545828507
0.93398374243498017
0.94073223927854932
0.94396132233583285
0.94550662342148872
0.94668395325572796
0.94860684561012909
0.95094202691598939
0.94572409163113769
0.94490507241378596
0.95177067571789364
0.94111902320828256
0.94218055773958098
0.95105771318699184
0.93876167128388077
0.9465833803178203
0.94381006959155234
0.94677755565256771
0.94503930921024226
0.94139755275837356
0.94848834994851827
0.93539116210509399
0.94069951016431907
0.9382036995705928
0.93129704584872408
0.94830282121369891
0.93680441628833933
0.94073467935448429
0.94452931216764213
0.94897622383204228
0.94971721950658683
0.94846086779338545
0.94328467166738961
0.94933002441078718
0.94813913999304311
0.94828739291385455
0.94859233951514588
0.93974228988212172
0.94636069364808495
0.94256629231527467
0.94615132929243706
0.94420822744690613
0.94277502789507617
0.9477378318809252
0.94793167381406718
0.94084958843511468
0.93942981845764528
0.93956095097654402
0.94553521508466687
0.93685047596363402
0.94654551154612521
0.94111382825266887
0.93956281556501897
0.9415421719010989
0.94655493557698955
0.94860201474815442
0.94534283510188821
0.94807456243664545

