0.92014166737869263
0.92387574268002548
0.91902529726733484
0.92183727543827287
0.90744693170229118
0.91206700420718301
0.91579082325405492
0.91025165448668055
0.88924499953723135
0.88828550764726077
0.91775314351914439
0.91544754199480882
0.92226262292231909
0.90017776604759392
0.89546470898462638
0.90747086043430769
0.89665093671069707
0.9023366103547551
0.88559452696190488
0.87031698698321991
0.87505570544890987
0.8662401161796921
0.87318593693415103
0.87335779906285316
0.89615105841604559
0.90468181216918053
0.89693719928300952
0.91695803095952644
0.89280376444890175
0.90269944817653769
0.89930114318393672
0.88900511932364701
0.87454462883856909
0.88674144232007601
0.89253052473532757
0.87484215167830848
0.9035250480352236
0.9174492139140269
0.89861201741242669
0.9118716454672896
0.8978995411908347
0.9005600676278922
0.89202484964327089
0.88208889737978469
0.89102568785545699
0.88729888235024179
0.88196281824622946
0.86810845671800141
0.85206739125690378
0.90383942215389446
0.90580392828024037
0.88404914116465283
0.85943257908116544
0.86962087730655935
0.89289181037872334
0.898802652184711
0.9058834436618648
0.90323237406067547
0.91239330277623709
0.90134669253237165
0.90921068541185679
0.89895931363384085
0.91631847501519903
0.9186422884037182
0.92278360820809235
0.9125226404931045
0.9259546050050389
0.91888656354453702
0.92358976638064916
0.92196862754091002
0.91376119310648141
0.88959223108646046
0.90315051589135564
0.90860596060279131
0.89155631002812041
0.89986320186000979
0.89430720918935536
0.89043347256800731
0.90157682045338594
0.91820448761951845
0.8751983372504355
0.86871397283281271
0.90194682880723187
0.8948529249641014
0.92102399865207807
0.91428049516847254
0.9125195271426696
0.88216739160029245
0.87151091149721183
0.875163786403097
0.88740964133441502
0.8923826047656761
0.88771042410932433
0.89777129330776018
0.90564714955656034
0.90758211142643053
0.90429452855316073
0.90124459185485839
0.89896313704857078
0.9140201235353006
0.88821000150735141
0.89917818644338021
0.90721182898184094
0.92797118922012334
0.89823443962669436
0.89366433281189439
0.90129870566668369
0.87523277089516638
0.88147467172677374
0.89595317070312863
0.88847810939314353
0.87994945273790381
0.88738470714862394
0.91070794129605614
0.91731905137526348
0.90690390928942399
0.90466113589701125
0.89676374668695757
0.91504415721012355
0.89475906014253526
0.87591076478198682
0.87977268042148682
0.86430647289092966
0.86403306326188534
0.86929466603890493
0.87180277795688499
0.90753809640304939
0.89635664749248589
0.89903093183163907
0.88094683333516399
0.88118359067470542
0.89009916271343725
0.89543163383074975
0.88949944821862859
0.89055637235053464
0.89818488308667066
0.8883309707511895
0.86356285994746074
0.88967690258152476
0.86853249635415031
0.90436050076781049
0.90455541291793029
0.91339983873854957
0.91622366281744594
0.90739532255188349
0.89186094262387172
0.90434410323131076
0.89728343349315087
0.89955819889268207
0.89073588692875783
0.91030267104159368
0.91371688813675001
0.90937353600918069
0.91739289883200748
0.91525924093142452
0.92169737758643044
0.90915318951598423
0.92702918392264744
0.91575014808690958
0.90266401433171761
0.90768978131481248
0.89841464612539723
0.90669573349190247
0.92110561880039765
0.91066108207361385
0.91020879595147208
0.90524985554102222
0.90417817361830832
0.8953723253408773
0.90971426607239869
0.89964659229903543
0.91144861162319013
0.90299463963984905
0.91513194566719125
0.90253171904571927
0.90642138014610507
0.88310430739266854
0.91513159209128792
0.89746308497660587
0.90124133061058487
0.90038872739233011
0.90630936408055607
0.91924327518213578
0.92830346759515625
0.93365606745768048
0.9239417454933232
0.92983565060461315
0.89940371152632115
0.92021627477236112
0.90973738971495943
0.87962193113228182
0.86810376215382412
0.84936197619513853
0.88340034705153658
0.87525382662720019
0.89796721472847529
0.87926374364796045
0.90008232707497515
0.91537850691450406
0.91493196303637347
0.89116894304504379
0.9169266173703422

