0.92196144366229549
0.9263686920305152
0.92825128050898709
0.90265644917939492
0.88428900459736948
0.88901227703026231
0.9008075117189962
0.90675291275953662
0.91634413571047157
0.90331037217565613
0.88551666065078827
0.90243195298746148
0.9003210399687126
0.90666853597255093
0.89583556313318247
0.89623125390405289
0.91054054273938412
0.89990703809698513
0.90818640738823742
0.89878254484005005
0.89865133257896368
0.89705952842878756
0.87939147633746095
0.8954806305106533
0.91098572415219048
0.89846078714603395
0.87534956186978019
0.89294454461054351
0.88850215681404121
0.88043867206960369
0.88441455062518193
0.88983586761613476
0.88043440106843562
0.86143491134157235
0.88963422398280079
0.88341746345511551
0.92403879334382932
0.919359080728547
0.9069794597861458
0.91309748565989413
0.88180407226688073
0.88843097539802551
0.86204471327950238
0.86397379583326872
0.84950337728344749
0.90291257999039942
0.91394550355829307
0.90005108747674767
0.8883292414879923
0.91061465837445144
0.90737045696803642
0.89226373816812288
0.87934972947544365
0.88169023764365861
0.89706059508375446
0.8936904750151492
0.90088855970031345
0.89016482883063219
0.89246922643029092
0.88293573586281859
0.90010381998274835
0.90844388862857295
0.90555850949179773
0.89897934082974251
0.88369450506000014
0.88418020754616788
0.86230655644860599
0.89042725094216357
0.91191102551762482
0.91535515342377127
0.90751068479376218
0.92216236516554384
0.89643016225457273
0.90068183505583177
0.89282983384186421
0.87104480308112275
0.89245210888353455
0.9048617895988621
0.92593977864210597
0.91179867965877504
0.90130008676689821
0.90847965329641533
0.88880511458413969
0.90363550083759303
0.89300501390903975
0.90159800084079722
0.90141181008446769
0.90436306296403635
0.88624753835416881
0.89028626367329577
0.92528615345365506
0.92258815779822456
0.91953020554903908
0.90904694714043943
0.91844188885666522
0.92233804738010094
0.92074078358556088
0.93064028588793801
0.92473645536655724
0.92903686201520541
0.92036973853587012
0.9264217699426297
0.91776941324686889
0.90313167773680814
0.90326261002586661
0.9207043198448579
0.90540802434959322
0.90554526577352024
0.90778972885903175
0.8732827230321123
0.8944835559427915
0.87492688018801945
0.86544883126869665
0.88656395299468571
0.90766763039508236
0.91152191421562589
0.91311941192770552
0.91580595929850694
0.90845196375951165
0.90934343084253189
0.89943821477674291
0.90356980198528791
0.89535383183802508
0.88492149781311502
0.88200860488995769
0.89504370524253862
0.89472006507781288
0.89332332076303211
0.89710996406071841
0.89049368776436744
0.89578798108912305
0.90357154393555927
0.8977078083586898
0.887162735788948
0.91957435921934827
0.90429159763247657
0.91329074411738764
0.89108771640424855
0.91201813475003224
0.89015360825608003
0.91476849260575099
0.89537254016908152
0.90053940426973755
0.89553820764364189
0.9038570693865402
0.88908574344070446
0.89567759392409285
0.90034124152464301
0.89887216343780352
0.9195475981977913
0.91454269330224114
0.91627238937719713
0.90260829799355591
0.87824943636570951
0.87232506711784952
0.87390924064588305
0.81291397727910664
0.87612222061617817
0.88531625869597674
0.88896971014746551
0.83972450049790159
0.85164821844035343
0.88610081799706064
0.90561779833325673
0.91835978418888498
0.89820113213017549
0.91694874779477187
0.92486971047153366
0.91584462524652666
0.91213210738452677
0.90097935772449977
0.87954050567338138
0.89799877396195027
0.87618352439606495
0.91567054054368369
0.90956584271510676
0.91100182131301277
0.90239930673417046
0.90114598565719306
0.91056671942932443
0.91993303140533378
0.91345283864529436
0.89750580059820706
0.89055055630873747
0.8914240569318711
0.89237025520376101
0.88331192793890279
0.88360595398564967
0.8844914611933925
0.88100531697316364
0.85517943679170405
0.85850482732699118
0.81907630722408564
0.848890632350218
0.90154443578605525
0.91550906919257513
0.90992825436215496
0.91143451325904068
0.9088387515003441
0.91294910855761657
0.90655136811969961
0.9156997103786142

