0.91250523547491824
0.91212071329094679
0.90371515922195755
0.90216972934119444
0.8943264009268177
0.89756305109514145
0.89952965985973343
0.90146451448638498
0.92383760839339202
0.91507387709862142
0.90455739134744606
0.89751304419816191
0.89531334793829886
0.89213228002676659
0.92419566848679857
0.92582005583652283
0.9123707598119396
0.90433926611738502
0.90074810444365261
0.8828741061463139
0.88129463423730137
0.89856302897349594
0.87548208527511784
0.8905150160599945
0.91446351346288524
0.92105839156833935
0.92788010689900791
0.92894919885855531
0.90218815441888689
0.8836609609377174
0.88162876821277281
0.88845481421812533
0.90489453661373842
0.90185008811590095
0.90907338200913146
0.91808202938606387
0.90246387277452744
0.90409885284825664
0.90519049849614497
0.91896657096588996
0.9087818458699658
0.90592331962871331
0.90606128717344248
0.89888739438750287
0.87419160075474345
0.87506783983343761
0.89380557574341957
0.91928396434667592
0.90226758001509688
0.89598473692432667
0.88560269110530643
0.87492708747083214
0.85562891459931767
0.85332536201545239
0.86635086307487297
0.85599706752103288
0.86678677700575624
0.8715642209306419
0.88990129361474046
0.88062835435839337
0.86767379905226294
0.8732537086928791
0.85911639437578347
0.85773393593642333
0.88300372634350666
0.90083878154687114
0.89877629356762656
0.90925678389631326
0.91923817279856379
0.90894843200329434
0.90050835883516711
0.89505176399931918
0.88574601829855704
0.8976653038204625
0.9165160727534124
0.93186239155313166
0.92192991067459851
0.91093582067778012
0.91932344558019019
0.90324233925483
0.88890014675772311
0.89703797243381189
0.91597674297871201
0.91094251013378957
0.91792663079451109
0.92714101367485502
0.92810257221208781
0.93339210001143069
0.92757356426424675
0.92966356847555998
0.91878390295307988
0.89320667910313778
0.89451508544219971
0.91325572780421915
0.91392070758184096
0.91345790467765375
0.90585373481889142
0.90631166093835158
0.92274528468558281
0.89539511332937749
0.89297326334126825
0.92181816118645654
0.90664637901036915
0.90975516640593934
0.89449381471256362
0.9037564046926112
0.92096133399023572
0.92355789846240888
0.91280425164219758
0.89460331685708139
0.86465682643073372
0.85717924899971165
0.85347702438911399
0.86403205559141105
0.87977540847556945
0.89868323542392359
0.89957176703238795
0.91801902701557414
0.90521485578935157
0.89314989205204698
0.89833172428826347
0.90359131095218692
0.90309534098935018
0.90710180336897139
0.92333744889274905
0.92256111440313249
0.92292641661291686
0.92186076651326676
0.92309407891694761
0.91360512884835055
0.90776058195792519
0.91144497276850378
0.90811598822683781
0.88529075606018026
0.91980480322430413
0.91831099898146284
0.92248532757137458
0.90760847573710934
0.91554587372023899
0.90526677585218962
0.9084132125545219
0.9201186049453528
0.91478657903486249
0.92301646693024109
0.92233127071573973
0.92036779615944542
0.90691079958804022
0.90135451533612543
0.87861281183389273
0.87003817360899793
0.9053913715972608
0.90544171277440688
0.90059521691003164
0.91858865010995017
0.91203241893675002
0.90316434987672223
0.89832200640679849
0.90312904811728656
0.90419066668994674
0.90595174868809336
0.9081338118355039
0.90952628563958837
0.90561742453949878
0.90904588329855518
0.8826038888470461
0.91295442550035011
0.92272934623513936
0.90656555782219794
0.89501111870222394
0.89613200540846971
0.88082668367898398
0.91711793617921555
0.91157025644532363
0.91659285478342056
0.91484311451284739
0.91918243889469553
0.92588114302299629
0.9172918990568627
0.90624923822671344
0.8981744480846009
0.91157233463010701
0.90886537410880974
0.92206184475568331
0.91916220429183415
0.91852318133866651
0.91111698373880823
0.90900401904741457
0.8902158912098519
0.87805060823506653
0.87731371807185643
0.85765674844767104
0.89927314177447426
0.90381841193468437
0.91498943313496062
0.89970868083968369
0.9129293816940186
0.91555307048448276
0.89662620534411541
0.89224527142459031
0.87057141998986542
0.85492374526564141
0.881678447119153

