0.87620187318318077
0.89177740960614693
0.91016738900268401
0.92915446202739571
0.90133959314558498
0.88659687923245689
0.88813956538597583
0.88932672221927989
0.89907010577830349
0.91183752088833314
0.90602947538248002
0.91370418203699633
0.91158720086807055
0.89566066627166629
0.88917523224519146
0.87519457958498692
0.89436972852611019
0.9000359851970573
0.88349686907724656
0.89497981319167863
0.9161957103246402
0.90665292504152351
0.92092805448210269
0.91023037717557809
0.88702118494292792
0.8839169372675959
0.84796140654061836
0.89638352108800246
0.90217832513272134
0.9105657518012088
0.89977530991123134
0.8978575366967978
0.86484256961487149
0.90274537264496291
0.9091336507300477
0.89550074711679473
0.89992911458398461
0.89806674426615618
0.89604588044334144
0.87018269932880998
0.89279135298892065
0.89644879980961822
0.8995120379646151
0.92247760078265406
0.90876668687381479
0.91277567630780654
0.88680721628487424
0.89905276253464317
0.90683790007444054
0.90443619798137875
0.91048627230497192
0.89804041635486198
0.91485053997827459
0.90957899116886842
0.92235903378055573
0.92033589090229995
0.90882906493938553
0.91275118149401202
0.92391246689886231
0.91388459323360172
0.89640976814320716
0.9040435378466708
0.89696738330236392
0.91098316519071831
0.89964506740543637
0.92810194705877336
0.92152752928018966
0.91069475225620378
0.90591875098664143
0.90780624989695335
0.90685352703752975
0.90761763560464792
0.89696656139598996
0.88116518373762764
0.86602052348706282
0.87231476679794429
0.87718624927468858
0.88289973992067394
0.88940220865985953
0.87374899935232686
0.8759791765231858
0.88391907346354182
0.88085903684713429
0.86445295970938174
0.86097287226739339
0.8711625245090806
0.86456663474703488
0.86911125257977129
0.90847681504941957
0.8916261706587999
0.8920428605833407
0.89598697322390752
0.89280937060225196
0.89580349704774909
0.9041861586439347
0.92370442771902561
0.90103052598379263
0.89609123573926874
0.92104614133334684
0.92194154243611703
0.91626769456053381
0.92566718248197843
0.90283932698765179
0.91707184016893006
0.91018257243322176
0.90212445238159156
0.91606617443722549
0.91312851296348529
0.90048519015048201
0.90766511346912748
0.89894807243676711
0.91667359828130834
0.89839205677153189
0.90314891055861801
0.91476196064384807
0.92252337441667076
0.91144785969060871
0.91577066263901108
0.90727827310587028
0.92115156886195548
0.91254681415068539
0.92684353361916716
0.902594918928733
0.9027301169707771
0.91263870849246975
0.90855015774450421
0.90555966846807345
0.90572969420167171
0.90597667746608823
0.91932555270854011
0.90978650359688551
0.92372220334390187
0.90518528866090742
0.90415317150002139
0.91047756933492041
0.89489546169227085
0.9005688858357962
0.92499502363923525
0.91673200358331475
0.91320800517982481
0.90865185433162565
0.90888500654972515
0.92103824391599332
0.92326848492302172
0.89797407283279562
0.90471360734490136
0.91104060860546288
0.90858053146869511
0.90049579356275156
0.88308998896488466
0.8770053801144605
0.88770076900175776
0.89085357371031648
0.89758268020212928
0.90010766273181497
0.91921702701210362
0.92889496568531305
0.93362776572211004
0.9302663333643304
0.93429832701421944
0.9242500747199498
0.92789269909150196
0.92555260186027921
0.90785998640246268
0.89562572765732917
0.90460286558798708
0.90574040055734983
0.91462087227014177
0.91178018152901963
0.91346819525484158
0.90446877577358664
0.9064828168043777
0.90398080899038846
0.91526878781791543
0.92140130154551125
0.90161114984847457
0.91741739055201843
0.91147702896295235
0.90628856531247226
0.90416379496686983
0.89925188359934949
0.8888148960790988
0.88442591623652511
0.89965688000062394
0.92243259135842826
0.91913110133601306
0.90885594326548547
0.9032813833927823
0.92332991345180526
0.91446754502905636
0.92064937813240688
0.90956425787074791
0.89917749905801247
0.92548197105888619
0.90739559827581417
0.913042767505307
0.92183818408338669
0.912984976534162
0.90678873905620183
0.90770259274738674
0.91380304359656805
0.91883726172660396

