0.11402858849871288
0.065639113788264286
0.024545489796528229
0.046353967800050723
0.062248012903084626
0.066323366541978068
0.027949893244730468
0.082962437694521773
0.10554009837047562
0.085241529890637491
0.02378533026071955
0.032245916616459286
0.032009881583166908
0.059695810424533466
0.085849081237252989
0.081343356199498049
0.031440803260821305
0.049014302893274873
0.055520146423052648
0.091338157433412559
0.044770567728405673
0.080908211900799096
0.052331066610440499
0.085836492635164366
0.055037758499481018
0.035477852521054627
0.11085174570559807
0.060421869463105189
0.068364218419588299
0.084453561582769107
0.022134187910123743
0.087523906975048901
0.054992155576129347
0.08433345643813088
0.1053628360369514
0.060000875643364635
0.10629729907499996
0.037263059226182775
0.07143714802198077
0.040629161582688776
0.038546524221196365
0.071000710258125613
0.098738042357824726
0.092499479272457302
0.070292772892281682
0.019876995550756994
0.035210226226506429
0.075912030060391919
0.075029132603835744
0.040051372336270437
0.048945231085061998
0.076349834356113158
0.01577158359044107
0.057119318147735666
0.024881387699900784
0.090878502677318049
0.039699562963955888
0.037548084604763304
0.03459007591853925
0.081761616567970874
0.0066770363246170987
0.058492756418710726
0.042076304260768582
0.087796867547271132
0.013991648701064561
0.064382316620033284
0.037301033353583334
0.045119808659918159
0.046494405247339471
0.083715050192215174
0.085483731700935942
0.052336486103456162
0.046496651751676207
0.040305005443331425
0.074563362957477272
0.039028076810768385
0.033122098790607742
0.036406226093969055
0.046592330503838798
0.025344166902080703
0.047162295669680221
0.048175641024948652
0.017077123116127149
0.067636695100081232
0.058723793393484019
0.10057822903209146
0.028722973107206288
0.054759079358704742
0.084970602872977474
0.098659102806607293
0.027676255405462993
0.017138436124364238
0.064663542205062194
0.071758499230169748
0.033217586898642161
0.040768967922555653
0.043780746065101385
0.029162795470636171
0.083904385215934366
0.01653619783196868
0.058686759068395399
0.010221168573501442
0.053379802091951353
0.060339546930250475
0.047794967975122359
0.091455002612970807
0.027576770658677516
0.085226661432674503
0.025806910517701568
0.060053331433443442
0.016511118149595657
0.053377732236982306
0.032439811413351463
0.044357955261402432
0.029935902047872515
0.026445710166652814
0.063511282380819933
0.01417929700178684
0.045368243483285949
0.11217003838808859
0.067358392825110996
0.052044873324180736
0.021479687441751501
0.058673489772919009
0.041634482846798437
0.034108255757375132
0.10972122450098992
0.037489324615983963
0.031756669301131711
0.093511412655647219
0.047543489143451266
0.0280447884495439
0.044833607386223398
0.12374914698904438
0.03574458422571003
0.042545225624841768
0.025950224694228648
0.074755365634289278
0.017233232305086391
0.03612264594769643
0.046159381139539928
0.031396655292820895
0.050154559746977058
0.023352502949663699
0.07450407262075423
0.051874955140319923
0.06102636994397017
0.036798173684110348
0.026114468907830608
0.10421296311011474
0.13703804633541108
0.054395394344141632
0.074334380243040593
0.032577215268033539
0.02867322067413491
0.030240266975980788
0.013302738756601231
0.11770006876606588
0.045287184721399601
0.11920738010501157
0.077502279405002136
0.056360072699585428
0.10964298637107339
0.043413521399273507
0.037959662528952103
0.08048172816348019
0.072579199352488619
0.12453577893221843
0.040042367484041663
0.031591299208201279
0.033221251756495908
0.050776291112767047
0.071723748724069517
0.054704765472516459
0.080498941888608538
0.077863969500345562
0.068129623634472211
0.016731840022922845
0.025013101277286204
0.061323122237775737
0.073727148388537042
0.072450976759257851
0.015938323520752553
0.055962388792209661
0.044128404386911999
0.026285562349022684
0.094656189633137336
0.052164291412677574
0.11285953341695953
0.074448123613964495
0.092063810463878418
0.11531255267347647
0.03146632887946299
0.039320557620774563
0.12539582330362428
0.097726044093153899
0.11351080520220908
0.081868563870362718
0.085781350436936174
0.078040553892852416
0.062583555103270766
0.083128603828761097

