0.072512414257325145
0.072257121300430854
0.067348599427825603
0.059688186348618652
0.079908113694560579
0.11374116356619408
0.014249080156317184
0.05298312643412819
0.013858679402193557
0.063936567730435184
0.01744909970131648
0.024515226106621223
0.093974066508034262
0.08503587598548755
0.041469278396417238
0.018565734351524209
0.066154870321274428
0.057908446505918712
0.020406779703607714
0.017545374985130528
0.057717902375059894
0.029388527976513978
0.069001662235921565
0.093733831179031335
0.039435328865159616
0.055754521055265738
0.12530381333898091
0.066082407342016161
0.027290436361844164
0.068761217135074146
0.047617750599045924
0.066637650613070615
0.092098562249782787
0.030374225677864984
0.024113688600908161
0.077118253887655419
0.094629740335075319
0.076444413665214511
0.020793074354465303
0.038942832691149176
0.038525611571022488
0.058561382255548293
0.059676414014536619
0.037027873010000052
0.054444545603591001
0.081826483813497428
0.04284125351448053
0.037372502156697261
0.060596295745624133
0.068851590818284888
0.079759746785068683
0.13272528975261755
0.089629645219382853
0.030610163322596275
0.079489315071539862
0.037349880651032515
0.04261645007602393
0.041882791252548901
0.011663996254782424
0.074158007049732827
0.050469718874156355
0.026702179142481859
0.062170228067857936
0.07192213343913724
0.049251226536926693
0.033326312433806356
0.035244489213033574
0.088859720567782796
0.11323527438204271
0.073107343001523536
0.11137844553744082
0.06966158742561035
0.024804589361811156
0.09997910313284139
0.064739508268515836
0.079359204781319193
0.061529190867809759
0.0097741494318133552
0.096537454915748722
0.039359368559757274
0.045114919835419209
0.088583289545338881
0.088075004729411155
0.052123877157519982
0.025563139947928186
0.067011672709637732
0.021361216650250075
0.036274569596137347
0.067561972667497833
0.077752289126681515
0.010498368628713055
0.056278140070466845
0.082503735293049538
0.11247777181632836
0.042252524738294064
0.04072310988391703
0.10854257655030948
0.033869590658299017
0.089470558374333126
0.048944871270312482
0.031069479798338445
0.065134733490802732
0.051624715039003649
0.06442642052904414
0.067347140786544565
0.08422975308971134
0.067770580623458448
0.078436823008132525
0.071555560901268245
0.11730585337744205
0.057127023365492698
0.049534904417863873
0.042527616614817632
0.05621747600726134
0.05262598330854041
0.050645263047125424
0.04442847527654871
0.085451909443791427
0.11202381661782759
0.11804692154247874
0.071238708421782496
0.051392814071690794
0.035115726856391818
0.078212212462627134
0.026385397186757045
0.06003702852059551
0.046085932220813086
0.091120714386587268
0.059051698006383761
0.014339910776877936
0.1161441991445282
0.019921386347100434
0.070520597156141576
0.035191598747538862
0.051177658638762315
0.023085089006826549
0.061308039596679506
0.033533299716485269
0.019554883636093246
0.056961092981765195
0.13602682720109155
0.10474931545623219
0.028403743792063729
0.079207703185004946
0.083427251709789416
0.079900230995451335
0.024453998482539447
0.12159661061923276
0.093647888165302923
0.045288349395274527
0.10312023132678766
0.066543721723140686
0.069333998403900921
0.12326390245731651
0.044769490739366834
0.038856464029622742
0.081631753829337933
0.033956999757738505
0.021378456512805885
0.044293241751440497
0.029193717473068339
0.031632657301353929
0.067296549558754623
0.080911307920051814
0.079002987180415749
0.056266707520389675
0.085121877193321455
0.021899985769431939
0.086393733903054132
0.09489682926327099
0.03046357324663734
0.12006538413368709
0.038543362548732495
0.075400480829026617
0.063329883858620845
0.016527005337330793
0.025949361583975854
0.072593000396346849
0.047649586179552256
0.10457407422049342
0.011591662162515146
0.060990479806646798
0.10486106174916848
0.033661661743486795
0.078692860670273326
0.026547178459562986
0.024996895398062175
0.079529206920898002
0.03960684849637356
0.052943050878457014
0.074909343120137362
0.053504897011548661
0.057073468240588586
0.019928754607592115
0.0034013586528881886
0.087184854948183149
0.04770518752324341
0.050802973419226169
0.075920352966731774
0.1324919277503703
0.093516426586348012
0.015853295795833763

