0.97798918142329283
0.97881273856728823
0.9769713314784163
0.97964297272989032
0.97793810524291314
0.97692101984816526
0.98033796860890898
0.97625543120071501
0.97679337991319171
0.97691672755955705
0.97774794130728016
0.97845861494999942
0.97648780561521109
0.97716543374225373
0.97966318432872546
0.97752765513350715
0.97697472137107055
0.97812897312429226
0.97580190747500872
0.9767792008113344
0.97613540160066148
0.97571120452679039
0.97996566454962353
0.9778851275457624
0.97780864026705738
0.97680704699090337
0.977709159345861
0.97795956180147658
0.9756658978370073
0.97868449833732418
0.9783886861139881
0.97674905881348661
0.9769541733199546
0.9740731491700354
0.97878930504048856
0.97499927566647659
0.97723764474032149
0.97674863635259845
0.97766807101176134
0.9790069918062132
0.97716696522022539
0.97674736801924755
0.97844672639974128
0.97707596295500021
0.97754272007574938
0.9779781456547556
0.97554888834515119
0.97929322307623157
0.97703396312680812
0.98002361166810315
0.97795196553277053
0.9771541402382955
0.97946464817061207
0.97986906135682994
0.97659233109055632
0.97902108921136011
0.97601969620913243
0.97748133519123714
0.97602221870682015
0.9766833269099896
0.97695339460651953
0.97520944957873201
0.97705876927457203
0.97785456768600665
0.97702776071794739
0.97773775773592453
0.97830611336292939
0.97907775140096265
0.97613606797474395
0.97649094749619203
0.97938563589909289
0.97617529623479804
0.97614966733994135
0.97863476713728237
0.9770166339609393
0.97738150078253228
0.97626517414692504
0.97505323907632513
0.97769941376988878
0.97587208990878682
0.97622540110433431
0.9780374726471559
0.978229486338973
0.97704329783863519
0.97835849846419698
0.97729540955031424
0.97824521514269869
0.97635639003828401
0.97794153144142537
0.97719111068888043
0.97683703758257601
0.97925762395475091
0.97518025841771938
0.97841225331732828
0.97601750138645871
0.97740784424312166
0.97924824562553869
0.97673917889777295
0.97755501287267876
0.97827869408398371
0.9778326079348425
0.97774428137443725
0.97825194432809204
0.97806267559593729
0.9768643792896271
0.97643950276966707
0.97878121713657973
0.97636404806952581
0.97430608973126542
0.97876554025815043
0.97821273189743652
0.97822512540120687
0.97538442767642619
0.97833260092447638
0.97699565536665478
0.97659718006162277
0.97902698518879938
0.97745066531860525
0.9801877211878145
0.97892825667969063
0.97733478290172171
0.97431546257993806
0.97570140203947753
0.97946724159199561
0.97927896582235141
0.98022312971875014
0.97738956453343273
0.97872704524142839
0.97937388082234411
0.97869449310512191
0.97770801202319968
0.97421592394540457
0.97702627353941951
0.97523185391656908
0.97287627312174363
0.97531320252464615
0.97927578489997902
0.97562810432639235
0.97779082320808586
0.97923628106213323
0.9777988860186696
0.97776338256973616
0.9766153657716703
0.97810662355087086
0.97742342796091097
0.97749858877482054
0.97766257038213966
0.97545516853537662
0.9787415131588274
0.978111616753362
0.97779315814419276
0.97806806392747525
0.97883786171870935
0.97737849184816405
0.97685783486675803
0.97761569260105208
0.97710098045329352
0.97761190690447419
0.97405468781715954
0.97748441578664491
0.97744932993933997
0.97788513224937967
0.97885112191578683
0.97893666992897588
0.97563087469499388
0.9772466148979454
0.97502336262257949
0.97766898208719355
0.97631381838112596
0.97680626765921319
0.97712926687572288
0.97811339922019103
0.97920528927182704
0.97731201015880997
0.97848236560474111
0.97692606732289577
0.97657519593794029
0.97860308787639072
0.9772941811491479
0.97771623004125519
0.97526158371221927
0.97762180976608526
0.9758756603505615
0.97893444973224908
0.97724083216791868
0.9777395870584199
0.97823150244805701
0.97695158934981208
0.97789002969484518
0.97686918863999617
0.97874502536969143
0.97625992173941845
0.9773184889456199
0.97620374024061052
0.97778305461904791
0.97829772904613355
0.97922724905124914
0.97873134186157518
0.97563029817781821
0.97764164200567416
0.97785717201113631
0.9771632753555558

