0.9767816240886118
0.97742596743063426
0.97738607108023257
0.97622561871956615
0.97914939758883746
0.97809936161804223
0.97759494935767111
0.97796431269556483
0.97623517521452685
0.97705216396400107
0.97720944474111415
0.97585167976947684
0.97833790403928367
0.97595104714303482
0.97338586195782706
0.97725024217289902
0.97809694369855738
0.97614368705086285
0.97663099044956814
0.97569496506753872
0.97619360155810553
0.97892636699278646
0.97862712236817495
0.9751767614774518
0.97884950479667199
0.97758746215602998
0.97478905316596665
0.97510609185699293
0.9777749755044558
0.97575916314738009
0.97912515542731393
0.97783298464891943
0.97731957898506994
0.9765710205694984
0.97579924427353226
0.97744156329068621
0.97660169362867932
0.97593831830170186
0.97853185158663647
0.97364988866536273
0.97813763811386567
0.9785695110563053
0.97901126086745394
0.97688338311284584
0.97877163845118742
0.97557570487752354
0.9782512939205098
0.97782782622858155
0.97700972950172782
0.97334958959010243
0.97590733016047948
0.97822494112929581
0.97565514070882364
0.97683218796999616
0.97821943751214291
0.97604050168339895
0.97936902823550698
0.97613496254737875
0.97720050763144828
0.97749376206269911
0.97587949631806736
0.97446258597092539
0.9758817489731666
0.97760797218656303
0.9774716383030605
0.97761875036915657
0.97683180542481574
0.97786796695831801
0.9762841480785428
0.97732465144005443
0.97432792565107984
0.97723910759918686
0.97787393685548119
0.97812475856188752
0.97518029712003218
0.97595926534760302
0.97587596716429459
0.97787418067261955
0.97441286625857504
0.97969448956748617
0.97793541807665363
0.97690412514516511
0.97697361707975161
0.97605881242386461
0.9781039478425293
0.97640582596275971
0.97645715093782159
0.97596372398440168
0.97697327242806631
0.97664875737115375
0.97749700829621733
0.97804078069864209
0.97898159103452698
0.97896073956076635
0.97907827162814642
0.97839229795923044
0.97948847856508403
0.97645245751920617
0.9758682211167421
0.97802620123625272
0.97732144409358701
0.97648556568810385
0.97651019147572105
0.97930395610972643
0.97978022032052858
0.97909639411754601
0.97838572909340649
0.97672448711999549
0.97599568716142948
0.97871415059144728
0.97825011006569473
0.97698169916889044
0.97629184845908135
0.97745066687362914
0.97648241833727722
0.97668391048485514
0.97945926803062533
0.97663645873567184
0.97792221050026396
0.97756142505063537
0.97806649549875113
0.97672600829684464
0.97847584196298165
0.97673697165951068
0.9760640406169786
0.97702031579915349
0.97626335120763641
0.97703060773090822
0.97656630576157311
0.97791018710142208
0.97736119921022091
0.97727941013647701
0.97712900625440857
0.97914449598285924
0.97795015527047058
0.97569325201355539
0.97858554977405054
0.97787295070483127
0.97546471372103916
0.97781183732114507
0.97854060944986121
0.9776454695953759
0.976016224792704
0.9781743388903269
0.97627203091941228
0.976197456087182
0.97470439124832275
0.9729070072945607
0.97731645159859448
0.9784136394053452
0.9778787422075349
0.97825691419077965
0.97808072003802793
0.97785304353909019
0.97606645452612351
0.9777751379123637
0.97679107597180581
0.97510269911256686
0.9786969791533231
0.97768635408975901
0.97939011471152793
0.97935203479299215
0.97927348567603378
0.97726504918133117
0.97705714649562203
0.97806855019872463
0.97558217945528491
0.97685644422537588
0.97686425182795944
0.97418146127864824
0.97599034081257174
0.97704503895611416
0.97644165045857401
0.97466418636816521
0.97916230466580023
0.97562460443193755
0.97730261549589903
0.97833316079064025
0.97709922078535028
0.97813359168403979
0.97869597191920432
0.97649951031421756
0.97964996437769425
0.97832121439758846
0.97480881981049028
0.97624242982554887
0.97614020124984646
0.97718815850481899
0.97770327913154209
0.97695921924296081
0.97914926523789991
0.97884282540015843
0.97741569281301077
0.97733310997976186
0.97857153205146064
0.9771587706711552
0.97928954025729831
0.97757677198268356
0.97815419799602743
0.97608963207727528
0.97872819414166889
0.97671694452307978

