0.97395384761426174
0.97386853881922519
0.97805956572887487
0.97751150990632074
0.9762649620778312
0.97718624916975749
0.97787662609008708
0.97664742459357801
0.97562597064205203
0.97672565821190627
0.97896111865801128
0.97755617216477353
0.97868767884207364
0.9796125337035253
0.97733472174974745
0.97513306179163084
0.9756765045362108
0.97736923109311558
0.97932710137634771
0.97632274534595453
0.97756894875946332
0.97908721034980828
0.97991356572028754
0.97561767611714756
0.97702887962760865
0.97338928493704835
0.97617511187988559
0.97728571277594456
0.97636603949224576
0.97445415486541809
0.97575890091524542
0.97961721514088507
0.97753200173586807
0.9761253808918211
0.97556886514629393
0.97520650237005746
0.97642647304082186
0.97866802923964524
0.97690502827945414
0.97594931821265973
0.97679861461399176
0.97833080059910238
0.97724439950386444
0.97794134880523031
0.97641609408848107
0.97786782903907754
0.97749310236539322
0.97325512184541241
0.97708067869282311
0.97511989947691535
0.97694876337615433
0.97618221718459663
0.97635325082763058
0.97677077992513883
0.97711258987709049
0.97577740788098011
0.97817091009262125
0.97715761357737518
0.97571232124658613
0.97593981958697473
0.97483751031857668
0.97429817921925443
0.97645160414668941
0.97530614050776454
0.97880850473063896
0.97823410311230807
0.97863352689954186
0.97723787704471665
0.9785629879322234
0.97877812975458778
0.97997127040037002
0.97561397025941754
0.97894633563016731
0.97993881472841471
0.97861306633328304
0.97831112279942556
0.97778456359345656
0.9747624538064048
0.97540378160028873
0.97179217386236993
0.97736733953049015
0.97597511749831556
0.97820600137823688
0.97896378074220602
0.97748632238248889
0.98029217899724586
0.97747575579024604
0.97765873354273691
0.97439325313530023
0.9786435860103806
0.97530645995698884
0.97320548759366554
0.97203028833283767
0.97882217919362591
0.97394936152140432
0.97107317775562707
0.97415548635361127
0.9775067116527415
0.97695068232715987
0.9770922462920294
0.97837028010009131
0.97634785705151361
0.97574621394485239
0.97746564058571328
0.97984114455726734
0.97782329286891312
0.97868446820260302
0.97918892316080097
0.97447305807097306
0.97548003748114953
0.97455415620175412
0.9778189844989672
0.9760301257691969
0.97827515748757776
0.97552853750460866
0.97901367054291077
0.97947632221527103
0.97612986653181211
0.97750595239399796
0.97782257852178844
0.9789837887587054
0.97631722852216474
0.97625179252535565
0.97648626665083027
0.97569245776114122
0.9752559943366087
0.97729897958248702
0.97550128152334281
0.9768862043591886
0.9743943908095628
0.97302624870387977
0.97395882924583177
0.9756825865725296
0.97555498298883991
0.97225459468488129
0.97546693756686331
0.97631594080929951
0.97867699904860839
0.97769319145128275
0.97753373029108603
0.97610235543538704
0.97191429463694745
0.97472914559738266
0.97484940101133666
0.97629406775558703
0.97685514313396837
0.98023504778687798
0.97842195095433293
0.97806492046864058
0.97789159057272723
0.9724567224731383
0.97859355903443623
0.97310864839301459
0.97406786242963339
0.97639402420146548
0.97701453574392627
0.97789664390905617
0.97642978767194266
0.97498363673951216
0.97597292271302383
0.9785174631598702
0.97579534981587301
0.97929187437118581
0.97752206656991858
0.97826794886843749
0.97844965340818069
0.97683015134836859
0.97786853453039457
0.9771462918414372
0.97573853859741833
0.97575433126820454
0.97960640479968153
0.97792351968986124
0.98063493181373707
0.97858159551213075
0.9749874951928944
0.975974431106161
0.97754019879984666
0.9749788190810792
0.97821438445612729
0.97645205764486587
0.97539038986068449
0.97535809903158632
0.97516716718038587
0.97644541823964293
0.97788395893600755
0.978660855213072
0.97862313499192355
0.97712226578161121
0.97644796758124563
0.97905895802558751
0.97680334185113948
0.97847748882740393
0.9773301143254306
0.9772525811377113
0.97703566709045764
0.97755368127048092
0.97807392280338912
0.97689180163896949
0.97817405645462585
0.97810435399732942
0.97891346010594282

