0.97822386315857413
0.977709634977041
0.97692609608026371
0.97840439609012086
0.9773420804696441
0.97816535112377767
0.97791728597346583
0.97769665295413222
0.97897903707362999
0.97682523967669743
0.97860449644431124
0.97779683255500704
0.97786938639386978
0.97652933076288984
0.97651051117447019
0.97815344881574362
0.97623098035505096
0.97452114061665163
0.97752939806728267
0.9772378711544395
0.97403746819613468
0.97733968763721379
0.97837206407190958
0.97915338813064878
0.97678283335211069
0.97454023843010895
0.97638912455214966
0.97451073383750342
0.97673005307615191
0.97514584299172102
0.97689529587158741
0.97739858052741246
0.97683627149049423
0.97792949069468782
0.9756518938393659
0.97835519519697822
0.97951686041983577
0.97760633907289862
0.9777689904801089
0.97717619945688938
0.97745333766020881
0.97493773056425814
0.97640958380656862
0.97759824173360776
0.9780445146516058
0.977178000449207
0.97696438037075217
0.97790138003447225
0.97673983584513047
0.97766353817139906
0.9760580296277146
0.97751306355164924
0.9770801626762734
0.97821761175523092
0.97875124241905387
0.97653830640393824
0.97749645589922196
0.97762200284045286
0.97922983271154074
0.97367316755114963
0.9755078420630231
0.97608246272395427
0.97744793284600129
0.97551493727411931
0.97764532875734522
0.97803435513534831
0.97852589798893197
0.97674116460560856
0.97600143178611676
0.97646475387599652
0.97680971073091027
0.97539176424611607
0.97649885290926342
0.97671870375797809
0.97854486283575148
0.97779880904471017
0.97966795489376934
0.97768744417126996
0.97672442430728024
0.97897582778476
0.97647980751211683
0.97655042963312289
0.97727134837968288
0.97536908974872438
0.97826056140022333
0.9750906729212987
0.97546045939204307
0.97588790105147172
0.97600302179829046
0.97693959375586648
0.97928788566553027
0.97677565502208175
0.9788434659750902
0.97822371928108542
0.97796978844594795
0.97615745650668129
0.97734234389387387
0.97913227380308565
0.97795832327981269
0.97883013444556266
0.97700091142363488
0.97809019912221451
0.97849849647785703
0.97810021408113201
0.97767135080200129
0.97758903898764771
0.97739141054063006
0.97683545286613949
0.97738444921074696
0.97907897766194463
0.97896578384124833
0.97669031520280625
0.97466180400535973
0.9742725721383968
0.97529891636575794
0.97868613292283058
0.97734144717630278
0.97712161954315968
0.97795061265711059
0.97834112403735884
0.97888731149530106
0.97778398385787024
0.97846518689712214
0.97621443609439051
0.97899475964714933
0.97967219070194322
0.9773412542339911
0.97787201840482862
0.97809298913424736
0.97845823171019919
0.97702504186573036
0.97802059580566703
0.97686789610355973
0.97665197711019369
0.97830393102657154
0.97633347318698505
0.97730998279953418
0.97689244937362774
0.97599742953757074
0.97720465441546944
0.97812730496972056
0.97815142574164005
0.97923600916588882
0.97795433730831338
0.97774735832477289
0.97374293381220689
0.97550804402142521
0.97597322123021024
0.9764900185589972
0.9798810747931076
0.97729427431955529
0.97665743635262103
0.97770425908827552
0.97785423685385309
0.97814812874105106
0.97688650778269515
0.97876569521153256
0.97509247065607174
0.97303405960433698
0.97683442309737201
0.97529379330356147
0.97636597824478322
0.97885166408893598
0.97871795583264376
0.97894093098685209
0.97724842469297946
0.9786677843861521
0.97839437150487374
0.97733003072829683
0.97803444983989118
0.97696216175908857
0.97664487535247235
0.97546956546039243
0.977114837815931
0.97768477333507808
0.97567648423646958
0.97563287033008539
0.97537744743927146
0.97429203493938044
0.97566426048448196
0.97780420286204994
0.9789522507086108
0.97736042241722654
0.97713561305410113
0.97877500596832068
0.97829398746133966
0.97828090494979514
0.97794522361567782
0.97794878733163437
0.97600823318166696
0.97645806857861783
0.97813236319206276
0.97752352527208164
0.9773162708151103
0.97491199831527731
0.97704467451369881
0.97538004604537198
0.97701737306661651
0.97720496328156081
0.97656801447071806
0.97756115003426092
0.97704033187949779

