0.9791444775172844
0.9777740633097235
0.97917433248826147
0.97395067714023786
0.97806858860318657
0.9782661120466144
0.97516705821272731
0.9780780983016375
0.97754028859386932
0.9777589035905413
0.97888051666352605
0.97671337385928281
0.97735735160794679
0.97795802248535024
0.97939379929729431
0.98006085544669164
0.97822000044502744
0.97694741246853944
0.97618336009535978
0.97642415741935018
0.97839911345929131
0.97607877669593868
0.97645394613642544
0.97664811173150423
0.97699712000748928
0.97677637135395745
0.97644366020360129
0.97525951926751964
0.97668717932641969
0.97861597533557465
0.97805830636621194
0.97627435102471538
0.97799748569674572
0.97946840088253306
0.97853467211757827
0.97911411791960545
0.97901175943045282
0.97810190557469734
0.97715787950952826
0.97612603637605178
0.97509996390621456
0.97234090632740877
0.97528257787170858
0.97719422344943274
0.97567506024522777
0.97840924524082162
0.97656121148538833
0.9777797870759587
0.97876179326435253
0.97531226777967395
0.97675276661809529
0.97588528835720778
0.97696958487647667
0.97739769724667058
0.97599542967165642
0.97555951931287666
0.97551760885234351
0.97666820534554522
0.97942152940362892
0.97950015880674235
0.977284078268852
0.97937466757681946
0.97703008070979336
0.97654422229213378
0.9772254600341812
0.97607659336176578
0.97858955768691203
0.97618988775060245
0.97701794413104093
0.9776837520044015
0.97826387327448738
0.97581540496189434
0.97809771670555234
0.97858404268704924
0.97841651905201754
0.9771832309764874
0.97622435803370333
0.97574657583281854
0.9757473162556306
0.97508852806999635
0.97723646219710192
0.97682472588400115
0.97814472207718928
0.97695004756702697
0.97779980063826033
0.97990690469335595
0.97870300004466637
0.97903471644116491
0.97629830652798633
0.97840775350400899
0.97754454733541585
0.97927098180172167
0.97807302180367539
0.9780657913060935
0.97644206786138532
0.97893403450197469
0.97756570843470414
0.97669458487464655
0.97526132589917258
0.97575705875860175
0.97647608122495744
0.97707232307673531
0.97729968397995337
0.97574728173496894
0.97716966801576965
0.97883310882827834
0.97675613439602749
0.97861272814063338
0.97855105552759869
0.97817878103661671
0.97911341960551146
0.97680570063905436
0.97898303500426731
0.97898106647531713
0.9798101154045612
0.97856620761051871
0.97792220710705458
0.97805990829145517
0.97898679653694265
0.97716177960945316
0.97702659563801475
0.97833475154434257
0.97727786413927942
0.97765429074003118
0.97819287065858507
0.97806553183801448
0.97555532780242393
0.97708384092399381
0.97684154180759419
0.9758151737544114
0.97705969096440626
0.9774463169334745
0.97869650780211281
0.97920969772289501
0.97715251242762369
0.97466786930073446
0.97801348925002329
0.97638062640735901
0.97751659106939881
0.97619660617733162
0.97366317581380457
0.977400435254
0.97960962462227985
0.97794749408665682
0.9776533109853246
0.97776129135394518
0.97493303313619251
0.97775399787141759
0.97835225405260984
0.97784823000483556
0.97493123694467432
0.97784183044467743
0.97700815864548951
0.97795142007002878
0.9746338987058174
0.97727616775517989
0.97849485904942113
0.97683623533148356
0.97800348658411485
0.97953484527148105
0.97766739715978535
0.97813744402103664
0.97687040320595353
0.97942508418645546
0.97885702003294239
0.9766337870110986
0.97689687679145676
0.97538566514824121
0.97927655614816422
0.97668963355674732
0.9772287109625577
0.97848095246948996
0.97983779235812374
0.97824898002577654
0.97850686159469014
0.97839942070893049
0.97859845067548568
0.97661212472493153
0.9779907778219169
0.97698239111221474
0.97785000037041159
0.97729664174182451
0.97822353405469664
0.97776984477636786
0.97742836594597049
0.97829168570211522
0.97695401285720973
0.97824014691144046
0.97587676065519569
0.97712621982515324
0.97859950138818419
0.97823843317194725
0.97973947307507403
0.97820856507575138
0.97883133980459269
0.97691769334495282
0.97802876208860923
0.97703184899324325
0.97658814085686607
0.97750666693290145
0.97828136364557228
0.9766422959944403

