0.8406962920029909
0.83758792040296226
0.83302286624711974
0.84096096435661061
0.83779377732278293
0.83064163080550524
0.82882824396037491
0.83684867090660531
0.83922342125207328
0.83744162181582216
0.84314817062011305
0.83709096176149933
0.83753769891831631
0.83154019801478019
0.83467703580069985
0.83778306799426505
0.84132202518060117
0.83119786817674857
0.84136479414593346
0.84120659826050559
0.83682751364066121
0.83355973957458962
0.83867195809336836
0.8316494573490737
0.83125413473969167
0.83528964354874502
0.84090219474401939
0.83220243340964484
0.83699315269537689
0.83252932722466444
0.84460511740364397
0.83706125481393878
0.82797380984596647
0.83526283677118074
0.83613274837606277
0.8396832094469826
0.83386264950696909
0.83649466823195895
0.83203480771322391
0.82837811888434176
0.83641641942843548
0.83990963124592444
0.83823305354407007
0.82787910503169704
0.84351910211951242
0.84274360706473417
0.82745131739750999
0.83441390000818427
0.83189843948062747
0.83744703265560039
0.83909583569103818
0.84377195068289912
0.83786171643022833
0.84487977194935804
0.838052874068132
0.84239757252838143
0.84033428787768494
0.82240348804662144
0.82760369404583722
0.84147198956197788
0.83843917648499744
0.84168189083641143
0.83981905195112172
0.83866687678805774
0.84437401346505025
0.84557086579737972
0.8426902582351653
0.83498705789170091
0.83904932518295272
0.84273501514433424
0.83507795077157809
0.8341668503470131
0.83958363407453451
0.83449279801250087
0.83070005885547615
0.83966293283953386
0.83622647132969041
0.83119111400063028
0.83553902868858787
0.84213199589853882
0.83493333374668277
0.8275206977384727
0.83732841482008624
0.83936096136686222
0.84083661704257773
0.83783137999768587
0.83204824310085845
0.83182819602769287
0.83685488542931719
0.83806818498877178
0.84365968065662122
0.83307981509658691
0.83551358584314106
0.83723130591400352
0.81917600072598429
0.84204605499299146
0.84127912809444449
0.84232873915579487
0.83332090580587082
0.84149888776711212
0.83501639825404561
0.83001257452846888
0.83676116692434022
0.84426283576949646
0.83883847721372407
0.8347891673599005
0.83032645639926861
0.83684427151948282
0.84210469485791917
0.83958087092647982
0.82774360601052954
0.83964764727640351
0.84023934862468364
0.83821473217480302
0.84175731775447682
0.83600133726754022
0.83630943424336024
0.84668797117328909
0.84501072318574599
0.84652977434559473
0.82711891968563311
0.83255316033940008
0.83620090582689044
0.83226875670725164
0.83292245150543254
0.84247478898982919
0.84097450973588161
0.83673067729474226
0.8328680391786375
0.83747233158347079
0.84448772296792052
0.83654804300709307
0.84362173558390485
0.83329648092442532
0.83677461617503235
0.83984798292182261
0.84412176225105329
0.84211213672940777
0.83468167143054084
0.84044677890059549
0.84079310251260053
0.84102494969208164
0.83364203093403955
0.83659158353792495
0.82319232341306947
0.83111501183860648
0.83771875476797619
0.83256579545025966
0.84139981769146177
0.83140881819911427
0.84346202235330647
0.84098499897580858
0.83102362963397225
0.83565268404508075
0.83436088219884896
0.83950167133698972
0.8303495995026372
0.8378141552061793
0.84566261639537643
0.83357939223947941
0.83813536833779345
0.82921863349865699
0.84172850579006309
0.84647509881704375
0.83590085349623844
0.82825573024444654
0.82667343124887671
0.83081581420278672
0.84154499000464378
0.82791707439300988
0.84056082650080011
0.83663801725527109
0.84364866582518994
0.83973508809321795
0.84034479655166305
0.84256340498288895
0.83949600076688069
0.83223988165504315
0.84214345626302578
0.84495706779125468
0.83214822832883206
0.83452685292183471
0.83868411662813935
0.82736040513514297
0.83289551630678282
0.83913821241788122
0.83214244437714913
0.8284674061099917
0.83469392357642025
0.84786901961888939
0.83365342030259704
0.83600972691230646
0.84151204322956152
0.83567990827130434
0.84121626229562718
0.83922912540979133
0.83323864629418487
0.83802802684550914
0.83503778815206353
0.83522981567363241
0.83546257791319134
0.84248981351817731

