0.84347877325679665
0.83661034310984972
0.83639867288402459
0.83901721260646422
0.82815788643339561
0.83927963198927757
0.8421034858906089
0.83421909653594684
0.83984201377642442
0.84079949788351849
0.84655428209404926
0.84254991428012371
0.83353170196464521
0.83956955413021161
0.83630792138850785
0.83372146230297195
0.83004927819825525
0.84108667787523239
0.84436345382783107
0.84405930763708226
0.84101808794459354
0.84362759813233446
0.83278739814131897
0.83296887303984612
0.83394542343817868
0.84256116137474435
0.83543951596966792
0.8348587612923366
0.83807583325971868
0.84400058597791527
0.83181158394313592
0.84034812443437479
0.83631896447680443
0.83357958645103258
0.84388704736120534
0.84196764961125514
0.83881908418722706
0.83561869137842404
0.84142653059236217
0.83744493980488754
0.83447924040647081
0.83825483945818458
0.84169051326324307
0.83568847219086573
0.83890511755644959
0.82397548159894096
0.84050355492823647
0.83261761184665606
0.83848044418766099
0.83384690272115014
0.83311452035808387
0.84348463404051366
0.84015829007964316
0.84154479042529062
0.82851087758731456
0.84238871504867585
0.84174070574822268
0.83552173891900072
0.83390928080298865
0.83953621301984216
0.83763192642614004
0.83438731245725883
0.83474972891559751
0.8404968279583388
0.84181834977629966
0.83833535386865288
0.84373625447452549
0.84295613552166315
0.83898946483335213
0.84335694271555572
0.8342193635944205
0.83516279768588231
0.83811710940482875
0.83286536386354537
0.83828820131234349
0.83825547189936522
0.84181380029876096
0.84347721923641161
0.84219459844193989
0.83901770127099617
0.83740565991003535
0.83397085482520428
0.84169890556637228
0.84021712740364518
0.83565980313650179
0.83781476017830148
0.83945805893778946
0.84138820356390698
0.83365387142088532
0.83895811445446478
0.8356972416820575
0.84221636305600278
0.83550213766113968
0.84332169271254187
0.83748611995143307
0.83778297645631317
0.83155565370373519
0.83735527289101197
0.8437277530476831
0.82929921890590008
0.83038981741266626
0.84192087099036061
0.83420548388480975
0.83911449850974851
0.83649642567298899
0.83852143783356092
0.83751172364549564
0.83497610716450232
0.84223607518611809
0.83949623686439567
0.83991918855039749
0.83566164988445246
0.84278537892726213
0.83088436336553217
0.82768534160814855
0.8368660279749538
0.8389830166182497
0.84436084987571858
0.8307623314791357
0.84244592331232326
0.84160526099705157
0.83311184089647783
0.83795947361831069
0.83552483141704881
0.83935405578803768
0.83298565351742593
0.83467941436681459
0.83504369882939566
0.83860456189532528
0.83469292556308872
0.83872764795779842
0.83310751928388638
0.84019296065003823
0.84067262715539481
0.83887615028758655
0.84110821296199401
0.83450142278765949
0.84058240331185996
0.83680901286551501
0.84081101188568363
0.84224521240979455
0.83982436490371015
0.83730003776660722
0.82528959765051135
0.83501127477497339
0.82544779319215789
0.8380231610116029
0.82799234023098411
0.83777006411360588
0.83992316775692044
0.8427586255133187
0.8329181554046724
0.84430343270316788
0.84298316095947656
0.83841234626375127
0.83230386174525595
0.83453098178953922
0.83555937581690076
0.8371826526118018
0.83806144481167089
0.83887944935972114
0.84358839270118302
0.84174789740709066
0.83554822278622776
0.83309237060172936
0.83346038897764896
0.83893038052805791
0.84073448500552717
0.83241851949175016
0.84299473867639685
0.83659084881204904
0.83111920538660133
0.84137340600402777
0.84234603228371929
0.84465022526356237
0.84114811737169026
0.8298653679004343
0.82200801087183073
0.80979013700634617
0.82244072387827916
0.83239294474916758
0.84171800744352654
0.84392616226644457
0.83861849263706478
0.83477824352690455
0.84063630665887279
0.83859957462719814
0.83807963541533359
0.83894164590950493
0.83380570982052338
0.83115205832713002
0.84225377323069917
0.83192819569960019
0.83453436882436094
0.8410043765208105
0.83880102739299367
0.83929606445837279
0.84346868689963173
0.83568985349547087
0.8341708305660378
0.83995124245293395
0.83806278535232026

