0.83979340757296106
0.84332439317884045
0.83497473351381568
0.84263919630133866
0.83709227770075945
0.83987766998245461
0.83756838506889819
0.83335410870146898
0.8348515689625009
0.83574995677463015
0.83589504967905626
0.8349393603644325
0.83881342524558311
0.83549815476222711
0.835436802581352
0.83737896152764146
0.83877650559747396
0.8378570876176199
0.84033814029896414
0.84570936976354083
0.84601541066318109
0.84306462933390791
0.83443857012873757
0.84500254364486771
0.83258099799953644
0.83513984119893414
0.84509512168614609
0.83715103465494078
0.84616335698004352
0.83472558331969371
0.83759905872125839
0.84494555429037377
0.84256859883794433
0.84402863714751719
0.83567108296581971
0.82955406039935031
0.84562751537480596
0.83585144694419455
0.83697844902751517
0.82965891195908625
0.83048551080569954
0.84650506062335662
0.83899531318310305
0.83880640564586406
0.84047168310212594
0.84100165801156279
0.83089156581296242
0.82039991978722915
0.8387289957884605
0.83484333897854512
0.82953645059659609
0.84015254993881205
0.83758068711329048
0.82237103183611726
0.82773394042038972
0.83938863103325789
0.83795998229755531
0.84208300026355287
0.83621731100562569
0.8385064554757703
0.83841616843966404
0.8440261947566432
0.82631774413072734
0.83420635604452475
0.82984093796678138
0.83345182956899633
0.83716642721308587
0.84075883583984967
0.82454667723428543
0.83539128896816151
0.84357095326496356
0.84167032840903755
0.83347418073972068
0.83501033597969332
0.83789588955719463
0.82390847352003937
0.82315061854158256
0.83747617027098986
0.83364344423851366
0.83423626109058102
0.830800583797072
0.83991570112996872
0.8432835175293163
0.83736664095121149
0.83557517931749037
0.8284875729020964
0.83831301652863166
0.8377084324381785
0.83380805109960132
0.84220852586758166
0.83628918947629349
0.83819181698399825
0.83915193732721105
0.8397754206866036
0.84142057145851135
0.82914323121368427
0.83312786500598446
0.84135512820358505
0.84470049159696858
0.83602902114212618
0.82129432743328556
0.83981930289040463
0.83281624106892871
0.84018510774931499
0.83662437766781939
0.83826082428908089
0.84501308760910721
0.84379843821968548
0.83975518132337168
0.84417420466778526
0.8381095957916721
0.84405548710429257
0.83954310919974562
0.84167720834158488
0.83878345514749419
0.84418241756811774
0.83787858228664425
0.83849238944272741
0.8410296411538758
0.84482914585358637
0.84059802526041083
0.83780923945328822
0.83188522043678059
0.83528519896314757
0.83797224021920447
0.83796970272072224
0.83651379679003934
0.82582192315858594
0.83143569779064186
0.83837549253966048
0.8378017077980765
0.83349483543512548
0.83720153649679951
0.84033579640339662
0.8361221166349585
0.8314159079430703
0.84037949109446153
0.8428876881023214
0.83869256504077905
0.8427969582696071
0.83791784581323203
0.8347107881854311
0.83980770299079288
0.83929282303150821
0.83356222369640731
0.84054305447888544
0.83900133503204677
0.83475948739159989
0.83644928224923165
0.84316407086710388
0.83702025992428331
0.84091492596373918
0.84337176865396524
0.82953733703866128
0.84185214863902136
0.83557904270888228
0.84278695697753814
0.84001267661948542
0.84164634673277794
0.84035553167042976
0.83466154859694719
0.8352267359554183
0.83990902084699903
0.83874574154108161
0.84177971221776282
0.83296377498099605
0.83432985636806933
0.84074524744920698
0.84490606108218191
0.83275693963266428
0.8381927000299797
0.84636818223733867
0.83702561196506098
0.83895720293515486
0.84105808752882172
0.83232135405094432
0.84393124290489074
0.83634985001386852
0.83840922742784896
0.83867034699053333
0.83558301255815759
0.841601261977314
0.83780286224765921
0.83869341357446148
0.83171953158037282
0.83775485814630735
0.83407948993151215
0.8395347437448254
0.84452089997926105
0.84344974201228107
0.83887007291334459
0.84204575980570495
0.8358789892127424
0.8421309063928476
0.83918391350170596
0.83852778597648203
0.83428733038781078
0.84096284677324207
0.83557816620713499
0.8457228612215304
0.8411966400136669
0.84009492634832406

