0.99055956897772546
0.98542377056122943
0.98893245399038288
0.98897954950167855
0.98889067173017875
0.98766150180339829
0.98879818655768381
0.98943744259523059
0.98785105928631878
0.98965503988620662
0.98832996120609606
0.98967586652253292
0.98951445303784913
0.98808659217217665
0.98719531487098144
0.98895619856431038
0.98699941694853888
0.98804903784691411
0.98957225405936411
0.99066765898727283
0.99000113266264067
0.98710103025035589
0.9888562732467665
0.9890396795211418
0.98767174860395623
0.98936166496300781
0.98887320185588745
0.99017671974354671
0.98972652263468575
0.99007367522954337
0.98912335520909866
0.98875433191855044
0.98968771538395361
0.9894482901373246
0.98971265593630042
0.98946354027041283
0.98886190734905621
0.98859938083194643
0.98895773682417332
0.98845109695576361
0.98829443873364864
0.9887055573940805
0.98870957797640668
0.98905775648132765
0.98810621216290739
0.98930402197684675
0.98986984127784128
0.98859860376936037
0.98867146576995457
0.98868465644290515
0.99010343783942756
0.98822746362611447
0.98966782117811081
0.98976431858937541
0.98937868452722644
0.98718899015772854
0.98920573092494846
0.98823869604294101
0.98756637933276969
0.98775994961431757
0.98816584440140109
0.9898528745703119
0.98947643238207594
0.99048139357047738
0.98944066876059278
0.98808644574962512
0.99053152074429596
0.99009410516445184
0.9890966879376758
0.99005620477097622
0.9891023098923547
0.9896026417102427
0.98856251202668621
0.98950526114598136
0.9889709497210587
0.98835499736443377
0.98980741002179129
0.98963829693694272
0.99018539429795294
0.98791465296875036
0.99021197532019978
0.98970866266836244
0.98813820431259658
0.98893751146531128
0.98968697122540894
0.98829936408335572
0.98858137296322346
0.98931219454770103
0.98940984030637558
0.98942121977995101
0.98896249838342998
0.98904594287616487
0.98747704715263929
0.98844041052706777
0.98919759450282929
0.98817404944047393
0.98783199901721042
0.99038933097818305
0.98943600228597783
0.98650623816735328
0.98835546240884009
0.98667300914973166
0.989645873470406
0.98852997781631968
0.98967491183105916
0.98835368922436462
0.98990532454613211
0.9884325846880978
0.98903885607511521
0.98864062958067001
0.98775436323566401
0.98703780224966431
0.98497647534247901
0.98689535454232136
0.98717127211333866
0.98785995652483038
0.98888009341150074
0.98888358558580391
0.98847910666798233
0.98924131766804113
0.98810865861781372
0.98834701732696117
0.98726394472322032
0.98913422925792449
0.98899539373099454
0.99080893989044083
0.98819631592400992
0.98763281768063038
0.99068691285352928
0.98796954285652339
0.98846971728349886
0.98887280650203024
0.98949496858239749
0.98941324230201966
0.99035388970039895
0.98924139237736031
0.98870913702705054
0.98844451937033062
0.98822788761624247
0.98687549961476662
0.98951152459947589
0.98781201564408694
0.98978803435774987
0.98911560669883414
0.98972051288367024
0.98755262428528368
0.98838096163103706
0.98736444252825473
0.98707946927290646
0.98708819713365525
0.98643940876589586
0.98717253758440437
0.98959094040321294
0.98969030095953126
0.9888982191169482
0.98890297758943502
0.98915237090699937
0.98824722405320931
0.99024982298898057
0.98832761886297238
0.98406878759016292
0.98875077184551097
0.98813500575982605
0.98954058493420638
0.9893875589666703
0.98923306058663207
0.98926569071794213
0.98852609978371042
0.99074978010235704
0.98818308325292492
0.98638400899871448
0.98622346225026858
0.98804381950328091
0.98819577014545679
0.98847143952225303
0.98894935714851218
0.98971829903072939
0.98784938937567823
0.98887591238619277
0.98983929832734552
0.98891551657572507
0.98926152035258952
0.98895226233964384
0.98922336402361688
0.98944264724747255
0.98873381947278416
0.98823365468485014
0.98840472337969154
0.98749134162756225
0.98771806485681535
0.98728911443306511
0.99041891058881382
0.98886373352917711
0.98847450270648496
0.98904627424263281
0.98898778273674659
0.98965421917998442
0.99089334024888454
0.98697002165790615
0.98948665186297624
0.98938317016800814
0.99004019915256136

