0.98863429409597514
0.98800281134771517
0.98918806955709893
0.98968081430118426
0.98903103198568776
0.98989659023962273
0.98966301348372521
0.98836297828720765
0.98821975989556021
0.98929813007867207
0.98898325435402823
0.98868075006521128
0.98985828493110639
0.98887744676093303
0.98899994437117222
0.98760803532281849
0.98939792840397167
0.98928863163819036
0.98795115480674656
0.98892474795387775
0.98853029652456903
0.98818585230530653
0.98874580142298185
0.98932229968766261
0.98946914581161827
0.98818884280327024
0.98874396668557862
0.987194805362822
0.98926158007055343
0.98687394000177786
0.98914390199036406
0.98802205841827928
0.98910893898234009
0.98839168073253436
0.98765252488041511
0.98898585758165392
0.98948859300254965
0.9887408651994245
0.98888590520957642
0.98827283012557887
0.98946393040140179
0.98912659830060012
0.98971176200243038
0.99040550920450965
0.98647016405651455
0.98785447277671157
0.98950133815154462
0.98759708474894758
0.98928711340127296
0.98784080394485096
0.98926931387075623
0.98781647046274512
0.98969992712860444
0.98958452686494813
0.99040868159774387
0.99028592480884348
0.99048092832574552
0.990425681228979
0.98772150076437837
0.98902532145120259
0.98977145797419408
0.98915336401998777
0.99065140858325473
0.98995452998146583
0.98858015124872722
0.98833330612343939
0.98975728834860321
0.98857449095284389
0.9899552123806824
0.9893595610395044
0.99014995621201529
0.98690347294148917
0.98825284365776067
0.98866473690407142
0.98754883224025181
0.98808429527833974
0.98839754439522609
0.98804479702244496
0.98915394811812196
0.98890879250459318
0.98893928089350114
0.98871026389178351
0.98909030038617984
0.98869909198237904
0.98946293889086612
0.98867811141840722
0.98912701183776308
0.989675723880451
0.98906872050157391
0.98977499879003694
0.98938417973247594
0.99009249393047594
0.98812774854987007
0.98820063492112142
0.98766596196471723
0.98833524256410232
0.99003314621664129
0.98936199153160431
0.98915953993098582
0.9880478288174992
0.98901635327418036
0.98977416467335044
0.98950631752916618
0.988638915723973
0.98710388694620399
0.98947157853338452
0.98670823853670031
0.98698690039678483
0.98913378737007096
0.98850060918302329
0.9892295179540882
0.9893279290010738
0.98897572137552292
0.98864092725860875
0.98964138305628691
0.9893510849758631
0.9898121137726299
0.98878953200259678
0.98856973803249948
0.98793161826416509
0.98951345270017121
0.98888604371844335
0.98891115001162633
0.98907323997035335
0.98848436926567251
0.9883570277728837
0.9884821242110069
0.98839596092717397
0.9902279079794607
0.98959068929539873
0.98745813336294408
0.98816946058018529
0.98994602644427832
0.989573710037154
0.98885213291480611
0.98968310295382855
0.99046861374587503
0.989282964300915
0.98850517510520219
0.98917434010481931
0.99021552048816519
0.98945347509484372
0.98753041453670676
0.9897208258454937
0.9904781874680807
0.98850965565268156
0.99011980431438529
0.988500173348141
0.98896258041395513
0.98830848932119719
0.98831333470647664
0.98968521280367161
0.98976201012466236
0.98911824028042783
0.98937422540314568
0.98800134775985138
0.9893910921295016
0.98795346757548919
0.98854543941341821
0.98961240709089593
0.98922499402416941
0.98923804921653136
0.98928247345449594
0.98979390899441644
0.98908163723112352
0.98820264354622178
0.99075737147971843
0.98992998715418234
0.98960778516498682
0.99013168193269918
0.98891896239229293
0.98933776684789154
0.98885173834125473
0.98915037395728234
0.98800295453587106
0.98821879066338503
0.98846378250364708
0.98809043673720365
0.98829479380091101
0.98799606901567805
0.98898731252420613
0.98952579974395005
0.98882337259447428
0.98723007525745377
0.98844708162487771
0.98905973250054702
0.98784402835622775
0.98784251893103425
0.98860682467392524
0.99013532328110709
0.98934080745583064
0.98945555114800066
0.98905301677761825
0.98750117933649351
0.98816596866584738
0.98844896670615534
0.98824771666851607
0.98727025784675282
0.98839792240095248
0.99023089055736058
0.9895697159386645
0.98966457380708339

