0.97234965652535976
0.96794981990504902
0.96766709641045323
0.96352303029743502
0.96758408444380339
0.96853816584430541
0.96981969071942353
0.97584581517855384
0.97358251133384499
0.97564083893645859
0.97405654726399171
0.97325825127108667
0.96926677500127723
0.96203096831561874
0.9643365039571824
0.9648111176624985
0.97281374612937077
0.97138549943898445
0.97478790227549406
0.96297044377360141
0.97109488802166377
0.96842366129462687
0.97374921306925422
0.97245048900898601
0.9721541099795008
0.97399192755086206
0.9699424874220729
0.97269860059365043
0.97289893169196695
0.97646147859721422
0.97535333918261768
0.97867885771162622
0.97756183878493474
0.97930663126028139
0.97843494453215218
0.97805018770042484
0.97594665242769862
0.97059895791283346
0.9716263170559839
0.9754861998637453
0.9766390568750376
0.97374104352540702
0.97604339509244131
0.97136480722743268
0.96642277324629322
0.97353042662220979
0.9723734632864881
0.97551493202934692
0.97545645066196918
0.97569719967830804
0.97497541069539229
0.9790896703375469
0.97841615525427827
0.97751679097400668
0.9708286981881421
0.97672894920263686
0.97442309520444637
0.97340596929995027
0.97262372297255062
0.97362681676069107
0.96491396471486945
0.96631893257368151
0.96526325499358989
0.97252211005625977
0.97535246165534994
0.97278069946335965
0.96858127204461508
0.97026730081201629
0.96576988644567596
0.97047749539134431
0.97289809646315073
0.97414052584874433
0.97515801679486691
0.97445813386067515
0.96703201217627388
0.96450773610172813
0.96587702783441243
0.96646512241524207
0.97079612352106104
0.97170385374592227
0.96031608388159351
0.96164553633443395
0.9629433061667495
0.96171773473326172
0.96023644974099176
0.95940947745513661
0.9549155005949963
0.95747930444593454
0.96070370617162826
0.95901164388257454
0.96194894694673105
0.96334959379717389
0.9619283565135045
0.96085894980930153
0.97045060405389749
0.97193660845707763
0.96539240538932758
0.97200659338614814
0.96696088150927462
0.96573253562567141
0.96150457436580061
0.96516091189516906
0.96750947797559239
0.96119606026122928
0.9655876296158391
0.95741291242086601
0.96123865028944111
0.96248453146204993
0.95470982863799725
0.96578375357710855
0.9711745795726765
0.96968504568539626
0.96554999853243551
0.97391521454138796
0.97733236726272488
0.97155754428299523
0.9784746995422855
0.97647217425245081
0.97472589052571967
0.97218574830760685
0.97689784371586208
0.97569112246314305
0.98024410906097348
0.97902077731144976
0.97831355881903359
0.97702535945051971
0.97558759824281938
0.97224838476729003
0.97258604734901233
0.97522138506032807
0.96971656488824265
0.97241548050864013
0.96885227757066295
0.96137676136645833
0.96655404744960005
0.96645630244779968
0.9696927884259352
0.96400174432808317
0.95993817601749054
0.9584325548946615
0.96174015676438207
0.96478181732550627
0.96407849093703635
0.96767439339210326
0.96723981728816422
0.96669153021893262
0.96795758018914702
0.9690060064336441
0.96455095936431534
0.96266471357666472
0.96776787273365661
0.96604227948626209
0.97302514084462532
0.97796110567129979
0.97350192324301377
0.96874175435322651
0.97652022522469617
0.97253401377011861
0.97252043017023881
0.97206187050448012
0.96821037604882454
0.96529928077070815
0.96405065431921333
0.9690748596542802
0.9718059174955761
0.96536521252491214
0.96940512534264278
0.97479881494437426
0.97530702619494458
0.96664937980412602
0.96522611155495641
0.96751767199292205
0.96649704181055851
0.97689509761672089
0.97221287141746382
0.97144524570538371
0.97154616523259985
0.97061930617152403
0.97446354709155558
0.97139447210767893
0.9740468047194023
0.96723334661326721
0.96102320953777787
0.95776282988938422
0.95053548048872372
0.95335799597273019
0.96785296392172626
0.96134064371434957
0.96357332796516515
0.96837917594085721
0.96282611345785618
0.97037387913047701
0.97200801636522161
0.97442597615289528
0.97347947188165085
0.97412078811631253
0.97637353657496118
0.97766769176884749
0.97907920851191221
0.97681268911259833
0.97614834884386736
0.97856411311894131

