0.9766762352149273
0.97794609425077728
0.97598995910277508
0.97244223085775494
0.97007325043099124
0.97076286879707918
0.97230130416516425
0.97031304418915498
0.96482509746172529
0.96287360838146829
0.9668664877782267
0.96048448623387983
0.9598219960494585
0.96038618146586785
0.96063594191068513
0.96893118878493167
0.96975716462709527
0.96146966094993092
0.95624251151240192
0.96164742118699931
0.96153372339061161
0.96046169501696121
0.96342436689937649
0.96420894967578774
0.96272210196746455
0.95873265082403758
0.96434547705756268
0.97144440051156744
0.97610500462535066
0.97487787185152619
0.97952665544034656
0.97736584885547506
0.97427226435447345
0.96884990694286588
0.97267331801718127
0.96834137072428239
0.97415637839185443
0.97948556873511483
0.98206729079959043
0.97972478505733307
0.97368732099026845
0.97028704956640577
0.97178099744713597
0.97439791612327498
0.97125058495387095
0.97830952792332337
0.97352825166704593
0.96546332631801834
0.9694454181680312
0.97876641986117385
0.97474710008470511
0.97622891918789412
0.98267559052070885
0.98077790896607275
0.97873148319948533
0.96181339691511425
0.96956925871675359
0.9761194142741686
0.97383992515366358
0.9667383375404599
0.96153420220874575
0.95880310852765294
0.95053852595782529
0.95548718525147891
0.95874509150133358
0.95627651771989042
0.95491916353384498
0.95862978046069736
0.9543848489278719
0.95555396628499156
0.96533659581731168
0.96590623641998219
0.96531523078093451
0.96588239377040441
0.97083241819718036
0.96936359228512647
0.9687515846964676
0.97391845388364939
0.9695954333275314
0.96902353944193864
0.97119429130133372
0.97135554584243422
0.97434089831707293
0.97658983582952219
0.97198462654186957
0.96540397145861678
0.96705007349543515
0.96202309948403575
0.95422425001353339
0.95369349860783925
0.96038480105956336
0.96702211632448498
0.96699236459330562
0.97146839326375001
0.97637885429987015
0.97547152634127732
0.973206529812915
0.97325192537281635
0.96420745933047891
0.96080421334170729
0.95891641527193894
0.9552345094274004
0.96659787099039385
0.98031480464041321
0.97705743984764992
0.97496038974876098
0.97444572860062617
0.97485783608819243
0.97284204669998542
0.9705385127830124
0.97279940941838328
0.97262033319048491
0.97831860881853061
0.97405952164100851
0.97299434644791305
0.97729134025700404
0.97708584366551643
0.9794816272340231
0.97915495778504091
0.97798418654313346
0.97907586441847083
0.97479653382223141
0.97473496198709075
0.97907168006164347
0.97385435861027303
0.97997629557528054
0.9735596720377957
0.97310744091816048
0.97462565826668546
0.97176272517089124
0.96791140313426216
0.96841809944781287
0.96826796291708106
0.97129086950855548
0.97567788145028489
0.96567914146422218
0.96363416654224354
0.9644630667504277
0.95993910705678853
0.96826564417465832
0.97565112558178413
0.97421508052193717
0.97941704469807234
0.97813133443886147
0.98009146745738207
0.97868893656279865
0.97990674333168859
0.97906559672314075
0.97584768435486713
0.96814008567447563
0.9605311687891217
0.94573388687385251
0.95942746045298477
0.97130676695473717
0.96871159291135789
0.9702249768582526
0.96473461544407713
0.9676868074115631
0.97192015874091964
0.97035549716200686
0.97401556167467829
0.97313506150933626
0.97923207047841809
0.97996599855781041
0.97658017490258464
0.97715283119237528
0.98215399808195902
0.97678039888217616
0.9726880985686237
0.9749471514212924
0.97566964743680329
0.97582441270835485
0.97599870613436279
0.97589632781478353
0.97201903575687487
0.97010066933772943
0.97242859405658666
0.97070886256843281
0.97573626160580273
0.97642246308952074
0.97623910974545702
0.97703080916332941
0.97689677550724974
0.97720224623874108
0.96984068954377745
0.97164565769472855
0.96450321291979058
0.95907321596871831
0.96898301375290552
0.97025069491057592
0.97152468851186191
0.97008237925549401
0.96546301549302826
0.96822562321624261
0.97020698385934523
0.96939333948460416
0.97013054497951423
0.97279120155915855
0.97107328874637666
0.9637195712015465
0.96865734104610479
0.97046540069433462

