0.82944838697925849
0.83595647752431379
0.84558245556276079
0.83533741407748763
0.81774663859129837
0.82351544203837668
0.82506036190493104
0.81837393954111004
0.8415995827621644
0.83231523468772417
0.84297651708904919
0.83389787001070104
0.83406586863010779
0.83288125927633394
0.82105825805143728
0.82225433863810538
0.8201590256632213
0.82206698611015661
0.81243580964473405
0.84204756589572649
0.83204314539468971
0.83707009702257029
0.83625506465902266
0.84641213652751734
0.85175017666002728
0.80287020389903652
0.84155937176663964
0.83368657739693475
0.81859452068333449
0.81933359590582966
0.83999580684316033
0.83443766066366787
0.84201791555374861
0.83022863216739318
0.84015786164428641
0.8328043100063649
0.82452759464021275
0.83460824890996099
0.83993621152904396
0.82860248304333051
0.83793464745166302
0.83507555422065993
0.82765539280317768
0.84078027474301942
0.82937749557038098
0.83960699131065175
0.82440783616219926
0.84145160869556035
0.82924105221440991
0.8124108226407647
0.82822528175974397
0.83973743680608925
0.84367854100021378
0.83954132750503929
0.84709055563928892
0.8423513096278602
0.84120396975484879
0.83023035350105923
0.83508005781235961
0.8468950864712621
0.83517359207808006
0.82661850947564575
0.84240733813182334
0.84860660688570144
0.82402027222894314
0.84324337327872212
0.83239029565636202
0.82760779947877816
0.83668790902778722
0.85146109431371364
0.82708866888996113
0.81881588171550268
0.81892723516023369
0.82749020130534723
0.83183378492137017
0.82909803405297844
0.82873234902948523
0.83729683858626192
0.82684832398104768
0.83501926115751046
0.84303027514529283
0.81834189558702664
0.83595958161110451
0.84365222385083705
0.83273050154222661
0.84499542949193784
0.82646819505199953
0.84410196716145425
0.84220587845737371
0.84208609188784134
0.8361412744659662
0.83964076288612211
0.84934451259053467
0.83213562983865519
0.83350687805767765
0.82661212403636586
0.83263004042603894
0.83033519436622327
0.81201485771790449
0.82500565224051103
0.82245556935514064
0.82757353116656507
0.82946412479413567
0.83657210954170058
0.84406814666916075
0.8252470477188053
0.8264807584037015
0.83322211927906498
0.83610821509129007
0.83637337520066846
0.82705071755551274
0.84322940745827735
0.83903983185728492
0.84443053133552082
0.83105275122914146
0.83208062751445844
0.84480000732422533
0.84932743289883383
0.82611522492118583
0.85387248249641001
0.84095066155271836
0.84190799965370078
0.82554890636340428
0.84028958976802748
0.83911502373924352
0.84759006672230297
0.83588916364716681
0.83405997546362542
0.85106607755402264
0.83068580030789019
0.8403004625754773
0.83407883119035975
0.83844165782780655
0.85193235485829311
0.83396553456517653
0.8305751598984068
0.83255326836647003
0.83879402236754552
0.82383786530963543
0.83272256848952242
0.83817004036166232
0.84383304297333039
0.82841759306205531
0.82525023590030178
0.80782881130620943
0.83231154654866857
0.83875154475399527
0.84706169341491555
0.85062226867358415
0.81926030271688688
0.8089384406850737
0.83058508568782985
0.82895343593426529
0.83095808077279198
0.83136645055921543
0.83924466772524575
0.84662421062949333
0.82352653206684823
0.82787741513543778
0.82806385712863495
0.83800028337871579
0.84016501910365726
0.83812761161444194
0.84047647048228025
0.82887069578368311
0.82377788005874708
0.83782372332557642
0.84948628909891089
0.84929127947566829
0.84658551019077244
0.84308104635825554
0.83149970412541785
0.8193111775831976
0.82553987335837375
0.81894539504354058
0.82962990599895736
0.83232554797921232
0.85044005159761704
0.83751472875489763
0.83805785686629819
0.82635166242676428
0.81749182537994669
0.81012595403130061
0.83568496415073268
0.83185588482892847
0.84796208357011194
0.83701863085047967
0.85091363953463062
0.84243580800703832
0.83839181041311217
0.8303613426267813
0.8177542336873167
0.83584470016521906
0.83745510757721553
0.83483525554885185
0.82408976657240351
0.82623497518092892
0.84625315764199349
0.82647360021178173
0.82361745965848776
0.83748314004942748
0.83542827916843942

