0.83340273690169953
0.84008204950460263
0.84676950092537906
0.83840508990987295
0.83411723870684529
0.83532594918564773
0.84585055730640857
0.84538222548858521
0.84321216371005903
0.83180501293672315
0.8334657165126893
0.84609935267791858
0.84435755304432603
0.83946178984909714
0.82903713779454691
0.84693675385521872
0.83835159714118979
0.83581918580913506
0.84256326835749107
0.81944321578987589
0.84934815663134089
0.8430101992016793
0.84049292334436077
0.85060957274214399
0.83937411959209884
0.82251669322253751
0.83818400854539532
0.8411490785897513
0.84214913259779189
0.8353628958951389
0.82305369154008567
0.84673004063962953
0.84635623865764165
0.84740501608150531
0.84334830868103716
0.84998866922253413
0.85648996918438891
0.83898322148087667
0.8401529713855489
0.83823751875346064
0.84809537059242979
0.84432858693242741
0.83526865449982846
0.83322517739989554
0.84076475147791607
0.83843113748132059
0.84731940022689722
0.83706624550987574
0.84087536603524604
0.81382914003140205
0.83996184721845335
0.82993665086601665
0.83859590577162246
0.84617864670854381
0.82884589302261724
0.83554915282614373
0.83163201865436842
0.85122366264666027
0.83612288159513659
0.84387405731543741
0.83726556766050841
0.82122939244109217
0.82632802346495704
0.85869236261630466
0.84572576220956097
0.81734933197131476
0.83378626585850013
0.83794796086226608
0.83317164529899124
0.84670986642483004
0.85148129454948307
0.8411400465963792
0.82557014129569606
0.84415711819597961
0.83154783276948419
0.84203743220862615
0.85321709742368657
0.82572126245810107
0.83321093925602607
0.83681871649563999
0.84297627255231133
0.84003643042936205
0.83946872620002078
0.83752344978648141
0.83943112722871249
0.83063522991193939
0.83683993573606741
0.83636654129480503
0.8404847290087043
0.83316000447204153
0.84227797184626696
0.8353255122748221
0.80694474875490974
0.82109751833357858
0.82949969788001876
0.84456649097063574
0.83356598528613768
0.82829230947770616
0.83054857160241946
0.82724031516018437
0.82006921439831904
0.84832945194802023
0.85021135708660378
0.83401602846918976
0.81561681907545025
0.83590309892368775
0.83858184211822451
0.83680989908954462
0.83143965449140922
0.84782979015213833
0.8308257981889815
0.81669162575200949
0.83002128909588579
0.83134517265379104
0.83936079433501398
0.84213099634873956
0.82810427813444798
0.83391567720714033
0.84064763341345672
0.83900777278355432
0.83032949098496467
0.84718293729756011
0.83776964617553995
0.83074463250362529
0.81740438642981472
0.82348499820510213
0.84560637258610327
0.8387872091927423
0.80719326814872949
0.8380458635265684
0.83203206681640052
0.84153389244170484
0.83755212729160722
0.83371232834621301
0.83004980526888938
0.83070166541772672
0.83878235036339155
0.83399647126331355
0.84804496448603295
0.82021406266938657
0.83577730885762613
0.83661490700750751
0.82467358007651981
0.83866392093936326
0.84581989937721558
0.83311615019713436
0.8497757425920246
0.84542833922188199
0.83550283501496092
0.83378151682934021
0.83770813367551522
0.84035857710452289
0.84147771471607602
0.83714778134421175
0.83217498609504137
0.83917316349740601
0.84420570276499129
0.83788356641881678
0.84028854127388564
0.82795270292909828
0.83877603712290083
0.84386125095910092
0.84359487147762646
0.84744813198337687
0.83170416670909664
0.82225806185154138
0.84032593047645621
0.83846704183460985
0.83991078256477247
0.82703548366631141
0.84013499453480822
0.83380438241119204
0.8395165112947498
0.85310319858555328
0.84554690522407228
0.83635821530156385
0.84365237237475788
0.83212686945613923
0.85473250802510248
0.8258035338714973
0.84567559240316692
0.83651018289015078
0.82691025082150194
0.83726355263533125
0.82387133875618701
0.84242432964699354
0.83684359516958606
0.82441028041959452
0.83661366546076943
0.84195456635140831
0.84122710106618825
0.84359211946072687
0.84434955133538414
0.83512148171571432
0.84195424904306149
0.83730230861315369
0.84410373310600828
0.83976255109983022
0.84875252172158067
0.83744727343162595
0.84859752745105466
0.84900676215830995

