0.83147866149450911
0.84987098201727007
0.84043767469050834
0.83948545206678715
0.84419243050995407
0.84215741626099683
0.8364111848443877
0.8430146290618139
0.83253930906912643
0.84460467412913365
0.83463474246913849
0.84485097525137653
0.83522542262124777
0.82741716741076021
0.8298469430030041
0.85417310750627773
0.83272293220004556
0.83778315802137759
0.827663653157792
0.83055838977360463
0.8278664181936517
0.85024562570217932
0.84341434004151128
0.82073678685868412
0.84852684942210865
0.83916419510976115
0.83425497026579643
0.84656204501057453
0.84014280447140566
0.85140104498970126
0.82810429323312384
0.84269186934922091
0.82493949575450776
0.8325201912773561
0.83989591072580327
0.81591214282182978
0.85806297219892758
0.84947420554728981
0.8426675710230439
0.84474877198891818
0.83778658055850586
0.82638127149447838
0.8361867027149491
0.84467332344039125
0.8129902309994026
0.8490042638510108
0.83720087870776438
0.83749226769176022
0.84110071712947465
0.83316825948105899
0.83210542226670947
0.8275978711215588
0.83275271025004438
0.85428509458528556
0.85214969095259718
0.8382095802121633
0.84329863038088471
0.8328797159637924
0.84722126895082928
0.82814808429399767
0.82732778708767518
0.84188222960348957
0.84737302559146521
0.83223571580337297
0.83644453423263743
0.82561930250922078
0.81751658364237112
0.8152351741948044
0.84008896828436896
0.82888120760709783
0.8229105667503962
0.83087962178296704
0.8378208495779127
0.84476670559194267
0.83043800575715243
0.83644040323515445
0.84724692116724121
0.8210014468996355
0.84842279913902996
0.83263393475276992
0.83910259431564249
0.85017839523982219
0.83568106825455735
0.84445653617516403
0.83850466200260099
0.8420049317214261
0.82650523793402508
0.8461733777502487
0.84292327954171908
0.83689042699482552
0.84037398113651418
0.81955180887213286
0.84338737476301306
0.81455366219341185
0.84070696846886694
0.83953589781864546
0.84090868848708511
0.84844603037603383
0.82243930686395728
0.84369900778111917
0.83712209791916881
0.83179832490362549
0.84197266481066879
0.83405919144200424
0.83503273806046185
0.83788443122509648
0.84943985344449424
0.84678941639081451
0.84543177649006618
0.83396891716449162
0.84189163463324312
0.84469811993363342
0.84645721258237283
0.83597629608648993
0.83064047659999474
0.84029925709314279
0.82495808334011356
0.84156305523253416
0.83018851315526832
0.84117866808781783
0.83068619730547533
0.81968176341583343
0.84332876293816461
0.83347807018862297
0.84151152396880657
0.85813748528366274
0.84632418245012897
0.84304490346921879
0.83334414843360649
0.82972036258295268
0.84868526764237584
0.83945214891115449
0.83245103512536334
0.82981897912935176
0.84033312134086313
0.82731584746942133
0.8314064123952124
0.83296257547093711
0.83022336313473821
0.85936710130682725
0.85156665575982571
0.82786469761299453
0.84400244911131883
0.84017618006363282
0.84108719955222855
0.83649066745758693
0.83663505165294794
0.83904237103151136
0.83692318277387223
0.82779272064935738
0.82682035540139687
0.82957450203537719
0.83615318879510703
0.83739938836279759
0.83861190136187391
0.83094246105088287
0.84755373497670172
0.83285672636421915
0.83970285490213092
0.83199099257870035
0.83745447347628887
0.82688934171281647
0.83052454665109465
0.84615397203779841
0.83265758282316127
0.83337318949977213
0.8315341917239365
0.8340712420802211
0.82494372092185786
0.8415319134681738
0.83074084321963115
0.84315131909547969
0.8271031230201088
0.82916964527743953
0.84548672672399783
0.83796755366564413
0.83948110328761616
0.81309675396103953
0.81991916198204651
0.84217264828761274
0.8279320297776197
0.80735796114729985
0.82326766906527171
0.83093231592486461
0.85001428175619465
0.84750766308186243
0.82660056397113557
0.8391507620452392
0.84408799755285158
0.84637308067369166
0.84014490430592326
0.83359476155747614
0.84027369437501953
0.83302064322879787
0.8267944706047935
0.83040398180486397
0.84350985470784201
0.82213817422362989
0.84654612427810305
0.828713306638166
0.8263683293187164
0.84050657618723579

