0.8394143433529363
0.8390174029984836
0.83962687714743234
0.8491217584846249
0.84008400353955115
0.84851217116382749
0.82800730440017234
0.84160194347759609
0.84009702592201385
0.8405358520194649
0.82452501034351822
0.83766027413919097
0.82794464194719652
0.81687286661809966
0.82644729534862094
0.8366107458557337
0.84484447316286759
0.84331669788851493
0.8364022503505022
0.82213980338515658
0.82466334821948828
0.8315285130758755
0.82682280525257268
0.82066385703106914
0.84066119120207994
0.82389073088273523
0.82174455109602085
0.83378449916102959
0.83911335272056342
0.84341240644515036
0.83840613052784618
0.8367923144647802
0.8410959770533496
0.85206341179018585
0.82884257060676325
0.83200166738952575
0.83174131585358035
0.83065200276564599
0.83787880929694492
0.84660197345679289
0.8353679373421723
0.82965802076191419
0.82442499635540001
0.82787093056921213
0.84007427743018115
0.84169483714172377
0.8244059259640838
0.82032395507913825
0.83671921493158197
0.83819087065057041
0.83152901220416742
0.83981834656815357
0.83482285145484525
0.84055679695642871
0.83756274122593832
0.85090987886650071
0.8296434567471167
0.83830296603219467
0.79649509462175816
0.81069293008145704
0.85012276946282217
0.82675570304582824
0.84905426850252186
0.83671446978407815
0.82119397859256238
0.84274432972074997
0.84986902730433567
0.83242146461188649
0.82558265895042693
0.83885410425206108
0.84545840494592839
0.83535930375377432
0.83894039301529921
0.81834046564495033
0.83107362362511716
0.8422268373965387
0.83248300555111898
0.83705610141012843
0.83952493484499202
0.84238651404344678
0.85815155842720647
0.84253158125759575
0.84818378932917748
0.83726600552418151
0.8435839777437093
0.82838260692977661
0.84078098367467069
0.83623510782133637
0.83747898819814703
0.82885692592021709
0.83378204106359466
0.84205508783333682
0.82263838465030259
0.84564037852220064
0.8262497956901409
0.81871973444707613
0.83954893739240488
0.84000910017313701
0.82811756964091565
0.83481893733718693
0.85025762783943204
0.85090448397985052
0.83883593040832372
0.8327359811682723
0.8460397608268122
0.83505510796098548
0.84786995172969137
0.840962584694252
0.84091679346517478
0.83304852485468528
0.84823286514040241
0.84172490020897839
0.8461919482931175
0.83283900115869636
0.83752247367543642
0.82243570744359207
0.82656411797303975
0.84215756141402542
0.83922136842279871
0.83004195104496192
0.84576984038183445
0.85460829476757616
0.82727203150845052
0.83280242586591469
0.82802841601576482
0.83538311120128605
0.83805958111245182
0.84427913288657197
0.8266192090539215
0.81902005870646211
0.83793201009222429
0.84359955227316274
0.8354493281235279
0.83600760733568824
0.83986500010139087
0.8207194211999761
0.83956597521253762
0.85786328428150449
0.83877520798883176
0.84574647689715821
0.83247877697939343
0.85016876704566569
0.83915183241826197
0.84196516269675958
0.8357209885927398
0.83922424412373808
0.84017877528025242
0.82685084639468653
0.829762428510048
0.84904720262701205
0.80900574729370978
0.84133493437533824
0.83573463575299145
0.84160608895358968
0.84116065512226346
0.84307580555390116
0.84079449289673958
0.84718585901925958
0.83521694179734485
0.82373972926734429
0.85278090079575219
0.8358917517969745
0.83371748307972338
0.83490245680383635
0.83504526024408332
0.84355309485617047
0.84897557962184578
0.84564083642723109
0.83510497734201161
0.84072539375199695
0.82459445239059981
0.84117498644683553
0.83777401883459313
0.83919536635577463
0.84452017436098792
0.83414452489704183
0.85036994090115059
0.84474252272882111
0.82741086831047161
0.84652747385861948
0.83350982470481771
0.84047083604381811
0.83083096381188271
0.84371992446049859
0.83478812860899532
0.83457867281542875
0.8337345889919745
0.84674986050320611
0.8253596794939716
0.83355727167806259
0.82212115364890603
0.84055002701906778
0.8221913819728035
0.81576403508644757
0.83465035689416678
0.83125691107584621
0.81443623005303489
0.84348182186821619
0.83610518139527135
0.83046375137679873
0.81922295451714378
0.81409880230482756

