0.8514965057193522
0.82601513520194858
0.83590947011833838
0.83905570900404769
0.83682528293019875
0.85545630420852714
0.83843656418669898
0.81970439471547896
0.8458995315958
0.83803647976611206
0.83772197376616664
0.8404122627181615
0.8396958046510421
0.84509673244547678
0.83033800893722332
0.83512533436916825
0.81402985695863517
0.83057886824339777
0.84768334243686272
0.83613208540795414
0.84942999732981639
0.84005764115021841
0.83989370149726206
0.84330177405733786
0.8453190335542109
0.81987491105842469
0.83409216480945303
0.84197043419069806
0.83708747494052804
0.83477379488066195
0.8365160953392643
0.84455217165390128
0.84205118477587981
0.82113150143263092
0.83504574524544428
0.84229944834495996
0.84032846771591674
0.83763920597766717
0.81877551605361376
0.81766342575916995
0.82831927918650383
0.83254833252861404
0.81472514203507274
0.81605581227006374
0.84407789323334026
0.82436439488675006
0.83230203794500568
0.84320548987879518
0.85189250369805103
0.83722223642389249
0.838421020829071
0.83501901088908437
0.83045198369234785
0.82429465582024775
0.80295154742434527
0.83458227368431481
0.85128026603806384
0.82817550975615994
0.82674628711692788
0.84083196505192759
0.84269393293914208
0.84103921658817382
0.82247077771326427
0.82444489572177471
0.83663245961459742
0.82995566573509139
0.83271980757365249
0.84711863432920753
0.83997727580235737
0.8347691010559386
0.82190790699279492
0.84176950417897711
0.84279427616486902
0.84508838917424478
0.83465802011533674
0.84395185636937198
0.85098078791334197
0.82386243889088218
0.82392163860163159
0.84286051663879891
0.83305277898801722
0.83665146057926665
0.83818749014900662
0.83651225999771095
0.83648181044737246
0.83256995883924489
0.84603109315276726
0.82866045104863251
0.8295835394418225
0.84727774046109805
0.84577819232587859
0.84582963745038175
0.84776853246694772
0.83682360602878547
0.82988019673078728
0.83983759595215923
0.83994529106096683
0.839316403387249
0.83868693470555844
0.83196297887433801
0.83585943662188666
0.83245209883103333
0.83009921392414021
0.84800949248164059
0.83524324254664406
0.84857569881776929
0.83920617869394454
0.83629515829403578
0.83182324387369111
0.82710258428313677
0.8377165324132444
0.85082766381713848
0.84256861097332525
0.83057276954089254
0.83898040121233564
0.83916234853971261
0.83701957839870811
0.83224005678605639
0.83317320327998512
0.83586257391166974
0.84012527721993757
0.84486143749367304
0.83802711452519474
0.8239536193699053
0.83434463052060348
0.82413843221644212
0.84219029263184042
0.83597400775880415
0.84798645681998763
0.84937068569342578
0.83907762152760657
0.83440263637000223
0.82621615032094542
0.84911177351354805
0.84830490409178372
0.82777921493662465
0.83318792598889202
0.84740612460438869
0.83537769811281837
0.82055301092053523
0.84129691636500015
0.83719657635656475
0.84801743430729404
0.83543276051501125
0.83985316769524321
0.85999781877364423
0.8382102940461239
0.83767156124585751
0.84422294547274201
0.85917854472203381
0.82448003759375654
0.8407357559997185
0.83716493341513631
0.8346122071384926
0.83808693066614515
0.84549716336926406
0.85576717594750296
0.8422361040509071
0.84343768466896041
0.82214210571299862
0.83390485197326725
0.83772672331855869
0.83894549956331999
0.84063408765509839
0.83524735349065915
0.85403515194880864
0.84916353703718017
0.81972684245109129
0.85188442908928719
0.84248178575718546
0.83774041579431546
0.82771270895945626
0.82790077934590189
0.84208798996528411
0.85704507235209926
0.83097469081360253
0.81547965184264526
0.83974792359595218
0.83382738010634072
0.83854848574203422
0.8352910193360239
0.83933795325501881
0.84220784974950713
0.83342174289562287
0.84767663097216617
0.83480873845188353
0.81014330633374798
0.83942668697538703
0.83723701943525519
0.82278754248300168
0.82543786551738896
0.8399260005574446
0.82637910517082502
0.83663386917468419
0.81443925690297214
0.84319685725969762
0.84566455905616411
0.83637983950407724
0.82629597803369825
0.83020933448540868
0.79595949076408479
0.84045348654175767

