0.8613963031819929
0.8007632733209803
0.82811691650826169
0.83752388439763814
0.83321664227978065
0.84063231664701199
0.84256750121416624
0.82532447299136269
0.83295463107882128
0.85457712176762002
0.81784505617271253
0.84470469667819947
0.83505752530001465
0.83497699080441745
0.83901933038367005
0.84844779238206947
0.83650083690057386
0.84347292493893833
0.84117421903072487
0.83700502192685777
0.8348935183681403
0.84825906623660285
0.84919053977766012
0.8422274350315897
0.81642531615797265
0.82356990057339163
0.82979365398903748
0.84686192350894096
0.83464647539771997
0.84820306148418601
0.82631104070320105
0.83676893981645484
0.84732224295393188
0.84079639805074102
0.84703438329042591
0.83253754476304176
0.83289032855510092
0.83147541980905382
0.84867652412893468
0.83427718325621025
0.83013280316395588
0.84625154134582703
0.82669920583079981
0.83901388503569596
0.82429800917676777
0.82844845307915838
0.84312303471071637
0.84286393142790017
0.8438784257402735
0.83193587689125836
0.84255116475022229
0.82868162063582518
0.83566769266806817
0.82321155943757041
0.83989594557966196
0.81476385279333385
0.80733389983089876
0.84860658791302312
0.82602830432925278
0.8389210752376538
0.84342045239262353
0.83451326800151793
0.82972777227828887
0.85088206133776789
0.83551195371589637
0.84731471355201982
0.84599932685361479
0.83310275229037356
0.85412512815098818
0.84512250714240322
0.83410861840588524
0.83217772753329755
0.84522017556128171
0.84295859704378817
0.84669282393621548
0.82250119357913576
0.84363726702882436
0.83538476466797917
0.83011538940587659
0.84584127625373995
0.8437592415908487
0.82847093793087379
0.83458953960223348
0.84762141098876964
0.82933651337201031
0.84578855241632822
0.84246621454676374
0.83950194921713417
0.84247805658685448
0.84583368043537821
0.83811395130816313
0.8463191823309818
0.84736861568745336
0.84410433496250181
0.83172524332343079
0.82796168277105864
0.83774919119105895
0.83563995828352022
0.81278871596239488
0.82612529798578782
0.83619137506961494
0.83925711888779586
0.84031095891091467
0.83941042155953127
0.84458160444924513
0.8511453922204516
0.82751291071824462
0.84623109320642598
0.84172364312218639
0.8353980435723185
0.83418147446709334
0.8206289138847902
0.84843302693692868
0.83478403476690632
0.8500925538972065
0.84096917921165448
0.85194700733049245
0.85074923356621213
0.83071359508177811
0.82366671332869601
0.81858069648830667
0.84139002252055861
0.83934745252282927
0.84247560130460142
0.85126639247633762
0.83866648951111011
0.85464436798032217
0.83150864582764861
0.83747948823988505
0.83378515390180208
0.84915204698592694
0.84374047718791489
0.85001270300018239
0.85068226155332172
0.84710147790854928
0.83861196237397628
0.83908528278310757
0.83768737831869189
0.84126260454092927
0.83598869194135794
0.8474515402307895
0.83375801137628369
0.84170104596510498
0.83949208926054764
0.85159165757048727
0.8507511387075839
0.82531375460786283
0.84585041972361852
0.83786715501658238
0.81694537331184103
0.84181459141216697
0.83812910037386068
0.82973365745524907
0.83143876930466254
0.83457956216194817
0.84209303302529637
0.834478287821798
0.83550626835202491
0.84100934612493528
0.83105437098195734
0.84614765432053007
0.83926450215977533
0.81454978215563878
0.84598123080553889
0.85024577578281879
0.82996749479999066
0.832579054826867
0.83774330584411427
0.84497072856914168
0.84997607592192004
0.8234959626454802
0.84868203902426276
0.82477443482093493
0.83096847616652092
0.84198810492061071
0.82474612113738555
0.84475527166811282
0.8393009970588452
0.84050698808541957
0.82939944048073788
0.84371754857669046
0.84499826206759854
0.84159885056347516
0.8476444959064473
0.84539701025824177
0.84459190037042031
0.82469422332025888
0.84342136949924851
0.82184935487841349
0.83280104221158113
0.83839850348499612
0.82325484834831009
0.82934502622668915
0.82740298805571844
0.84163931669956049
0.82791293295231083
0.85200256298381527
0.84113022595563369
0.84126522168481965
0.83374037463069584
0.82844950466572875
0.82548449119015066

