0.84341233026814966
0.8312460540377522
0.84456157494532302
0.84452927400045363
0.83329873940817722
0.81699699219215671
0.82473529681602764
0.81879773548778567
0.83598145663730261
0.83384435728124318
0.84333143820086442
0.84955160085052184
0.82877714624113297
0.83130881462454087
0.83524226640525934
0.83854538440496573
0.84412907059030817
0.83294006192451098
0.82930728879713256
0.84322787127440779
0.83334854579559314
0.82667798023732597
0.83867450679914235
0.83623777345682238
0.85391152085917943
0.84208550776314572
0.84491061425044955
0.83821342236695362
0.85505756294384083
0.85177747204825693
0.83660178446718214
0.84435105718959591
0.83540468219951358
0.81675623661096597
0.84847522308620205
0.8401469224937802
0.82786709413331816
0.83795070980371833
0.84978430828305906
0.82885930302225475
0.83302126674134436
0.8420428936666644
0.81233881601799174
0.84478027120565902
0.85309253950276143
0.83531166176838167
0.83427752203817929
0.83660280852864854
0.84523426365829024
0.83921201975006299
0.83301012049078327
0.81213944325446474
0.83963696715496949
0.85066807581618531
0.84742381265078404
0.82644396193987479
0.84004473249883249
0.83044463421805381
0.82494414586594222
0.83529434503336097
0.84219607901282212
0.82675784666053043
0.82288821990551675
0.83298685743992862
0.84400038632534558
0.84340178650351694
0.81566059430134297
0.80613021969601828
0.83637939664427863
0.85462455517808289
0.84609503332402292
0.83169712233012083
0.8390343214459971
0.83800288772851106
0.8233243164806896
0.81951970351761172
0.82146272781325158
0.84081251271372182
0.80978451732328882
0.83284425828621178
0.83253104456563598
0.84234815882243874
0.84376668732974314
0.84626584640354119
0.83964861166541616
0.84586398873034019
0.8440108664088728
0.84697456688300377
0.84145011893662769
0.84012642502680757
0.83445095587997231
0.84185562051914742
0.83740389049524133
0.79801696738651595
0.82566124627280435
0.83298581029181118
0.83601677765766469
0.82564683345861445
0.82930052363637052
0.85678623356474237
0.83551240710829222
0.84065842958991599
0.84680087393543979
0.85214261435836114
0.84773256638148242
0.84253337234953896
0.84485350798897207
0.84550992849500906
0.8339414046877367
0.80446935459817159
0.84003699864566284
0.79077264960280158
0.8411332299107448
0.85052920576441327
0.84036852904454429
0.84237574943485571
0.84767239397678229
0.84126861018191001
0.83868121083559222
0.85383029837692137
0.83891323453599653
0.84012211498238354
0.83356765369191943
0.85272159399283165
0.84796882262770534
0.84032677115482024
0.85062006012891977
0.84442861300811711
0.8356339461572071
0.8528383131411359
0.84190307258426211
0.82436444950524934
0.84070605382467234
0.83870563628823469
0.83321366704381605
0.83988784050341736
0.83827704424692773
0.84367053968692018
0.81630584725590505
0.83745269328034766
0.83158669654068218
0.83738114366321537
0.82623107622092851
0.8440302235108611
0.84574983713339391
0.84344546936480669
0.83174375552687341
0.84133643052109142
0.84384006186132554
0.83645929898596616
0.83698971195452654
0.84468076238070411
0.84241331032008793
0.8313761250324998
0.83169627786913436
0.83881683202970325
0.85339355484232093
0.83932165666434833
0.84605012126326706
0.82751633159916593
0.84000838738021788
0.8462350007548306
0.8411620867043117
0.84269101191991447
0.83492171933893444
0.84473464436893464
0.83296199159580075
0.81824588905974283
0.83599681297661244
0.83937093943140473
0.82955848185820735
0.84312679729630358
0.83244308300886272
0.84485062478338646
0.83853979774495946
0.83945324704815993
0.83717257177055815
0.81686547081740746
0.84364618727020779
0.84688173850474147
0.83903882769147675
0.84399348633691507
0.83452531092090643
0.84759955480960913
0.83703600490649266
0.85442216948346972
0.82303049035133535
0.84658285609432771
0.82801229448615699
0.83955916446445111
0.83715241147620656
0.84548819414352405
0.83645294179096819
0.82181921996856788
0.84428195503005521
0.83645768005960153
0.84596600081511963
0.844668285257547
0.82509524439521742
0.84193212261129957
0.83680532846575562
0.84956234314055812

