0.88717876347930968
0.88745131587935344
0.89655185533370041
0.89106648062457527
0.89929973439468036
0.89875246208433412
0.89295312802111138
0.89757440782722353
0.89125328541700366
0.89322001118653527
0.88746666221849391
0.88113367583035562
0.88936907869087445
0.89219790353370065
0.88865220538217482
0.89204230138242213
0.88403804243284834
0.90034722760450669
0.8982071136982851
0.90186145147560537
0.90146952082527676
0.89950376234046547
0.89886788779319826
0.89259455505532448
0.90191768126500227
0.89863529222687399
0.88769617449011184
0.89775511386758589
0.90608589395557371
0.88695490980741865
0.90075040806353901
0.90028917239091188
0.90090988426335206
0.89801117465249203
0.89816217258319075
0.88760019435511361
0.89435425898563525
0.89095766326833203
0.90797442597897426
0.8985869621339887
0.89292435984320662
0.89560846505539982
0.89711886145814035
0.89840082897586249
0.89543117126134575
0.89666413571692172
0.88608109644848188
0.89884614797498086
0.89455754259821452
0.89223233236166011
0.9036836784659924
0.9035908469795334
0.90449266691663477
0.89634156181091507
0.90080760645597924
0.895186145911259
0.89060888360837187
0.89959404776776231
0.89477213632271835
0.89740307866537705
0.8894435143858469
0.89879143435117237
0.89110391363457286
0.89815877360236263
0.89841786452362749
0.90257806060017032
0.89426768549020474
0.89859679632560352
0.90224172263093871
0.90424578566840541
0.90335059869252832
0.89080627714779825
0.89351142232632985
0.89650201188789624
0.88484438342026295
0.90570444830631303
0.90767820797808607
0.90033905563156402
0.89815396336051534
0.89955086783412974
0.89000765761096312
0.8978261644594927
0.88815450122477468
0.89319476631764971
0.90523722250352723
0.88479427863327609
0.90097286341090543
0.88601689002093365
0.89593890701726298
0.89362474635789979
0.89836294000654471
0.89845948684940458
0.89220373795145225
0.89618152978408039
0.90686163773113093
0.90036215770613348
0.8986187226594613
0.90193592115279464
0.89487459952097748
0.90079638906045989
0.90403774573538065
0.89782753512311686
0.89376719600354149
0.89052920115271861
0.90324385223347947
0.89962736814020072
0.89043810349773655
0.88727384487431327
0.90593666361694425
0.88991214564352461
0.89737007562952498
0.90220135671455493
0.89954656041834002
0.88859483035155373
0.89903109162281791
0.89781286862312248
0.88327277342368438
0.90454618743071513
0.90417334791370518
0.90038405767755314
0.89832226674756877
0.89705656551535673
0.88726989333554795
0.89792848449558305
0.90304052176319738
0.89571429315688955
0.89990365334376843
0.90327291249420028
0.90099909512671938
0.89466398460472563
0.89519768387643905
0.90343377347850296
0.89314235972606837
0.89744751769340447
0.89743577939159502
0.90657831218028095
0.89612137653830104
0.91210088134120992
0.90457835629183703
0.90153379928020816
0.90052799171028386
0.89963741868459168
0.8899809953726372
0.90381786137100184
0.89972713606286314
0.89366211449066169
0.8761866539011901
0.88258085159807009
0.89839200288210352
0.90047692054090811
0.89524362359333498
0.89579629016478646
0.91027886740709951
0.89377978881343123
0.90169673260683081
0.88545658574328479
0.89543748877287987
0.89694962138962953
0.90184407087501628
0.89993798215142939
0.90217307720290607
0.88910278403532494
0.89441653642960794
0.90000823587294687
0.89681825429372763
0.90471270551504879
0.89889206584316261
0.88537620796187477
0.90262289482532709
0.89353433454408648
0.9029384707627599
0.90121047562914525
0.90056071963475337
0.90032166053889728
0.88841967168441882
0.89018695651694357
0.88754377158832665
0.88977852620576836
0.8892625515081678
0.89738408081872223
0.89713688560450822
0.90118601981583069
0.90166050210706339
0.89242298169380418
0.90307033791038405
0.90283300653150378
0.89891324848383347
0.89675490203211905
0.90850267390570172
0.90178553692424379
0.89327091635954703
0.89051027889347112
0.8922515178334417
0.89597581349922106
0.90480189570216507
0.89281340824264621
0.89023373809627626
0.89207913496481916
0.89493270792369761
0.89184481176996711
0.90052419279599893
0.89511221968430887

