0.89372437202390997
0.89617543528965848
0.89375990908286895
0.89475270112960092
0.91075156853558803
0.89024461777039265
0.89737274686439017
0.90462958601636356
0.90769910477202065
0.9071675066331204
0.89482903806672731
0.90764639797981428
0.90371877128570199
0.8901373019549651
0.90383495234263844
0.90702069719263956
0.90719042265789041
0.8958155247135754
0.89628904340213555
0.8971271388253802
0.88635923014003415
0.89630075837860701
0.89437163106645678
0.89745050750877464
0.89733904532647191
0.86740587844257455
0.89022897753234098
0.89507482694795959
0.90326493147579046
0.88860562733609649
0.8903309547457039
0.88788009062708917
0.89783653075767045
0.91280452975606252
0.89703678092757311
0.89893120527188863
0.89262301572376346
0.89277052596985262
0.892717809831859
0.89158456340340897
0.90586065531053817
0.89166429354014864
0.89155227825358352
0.89199302768019906
0.90618837778977523
0.9032098559441345
0.89902659649993222
0.89475634080360855
0.87835697261372947
0.89262602749396169
0.90173370863469349
0.89140835339878688
0.89472315339489517
0.89875840185501665
0.90766821465783165
0.90409493222216086
0.89761806871404504
0.90141656923021529
0.90171562499959723
0.88804548139793937
0.89903381545824312
0.90109751025403273
0.89529063628161487
0.90265707139256457
0.90758981606910005
0.89966599000496184
0.90487910703015284
0.8945090629739032
0.9020073201715445
0.90915740901874942
0.89730826336169212
0.90658764812832904
0.90653759841199077
0.883733114896192
0.8867492321881455
0.89427680955812261
0.89766323400460213
0.88998822637090924
0.88540324433000239
0.89855595443295166
0.88923075662442697
0.89659052391180416
0.8995704758121279
0.90216122997869574
0.90077040222429783
0.89939791648745571
0.8996350948930063
0.89795312515527659
0.89090231624861871
0.8959486457079614
0.89063833033515771
0.89555732532263699
0.89507898952164888
0.90007390175860535
0.89392074547563827
0.9037252904871248
0.89640944248921706
0.89029286438507593
0.89127531160200368
0.8895908967895807
0.89232534238237826
0.9003318035348542
0.8835745316391308
0.88851051026781069
0.90599889428332492
0.89611214659785043
0.90702587269533119
0.90428238346157996
0.90511667489792325
0.91107728087524087
0.89451619134564564
0.9025907868514218
0.89483045511011705
0.89305830443015222
0.90399957281515497
0.91097842558019371
0.89391534187832644
0.89144662019354215
0.88762559219304393
0.89246916685942468
0.88706174387864956
0.89542753172200518
0.89963857859750962
0.90324005156446696
0.90232185241622265
0.9082418733935983
0.90003167781655602
0.89388448076458249
0.90105017418689315
0.89536294405702965
0.89823912390605376
0.9025436244435906
0.90891099090641359
0.89386883488792268
0.8895274297872483
0.87842407339974882
0.89665787244886164
0.89589844164923804
0.90347467122168978
0.89477157532812035
0.90345078590313199
0.89866849128736614
0.9014721970577293
0.8977436354195123
0.89607354170481701
0.91210839897920193
0.89179960588048734
0.89057444157192012
0.89953004583132745
0.89635982526248137
0.89047389542246691
0.90468717077396854
0.89936447826554233
0.89795565914795783
0.89597257744314884
0.90367529050817419
0.90862367755274487
0.90399245992817812
0.89529020729248154
0.90000911919303406
0.89524625014103643
0.90207302412158963
0.89708449985976002
0.89637681444001138
0.90520543523969599
0.90020302711167521
0.89368901541326962
0.89802271540954159
0.90062467035330496
0.89979021576705565
0.89201117852579126
0.90744804797142475
0.90583714331109533
0.89425962287652916
0.89660895574142818
0.88681910404256348
0.90371794751402201
0.89852931814676207
0.89470883836562209
0.89904151336833282
0.89830255165593864
0.89723819980957531
0.90014317516033093
0.89983667340677331
0.90543699233125075
0.8919987283095131
0.90538953726724658
0.89309212395816295
0.89862463708834117
0.89646455457460195
0.89516299402926514
0.89692125258917765
0.9028891428047372
0.89056635688024299
0.89081292129452805
0.89932169589127309
0.89278539569176085
0.89776518724128707
0.90282419888957832
0.90551777256709665
0.90629830365848918
0.89934496070797199

