0.89759567539536489
0.89124920468905022
0.89983036068500388
0.8934564050041659
0.89892124123335604
0.89941895087523194
0.902198459080364
0.90225656996592685
0.90373264758463767
0.89642320264955333
0.89633871561231226
0.89953412560392199
0.90020873769338872
0.90065308161475399
0.9020121853615376
0.90304043542758727
0.90127104908789779
0.89820921800034847
0.88746311081612328
0.90533515106706042
0.90498816447675645
0.89791690445607353
0.91442946518725365
0.89795487931053564
0.89517293934895958
0.89845492014087569
0.90151714932440086
0.89123341654404598
0.89022232018091207
0.89503819637392079
0.89433441747643772
0.89704454319047811
0.90257250075017126
0.91156916726983395
0.90297624788021524
0.88793632426982039
0.89247737290822793
0.88792059226238473
0.8830856303584943
0.90154745521805835
0.90623038355788799
0.89744461931657882
0.89373729165223137
0.90137054018900187
0.90294773967687336
0.90288171570543729
0.9072632855010998
0.90027884360065669
0.88807637403183237
0.89948521036842444
0.89771012987482257
0.90360540477589435
0.89712329914884859
0.90257435800353025
0.89883213019231711
0.8974101205377244
0.90308652661774713
0.90115958977358868
0.90310004866974092
0.89802765693220343
0.89342740567050705
0.90570273770253928
0.88959092538064666
0.89278432384881068
0.89295839141096567
0.88851563393865063
0.89634888601446105
0.88445422313405353
0.89459238168043376
0.90160977779589335
0.89740281062058425
0.89989439296313922
0.89365242067057848
0.9058964573453625
0.89636892511657862
0.90636092952605651
0.90537934306655743
0.89920792453981446
0.89643681899054417
0.88107337365739824
0.89383921457475857
0.89955147602153118
0.90390161416795667
0.89228179451425527
0.90336670888849935
0.89899198505664957
0.89629521752967989
0.88751391849515138
0.90394961810099528
0.90019019732067818
0.89664584126771052
0.90241441619788854
0.90381818256904611
0.89811785656092014
0.89655256228770552
0.89743217241640494
0.88725345395093569
0.89737495872933271
0.89256752998921896
0.89548687915091907
0.90703493116707068
0.89743355323152696
0.89571752445016273
0.90671628268143589
0.90697106866255039
0.90623904108775255
0.89312301957460116
0.88738808836744509
0.90742730994441934
0.88738816008586185
0.90122727624425203
0.89657495823862021
0.87796333415746597
0.88784052397854418
0.8999401071839328
0.90297043170773605
0.88954349637294372
0.89272875945643781
0.90185044010577597
0.88629357384459551
0.90194419558576666
0.89570984658820663
0.89835956664773153
0.89683828930569987
0.90764180131392069
0.90022202622353209
0.90857001061033049
0.90139322066088345
0.90004792147109547
0.88380804267863933
0.88007901558950574
0.8973265583303528
0.89793840862784224
0.88560642693808933
0.89238767881882919
0.89231232602232469
0.8998891398181994
0.90045331314791033
0.89582194685705396
0.89520293232549852
0.89895037123428989
0.90473050010348932
0.90498795618246053
0.90791229907159465
0.90394253388957624
0.8959239469696727
0.90043249583905927
0.90087679813254451
0.89617980242407957
0.90040479389981676
0.9114781785567645
0.88746584395567585
0.88499527366090436
0.88049892172248634
0.89880539880320898
0.90163563007559611
0.90673963471799424
0.89421698594684551
0.88607553423245133
0.90939304400204835
0.90530426458482927
0.90021542434979684
0.89252364350667479
0.89161300039106295
0.8991139205873846
0.90798219386665768
0.89884102612245864
0.90122285545683123
0.8928371420644633
0.8956388113048952
0.90182780069100188
0.89099345677322761
0.90372852437147966
0.9026870435109362
0.89514289288877091
0.90765928817374075
0.89808160527087932
0.89725505174287357
0.89828045586652594
0.8803915137235041
0.90204231941198643
0.89750692304175672
0.89619776626707981
0.8953281301775794
0.89994215810715361
0.90601701399144186
0.89153532731272433
0.89736533017321096
0.90464893675266789
0.89480905067687155
0.88734294955240589
0.9058083249154032
0.90619908036154606
0.8892425482671279
0.88683288953803929
0.89709710044795876
0.89416561776728465
0.90003998853388623
0.89593072991076861
0.89130644642298729
0.90585621756373957
0.89085834489884808

