0.89945486965804622
0.90640194300651755
0.90217198356736183
0.89442633501027202
0.89389105529134283
0.90632041524194207
0.9017832949577439
0.90229460119885541
0.90310338719774164
0.905398029104166
0.8845355594186215
0.90413102440276005
0.89451212141584502
0.8985550903756504
0.89264531645836354
0.89561274320725948
0.88865225690088345
0.89726946867788315
0.8858116307504672
0.89940264052135155
0.89078679456633703
0.89470538573199632
0.89787101188911878
0.90098277799812265
0.8849943465744583
0.88064691484786839
0.89870960449755921
0.89743900515649211
0.89268396932716421
0.90895522922871452
0.895655427669243
0.89008130465315138
0.89647633096815826
0.8953518797897918
0.89857099407951524
0.8939779490896127
0.88902516353136063
0.90032234857537419
0.9002384489635824
0.90107078210958891
0.88835403413784075
0.90674604186484398
0.89856527154615395
0.9059741048996004
0.89799513869799685
0.89767746384517044
0.89806219054688508
0.89536847190357871
0.89520501753146031
0.89887828285504912
0.89812424012762193
0.89905157246282497
0.90893110337556016
0.90811412886094034
0.90157701522044065
0.89633052014951242
0.902208111139433
0.90582607016934369
0.89119934001706724
0.89421805279978173
0.8891628092263324
0.9024944345617818
0.89952169806520343
0.90223449585568305
0.89523449679196898
0.90491053676702182
0.88972268182913139
0.90051772954867038
0.89910740728733318
0.88563880022065278
0.89706357026927741
0.91004431139517494
0.90428529736768593
0.89533278982991227
0.89781836121151126
0.91167186106213349
0.90713346248826432
0.90100084959374527
0.89678777954484301
0.88892012194680659
0.87758818128826532
0.88240841559503136
0.88355983344774691
0.90047958862723021
0.89331417190387863
0.90044287263492728
0.89741117446883334
0.89715268165050566
0.90058046082052445
0.91393291908735019
0.89390189629656835
0.88624419043371416
0.89818350226998889
0.8998806550317392
0.88346714002802695
0.90376953261785686
0.90416470097911383
0.89721307877209699
0.89014444191490527
0.89628937539471076
0.89063804507629141
0.88806331404250671
0.89143159578490316
0.89654346290656084
0.89353021934853538
0.89378310852135467
0.8908060276678007
0.8895612772487953
0.90876192118390231
0.90830032889200008
0.8982837446845553
0.88766886439641113
0.88451562583937093
0.89632696107056564
0.90013109893641652
0.89792161838080664
0.89812983006898628
0.89751522272669382
0.89542635194036546
0.90338535399844144
0.89998281184636886
0.89743025067503324
0.88884375646013691
0.8890101944041402
0.8997323515358493
0.91057102149838709
0.90324327068992027
0.90052323654312416
0.88998756341279683
0.90229027642545867
0.89091354211158513
0.90268603650175028
0.90690806764729925
0.89866156110522311
0.9021637533546949
0.90363603566828454
0.89473624534340357
0.89295174474145034
0.88861276613523887
0.89931898445009628
0.90388223126275169
0.89908573679986326
0.91079146034050507
0.89743386326158847
0.89737956957029819
0.89963514106088693
0.90853139045094922
0.90047269656773998
0.90499933829106016
0.90064224250940561
0.89680503079131124
0.90312905959143763
0.88526878816085308
0.90420155475403607
0.89284212147065967
0.90906081491967383
0.88777418125691809
0.89369885075593447
0.90083650864353737
0.88933233504874509
0.90293462123700186
0.8941253615043897
0.9023804001419673
0.90064554030962196
0.89075886516415159
0.90307120027099841
0.89515930553996981
0.90075702292580584
0.89851355270068489
0.89831620312299465
0.89350764780281489
0.9040218369103592
0.90504039117165813
0.88921342688294802
0.89219322749018071
0.90132343778798041
0.89427161073000794
0.88629328988578404
0.89101986237776909
0.88958329717657458
0.894762769717246
0.89611989343126686
0.89883595210725398
0.88439306158439013
0.89254689090281691
0.89513755642288317
0.89736148999122289
0.89743451477611313
0.89736363481458625
0.8944208555527412
0.89040009450786173
0.8955815892008363
0.90259497401888977
0.9050984334004416
0.88534634788515276
0.90220620100801541
0.88464621087182116
0.90592108278838945
0.89777282770144373
0.89340212884118686
0.90645318243974837
0.90193450195469205

