0.91062475074273019
0.90255141670259531
0.89177316160218723
0.90367510649306115
0.89943771953450991
0.89866208599219277
0.89257105042312579
0.89866045522118176
0.89160644855771132
0.88580936626798923
0.89651004393358202
0.89447566230890474
0.89921778493310989
0.88858492370625697
0.89674123211465839
0.89440873555658307
0.88838097796540438
0.90838238233058455
0.89768112465311789
0.89765855445833609
0.89006304738573228
0.89073381352988601
0.88711643313946875
0.9007504632457457
0.89905028401384113
0.89796955545005752
0.90140494373254665
0.89904104869531454
0.87569345613638794
0.90290312792251826
0.8975595738520008
0.88946081239269381
0.89822750337190005
0.89837047029250239
0.90756677898258997
0.91185639959766596
0.87914832549165423
0.90251924816640894
0.90481304628459702
0.8941852203409848
0.89170374166848798
0.89796810627637513
0.89167854513534439
0.90652607930387896
0.899681155765647
0.89524986918328464
0.90249962917892135
0.89346746099033802
0.89454272451291528
0.90043241332563861
0.90291939317302472
0.89320713070828117
0.89647437983195766
0.89809893719480594
0.90310777196224079
0.91053380831989761
0.88541853351636801
0.89377745989790636
0.89340521061054445
0.90342735477458513
0.89533377636232025
0.89662334112231301
0.88512577381898017
0.88830765563510594
0.8967028481343684
0.89415797775411288
0.90096858347703745
0.88868239786811376
0.89872682671136328
0.89764717115597559
0.89013532280188923
0.89337171121390058
0.89822316400959124
0.90898960143220975
0.90513597814424551
0.90018351681516651
0.90427955932765369
0.90880032650221965
0.89759896886856105
0.89767763792014943
0.88523063144697012
0.89679844705967371
0.90447030763920022
0.87987181966924211
0.89638043308166349
0.89683278823279644
0.88782153408261411
0.89995583984367833
0.89842119391455166
0.89630209022363294
0.89692260150050884
0.87250308892341211
0.89823814525883527
0.8940432025631796
0.8879648652445653
0.89660190655075356
0.9047073216782251
0.90210657647738546
0.89013124058527049
0.88446726670405129
0.88904306530250199
0.88656759676243246
0.8912492043972573
0.90607548491208634
0.90699315686128246
0.90645980801341697
0.89894745496332717
0.89760261787271012
0.89341861741184292
0.90346839740743345
0.90113750157953243
0.88694460087742755
0.89475312847871702
0.89565223701987939
0.90268706335843296
0.88716828135864267
0.89950349674128649
0.88059210250119135
0.88469564411846247
0.90100205575412839
0.89478666654651573
0.89805849655911862
0.88583968190454143
0.90446939660644954
0.8918698963409919
0.89807662711630754
0.89555355665373571
0.90482707795842943
0.89647027148213942
0.8936967744667299
0.90335965373764726
0.89307171572035438
0.90399371082125635
0.89644336128190183
0.9038415600924089
0.89386658105401784
0.88963252769614276
0.89634561478375829
0.89752058453336014
0.8991625025394131
0.89246412567624833
0.88862734554041012
0.90682644547711311
0.89517910156414904
0.90172652346468751
0.90138704745867215
0.89570417039318384
0.90976356208101328
0.89482451405715191
0.90007368502945995
0.89280957565570529
0.90535207917514204
0.90146322544564883
0.90554023792982719
0.90082571589192462
0.89449478030129725
0.89839578014329968
0.89470502320064471
0.89276046878670789
0.8959481422587996
0.90647881969758781
0.89761018941899451
0.90064479029022504
0.90113913897000675
0.9000292265153097
0.88797304847467196
0.89053475736467069
0.89869964425622217
0.89598871783982836
0.88500456317939891
0.90568120913883632
0.89908375214281755
0.9024747371884585
0.89997282592769856
0.90437385958369565
0.89341446326904084
0.89964467535082049
0.90596218316073474
0.89535320181582345
0.89721585693101547
0.89156952650278409
0.89546758803823256
0.89554233406171335
0.90277878599882344
0.89744536578145395
0.90147354336912888
0.8990743586688813
0.8885774162039497
0.8994321827715609
0.90215457408022126
0.90682647725827226
0.9000732901116727
0.91016669666138916
0.89641316116837022
0.90279906019849598
0.90161574048821602
0.90263138940325605
0.90111989985084751
0.906257431592006
0.88558619496393132
0.90569749079515971
0.90339903293753976

