0.47143370619256969
0.48994626679162456
0.38764091064056827
0.35544487231278626
0.36781568011578469
0.23664177800872122
0.22715895258924967
0.28558481564722621
0.31004469794292649
0.40548502098518846
0.36843057249447936
0.30433332680780367
0.24451754584953855
0.22152083974135328
0.16052679177875842
0.11586520062915014
0.065491392864081413
0.047109415580769948
0.21364492363657389
0.18933675418052126
0.17559538659760071
0.24500989058939326
0.28956449516770377
0.20381337191970447
0.10505483608348649
0.062801066568366509
0.10306327357799423
0.23345143486627085
0.20245716665800303
0.2061711780549515
0.075082989932553135
0.20671411513585719
0.11915634860176676
0.083535529317459445
0.24242006966590912
0.29566377057592985
0.35720850724849762
0.14655096904881401
0.22890334871042833
0.20868529068453556
0.22376586058189293
0.26300065373661485
0.20291204930475953
0.21716039981296406
0.17839640946364657
0.19153735863914609
0.10081925741784335
0.21839559450392318
0.21039737371830319
0.33335119778043898
0.34028913000021371
0.25629811219004939
0.29563560826307816
0.30590504199107726
0.31116808996071038
0.45948937951475544
0.44369983521905471
0.35244527047203711
0.39455699610292
0.45621793094093716
0.36023171913972718
0.28470687199962363
0.38357329699242465
0.39148761022739886
0.34744870791866034
0.47342401145078855
0.45363303694231505
0.47166725395330539
0.30571058816050001
0.40802832746688039
0.20811693600168624
0.16244322870529798
0.26983491993151448
0.20277432772129289
0.19511655244292275
0.35828994065162917
0.22315555032579859
0.28280982450016345
0.1773588041378559
0.11028674683106719
0.1366382501180739
0.17105702666554645
0.2062980446879728
0.16211793633341351
0.25428245920360293
0.11529989321854896
0.20083366107524042
0.078266246305784382
0.17576793567035237
0.19476534329007919
0.17907965348585159
0.041236453254751032
0.04822648833019607
0.19261630322433093
0.2565634933592853
0.18076492659304136
0.28624853415831958
0.35052753665992425
0.47535785702984029
0.3761118680255181
0.40984508934869113
0.39650671452314895
0.41137182479317125
0.42362139133335885
0.20740964576738272
0.15772715786874128
0.25486176723513504
0.26933883435997397
0.24026232769157693
0.20151494466955733
0.20736461360525982
0.31032603428889693
0.33457259961255809
0.31086576349191997
0.2635667982095668
0.31136516034334705
0.25851714227349593
0.24576364840078002
0.36033519278622067
0.36762415303291601
0.3636107019087963
0.35492743891654333
0.22856938540968189
0.12107158092440497
0.21046401226332309
0.14666319118102361
0.12532632142511843
0.21262455233794647
0.27139139950496921
0.25103008575182995
0.1180919980283994
0.18565161180509454
0.29305578589616738
0.18225480838071573
0.2230568135888229
0.19747706430192311
0.24394112930069978
0.24821806958370909
0.20710376385567739
0.20331310803182645
0.16451546339063775
0.17817404118477098
0.34827743151454554
0.34904280598307619
0.3996287915515131
0.35762116103060815
0.30971563393435059
0.28806951041954137
0.27660724855552871
0.13299624181020672
0.1492519567752924
0.155019210819379
0.2422205640594661
0.16187275255378725
0.048572924517650412
0.098281207449225264
0.065734378979120558
0.13641435321582349
0.2192703312475669
0.13314560723623559
0.14154789502078746
0.16172536622405742
0.029168071992079252
0.15213900050669463
0.24584854439073758
0.41182952898209019
0.4632219740035452
0.41611331573233584
0.49420772399705498
0.43198856746600783
0.32992177267209905
0.30746372353054302
0.42820225204482748
0.40533303405725141
0.49028903013510183
0.3788272762994504
0.15793594079006523
0.18001576954763812
0.37287635487007914
0.37209050836502794
0.47837553608457106
0.50841439163282565
0.44927276433023955
0.45801069625829127
0.4471673802017489
0.35766484569062323
0.39533007427016348
0.36524472911246408
0.20631383464414721
0.1263228038053742
0.14173965117423343
0.19000647722052821
0.033662436406667232
0.032014246446969201
0.052291078314220356
0.13260965231026745
0.16429814086230729
0.13001615247268977
0.17129883203630006
0.16173844943050075
0.18815829879708801
0.15405734937103188

