0.10228965820515203
0.2351463699019106
0.33633440087724009
0.40871847366311503
0.31572074355410495
0.28612657313491452
0.31429908333605316
0.20668840378118775
0.26446752156703174
0.31560610898584862
0.35614437650117858
0.40360078812176736
0.37707125923732887
0.21056680771255656
0.15035177492312027
0.10338675742512697
0.059572213141795158
0.096732647025683377
0.13528198743388828
0.23053277032993841
0.31093429550455254
0.19614418295779817
0.18712864657097208
0.18410769822711712
0.15464270989775797
0.24407638261141845
0.21880291523276532
0.21630157692057592
0.15496692050544675
0.15344503098271617
0.188000657363494
0.22432004288115107
0.12918281892373656
0.061631907010293772
0.049409518834177324
0.046373936302927916
0.27104449878763875
0.31810347193988758
0.2906777475892523
0.34889088405114749
0.23348967295470788
0.24745529613872699
0.12398984564211282
0.13652666035168246
0.12681098439712521
0.18264811758404301
0.21959907771078868
0.14735726741159272
0.22990382242570173
0.099561585962091623
0.049767968860768265
0.11950182084499088
0.11229709157615844
0.11784503807075193
0.24669332782964326
0.34427323533564341
0.21685856847060481
0.24463588593240934
0.17785187620929824
0.22175525668426568
0.24282597618766141
0.081130955346492756
0.086755353021877687
0.14769815568612585
0.094652516271551079
0.13550778113477788
0.15082276193703961
0.20048740319798641
0.1594154450521332
0.10222307951995772
0.25082376228524511
0.29546917115107646
0.080920495435495801
0.094819323868316652
0.11505232657360413
0.32806004549812379
0.12735153975353816
0.053242403281502385
0.12631696081643337
0.29739066473578896
0.38910700845491558
0.24432065574130335
0.42768701067366111
0.30436611281831599
0.27489998386098763
0.44945882766398154
0.40562559877717996
0.35364849329891995
0.44595674473929958
0.47806697505939916
0.39535167599409721
0.53100321337147371
0.45364663375559977
0.33357016294868952
0.31147387572080443
0.43367752287730355
0.40887722927271297
0.3134525076802378
0.3236058856769149
0.50852895887886973
0.47299632035378025
0.42305773728241897
0.41423373185447643
0.37557745389245173
0.32550810512163714
0.18095349199596661
0.15889923973133643
0.040117287600365426
0.15146029300965555
0.16922739603662693
0.10562977978681656
0.098700055626971039
0.0967213137988579
0.21151971930324953
0.26975041760342455
0.27771274630195014
0.29942360277508678
0.35012171832167754
0.22839537993656592
0.3473768332038531
0.11109006875532404
0.18634126758209985
0.18751859531782311
0.28330419073032437
0.29628027534705886
0.19539525146387191
0.24987720241808836
0.26819035258789614
0.28267862700715651
0.13696667371337354
0.10197868719738998
0.17843904809306146
0.30479214862739307
0.27224576478418933
0.36957360577926907
0.34596575034071303
0.28590828886429637
0.30268720093489382
0.27924472820785712
0.21827142063443705
0.17888483253026602
0.1629054791409176
0.25741294732158521
0.34588850948093997
0.40770790887241393
0.41024799837537296
0.57962560352526082
0.48671331313487021
0.44577400448834831
0.31466743845099537
0.28460224344218477
0.29128778396101807
0.30062494542291907
0.41176557491341326
0.44719333200834549
0.52803034440873764
0.55850113741727736
0.39932191158318803
0.41413154964519761
0.41775831540050834
0.37346431863521967
0.54620097804086931
0.64216545886937582
0.48833607764040288
0.47001097721702129
0.46039121494663532
0.60374270185494183
0.47626619851053703
0.43879119929761512
0.47019445849548419
0.47545060606029621
0.56017977768109528
0.5413741758995102
0.55259396776898928
0.5211403740536813
0.43459740147870873
0.44296083473466674
0.44825052681763494
0.47484789041724929
0.32576704747378504
0.29410729117533269
0.2897119783412882
0.38668546171850038
0.33012663356247962
0.23647769769465016
0.2935507700539835
0.3477868368663386
0.28333223289136938
0.34709414949688688
0.24533763634170147
0.24823698557791071
0.17716259921963687
0.2538424391097211
0.37446236596557336
0.30639331009971332
0.35492855857139127
0.18615058129537027
0.25166244855782122
0.31231629475841172
0.31803119134189012
0.30145215456767666
0.34043805994451976

