0.23637905319983224
0.15897596647768714
0.18088074249879069
0.13435247828925742
0.16148286491115868
0.044677591013914518
0.15388692758788089
0.2062069886936547
0.12150843517643824
0.10710864774001352
0.028773043304725066
0.071546146255963991
0.18383277965633826
0.23488641733367949
0.11183173556612797
0.054057567426270603
0.1159737647454108
0.078241142760545154
0.022331003503038266
0.072155388954551133
0.16770650658736899
0.3422323585555152
0.33059189519487692
0.28976469523494264
0.28079937234269292
0.33866672993001184
0.25843253479136924
0.25321109414573112
0.26769432478769034
0.27521865474567592
0.354115892850351
0.21404938752183664
0.34431274216490015
0.39745837289576291
0.23708639876271553
0.32239438957817845
0.19171249633314438
0.13749531327776388
0.26702384689780756
0.33200702446883912
0.48216208241725705
0.41669250023410315
0.43065541038560601
0.40589886771157374
0.30976594183491329
0.28901916010030887
0.50124583301028491
0.38159146359089979
0.3028912881907197
0.17851133870781991
0.25940881345232192
0.31891674318707036
0.26070989722716975
0.24463629248184074
0.33637169750356133
0.26192343888403918
0.2187432999492615
0.090001386345730364
0.13119511247570201
0.086197873657271135
0.15309356916553887
0.18078242572644493
0.1511398671257293
0.15736858847897575
0.18106141346498128
0.093192902337321332
0.14382083225684961
0.18418920285789384
0.43048119042292032
0.37717485345203516
0.34242080103312539
0.43839829115280371
0.31900402942596517
0.1594824963273889
0.21537141266424067
0.22276428184667554
0.17258947571151853
0.18763721367678271
0.25633228017733339
0.16326706992246637
0.18016418362595898
0.26227136665627204
0.2396273562360009
0.094496260157899595
0.12594821213097482
0.24298144853647746
0.34190510459217149
0.52439430001995702
0.46108278621359933
0.36938345632780928
0.30466549483209104
0.39129200847992524
0.3979584994404472
0.42021378165351758
0.41514823448744126
0.47115859165284568
0.37370975784462751
0.34579690169469079
0.21412023786259371
0.27129369363472272
0.32986545480675838
0.26558326050300862
0.3792839970584384
0.34374729812761179
0.42454375516733273
0.34287661941220715
0.286896119229196
0.34046181266203762
0.36642923937407196
0.25225230459966902
0.34804335303283518
0.38083233603772043
0.27872726186657326
0.30051344100608501
0.30091802827032182
0.37446204615593759
0.34796879740197934
0.33618786776035953
0.39222859591088755
0.33673217292503632
0.32933706997725232
0.28663281957582698
0.36023310182848295
0.33983687578231464
0.39074695795691483
0.30616024187855362
0.43047411093755733
0.26364096083138538
0.39312622163750671
0.44702525408270161
0.38174263739987419
0.38908667633548966
0.41866655437955824
0.41427052003228754
0.42570162136495782
0.3888137435141758
0.29646858268198134
0.34212916639939794
0.39805109041535247
0.31646005852777148
0.31345147990030131
0.22977972499713623
0.27161979609240877
0.32819682078056794
0.42160975961196717
0.30011713931764239
0.40710317673269553
0.34993142382410097
0.33802136425533397
0.4410227740650573
0.41962188393100075
0.4141548493570546
0.29482033463599083
0.42720210203922171
0.32843385972058581
0.25305267853619656
0.31391841096855411
0.28277016736165983
0.33371172772005031
0.23701799349209646
0.22914944486127165
0.19245874283712738
0.24685694329233962
0.16262748854470266
0.027567114099704016
0.20837698678196856
0.21024572620876086
0.15427804574730208
0.14183124594161986
0.13285808172432395
0.13390446538402465
0.30345308548213118
0.28883309242928873
0.29951023811725902
0.34802301782271011
0.32710343873916847
0.36557554959827204
0.40000713966741308
0.44579659841242947
0.41524772602624593
0.47265442800259894
0.49120018899037937
0.40993283590313562
0.29542189306066058
0.31054622244628799
0.39208751659873664
0.43882823570052154
0.31672903092973281
0.35240693616712621
0.36468795613339883
0.2670362665275362
0.30493109239791072
0.13756256609905568
0.21482627945401192
0.11913156989938296
0.11883581651845132
0.10545286070467354
0.28852712941112441
0.35745504633417796
0.35366210878502513
0.34314412650219867
0.42699330861424412

