0.07642954393365177
0.23264853445755843
0.2718848501660579
0.25378294337399354
0.25946897016580811
0.15852017266453536
0.14375862183649746
0.16869482620571088
0.17066215738117105
0.2083994131244655
0.21091523827229725
0.16701296169291338
0.22258329694369799
0.29325326935751328
0.35922981547910554
0.42781459319799831
0.40372931512743693
0.28511738300541212
0.25854113409408447
0.15252444673238894
0.13335206348607279
0.15809638966440462
0.15906255423455709
0.16433490713458554
0.24751675936767109
0.17422593962644556
0.23186746286019083
0.098853733342342834
0.066806341402278493
0.351065893668559
0.33378768595022007
0.3472380844548672
0.25472672728791168
0.28963213389227044
0.22166055345658858
0.23195080711015276
0.28459147249815853
0.23754627510941814
0.31887465154048711
0.33386599104168563
0.3100995074178447
0.37790225670091071
0.38788100886352006
0.39623441867888642
0.50579706345823749
0.49519422279821584
0.46033390174791405
0.4600267472968167
0.3578456380811641
0.4465243906762984
0.45085985009420204
0.33331363692239813
0.33731807279423104
0.35333010960605166
0.22782829774982974
0.26101959136787639
0.22465876734883988
0.22873810134027572
0.21407792945251156
0.32600356144928067
0.22359589551606546
0.20888271059443805
0.23037846760991293
0.23241965750773225
0.026102366274163801
0.10063747198060452
0.12578660504791775
0.14305860843401708
0.10734814032573831
0.25236701573661385
0.23076935326784134
0.22283265842361608
0.14388872030775626
0.21663797871733553
0.21903561948968392
0.33487576186919593
0.32412126112539169
0.2692083623923231
0.16125775496449676
0.31669320876714951
0.30043262810199928
0.42822727045532544
0.29629001222537243
0.303549302073228
0.35898800529533681
0.27767844705574057
0.40018899528627661
0.2903775610292193
0.27752156166079966
0.32553481627996056
0.24554936310612072
0.24440706961366521
0.17817064884670314
0.21551650851115042
0.28813430049339339
0.25747038493906554
0.188743220135561
0.27211301744331756
0.12350582046834817
0.059763521512218885
0.12910657649046875
0.2196454819836548
0.31171256848301521
0.26479927776627982
0.28292331329404879
0.2323859703327448
0.19149020975844211
0.31129584329230414
0.25128803689036244
0.21691957559402464
0.19702748248176838
0.3322175076995077
0.24453703651254799
0.21810337562003987
0.15832301689815828
0.14541119518359547
0.19061243226952232
0.17960821401009278
0.30524660634527323
0.24625366499885928
0.12111862398022782
0.17824140051189774
0.23663666639915629
0.068484298788768092
0.13441405311171778
0.23251296932695681
0.17033557630285795
0.26429716184011259
0.12496007932452778
0.093879189111857386
0.069558987061053693
0.12911387693939705
0.22843686518141307
0.10434595689899227
0.12422866108511511
0.24111531264482236
0.090639882558746471
0.27001415637173903
0.27135974205902402
0.26766621739894941
0.12989905314186326
0.18429111294554301
0.21587199912155761
0.12160086072083613
0.14898105148833313
0.13734840025256725
0.15723157550268585
0.16248350513158122
0.15197925354817798
0.14917831486930294
0.076088256282106331
0.33105829306465034
0.35499719371122335
0.34056330628127618
0.45760425187600745
0.38449557025362957
0.49732940747491217
0.50726375316958106
0.54511831259351951
0.43295762084477307
0.43209021023513605
0.50288745385450107
0.42537399582814506
0.42552956444410645
0.49007190509958731
0.36460834494032718
0.41415122209948768
0.395070600459689
0.47304783563104263
0.34874542193908953
0.40010026792721964
0.39243706024198433
0.33566906367688942
0.3006162731396283
0.23060639442815084
0.1693609419214297
0.23020459060394022
0.21208863281526386
0.10066580740197351
0.14857735086445614
0.10256588862431155
0.1460980667040529
0.23213330027132154
0.23651377088511139
0.33755350263122536
0.45565193674069782
0.48169649888855631
0.52177821595832397
0.54565306398689029
0.40953119125197351
0.39477083289969844
0.33892917827012536
0.16711783661263882
0.090757060419670965
0.22576923333589619
0.28351252157353402
0.28271659256632298
0.29324870459584396
0.29424827319640567
0.19448048479121535
0.3628451095990019
0.26273853258159108

