0.9972347870210565
0.99671197743822981
0.99724801536978414
0.99742993793342671
0.99754431745661187
0.99764613426378657
0.99794742205594744
0.99842016009333623
0.99776677353401888
0.9971155120964128
0.9979150953960193
0.99817970731366856
0.99790034714464526
0.99768468879703043
0.99788582520468183
0.99788961784367092
0.99824855980430593
0.99830083084404708
0.99782295324724257
0.99758796171855946
0.9982266745643068
0.99819397488640593
0.9982706135452607
0.99825151539990997
0.99786485473957587
0.99701870200944165
0.99660165244716392
0.99629589592983081
0.99664303622180639
0.99681760047425805
0.99649817683315522
0.9962643414520489
0.9955701487576164
0.99529700012697819
0.99508130790859495
0.9960459443915386
0.99654404522408524
0.99730938342127218
0.99791833859046553
0.99848153609881596
0.99847843158808958
0.99865113368611802
0.99854982441699991
0.99815494106903446
0.99813752197052164
0.99824143495622142
0.99842021718483798
0.99836670699521179
0.99797206699517493
0.99754824479322923
0.99740135733505364
0.99757548796812912
0.99814653952028243
0.9980718384895475
0.99790109093451496
0.99820219891739159
0.99811063158785152
0.99804942020605314
0.99831006000298728
0.99799252062902677
0.99845523674922354
0.99862615416178147
0.99894310471363401
0.9987510890990301
0.99845624502013819
0.99823488284302364
0.99819098536094975
0.99790929345862622
0.99804145791587973
0.99762202798881583
0.99772810024486391
0.99769362160083785
0.99741665302153126
0.997539540966904
0.99742203189002621
0.99747342166484165
0.99789124344267666
0.99797151634122194
0.99781860408457257
0.99799016207938496
0.99805279487521192
0.9987754732528501
0.99863819397346176
0.99814167385891484
0.99817298561663204
0.99845805292014111
0.99846492440916468
0.99859788306425556
0.99884667637660052
0.9987395166025087
0.99871977741156215
0.99832251354533263
0.9985540580141129
0.99904063097316054
0.99929906580411865
0.99915707340849924
0.99857596477744015
0.99851368751979908
0.99861071027660619
0.99834179834786996
0.99858080530458115
0.99839530970782153
0.9979568238508888
0.99792004416536317
0.99757057539761862
0.9971807389725551
0.99645676413024376
0.99684340035673169
0.99726613436034661
0.99805678952620669
0.99796230598039704
0.99774959351507875
0.99799911224892224
0.99813646274626056
0.99808990146993271
0.99846956170054946
0.99847305262897745
0.99823109507590291
0.99852666537468593
0.99869381986570915
0.99877807771921812
0.99887075977794326
0.99848495757724776
0.99858144478757493
0.99862394411325694
0.9985310705260031
0.99876877736224157
0.99904010560745837
0.99882049195869749
0.99889474293947844
0.99902218411311039
0.99888416214487319
0.99921175871945678
0.99893909950153503
0.99885290319547493
0.99863595661997928
0.99848465976429301
0.99867567903357934
0.99874589827418314
0.99865738525216807
0.99832255242760481
0.99846961510988563
0.99853592768751831
0.99850459168760086
0.99881922536443568
0.99861976331070768
0.9983761531880152
0.99844209911669024
0.99806164197665781
0.9979651162592329
0.99761726711051624
0.99776847431820381
0.99763755232448659
0.99705450157275077
0.99783186298055082
0.99761472558966668
0.99769332855737425
0.99718204977742364
0.99766676720978309
0.99768627802910659
0.99691591882782293
0.99779917584118749
0.9979669471840249
0.99853374403686834
0.99870675684809107
0.99856873234857335
0.99840982947923385
0.99853766957580892
0.99871402636565154
0.99894163177745021
0.99908899702159648
0.99901593954762224
0.99888182712032303
0.99913459069001298
0.99884864883219349
0.99860536643272224
0.99849673820956986
0.99846492647013341
0.99854094297366225
0.99872479315673246
0.99862482662355667
0.99874918738163154
0.99883408391166673
0.99887101000661993
0.9986469380462818
0.99893327513811703
0.99883343401250946
0.99868605587643211
0.99899334354740654
0.99872755169481298
0.99906128807841243
0.99900908159224233
0.99874336656052121
0.99898070060100508
0.99882723107707472
0.99824148120828105
0.99818762598275979
0.9975552467254194
0.99832201219688721
0.99801377425601523
0.99812196476579973
0.99786096442293359

