0.99774586691168343
0.9989059657255277
0.99903983239991001
0.99895237688064076
0.9988865308145507
0.9988924459407823
0.99850616775392786
0.99842297114778633
0.9982881878289781
0.99798259407797552
0.99766424515261498
0.9983858105592579
0.99786592192509727
0.9980769863931922
0.99831749710763251
0.99829215531070348
0.99839766160472909
0.99856010287739805
0.99836487249046268
0.99841858640175229
0.99921185496628473
0.99864415805925322
0.99891195046816339
0.99888950064483817
0.99872876179767034
0.99850194576374918
0.99860981693138517
0.99854623874212411
0.99823431175634758
0.99821498317069435
0.99786514760893008
0.99772329796123038
0.99819162670886408
0.99834336798904244
0.99846533950376015
0.99891442073021064
0.99869175766885465
0.99797648982798481
0.99868102448216622
0.99850663039251963
0.99827373200411385
0.99852784327617872
0.998412029415783
0.99774370934879775
0.99807408808986953
0.9977493522262868
0.99761017175548017
0.99760845076693561
0.99685116477226543
0.99739526562925807
0.99748469913968496
0.99817493593833861
0.99855660981827576
0.9988090003776845
0.99908132349005274
0.99883070203475355
0.99852891407047462
0.99836114021894984
0.99888107818309879
0.99915732661500334
0.99926817484476915
0.99908753051579025
0.9989519188359034
0.99879828864641207
0.99868804644745146
0.99865548818981509
0.99863877352336505
0.99823259796182018
0.99830500797172783
0.99833316888464674
0.99797928026003346
0.99824108062939676
0.99784872146649384
0.99749126467486748
0.99759370942374481
0.99806903977484074
0.99823487840903979
0.9987712285414273
0.99812438333473497
0.99735251972287786
0.99705924747930652
0.99743856419150068
0.99738841590289462
0.99756612049076421
0.99736167125928565
0.9968669307185567
0.99718771289051678
0.9969920124988384
0.99675867345876745
0.99746575826163275
0.99726333457217198
0.99695069813266546
0.99677668138331188
0.99744714449306193
0.99764897769729843
0.99726503561591495
0.9972455977276149
0.99721956037880621
0.99796389125727059
0.99761226290358185
0.99770399761621142
0.9978493258206661
0.99756213074153577
0.9976431715738705
0.99739089157160055
0.99784672266038488
0.99817796221780863
0.99853774705666154
0.99851994995029536
0.99857239367416273
0.99848787599498257
0.99909721466425039
0.99885250948926396
0.99900414442197283
0.99872461741065088
0.99838926899713021
0.99856923245516493
0.99869226023848323
0.99871235575724782
0.99900053271881284
0.99870314473864119
0.99856677728215981
0.99890866364128805
0.99868140510653591
0.99882880714371569
0.99902841997404646
0.99899074524728182
0.99873419579314038
0.99855257959208377
0.99857741119254917
0.99859961196578662
0.99862467712050551
0.99906065424515211
0.99875846500477594
0.99854584095686838
0.99825841929649661
0.99894155455991474
0.99889455370657687
0.99898947754763057
0.99870472051736003
0.99826253819647848
0.99797210931781155
0.99758662647503415
0.99801311862221509
0.99805008954750463
0.99835635744884266
0.99849275280143701
0.99841052979306832
0.99861330453563002
0.99892437596323036
0.99899062586388521
0.99879609657962787
0.99878552453085745
0.99874067141078338
0.99842656155927156
0.99770253313852719
0.99777198449169102
0.99794203965619155
0.99809271063036387
0.99760472175474046
0.99782666261265662
0.99827459932068729
0.99880090267647792
0.9986437907204696
0.99848471527009053
0.9988214000336767
0.99840227903583323
0.99815182184502593
0.99799045528381158
0.99745252665047945
0.99728624347665806
0.99808126015841148
0.99778551031380147
0.99760337518218123
0.99766583406218734
0.99783134582530264
0.99829987599892178
0.99821624643855766
0.99827720934509923
0.9981674485771006
0.99812306062763934
0.99826072274050226
0.99818087393732846
0.99847091589138259
0.99831756184623266
0.99752565455020914
0.99727206699750937
0.99812632174563853
0.99830892945126826
0.99781015433350018
0.99797525497216832
0.99792336617786237
0.99789183878859178
0.9975898083736715
0.9985639432476956
0.9988245558519625
0.9992920608496989
0.99930922196731231
0.99902333273194643
0.99902844795426426
0.99903135703533696
0.9987719601189623

