0.99930922868471794
0.99919697980979216
0.99898374692350733
0.99861748742667567
0.99863453605648012
0.99894628631797788
0.99916528429147911
0.99943558807823762
0.99909420893793455
0.99874569244858424
0.99840618338213183
0.99839264132674943
0.99826273500870266
0.99816605984049955
0.99797029830740835
0.99802938691079035
0.99781362985346134
0.99787216833547487
0.99746036734065646
0.99745099814486804
0.99733896825648494
0.9975700560781523
0.99753304718310987
0.99742960293041028
0.99743470106773746
0.997240543196941
0.99724508692800862
0.99734787401894909
0.9974455160519331
0.99769625990538169
0.99724841759976701
0.9969976150091121
0.9957160233277339
0.99628454259081356
0.99566963755269056
0.99523172689967432
0.99545557867208645
0.99596975791008313
0.99702643147857284
0.99638973274792075
0.99654404566625043
0.99649869581342898
0.99711576812420544
0.99833288980070123
0.99794896612013662
0.99753171567110566
0.99782271288354996
0.99807782631314124
0.99790005824152073
0.99771691636027693
0.99760385742723667
0.997454899342612
0.99805043105840607
0.99744065607121546
0.99858268514102166
0.99878993840074926
0.99871392791071945
0.99878952545169375
0.99824858275861306
0.99831575994890254
0.99818416455548442
0.99768182623717594
0.99751299821105111
0.99728813523348869
0.9975782345986397
0.99712554348727234
0.99677021080066175
0.99691335740897502
0.99746086667054057
0.99731664802087683
0.99826948432241924
0.99809541530491497
0.99868779500254568
0.99844872870294987
0.99827390737949628
0.99795639561931504
0.99788547212637047
0.99764145059626996
0.99753022397428359
0.99851713922318264
0.9981353373347156
0.99817258537831155
0.99798186170453773
0.99844965294661026
0.99897137426473726
0.99914819007401012
0.99912281092834476
0.99888559082827988
0.99875603003415847
0.9987757714158092
0.99845538225439456
0.99802825419117891
0.9979316868330631
0.99777040838136855
0.99799158936876609
0.99832678643660455
0.99799305411759442
0.99823389193909662
0.99798398281930312
0.99799942969142619
0.99773731346183125
0.99779861059993602
0.99780757514616047
0.99795294858762207
0.99791353591516596
0.99739081324365564
0.99867142902347872
0.99894451484385849
0.99882422798629911
0.99857225606318023
0.99868293525939345
0.99836669691956692
0.99878896062723466
0.99864518843691263
0.99912767116323664
0.99917832625944636
0.99898839726777555
0.99867724898667232
0.99908871622733564
0.9989273925070028
0.99886149386090162
0.99871207495075343
0.99863261065607389
0.99825225033856468
0.99813803498474796
0.99834511387568892
0.99844881262091778
0.99821841818027124
0.99810523129187001
0.9976618160982107
0.99715743005284063
0.99734876366473391
0.99698075009742226
0.99734029046168104
0.99743957879715561
0.99773687879301187
0.99815232184450264
0.99814493832600915
0.9983395377743618
0.9984537014670104
0.99809938789560104
0.99741247374170627
0.99720619681552203
0.99734917790230315
0.99741909173594157
0.99849177742749451
0.99829467793615723
0.99874373273741812
0.99860092463264338
0.99858935365643386
0.9986384732429473
0.99849702493501691
0.99829679580223218
0.99808946675321053
0.99787132554055258
0.99817329677580502
0.99812329041821335
0.99832938790816328
0.99847466956775877
0.99826364401509393
0.99813983034192011
0.99813450979315543
0.99787524303706721
0.99776544032814585
0.99790101373049256
0.9981460750716169
0.99849344116904359
0.99849906005238342
0.99818711181538811
0.99885289984246484
0.99868681598831943
0.9984567470296295
0.99858209144930876
0.99844625223982797
0.99850081781647038
0.99864918285155513
0.99836054490280657
0.99779103065632746
0.99763780198019403
0.99798119861843382
0.99853988066948518
0.99916699275785437
0.99900059639798233
0.99891074982504047
0.99892950214094278
0.99880412692302378
0.99838885900659335
0.99844930851642177
0.99795696069338358
0.99814620328335035
0.99796400191426671
0.99821484797179938
0.99839538420935336
0.99840821813821357
0.99798633921310065
0.997615429010699
0.99779533743761017
0.99782840963582375
0.99717212344541462
0.99665990696694229
0.99613014931951482
0.996382634720549

