0.99806047869066628
0.99827456838868134
0.9987764521469753
0.99902902670309135
0.99917019957979469
0.99889941697483786
0.99866343506134891
0.99793671330609734
0.99738697225800876
0.99687218728047788
0.99620797860233146
0.99639907433671293
0.99578039507570104
0.99575182046078403
0.99653941377345068
0.99598152795382588
0.99574193656887344
0.99639252462028638
0.99715284412308813
0.99771089142099612
0.99847348285551374
0.99869291840430308
0.99852726252051427
0.99858593307214927
0.99881048214073753
0.9987386204658677
0.99914204243668159
0.99908439035761121
0.99898153570703219
0.99926053471195331
0.99928858032212997
0.99910681192007933
0.99882982671825171
0.99877495254681403
0.99911822789280225
0.99890399648417172
0.99891197171723034
0.99884757859407591
0.99877750064766369
0.99856071531653523
0.9986649382686581
0.99863321409905448
0.99874618975971119
0.99886879933925765
0.99856044885109119
0.99823003217529493
0.9981840492278593
0.99856076458755128
0.9989302364785928
0.9989301553018255
0.99901424153754725
0.99821994324150343
0.99847330515444377
0.99836386538085509
0.99874243498530046
0.9986973149021936
0.9984247108832992
0.99838279153084641
0.99876112175419851
0.99884299947868649
0.99858233247133854
0.99889633444872927
0.99860147975636748
0.99853931549283759
0.9984152956952802
0.99836502666149862
0.9985998980010522
0.99852017243960189
0.99870158709243662
0.99862312797024133
0.99911475584169585
0.99893685235244789
0.99869242327315022
0.99855394985393786
0.99850996851607776
0.99822916996120259
0.99860000608223443
0.99871135476650619
0.99868829481247534
0.99830350744338447
0.99838469437649791
0.9983901898014651
0.99889239599535051
0.99883204769458134
0.99846723895485634
0.99888548149272904
0.99869499557729946
0.99868776223726419
0.99845627043317942
0.99813844244142813
0.99853798213206879
0.99818245972508135
0.99815573788108147
0.99817270384004175
0.99837193507705657
0.99780410381272655
0.9973543384432112
0.99729359658708372
0.99713767591345814
0.99666690114340262
0.99637475812075849
0.99588134058885291
0.9956771740406819
0.99511790168023517
0.99461852726734601
0.99501750322715488
0.99475761736413182
0.9952396219663826
0.99583423735197651
0.99589629446235473
0.9957046378627975
0.99520188603560855
0.9962884541382484
0.99694501638778876
0.99723188121392714
0.99768968682369275
0.99795344930494745
0.99828832994520078
0.99804037146446667
0.99805552952839738
0.99750060190014656
0.99768031030293725
0.998662884599956
0.99832114961629193
0.99827974181396961
0.9979536263392238
0.99777646812038467
0.99741143503775054
0.99785025533111138
0.99790944042595997
0.99802233676555241
0.99801760275921902
0.9985137480427777
0.99829661783026924
0.99847354287430667
0.9986576725292563
0.99866902669331636
0.99866676395223464
0.99876833641355756
0.99839970416601687
0.99850096218045292
0.99874496762106613
0.99866279460682539
0.99908896939880087
0.99889435671982418
0.99865835749084353
0.99874036597525939
0.99850102165958821
0.99833212408656935
0.99846959686375536
0.99829283681689318
0.99805163876032943
0.99810754755259057
0.99813989150357818
0.99777270023922293
0.99775416164302866
0.99844049858627038
0.99846061863722113
0.99825275367646638
0.99798991941515558
0.99861531779908452
0.99839043418812323
0.99858268001370065
0.99817256722986691
0.99825658234542269
0.99839893671041535
0.99861253379922432
0.99799581892899136
0.99823364369894718
0.99816901251363921
0.99872728861084414
0.99857126348157288
0.99802145943413745
0.99803742514015581
0.99866535893239994
0.99915697601192455
0.99889706119153199
0.99865028798396938
0.99810084618985606
0.99835567939804737
0.99818632981363509
0.99775144438943331
0.99765590552681105
0.99789891602616798
0.99829314360102561
0.99841301001070137
0.99840926942853858
0.99812319930422444
0.9982028992765013
0.99835644131306034
0.99864615058407147
0.99861844624343155
0.99839427097025624
0.99854844720193225
0.99872277298008805
0.99900820215889041
0.99913468109788339
0.99919220859537894
0.99897936762293149
0.99898796550063818
0.9983724589950933
0.99860474569154967

