0.85897963706590241
0.84109384832065148
0.85255815736612472
0.82848470616859515
0.83480739745764954
0.84768723152850112
0.83780270281256208
0.84374904436043519
0.84723995376007888
0.84552760635076796
0.83514873262285927
0.83210716059820589
0.8455536904106683
0.85504495355518839
0.82779063068004732
0.854733385111066
0.84768264864783771
0.8248165184505617
0.841980996214725
0.84776522094259665
0.85282154739828619
0.82377612272047562
0.8409451695583261
0.84367582752441128
0.83948151524613435
0.84501499733745644
0.82255176774881
0.82219547375678392
0.83973463880740706
0.82241249395652583
0.85276277173835757
0.82942191099599016
0.81318405375812941
0.82233526906635068
0.81668132325929454
0.83828045736391144
0.83004137346111995
0.82672750645814663
0.83128362812310386
0.8422168938198058
0.81074506616881403
0.8358217928871724
0.83141779662844528
0.85358199109903954
0.83252155131127037
0.81746930014492658
0.81417332867357939
0.85064189135100332
0.84193915272719011
0.84431541755567174
0.83074171996771928
0.84218506797060233
0.82809776036338234
0.83902381470134002
0.81594426633276351
0.83798842929105977
0.81739551734557425
0.84596676762142498
0.83287308063727528
0.84465239222051491
0.83096294580377006
0.83364671708963978
0.84091552032155437
0.82683946123477481
0.83710559834867493
0.82922503207164411
0.81318522160875994
0.8172863160507372
0.8438716350137544
0.84782533083223433
0.8381460142755307
0.80590146880028846
0.82142498624697557
0.82134288515218035
0.82309903490564607
0.84373451576821668
0.84191088361853583
0.84288282531616254
0.84410683173838974
0.86015190476231163
0.81684821656925644
0.83261821963679783
0.85026924637682511
0.83618603802561464
0.84512066462126401
0.84435929499575557
0.83678621762525296
0.84477576666639587
0.81578214681622874
0.84957870781549627
0.8329449135824617
0.83344728843694782
0.83035727389935043
0.84287774833590956
0.82823300392173771
0.86309039983961267
0.83670996165043754
0.81953951652721702
0.84439206852833337
0.84295115727480829
0.84877323519471604
0.83181594839319151
0.82972554782539121
0.82739991727552531
0.84658279257255442
0.83775718887778583
0.85466368782709501
0.80014542118661836
0.8453079233187405
0.809437622502992
0.83137456669164567
0.84609769593211392
0.85842463780014211
0.83279708421574572
0.8195132517567979
0.84771443278258463
0.83391682172847281
0.82573482936561415
0.82927284028455805
0.83154696803360728
0.84860912106704856
0.86308790347871278
0.84599533962294315
0.81580699804322787
0.82446606438469272
0.83354685412161511
0.82095237667815979
0.84593879144030482
0.84137429475242131
0.83166812404657786
0.84983601594088087
0.84643275083613145
0.83052328060509417
0.80530270533431669
0.83684915692397033
0.82991855559543093
0.84054381193253247
0.84442455849776965
0.83905556264085079
0.84000601739498515
0.80365872561079255
0.8382527413952503
0.85660637195669909
0.84777225775428222
0.84701137162482143
0.85209884167716521
0.8331170446166235
0.83001884554711036
0.82307309056575606
0.81538734700103599
0.82077940020080364
0.83249371803039951
0.81896983833931836
0.82434542392637578
0.83150624003709972
0.83799088479998718
0.8302930196528725
0.84361310456398586
0.81993602794736886
0.84785571572027385
0.84386599112195471
0.82598340022006134
0.84047839910292599
0.84550669555097291
0.84107270102347076
0.84409079351539718
0.85498071646030838
0.85415404786173366
0.8361136164605325
0.85128990665537119
0.86175780337712304
0.83073020587951185
0.84516154918212882
0.85323848643483735
0.84989075482469245
0.83874693941751088
0.82233917289259217
0.84500076638381771
0.83460978289806254
0.83168139822606424
0.8306133904536156
0.83276126906126213
0.84628762258386225
0.84426579395420964
0.82723048387811959
0.82871080734915137
0.83953387474648911
0.81343248728740503
0.83806477707399141
0.84148972661219357
0.83106521813956358
0.84342529922272291
0.82708923137560209
0.83296272101997837
0.84908776603649672
0.83422290667181598
0.84238318082244312
0.84053910637542828
0.84040588954971185
0.83740042318502106
0.84790448263671025
0.84760051787859036

