0.84240716166983276
0.81857678008366941
0.83640894084823403
0.81990605442912934
0.84361884910165841
0.82282522437530015
0.82592504557656865
0.84123047332110401
0.83904247839187196
0.84309378879992236
0.84595791669255094
0.84116269034094171
0.84879511377616557
0.8427834171070645
0.84081651180534367
0.83844438819065326
0.83811206510880243
0.85066262951135452
0.84337388709325323
0.85835567301894355
0.83641060832129566
0.84180272193467631
0.83052030261748044
0.79400539010325144
0.8360954706506617
0.82637677544296217
0.84160073000086022
0.84027442608200775
0.83364253316980241
0.83644323151447708
0.83474618007905188
0.82066145021071657
0.78607527768705976
0.84250351099578313
0.83403402159884965
0.79939486346540056
0.85279111093085525
0.84013481502897025
0.82528010911290894
0.84091754254630158
0.83788186148531829
0.83934396296457503
0.82383134890493659
0.82619117979879386
0.82041232478706583
0.8291872813725335
0.82251310440602421
0.822991771418634
0.84329922805822588
0.84055026987340931
0.84482764226779683
0.83352770451522407
0.84194620755469518
0.8239913065053277
0.85463291077450265
0.84236846286377876
0.82944514495392396
0.8250820978544825
0.84932989287519522
0.83314846882285387
0.85496917466266831
0.84819889945472338
0.83868783782875578
0.84091169565743062
0.84642175129569386
0.84910723840138813
0.83496801469609649
0.84823804592714047
0.84063467970173567
0.8299593661669602
0.8646780941503639
0.85952203706315111
0.85787922911738423
0.84148516789218952
0.81770488823612797
0.84792615798454285
0.81127178424724533
0.82424405278354207
0.837392393465903
0.8448241098664806
0.83645483047604263
0.82451717937572455
0.82316243035240033
0.83811687571611626
0.8128948699980022
0.83491711265554436
0.8237509590079054
0.82331337051811848
0.84166631080557097
0.8362271787854817
0.8277248111346186
0.83817377061213505
0.84157875125767057
0.83639046337983525
0.8407706931997706
0.83650486187142736
0.84910886088968285
0.84570520555380024
0.85064499009326844
0.8310777739891233
0.834305244626659
0.82683374462963555
0.82198488161717076
0.84282336765958499
0.82723554016267153
0.84052180145015298
0.82204099218221438
0.80758979844960121
0.84854964800714738
0.83743678976917524
0.84534074309846419
0.83031896671657424
0.84624677024428463
0.83555344371202411
0.83595097609029145
0.8535277322173398
0.83687167324213607
0.84839077926383366
0.82409031838572899
0.85256325534372934
0.85335557818480168
0.84435150517023061
0.85944492289242236
0.84979975535976437
0.85110940972273319
0.83034690181415127
0.83391096443316293
0.80402850827555772
0.83309493361067477
0.83906655485941051
0.82922301327746817
0.83775300312176504
0.83229733288040453
0.84038489867525112
0.82537620753082752
0.86004320028228121
0.81652642905379758
0.8496060667913633
0.84535475496405843
0.84020561964127727
0.82947874661043897
0.8395165548022685
0.84191157698914987
0.85364028820241988
0.84655623033553185
0.84963855696424828
0.8393402416095378
0.82899778700305515
0.85263448107537176
0.82905939906894355
0.83578481437582464
0.84597635754770495
0.85030914803513302
0.83806795166776427
0.81282716994642412
0.84230494778774023
0.83067455961080661
0.85409727602430041
0.83643545115625695
0.84427594069281131
0.84876138820434233
0.85336318361892749
0.84675468380813468
0.81260122231354048
0.82956786321641451
0.8461122624472952
0.83109952518683039
0.82929624229063925
0.80877422002095112
0.83334790562975147
0.839602523659571
0.84153977894630549
0.8286103390977374
0.8428261426397331
0.84146556986118548
0.84985199935530575
0.83521376966179828
0.83754969760061615
0.84120521726715358
0.84631519801795974
0.84687915321509888
0.83875295745216571
0.83085338533261732
0.82080920804216106
0.8336529219423281
0.83500353343157618
0.84847434883307937
0.82202986310263293
0.83646431368555296
0.82511853979554339
0.85745852693721714
0.83622318409268315
0.83414685886754103
0.83979702744873896
0.84101257525002981
0.8316363056975411
0.84623428055987238
0.83919519758298433
0.85026616100379948
0.85551175610150532
0.84664313166453808
0.83390303834123292

