0.83530725325783273
0.83894287125901401
0.8413928550954497
0.8214308917296651
0.83721703779749235
0.83411241616926313
0.83160148468122241
0.85946255277110806
0.83328086723707206
0.85055379998583203
0.82901675074250614
0.84941752389405989
0.831088309480845
0.83306634216087516
0.82760322904306205
0.83616997920980674
0.84361303095982321
0.8526664127514475
0.84099310203771072
0.85185755301994259
0.80827700812392556
0.83114499648859652
0.85732986666314859
0.8502318070114887
0.83432905243237199
0.84393535546460585
0.80451724211544162
0.81665395541484265
0.82682656073651128
0.84343421067118995
0.83526694363986087
0.839265518952786
0.83528680878749229
0.85421019592683323
0.83828869221719271
0.8511318910927419
0.8135942652540249
0.82347190352606314
0.84493071044077339
0.81945245044922332
0.81481601415722349
0.83559157670839002
0.84344904981970603
0.82779920949844554
0.80024654739971102
0.84432727009166653
0.82941841148552642
0.83336428432281073
0.83785831128106847
0.83738051853974205
0.82755858129844873
0.83470154697335541
0.84143353397079923
0.8310384775663987
0.84392861932350227
0.83091681642136972
0.83855852589862834
0.85057449632493898
0.85048122738781906
0.84816216276846423
0.85170132367121909
0.85087874184241719
0.8430875028190995
0.84444266626644116
0.85210087982784999
0.81436780465509195
0.83358707286888012
0.8365643455444759
0.83697512809074526
0.84628598834891089
0.85146597473076047
0.82248121011874242
0.83640792763887584
0.83081444073361355
0.83597528473587923
0.84737903595509034
0.83601976449296633
0.83772629869139947
0.82013948260947045
0.83487746249973949
0.8528834004254785
0.83861522462508054
0.83276192437598751
0.84710215005176925
0.8272347254508049
0.82054884664257421
0.85486276164898056
0.83822682628813738
0.83228450167837864
0.84589744760174013
0.81409222742565557
0.82502443735147957
0.80186015562559465
0.8141246394632331
0.83228444102198618
0.83551554145602269
0.8387118593480728
0.83114894476474088
0.83212332811179857
0.83843817882524363
0.82378855221262159
0.83488383519025156
0.80519667265749306
0.83877728887917002
0.83213749668070724
0.8374625615489989
0.84749366577078955
0.84200231510357226
0.83695774353128494
0.8450312749258535
0.83711624388213768
0.83263782259725005
0.83774276469294817
0.84947218788537338
0.85506122194985046
0.83054210128775607
0.84830101016458315
0.83221091073893194
0.82658062857227232
0.82312342814680539
0.8216611878289144
0.83374647117403045
0.82404994405967014
0.82954956246171907
0.83344730610651119
0.84034183502694071
0.83122481514398283
0.83753161672173648
0.83186452123362686
0.83216628174609819
0.83725468127103364
0.83673807811811252
0.83172539200850015
0.83954265903740066
0.83350846532217482
0.84831765110821755
0.84543909193308864
0.84540941563900973
0.84035211761226802
0.82836179145831546
0.81509103523626392
0.81813169616151316
0.84207149026092831
0.85712259747357511
0.84850431927067038
0.85306115679650396
0.82590680195439325
0.83610396127008701
0.82291192130523694
0.81938235301153239
0.82937509418672328
0.79253170168191056
0.8077259509739293
0.81433736931563749
0.77699782645119442
0.81341640416788175
0.83871115055056467
0.83391447697906551
0.8123102920760068
0.83290474971512296
0.84555511752919088
0.84863057343242798
0.85322807582539184
0.82099385385799284
0.8472997362117668
0.82598494734245864
0.82863848294882803
0.84473907757112721
0.83363320867974522
0.84239691531806804
0.85036206030064476
0.83923709671096269
0.83704588564147575
0.84395526472369808
0.84564526974011012
0.82562667113635357
0.81413600789644158
0.8451954006109732
0.83654994489067802
0.83530039663499611
0.81628459586473034
0.82910285841972786
0.79246594589183095
0.81264813295427518
0.82883907166422954
0.84165709949912559
0.84892390654902339
0.84137973801543986
0.8263683005940069
0.84639561832694143
0.83460609945416031
0.84131235714456276
0.85294860938833728
0.84823170325148289
0.83025310007494979
0.83563878888170429
0.82014053472898096
0.83195008051809605
0.84297916622815838
0.84727448036559316
0.82854148527492388
0.82855382018905022

