0.91490461063750306
0.91417861155074931
0.91169754965207994
0.90887661632814476
0.90997994995869902
0.90676394926454029
0.91536277363160434
0.91568801553769996
0.90669973548947191
0.91369961773485708
0.91576740175887772
0.90814227538183734
0.91085365205749746
0.91560041098795397
0.91156089360582837
0.913846713488771
0.9120422380597254
0.91324111721758949
0.9143019072979881
0.91177416990003046
0.91450216264716044
0.91519177314463029
0.91283926829807904
0.91524317937368938
0.9120731757734869
0.91258192097790958
0.91401574010339093
0.91171463012838305
0.91318526118353138
0.91365750483113894
0.91218209443401888
0.91276322280786415
0.90462662580868047
0.91075519707872565
0.91392951109618792
0.91104361394003042
0.91081177747293407
0.90514265012826201
0.91455913309438674
0.90615115585668515
0.91226646296288438
0.91345264911967416
0.9095998833222031
0.91082588391026842
0.90515535800936586
0.91613104746214846
0.91460483803394099
0.90974886328955085
0.91085492025598125
0.90731347110124994
0.91218396308132643
0.90916117877849056
0.90594899400444007
0.90753446807500826
0.90777919452680045
0.91011426180658928
0.91768201218052425
0.91165722830522467
0.90611040921112707
0.91097821214546204
0.90563242756730344
0.91061387577605313
0.90532277209973289
0.914593143490672
0.90965562105680287
0.90587614072710643
0.90614669596466058
0.91094919479339054
0.91141277823222178
0.91249722304354275
0.91769895161131054
0.91112204695451693
0.91680203858425768
0.91255473425071965
0.90711152523761662
0.90735003862920249
0.91359504865161867
0.90963334088811609
0.91091021364833358
0.91333016041714465
0.91426875994840529
0.90379637577560312
0.9059118700492359
0.91090871205825152
0.90022827226327617
0.91342226581958263
0.91259204089690793
0.90946759891833207
0.91272242332328635
0.90747798641764743
0.91572799765090351
0.90902244860189918
0.91844916598615689
0.90791752974646822
0.91338122989429982
0.91080543212076248
0.91296468065791259
0.91188707248041068
0.91344629787867215
0.91601120996396534
0.91242126607647256
0.90939644052172852
0.91404590889019854
0.91370735384663482
0.91483178166249868
0.91219944284818544
0.91078110536542378
0.90466910431181091
0.90639212764056776
0.90811416946754986
0.90969582952240813
0.91077104366933437
0.90220632131101997
0.89739404078075258
0.91231219991779589
0.91611301167521064
0.91697312498922789
0.91404500058621718
0.90831471887563198
0.90926136866734264
0.907705709724828
0.90665632035106525
0.90748192072676293
0.90307285141620297
0.90631062014632202
0.91194677370208066
0.91717867258334418
0.90573730241013717
0.90896667113007523
0.90956007145462547
0.91106581840207612
0.9076076220780589
0.9177582587893558
0.9111893001857102
0.90266320748821882
0.91482411982242295
0.91636896740222096
0.9155846175881065
0.91089037263139216
0.91291653568508935
0.91182504297205713
0.92009138561351189
0.91396206192615748
0.91339339558345611
0.91309011781056704
0.9130461898020471
0.91814649917035929
0.91240412190978315
0.90913910697968547
0.91323494213079393
0.91711614757097215
0.90814014454207792
0.91467208143446688
0.90422856551371633
0.91541094402691847
0.91415920665830219
0.91027179939052649
0.91335209375984416
0.90362521099238469
0.90895837752830566
0.90955070348048306
0.90954211769435633
0.91240746377816928
0.91506228734090256
0.90733278655459459
0.91198759845967481
0.9146427613657121
0.91378683988618448
0.908268614986249
0.91389244846545803
0.91044079417143808
0.91054244346752455
0.90971230729309083
0.91320003152902041
0.91310919922394174
0.91616222321018426
0.91102705348648105
0.910922886689289
0.91239030178071745
0.90713595421184001
0.90915884399240987
0.91098180097118886
0.90440954217664971
0.90900897059333208
0.91278146969414597
0.90823355405544404
0.91369599039448146
0.91055032526647395
0.90318753681346164
0.9134299238038367
0.91095051751027234
0.91527070424880008
0.90726723612753757
0.90817333930107702
0.90853968073544644
0.91216406945663653
0.90668537896635115
0.91077701146343948
0.91627542594796374
0.91044934133816402
0.91385430168639836
0.91111172957579256

