0.91472985394570072
0.90864415002974308
0.90634394176292887
0.91335602478288636
0.91219622385933208
0.90176648215986321
0.91123004889384773
0.91574173364010525
0.9006285367206659
0.89937920902921475
0.90760126950080988
0.91164314776763278
0.91214880347118676
0.91051477107833767
0.90950261612773353
0.91457254763998541
0.90908576805677377
0.91705693561480273
0.91543308202888862
0.90572705019953303
0.91117228376499082
0.91201279551268799
0.91416159393878071
0.91113304713943077
0.91672450052575993
0.91362234442833512
0.90374010394501958
0.90900650499897928
0.90907783164099354
0.91595223103551304
0.91336543832552597
0.91692935095796291
0.90909245831991736
0.90626771924751692
0.90910552930262689
0.91265098264732525
0.90641211277329914
0.91353432306038729
0.90931680655210023
0.91051197092500702
0.90870026724933051
0.91337516232286775
0.91476979968620264
0.91485218982352667
0.91437768201575065
0.91017590433140061
0.9108515379332236
0.9076861481660049
0.91194853551406674
0.91171261512185664
0.91070093652647066
0.91028731761233916
0.91388400346957488
0.91494444281374432
0.91622487384862916
0.91602444225868351
0.91470962765963004
0.91358077658373282
0.91209670137875176
0.91393805369840764
0.91376015048931081
0.91441537689285124
0.91503292358917243
0.91173061736540528
0.91429796809366903
0.90824120908691597
0.91189491992653127
0.90973332833133458
0.9113446928231197
0.90645455462632629
0.91066234201080198
0.90991664415822548
0.90942267875620453
0.90182743876090765
0.90047040905341835
0.90883862112431368
0.91177815337418577
0.89995267344626706
0.90906709986199474
0.9102125334533131
0.91222403654822071
0.91218056525974989
0.90678092705560187
0.91199859404310646
0.90639598375783448
0.9070608260893035
0.90251975328197998
0.91124036959553589
0.9103042562259277
0.91487107774319432
0.91510201070803665
0.91618102711976646
0.91355275192990926
0.91089865769180978
0.91054472034016243
0.91040305457560355
0.90888069977537
0.91042605421600442
0.90989526642771101
0.90900857959285442
0.91320758836454241
0.91237271666765141
0.90861841201184756
0.909521702907926
0.90305126217070586
0.90576443650095684
0.90355071185000013
0.90240731550909759
0.90556010391069597
0.9111745565611562
0.90902967169841808
0.91834070112991761
0.91164397758774651
0.91063437839065065
0.91427281798272408
0.90925397671643848
0.91743497366843374
0.91234356060206323
0.91143796515235209
0.91331223689711427
0.9160203913801237
0.91496990434370518
0.91266321117759697
0.9107307933733636
0.91296745133938384
0.91217121794620737
0.91195122252269278
0.91293244053872435
0.912399293082368
0.91954176276645683
0.91321327434462363
0.91440870656319551
0.91304096267670132
0.91126424226221425
0.90996775977363198
0.91112886318002495
0.91128188964057033
0.91568862213539404
0.91591536913661975
0.91390571338691484
0.9105233306242615
0.91476239191978514
0.91283913563040231
0.91017338603130726
0.91519192187985388
0.91153766587107965
0.91446709272857618
0.90759007238733602
0.90885825285417265
0.9101824507369598
0.90932444020478087
0.90876837216191586
0.91386313231881899
0.91465772530988076
0.90904457484491552
0.91567142998353956
0.90882983680187013
0.91084039881005285
0.90878821291285783
0.91271591954769515
0.91515241682401771
0.9112536402682806
0.91160535972715495
0.91270101570104334
0.91132295815425302
0.9118175587066456
0.911795668572561
0.91078557622223577
0.90526740326021604
0.91628414772919209
0.90851429611723122
0.90860267079545398
0.90621539502140447
0.90801668437700322
0.90902480617374493
0.90536342288804039
0.91049528338629426
0.91410515202985188
0.90857508835523815
0.90427056161961195
0.9142057772368728
0.91559285035614979
0.91556547881029382
0.91149164549526362
0.90979395019776099
0.91323931111333778
0.9081173286414248
0.91342737361369142
0.91747391407277357
0.91325052721155819
0.90551034620971371
0.9118523601900459
0.91166790017514787
0.90827627712817471
0.91034676401240899
0.90404340261007721
0.89539338758437115
0.90186006972962041
0.90974582942116577
0.90657592852589763
0.90263210833853669
0.91122718405791225

