0.99163312994458863
0.99251666796197224
0.99070333196170579
0.99158244054593181
0.9911718701553941
0.99158069379925606
0.99063016950586158
0.9898514535802565
0.99155420105370617
0.99052362763738178
0.99074132087733513
0.9905537386904828
0.99137860157125157
0.9901247603331933
0.98982632476223553
0.99024886187740724
0.99146286977540632
0.99069719069959616
0.99123964970330203
0.99106157123498007
0.99028920263748499
0.99224260785948404
0.9925445311483313
0.99180580551352349
0.99249570301177059
0.99140379804820666
0.99157172714848363
0.99142056249312027
0.99116595682721198
0.99155450225934794
0.99149288462084095
0.99126830017278977
0.99147651210162069
0.98959456841153082
0.99119125425373655
0.99115059697705066
0.99150297077449512
0.99203037500158375
0.99054033773759287
0.99081967431091855
0.99163116393315709
0.99032222128910241
0.98836417297808665
0.99015543131420092
0.98966852707638542
0.99054020360530071
0.98934656231450213
0.98893984883566022
0.98595719121388514
0.99054584876396223
0.98907021939414663
0.99119560197079182
0.99262802634927805
0.99130001907879151
0.99130328348676977
0.98958618058107828
0.99086199846537248
0.99081597216826067
0.98857886892397717
0.98835136200845386
0.99032778958911583
0.98862562070688043
0.9893015310683172
0.99018425316900816
0.98905251897101487
0.98607190274473266
0.98701368861774119
0.98853334639279156
0.98974720929480164
0.99037889112686772
0.99119221196432516
0.99051141989175584
0.98966651830939689
0.99129778818989744
0.9920949637386165
0.99089197542081753
0.99108679511419351
0.99080871734447629
0.99075085978098287
0.99101421326763084
0.99000719301622753
0.99193910663218787
0.99099989342584704
0.99106942921985086
0.99135969474340735
0.99132274115971863
0.99146618289753119
0.99065244649441531
0.9904615400635548
0.99024177470068242
0.99242491487958928
0.99192365420988027
0.99181980016484739
0.99170895080103161
0.99177985115041845
0.99171339613019893
0.99254790000680737
0.99085600255146533
0.99118737089734643
0.99142402288281595
0.99145574729438934
0.99127753192667156
0.99165649964587621
0.99284572876430899
0.99227370488555888
0.99196479801860615
0.99091766331714382
0.99013998889190724
0.98952765483872596
0.98971367063515425
0.9902679947546339
0.99070570141024827
0.99129561534761867
0.98985524239999323
0.9904507270054862
0.99160682974087955
0.9900977846185649
0.98925306938464708
0.99144194279575271
0.99028767445929655
0.99182685766205458
0.99067564401241726
0.99036803516430805
0.99122460292742698
0.98982114669671206
0.99075007212343613
0.99089780488667778
0.99188087518232804
0.99101013089049839
0.99049559642180507
0.99095622900157154
0.99146959903182585
0.99126468117134792
0.99132571241440004
0.99099085660591923
0.99124243622672437
0.99019849979042573
0.99140267168990159
0.99067747884756419
0.99171413259933261
0.99189458870211289
0.99082906722146291
0.99117049166350579
0.9904945621749941
0.9914064059420995
0.9900941173670974
0.9898875089782595
0.99138018277014639
0.99181089895977037
0.99126653014965527
0.99202941299326808
0.99157918520702959
0.98995220661327543
0.99123433753455437
0.99040983630139767
0.99115084246226259
0.99094578772416086
0.99207226814158345
0.99150362076713083
0.99196559201085421
0.99150827027569499
0.99195601931954724
0.99083186997514172
0.99125613825141023
0.99076030437379725
0.99051514917201822
0.99083571600169595
0.99098263519328733
0.99114457159777059
0.99188780278168409
0.99225002508500104
0.99093050057624921
0.99085351533468169
0.9902779160619638
0.99099249371095521
0.99108563975440889
0.99113737769402199
0.99144195443153027
0.99129992792585142
0.99055452988498649
0.99119975395716631
0.99072033821212646
0.99006965011431181
0.98913170535967188
0.98999073146103844
0.99030318765354974
0.99009391952942127
0.99057248098272066
0.99138608355730873
0.99161019509778048
0.99141022513681154
0.99105310928760937
0.99210549271464987
0.99080204025001539
0.99190063312704968
0.99100683017285107
0.99248222043917089
0.99126894053627068
0.99091195210730809
0.99089075476642963
0.99062733363885591
0.99149558825522932

