0.99094078926796325
0.99008089093804297
0.99116754196718448
0.99161771670625443
0.99107407477886122
0.99172554887430076
0.99144933396959012
0.99180749084841846
0.9909281063440194
0.99131817264756172
0.99133099083384368
0.99198687758410187
0.99139915712185389
0.99188505032723018
0.99231805826950514
0.99213324077298937
0.99210835413257048
0.99165997946083628
0.99138834136966303
0.9904870532092872
0.9914630789915827
0.99027360026550415
0.99011208030774711
0.99032170474231263
0.99128259347990022
0.99093399557172179
0.99137945401248428
0.99180143641890384
0.99164418542604504
0.99223393049993958
0.99069305395362739
0.99126383894820158
0.99143949083807681
0.99105925509740334
0.99158239967366957
0.99216544075777136
0.99167984756938121
0.99072626791271001
0.99116257739172209
0.99166413316318713
0.99085313521944163
0.991751975276153
0.99112159388426069
0.99085134292303523
0.99172472239222154
0.99072210545777595
0.99081649397170379
0.99183583542141462
0.99132030622475298
0.99174091235288464
0.99115074306858997
0.99084870809475845
0.99155322362014919
0.99170196066942795
0.99112566212514808
0.99155893599229894
0.99222971622815537
0.99146018198472119
0.9914984667875606
0.99059911930261613
0.9912113680326099
0.99124967194668667
0.99166487999625152
0.9915272647370984
0.99026366873792582
0.99154566351214646
0.99174562636834052
0.99128742731306985
0.99157073553296826
0.99071977844545012
0.9914012826798817
0.99178210706657954
0.99155302242727295
0.99076877855275058
0.99159110291536623
0.99169028857745745
0.99043661574963315
0.99132919051341117
0.99191763129321109
0.99063959211867936
0.98969271894792299
0.99101252481051039
0.9914637633409471
0.99164144260574438
0.99016266708894418
0.99169223749298918
0.99019883726718938
0.98879006713987916
0.9904657705342037
0.99000343377982902
0.99123177149582509
0.99076899107328176
0.9901767090101532
0.99162219924463513
0.9919223311109997
0.99140070411748882
0.99199448445433869
0.99155263553901396
0.99183136126833671
0.99140473854954614
0.99129072476825186
0.99160201570453321
0.99085994036243152
0.99141994537485867
0.99098997083120222
0.99076116270773396
0.99116944698478704
0.98892037617918604
0.99067441742597595
0.99083628604096585
0.98936689707170822
0.99060610014370987
0.99022670227249232
0.99145383325960634
0.99163268284693662
0.99174201246496596
0.9917614514811649
0.99172039373165366
0.99132449815453227
0.98949999506848485
0.99109454211681547
0.99088467009814607
0.99117247802919473
0.99112024823054967
0.99175950986857553
0.99209578951149791
0.99052695758716092
0.99157652216879399
0.99176614404474084
0.9916102935361566
0.99108906278419728
0.99210661026572411
0.99163285877945984
0.99181285531488117
0.99192023947269037
0.9914694123934249
0.99104921050360562
0.99151628659758773
0.99210688964360561
0.99196903782943679
0.99077478663005869
0.99104774592375711
0.99003685535149388
0.9912757141044507
0.99093197960726243
0.99138528179534169
0.99171879340455871
0.99148379967022437
0.99175470001740618
0.99132401657626057
0.99175303726197717
0.99164955841317803
0.99192615967731934
0.99238380708817764
0.99178367151918689
0.9903280084809204
0.99139551509900126
0.99002038263842829
0.99109294610596455
0.99210782404606324
0.99150631359585006
0.99158825845508647
0.99142598546639193
0.99063132526288333
0.99182222639007922
0.99130091145788679
0.99116459410156343
0.99099486166621698
0.99141434787966631
0.99112315490148173
0.99118930317624587
0.99170488323415606
0.99174631231413668
0.99219094434908039
0.99140276923935755
0.9913645686267506
0.99159414502868426
0.99189976199954977
0.99201757383913147
0.99250271807157175
0.99168942124190906
0.99188167506074321
0.99079015075432308
0.99142016879962425
0.99147188319030688
0.99113663748793623
0.99183020982008052
0.99180866125935552
0.99175668031464315
0.99029421225539094
0.98981776880834782
0.99137314476200822
0.99231603150392766
0.99105908371297113
0.98817301329682072
0.99146882850572915
0.99209084648382584
0.9919997904903487
0.9918204643011076
0.99110077460479817
0.99154054778062861
0.99245900153701527

