0.99059440577530766
0.99087850049130333
0.99059814362825171
0.99159003787112587
0.99202994389664101
0.99141104194960317
0.99229666712695219
0.98953957279999594
0.99016445895570693
0.99118839742775278
0.99098540833327653
0.99135897170013332
0.9923443729911795
0.9905698014477774
0.99101515825536668
0.99146846538193167
0.9918061666260839
0.99195185776290451
0.99022245836782319
0.98983231448554843
0.99101614968933827
0.99028943251595081
0.99053859244615949
0.99099830230093311
0.99247675387681955
0.99221124588115139
0.99198268467153261
0.9901130581712162
0.99083971415429573
0.99039306480185663
0.99189330898429839
0.99137265515258055
0.99131685289989102
0.99015140213182029
0.98670067735983713
0.98947717695732906
0.99036694770368405
0.9924698048156344
0.99167705718435373
0.99034351631440765
0.99076815929521977
0.99191961962765196
0.99078337201243261
0.98939044630762918
0.99123762115212677
0.99234418608818642
0.99134460118646472
0.99114012511185179
0.99069654056510426
0.99218236114683778
0.98979955458051017
0.98933931784240936
0.99071646025337057
0.99057376208809955
0.99040807249593865
0.9910876961610019
0.99108254968011067
0.99184697239433861
0.99003076740362117
0.99138770867136161
0.98965829183834553
0.99104823705975553
0.98922331271101682
0.98921067575288757
0.98997216093003826
0.99006599009051821
0.99239385015910042
0.98999103327769022
0.99058794910536174
0.99104344136121925
0.99244009762347341
0.99073379065702083
0.99162649355618715
0.99086591581235262
0.99136935767490042
0.99099624886607263
0.99216269402784285
0.99166405561564785
0.99074897539244844
0.99182135105236147
0.99003757713134721
0.99040850192739038
0.99185536203862745
0.99114057057040639
0.99159891899181285
0.99025216452925058
0.99107426049315728
0.99005010365861024
0.99166511100225629
0.9919234842673933
0.99081792499969479
0.99161254179399905
0.99168701823370142
0.99121401754440241
0.98974574974119756
0.99143166909602565
0.9901103912220367
0.98971092046725995
0.99029261427800797
0.99163484896237053
0.99235759227348774
0.99257187936816327
0.9902180970839074
0.99093041207997912
0.989719803561949
0.99118968252266337
0.99222092303558751
0.99097240680680776
0.99126238884528606
0.99146523677675003
0.99073160885404998
0.99092656519638667
0.98989983472215426
0.98975879162173341
0.99138019659752508
0.99092431590728713
0.98957806288740913
0.99119016542782334
0.99107209074718383
0.99140169601863259
0.99062327417060736
0.9890022345784345
0.99051563548626642
0.9922299330283173
0.990482465128668
0.98991685478186597
0.99179457334339127
0.99099326935461229
0.99072105377277186
0.99076030900929724
0.99022859171160538
0.99090695673734985
0.9918269699013107
0.99071350965659155
0.98963905888971571
0.99157241777309357
0.99104255855237866
0.99106044862143838
0.99215834569745887
0.99159995831224579
0.99174792090510011
0.99202205581477798
0.99141123132909337
0.99092482223604272
0.99096595443726188
0.99202651297229372
0.99108606063332894
0.99182385949132379
0.99165980437542767
0.99166806818020792
0.99054023679441183
0.99137853886002469
0.9925068302598169
0.99117982215500267
0.99184241277944585
0.99129817022328859
0.99035005857990666
0.99007546674305791
0.99088088384000139
0.9914975160438767
0.99219039965850253
0.99201318342894307
0.99179400873959622
0.99111050693188685
0.99195475802221733
0.9904094116909764
0.99137135672184418
0.99184220463611394
0.99114247079172757
0.99175458850255049
0.99050971575654545
0.99023597837676458
0.98911647719825702
0.99217880875092901
0.99121546611638378
0.99127276272743348
0.9909129412260228
0.99002662377222594
0.99160289306194993
0.9915006552434612
0.99153920625554282
0.99038931627005267
0.99036384281039702
0.99042668900095954
0.99108723226494544
0.99108658504891123
0.9916906914109469
0.99177543586518924
0.99044153024365356
0.98977311926482436
0.98848859059875493
0.98922815983336543
0.98717196863928036
0.98634569857982279
0.98888367065819283
0.99069861166453932
0.99114163523651433
0.99076989011261929
0.99010628913774801
0.99126129207292002
0.98834978919866889
0.9901017009117753

