0.98990772936623794
0.98935969698781823
0.99027900475008812
0.98991638205838106
0.9900492171255374
0.99105696162481516
0.99146509747073452
0.98948918317233114
0.99122266679570925
0.99186323247790753
0.99157473101840921
0.99122745407175461
0.99181042094463068
0.99230764808126626
0.99172559651537462
0.99251008849738465
0.99125797494580103
0.99179811300317755
0.99204836003904473
0.99154154134001093
0.99048234148150682
0.99008964484310136
0.99095257396368686
0.99184673479137253
0.99148845924265228
0.99194124838523368
0.99150701997104973
0.99184887715357939
0.99150438003439934
0.99137210483617644
0.99059568293519495
0.99079387505710681
0.99119045218360502
0.99088688832139959
0.99126681937193761
0.99097270282719763
0.99020266211601571
0.99160966871287692
0.99023958717561378
0.99170390697175825
0.99196287838336739
0.9900289746333002
0.99207304234696714
0.99197573646784976
0.99153019690289768
0.99167244827641676
0.99207332558852956
0.99101996634176037
0.99122176721660504
0.98959277539308621
0.99026032988208057
0.99024375625537175
0.99072545264843814
0.99181518975416771
0.99145255417831057
0.9912262261244682
0.9901697138661486
0.99212372946152094
0.99056691349763459
0.99011823504332452
0.99210808028574238
0.99138892877300766
0.99131331405415557
0.99076068806143558
0.99093436321318973
0.99079650900636673
0.99011448526381163
0.99175821450231882
0.99083285973625523
0.99032611499599654
0.9904016840461759
0.98989274937266813
0.98967165354917563
0.99135190269189655
0.99157887833122849
0.99162511285560451
0.99013873743481562
0.99095744181707224
0.9919358904997746
0.9918449589129491
0.99049779428473916
0.99051520063273435
0.99032857650075201
0.99109951963173848
0.99003554123940052
0.99122848478559022
0.99081466774495031
0.99057550966098129
0.99129562007319327
0.99118463899565667
0.99080496177273025
0.99152236534847904
0.990501005128818
0.99130348038259353
0.99121776657977378
0.99149171965716631
0.99243127954674781
0.99196445172931458
0.99170699222623471
0.98996891863153069
0.99131040221527389
0.9900599713314433
0.98912306093881586
0.98928900851885726
0.99005997029211701
0.99003091849740221
0.99082307456859608
0.9889851667924201
0.98942710129980871
0.99050154297140547
0.98990412761922697
0.98988068427284404
0.99127791497216045
0.98957275020850133
0.99050586193776624
0.99128424400653714
0.99137600645629509
0.99079555055203361
0.99176628727955896
0.99053166490726863
0.99162624853098502
0.99162680881572429
0.99050728386476672
0.99140239189944479
0.99202209296079868
0.99194924308406018
0.99168771328511973
0.99118211294811265
0.99149412123271485
0.99129624220863877
0.99179566552428844
0.99160828344320118
0.99148939216354037
0.99012058697664351
0.99091839681555061
0.99141527707467447
0.99082189032483647
0.99010257865175499
0.990140698540386
0.99027294421741074
0.99070599364428269
0.99083745528154188
0.99100821580996301
0.99124809500797706
0.99247117075979852
0.99093947553013895
0.99100820007786272
0.99128244311620217
0.99180403255573357
0.99085922962631312
0.99151517842688552
0.9912742747345249
0.99094827975178168
0.99143308346768744
0.99129646868516241
0.98996040962076548
0.99161653802755667
0.99203535740743531
0.99113688908384245
0.99154000659641506
0.99066279460010542
0.99106294342513401
0.99156088988649249
0.99198108534438723
0.99093866856401625
0.99073256954324751
0.99086366883567978
0.99083428388802985
0.99020716890180061
0.99160585880516594
0.99119362049908422
0.99120533018601886
0.99086597653080133
0.99158505470599378
0.99212174115226659
0.9922608639836783
0.9917187828532672
0.99032124919983222
0.99185857281437195
0.98977887441410517
0.9901758017208121
0.99045202310716574
0.99285155660848645
0.99059182410389091
0.99134882222211274
0.99139451182080784
0.99176758932513809
0.99140330057226833
0.99119587075373372
0.99173952855183933
0.99179509471684857
0.99159086928367046
0.99095442437642456
0.990382584117947
0.99117052747617806
0.99172616560067461
0.99177758767099888
0.99219805140542461
0.99117087872982212
0.99002204304427843
0.99013637744057692
0.99197187447432944

