0.99182472736972094
0.99027043682247928
0.99029507283366891
0.99135109238627162
0.99166440577573112
0.99180656585570826
0.99067095211013079
0.99288629759235691
0.99106739611709349
0.99171160792988966
0.99166995725662666
0.99139674484344609
0.99118258472764209
0.9899163821664434
0.99039170535205856
0.99219712035256313
0.99015650278039447
0.99091563973791674
0.99225294833639932
0.99220510400904949
0.99192645237069843
0.99119136919415707
0.9900088036255319
0.99051618285274645
0.99177771379916635
0.99008460338957749
0.99151806414392907
0.99074197793471686
0.99223244678018874
0.99054081803422334
0.9900995258559272
0.99101274071148382
0.98897031962499415
0.98985386078000681
0.99077012248165863
0.99130628792115383
0.99211166503241421
0.99140040314425193
0.99158535456600083
0.99160963956124648
0.99137934951226769
0.99166430180199505
0.99153884009901849
0.9920532752634923
0.9927690177967089
0.99214958483180471
0.99205464228242013
0.99204770925077568
0.98968146804981172
0.9912515475171384
0.98941642012994846
0.98957617303266154
0.98975625464592065
0.99137894310368202
0.99110012554359717
0.99068635603357114
0.9914937086534461
0.99255583683360771
0.99057915592490831
0.99144311706198129
0.99151508573931457
0.99112422106473885
0.9904829672760993
0.99219043046927291
0.99141822882238684
0.99146118891516677
0.99156533632104382
0.99124363563921936
0.99020486288400156
0.99061066977505918
0.99062659805329012
0.99164546066984161
0.99129703938151403
0.99086558682814319
0.98951194954993049
0.99057914728559182
0.99097913527807879
0.99181153531038069
0.99141830679073506
0.99104790145355814
0.99043068111507382
0.99031322328941207
0.99097927229151905
0.99115949566940253
0.9909310536090904
0.98988466738734515
0.99016513010189677
0.99176163664229389
0.99004250561005069
0.99193708614467668
0.99219170182463479
0.99204604395038409
0.99170313782540631
0.99087175894987511
0.99106841494472386
0.9912134247244061
0.99176222280834458
0.99207276709544578
0.9913314657204837
0.99159209964091044
0.99103684497895295
0.99140275903621877
0.99120900519883981
0.99137417697699048
0.99200709521861985
0.99210633968824558
0.99170578888879224
0.99190261604300256
0.99018553354786332
0.9909836425109515
0.99048149579796307
0.99069586090049622
0.99227554271398788
0.9920100884182842
0.99129689034440371
0.9918265033517053
0.99165896910263318
0.99119367437158012
0.99093523407471129
0.99221851719014853
0.9911330536294326
0.99085833786898037
0.99044173980925398
0.99082066817819447
0.99130059745651533
0.99214082089683675
0.9911949678272397
0.99147549489509401
0.99158670797684845
0.99158723124571879
0.99047377944952686
0.99018692250363738
0.98983192347639282
0.99017056737861653
0.99174488144176653
0.99116063517919506
0.99161581834971424
0.99026499977644622
0.99112545504783112
0.99245432630085673
0.99190435470538907
0.99202240438138367
0.99233197378214832
0.99129752704576868
0.99077406869192153
0.99158749237616262
0.99304564025279218
0.99141428071624105
0.99212401069837031
0.99077805643648653
0.99132756245673581
0.99032988985263048
0.99169660492059686
0.99092739640050476
0.99163514564379207
0.99216579281272621
0.99118465101642994
0.99118718534188643
0.99150887591624148
0.99241199788514256
0.99238865671675902
0.99229040119374479
0.99132185903468217
0.99006647282877125
0.99164429639343565
0.99081028011139227
0.99115984161238102
0.99078117618260486
0.99186325398374076
0.99050523018353342
0.9915743746155381
0.99141906051685424
0.99065586924078086
0.99112902052714114
0.99040732790421282
0.9923719399111004
0.99197192110122889
0.99094881688269953
0.9912995999087385
0.99123528954596829
0.99026152731267736
0.99158897807573454
0.99153024922518318
0.99117604270158932
0.98984309223577027
0.9919512540894535
0.99214669921358767
0.99040403990571413
0.99070241607216081
0.99024141873895855
0.9911167198732016
0.99089458845619227
0.99192771240236477
0.99219668947024553
0.99105716163678381
0.99184941758351974
0.9910707191170921
0.9906351628594261
0.99182205494832554
0.99073272500970189
0.99074409625068127
0.99117910685566968

