0.68894764054713253
0.71999104125885116
0.6694088209681649
0.67474794588104037
0.69716005373185819
0.71001231849533042
0.68621541888432314
0.70866930243739579
0.69456657223303953
0.70284538973988075
0.69362566015091498
0.66998965112833175
0.70340662271074417
0.70303910323805086
0.71066474078880015
0.70547163251133194
0.68202117148940533
0.69398519189809071
0.70806306468034952
0.70186915215432633
0.71155215355539603
0.69901716552265059
0.69025310817267049
0.70107302780584502
0.69943345112853594
0.69928539772023002
0.68408190919459899
0.70507245746838865
0.69882776721267059
0.70581536904208264
0.70939929214082242
0.70216236850328417
0.71813861250169508
0.70871048144019022
0.70194700525516451
0.70420460792047768
0.69508257211567304
0.69335047066381739
0.67697889871557115
0.70631415742391113
0.70001230556715532
0.70654282305369398
0.69049704238602228
0.71428559709099548
0.72111025100138681
0.70211431885906017
0.69751272305885748
0.68763325769508066
0.67239126040258312
0.69096621763068689
0.70969422230193346
0.69792107508391543
0.69802101576045505
0.69598718976791174
0.71099444635278386
0.70962264153549826
0.68061877929480286
0.69887415208365455
0.68953705545094168
0.68505614114235258
0.701455826717586
0.69487470574854659
0.65241986144487352
0.69296109670456285
0.70287783229693412
0.69056084566830644
0.69871517486688151
0.70028944865948117
0.70551196181225539
0.70355122489084487
0.69324188505757123
0.71810448436649399
0.69874449263455507
0.6986072292900033
0.67465884049490432
0.68935998733482406
0.69701279238283709
0.68073039433278182
0.70517902998945869
0.70768096168944472
0.69657779133652009
0.68539429430112964
0.71204982217637147
0.70414509449458218
0.69835392958344134
0.70166760960176533
0.70460966169008998
0.70713040863643584
0.68160756742529038
0.70339551576315784
0.71754507342418739
0.69892300613263347
0.69761391164521769
0.69717383551192913
0.66662860842381777
0.71540597388603699
0.70466582665708244
0.69171147968106972
0.70159817887696929
0.71398426719543306
0.69486579128979209
0.70491458028134546
0.69401009673799929
0.70170006695069032
0.69221704966594488
0.71626999024879812
0.69975629971665199
0.65526836292808777
0.68874248029621132
0.69057879724569782
0.70462416385600291
0.69603328071184345
0.69517222397375678
0.69249776948654151
0.70727441365832089
0.69512391071849156
0.69512683339639492
0.69602632456470948
0.71241107917177016
0.70172793995043625
0.70755601378129596
0.69797267051491763
0.710290290897864
0.72412277600092434
0.71998024013922457
0.69081744956025459
0.69963181753921988
0.71096894424922241
0.69982942019281991
0.6661789733535235
0.68078140029104439
0.70094400239859045
0.71071834830849334
0.70217206685075573
0.71348031126764411
0.69940534399236365
0.69625916092059459
0.7240690031542325
0.70769040671363348
0.68836891016807988
0.7034501229924689
0.6794847584921756
0.7108738146392336
0.70046446762760939
0.68577743177307526
0.68417914880580932
0.70201855071223918
0.70838085381790639
0.69707433295422738
0.71695077707301558
0.6971636974313381
0.70419508542090903
0.6950772128737549
0.69346553703059977
0.71950082677367
0.69585615013149538
0.66648613415597358
0.70910935182011536
0.68518186110198143
0.69285950876493618
0.6901986901596221
0.69113355397733678
0.69950902209999155
0.71445632139165627
0.70677627738817084
0.70769676660245684
0.7143852218674368
0.69651004399550098
0.70334295509170663
0.69533947994623568
0.68982751559506994
0.69744776645168416
0.72398029379502227
0.69080202085607745
0.70601107728419665
0.69014428765774971
0.69738171077962863
0.68737295975505663
0.7025607492342133
0.68789364149852739
0.69141774025852343
0.70173372589482319
0.67782039428346919
0.68613847573691589
0.69590325629465177
0.70008952277664926
0.69688304732586026
0.69224478234211329
0.7035832165093725
0.70098958624934482
0.69113503145863386
0.71295134512406166
0.69330230648104996
0.70728382459276318
0.73120177613298398
0.69759372806357911
0.69881567888304563
0.67149380065982178
0.72242394332018112
0.69630073495213962
0.70022345489207261
0.71586445732918647

