0.69720716598472909
0.71135137455611197
0.71075772868862741
0.69894824527664734
0.69853759011564986
0.70922609962841843
0.70260265394329424
0.72161153698652725
0.69527956826816728
0.71063336177856951
0.72140663382932846
0.69776450427396985
0.70836493088503616
0.70049828918097479
0.6871288964090192
0.70079912528955346
0.69708947167299817
0.70665714044385131
0.69583394841841517
0.70528809202535958
0.70597109083133203
0.69114935262537192
0.68799840607854212
0.69771214726297959
0.68998613661763497
0.69722865319557992
0.65224741003067122
0.70727671776786094
0.67829298935962479
0.69660231343775059
0.68982643017763334
0.69824598460690535
0.68659167306005464
0.66751996139804581
0.70530462732567634
0.70235248972846354
0.71701437508730326
0.70361953535854649
0.71059114677475155
0.69994813993977356
0.69481728905815499
0.64020140601259212
0.69854306367106667
0.67976675534597697
0.66572096719710339
0.69014322414163642
0.70668180544056269
0.70422147414245195
0.72041338221360973
0.70679106169681005
0.68418963353193984
0.70000768861736629
0.68938131281652981
0.65574484089188934
0.71685347112078313
0.71046076993339768
0.67602632720964073
0.70609734269853175
0.68540228994093622
0.70976800497063941
0.71850870528468025
0.71054497964391272
0.71146208250582899
0.69996392316730094
0.69988275311215142
0.71131798341346952
0.70993154301719907
0.69579368864663638
0.69999595919018354
0.69676217723860034
0.68013107582605659
0.69421648836102778
0.68913639952197792
0.69539828494949618
0.65834614694448435
0.71786353971532246
0.70383392814234969
0.71474958990066184
0.71173734056379356
0.68418561569419334
0.68510909018585431
0.71224035381442508
0.72548405287804607
0.67855580193179266
0.71918683032102881
0.6857307132968925
0.71963035360439653
0.71379527517569197
0.71287478653442249
0.67386246748878342
0.6860030649809804
0.70217738207967195
0.71578826751690938
0.71791609987351412
0.67067767714826165
0.6922418845827556
0.67916833341852079
0.69799162845350982
0.70651471982139535
0.70162580890047965
0.71882713332938142
0.71160471992750718
0.70731069670484958
0.67765855300861499
0.69372410584009647
0.6942614977804219
0.70724183884062264
0.68373764554161542
0.70074954542629686
0.7071094280890905
0.71162634588970908
0.69600717777781596
0.70004696396361521
0.66627839161530322
0.70974534775718634
0.70907795873388435
0.71169461709726622
0.6957683559737261
0.69809010409373518
0.66304446863633038
0.70184560629027271
0.68065040419473921
0.66142237300566131
0.70687744862109692
0.68754810328265381
0.70650212283666047
0.70663642986687092
0.69573334535243392
0.6779799770201882
0.6969852092425397
0.71991967960528536
0.69304750982843688
0.68922694768851123
0.70185024573159938
0.70288869323104719
0.68950389513055688
0.71895080776619213
0.6978046348743201
0.72295184588336237
0.70713189582311375
0.71761107867731944
0.69981799339528317
0.70167851725434061
0.71232771197453915
0.6929096572364617
0.71184051123371361
0.70247466873424358
0.69250321946401805
0.70661733001390825
0.6956204379970593
0.716610787001151
0.72424580935956151
0.69276288949831388
0.72093944503491436
0.70332542332080517
0.711771821182697
0.70000626141372202
0.697333840740884
0.69785939402478081
0.68986204357851133
0.70067423531493334
0.70633059743491899
0.71445833917814039
0.6557496224297128
0.70475162114430645
0.72420544379852669
0.68533973190156539
0.69942274338713928
0.69361372141125865
0.72044819528277204
0.71165667225635965
0.68523784596983606
0.69923233817137864
0.72383001564761085
0.70649183891272582
0.69550509734049915
0.7131224223237006
0.71700389044425372
0.69104826551214804
0.70416452757583325
0.69662742855570048
0.7110577374196233
0.71813506492962265
0.70763304985742659
0.68000220859656635
0.71270259929543767
0.70596222927397279
0.69760401156508001
0.68221955875243123
0.71955118441897792
0.70415722564216965
0.69524450422894091
0.6950681271666882
0.6879053115009266
0.69376304588946403
0.70090634574625776
0.71374596367960597
0.71181165948346803
0.70327614279542516
0.70681772089112516
0.68941014829859459
0.70407722865443489

