0.70448755768454285
0.70167655274723717
0.69262419319488133
0.72024391086771411
0.70320791819552397
0.71633543288400492
0.68227628125573991
0.72015654809651763
0.65946771344990274
0.65764338356442331
0.68676005262375439
0.69545502146106208
0.7004616200703736
0.70454568579766308
0.6943181476334177
0.68872369587619409
0.69164912989838423
0.70140106097074129
0.7050024078325321
0.69197262132055692
0.70443115746134355
0.65715831030276783
0.66439720635018729
0.69376590810238425
0.71553910263113707
0.7033608764783682
0.7175100833328496
0.68639348476694084
0.69221600291277741
0.69759504465266664
0.68963539464742041
0.66361517084995447
0.70268455485105974
0.6722541857133062
0.7115282574537457
0.72478293707375496
0.7017598869984405
0.70507342857081434
0.71404834286043373
0.70626385166721928
0.72284236417838976
0.7248713153341555
0.6899285114593956
0.7082590853348405
0.68286594223889463
0.70875266398637982
0.70473925556813166
0.71259154168653072
0.70732778310353528
0.69915637563428035
0.70144830956921289
0.68914671011563999
0.71118264105871809
0.70580579526116682
0.70388725037591593
0.68744384263108904
0.71941291860296852
0.70572168931900048
0.7049837802093436
0.6923679966381282
0.69398624116829444
0.70297472261951122
0.70040133750169475
0.70964668461088898
0.69704454775438995
0.70477935749908305
0.69873212814111807
0.68482217309642479
0.69383425307917213
0.72496679211577675
0.69610317678844968
0.68985748935066482
0.68912852362577015
0.7048644976184173
0.68501423542492346
0.69334739800553624
0.67861836961317201
0.70901941055452766
0.71105483572914241
0.71422873222261918
0.70782588011476877
0.68259873709385499
0.70289439364245443
0.69263449577600444
0.69063955939727217
0.6925032553690722
0.69672550297855074
0.68533144408413593
0.70409703960118664
0.66985217600605895
0.70789650218513545
0.68897482497333895
0.67950834501293633
0.70704960508693715
0.7162232846958555
0.70527823513167642
0.70073944151391643
0.71250977567558693
0.70757805703587306
0.70628737745502346
0.71051256998723678
0.70181047523260043
0.70763869756384568
0.69151747852067846
0.69335472030595546
0.7109775869348034
0.70848336633745568
0.70331458690101556
0.69001567926868901
0.70112578710780715
0.67656295399699451
0.7117080795281352
0.68213878554951901
0.7041827783368152
0.69759785613177183
0.72322789272911936
0.71574045042854062
0.70264728494262374
0.70096864225881295
0.70528465256485018
0.7069741834892006
0.70713744818375424
0.68969389298265349
0.71633347892716681
0.68712577471795699
0.71922456071196605
0.68459207828577817
0.70751191869510943
0.69935762445859473
0.71171927574074589
0.70580081247851123
0.69766119460388254
0.70411209859707513
0.72397066664891574
0.70568308388502532
0.69162550828688685
0.71612426501330073
0.70554690256356023
0.70813789870505806
0.69119395706934172
0.69120674159139117
0.71416694079479115
0.71068159918099461
0.70215295961667956
0.69731299277946546
0.69283281553288378
0.6966688123166489
0.69278827714760083
0.71946241204456329
0.72776717719809347
0.68802006435616392
0.67706989131860673
0.71635619185977828
0.69205389099108494
0.69425140110521055
0.6846218176318829
0.70628590597737317
0.70516344279805476
0.69541659460196703
0.69998983460088959
0.7027492781573631
0.70245483827559219
0.71157045843373956
0.6922845509687493
0.7091647898778255
0.68856117089620683
0.70468275107390377
0.69872432382722605
0.71582759824230846
0.7043901442323518
0.69799262729072653
0.71829598601986666
0.6586053269643446
0.73238517744801657
0.72633910991829054
0.69746654591843316
0.70215295335723682
0.71989036956881958
0.70306419838645517
0.70636309121747842
0.70576081099063159
0.6693757425141259
0.70482213750082479
0.69318844458451812
0.69661425778645147
0.70270328087440859
0.68746525844298867
0.71586984661614617
0.7140373499760595
0.70303268134839048
0.69002330448167615
0.68540067587250808
0.69003074267017706
0.70141357689219408
0.69269564500677572
0.67321968086671313
0.70852467352012427
0.69618231981641465
0.7041066937139342
0.67230439751981208
0.69042384761067144
0.67244505810634581

