0.70803520697206979
0.65991476737559529
0.67820710440873211
0.71667962163724819
0.7077253227111554
0.6821195037657144
0.69698790373046848
0.70045060469395415
0.70396710351166158
0.70246104412087818
0.70549332798545461
0.71210768163324356
0.70510735308236849
0.6884274462548553
0.68553697923972612
0.71902796726628548
0.69547130148434777
0.69884769717633044
0.70716333288863742
0.66972667724469848
0.68436078978091641
0.70929222082314225
0.69099611343367695
0.70721131037354701
0.69147417541659995
0.70716281027250927
0.71432377500673672
0.6896344560080343
0.70831761141963634
0.69044197860560164
0.68378086067161581
0.70120198609968043
0.7066755457593703
0.69755117645994125
0.70011108330595506
0.71740927219719719
0.70060670454359608
0.71642648278508636
0.70674064648641888
0.70666088300160046
0.69506747218956566
0.71016564765102441
0.69604610610585527
0.70490926274973664
0.72314984407070448
0.67830217008643967
0.69500894097822341
0.70147053447880536
0.71208383690117882
0.70427869983582125
0.69781962087355009
0.69667082103111433
0.69938640337608593
0.68355394335833619
0.71982929909026161
0.71573420341720129
0.70120854710246938
0.70949280038194829
0.70786906357324442
0.70318247778749776
0.70658646657814139
0.6997530643198242
0.68463111318827508
0.7090679576791773
0.69335914082798189
0.70562667515657251
0.69727217474974112
0.70194210728164197
0.72035730631635708
0.71284463951559829
0.70719547889953105
0.71753063255363814
0.70929158240459633
0.70479808670108612
0.69419094584690899
0.71105110783822911
0.71641658005355213
0.71504549575210441
0.72562335633165898
0.71449449106140939
0.70797914001255891
0.6927530374187395
0.68424903699602291
0.69046793374333426
0.69395628671519682
0.6885095487599765
0.69144989431794468
0.69030364152651513
0.69609898518182123
0.69759922732316726
0.6833530075297104
0.70653822666306865
0.69588734173432965
0.70510253048917093
0.71201735869227079
0.70854834476677264
0.6963484014321355
0.6863153764731087
0.70160041039898424
0.7202064395462856
0.71881150133739635
0.6941094676747589
0.69600971488481422
0.70709857343103766
0.69468363521232535
0.7288667935109574
0.69981767181652099
0.70566816640087293
0.71505654252971851
0.71058875492720441
0.71715866200941547
0.71377158298722965
0.70876787763645954
0.68929343024833134
0.70432592783755266
0.69715404777548928
0.7106442035999011
0.69397501360351621
0.71570700559796341
0.69973982976067128
0.71419579665432575
0.71351097458768242
0.72053507199949252
0.71382631965020482
0.69713039942710087
0.72177953871081513
0.71410181004284445
0.70702414608695074
0.70851693995995513
0.71097054485499833
0.69931843927151427
0.71607612639376972
0.70940590001230797
0.70466683663848251
0.70697881912448779
0.67948162826692404
0.68213593822936702
0.68661856041396174
0.70996485770092466
0.71488563210971068
0.69597385210904072
0.70367061130116804
0.71248308354988266
0.696020362845582
0.69996247262036904
0.70526359440559461
0.71478296524996809
0.7123816096128136
0.69106464357448638
0.70169041035704616
0.70983878440597326
0.70769927331407023
0.67660763985751082
0.69976491959491693
0.69851534252843794
0.70572582417460616
0.72570345560833116
0.69639115010149211
0.68228396451087336
0.69640263466158325
0.70831653420872664
0.69185814411842506
0.70664809438078557
0.71259271787793665
0.71656989646417968
0.70907219792754572
0.72490937113804932
0.68754671182761862
0.70777341310448827
0.67351170052342213
0.69581927829088097
0.71260369352223896
0.67516615635842891
0.70013989058092529
0.70933738412425706
0.70428136034773059
0.71645770392536756
0.67109181451950339
0.71345891027943276
0.72064034689039402
0.71243751140840517
0.73164809193674429
0.70671319287721945
0.70510257726358982
0.70603356169190301
0.71291622398507903
0.70064871264022577
0.70093449413242925
0.69972574284192779
0.68887922270792246
0.67884414002727933
0.67855995602617336
0.70046582274347957
0.69767622476491387
0.68168239425202171
0.67538021905962486
0.70858836946313886
0.71532049803267572
0.70516615401540139
0.68789216950941834
0.69314103735402932
0.70596673547289568

