0.99645815341167365
0.99646928368175769
0.99589091549282927
0.99669682770201884
0.99642758999373593
0.99595578132696816
0.99627009178603076
0.99616091048376065
0.99595071326090734
0.99659453033553447
0.99691459272635763
0.99661365625113962
0.99643191168684431
0.99677798767067982
0.9968111009950944
0.99624373322936532
0.99628840180078071
0.99639858700163675
0.99648425003214169
0.99678303292871617
0.99663488969669356
0.99645552844633822
0.99554994838845001
0.99665962612535286
0.99679976410124371
0.99698425976914573
0.99622023567079754
0.99653750532294394
0.99672445980579261
0.99674520100831909
0.99619880705463637
0.99647083983206808
0.99675854422377341
0.99640721050079428
0.99669981355453807
0.99685497987644311
0.99670621749622668
0.99689537635036352
0.99637882031420666
0.99656541878838578
0.99644076633208134
0.99657694593699653
0.99608910325448652
0.99644334871344942
0.99642764028714403
0.99672689424246275
0.99656560090692803
0.99683714658554712
0.99679042940448159
0.99654256490347359
0.99648402195264618
0.99647376421512823
0.99666705161928892
0.99648675553459576
0.99649311955694952
0.99655873401520945
0.99697171102895621
0.99655705583654275
0.99623512402614012
0.99703208274892008
0.99695143732768665
0.99685999758655675
0.99663965091944084
0.99643891255501993
0.99667549706097713
0.99678991765524627
0.9963013992442068
0.99692204794646266
0.99643904322234278
0.99681622290401006
0.99662366123987767
0.99644705628575603
0.99671891622258424
0.99672644382380637
0.99689877483621703
0.99618588322240575
0.99603104293498679
0.99593844523576736
0.99593629125271188
0.99620819221996093
0.99603759424603078
0.99569371590084277
0.99612441230260962
0.99607007334523234
0.99614668296891584
0.996164148443899
0.99617093923970956
0.99548876297113742
0.99670958412615429
0.99675425365686909
0.99649527733576237
0.99650441517229527
0.99679234248591519
0.99660267389606028
0.99653579706447093
0.99663539520756961
0.99615953117107359
0.99588928858955561
0.99647373492778335
0.99651489851636632
0.99684379409871537
0.99689104153123098
0.99599178029540814
0.99661264281490147
0.99637835178893552
0.99642473427481526
0.99653688339142432
0.99617829380162815
0.99635650507940221
0.99664848938802764
0.99661053944062172
0.99640131570188251
0.99629067719431474
0.9967212993427006
0.99637693116940351
0.99650266703286983
0.99660385834772713
0.99620852664783144
0.9964047572243514
0.99649679045915007
0.99612664478733104
0.99670483804113807
0.99658380459660789
0.99643240199567273
0.99633217670280882
0.99633198899534803
0.99641899181312743
0.99627158821761208
0.99638092487056429
0.99677368595735594
0.99667913326857183
0.99654178351101264
0.99641906166244798
0.99632561281818321
0.99689496052433302
0.99659872420722384
0.99630300523311377
0.99673535573837535
0.99638519951506088
0.99685657221182089
0.99696816420665535
0.996465425708979
0.99693590700488577
0.9967033168743602
0.99670468041830784
0.99648981826525174
0.9963287316247994
0.99652351015647833
0.99670672272619576
0.99668053518265987
0.9963121508409285
0.99619848910825159
0.99653053423760807
0.99684660533920022
0.9965401393087111
0.99686184631727714
0.99646536304621491
0.99655759960245149
0.99696588247503226
0.99694057665389535
0.99675650434455498
0.99644461935714701
0.99659341980549609
0.99657932041557407
0.99651561321257676
0.99603588884574934
0.99590459011925148
0.99646744291141176
0.99573515055675654
0.99628089173820156
0.99640711621822742
0.99662090314894247
0.9969340151998145
0.99620988422084833
0.99658783225042191
0.99607759044581301
0.995350306620856
0.99500503026202114
0.99463587265497344
0.99572894405922618
0.99587226418997521
0.99663377335856296
0.99668530075195194
0.99631674647489554
0.99663243586763128
0.99686793385560513
0.9964722444023103
0.99643909956746912
0.99657549171409776
0.99700874063519551
0.99668075884040663
0.99674680228317902
0.99666448542822828
0.99663458246082115
0.99660809692641283
0.99638851428582331
0.99657655629265529
0.99614452247732155
0.99672425326389724
0.99661650363024223
0.99647786487237267
0.99632547441870811

