0.99685835673724965
0.99675821895699213
0.99671614798355379
0.99684244598164384
0.99657155517601759
0.99659683629022988
0.99665488842766259
0.99696769887948455
0.99679682765369748
0.99659485675444359
0.99693299349330222
0.99670340071371044
0.99642942837054616
0.99671179740645688
0.9961876227028259
0.99633931866656544
0.99603374499903463
0.99644635065689224
0.99620793948925657
0.99661039812060448
0.99636713958286471
0.99641067848023224
0.99646282311306944
0.9968830377728225
0.99599856000275611
0.99615369973351364
0.99610540834520622
0.99572198489509245
0.99580620033848188
0.99643587467105965
0.99681194144291418
0.99555728102238195
0.99600983116637132
0.99652403367601083
0.99628942965027012
0.99669285084369286
0.99649994657503715
0.99647322820185957
0.99672287436561957
0.99674290800002396
0.9967530884393393
0.99657792353971864
0.99658868562903946
0.9957832017806667
0.99575155739225096
0.99575658984365523
0.99622366424789255
0.99596979725021328
0.99628339840402358
0.9960232874254028
0.99560226920516737
0.99651311051632685
0.99639531543444826
0.99661731903137796
0.99666233010350525
0.9967193288025411
0.99679979787719664
0.9966491805647113
0.99690058871634679
0.99649256157816257
0.996534845714247
0.99689809386896044
0.99668940612904977
0.99673852564377996
0.99683115752625306
0.99671622430730922
0.99630001622326703
0.99618622706204774
0.99623970602551826
0.99617704907465754
0.99627918745615174
0.99640020466499091
0.99586918957340498
0.99640515061125701
0.99621472174060943
0.99605581511687002
0.99625391414027964
0.99681923384854798
0.99642875876920578
0.99595787968915706
0.99625893067193627
0.99613637796426657
0.99644953373290801
0.99624174156241907
0.99614631981049773
0.99661258508439754
0.99682855559949635
0.99599247897116616
0.99622675802929983
0.99630151923740584
0.99693324247411863
0.99678399796987072
0.99706890687778627
0.99687450226423535
0.99684330318869541
0.99599170421547756
0.99646793666283806
0.99658786604439065
0.99700377476065438
0.99655736808465301
0.99598438093647224
0.99640412296561087
0.99610347879942529
0.99652678374199932
0.99660523671479617
0.99663853332462637
0.99648641492527845
0.99633266800488784
0.99670261424221873
0.99659579382804342
0.99664858512241239
0.99689278972277884
0.99695280116697216
0.9967864564242499
0.99648078934231477
0.99674422542771624
0.99687653105334417
0.99686072662261849
0.99656032555663621
0.99629063669924778
0.99656682862206059
0.99633516993787441
0.99661421926089588
0.99649674194580606
0.9967644428255712
0.99672344643877941
0.99628712243367124
0.99698264565387484
0.99666471832183878
0.99655831920207694
0.99683828037358013
0.99650813589588327
0.99609519789145629
0.99585754277633576
0.99604486945194715
0.99636276116923117
0.99619015327597937
0.99668872518777873
0.99656223822689949
0.99695797930567853
0.99659546133790655
0.99648013372921973
0.99684132895602329
0.99666351999917857
0.99646412254005468
0.99680267200410611
0.99711173041581125
0.99640397028992755
0.99656418406736247
0.9964374724166486
0.99635991696759907
0.99695143250921281
0.99680258716889802
0.99599550048528951
0.99630231242425038
0.99652508004879681
0.99662529653089116
0.99615598714094078
0.99574586576802704
0.99635206730902137
0.99640323862997149
0.99613565272039195
0.99609637842375465
0.99583892921133144
0.99598916731437592
0.99636393605889739
0.99645534055422058
0.99612491852205687
0.99664508111445571
0.99628554911292977
0.99636783572271215
0.9965366444629814
0.99658928741913833
0.99661769111953513
0.9963766134944565
0.99650352177541213
0.99615771262620845
0.99655774758391957
0.99641701047593345
0.9953952162376376
0.99671146980049263
0.99629091583421847
0.99644613453520825
0.99619888933806056
0.9966633806140438
0.99659874733990572
0.99696166346570914
0.99705403102304957
0.99588890246512385
0.99599013207396236
0.99646368955740372
0.99570791407445747
0.9953331888463447
0.99620442725674241
0.99623544376957851
0.99629863480422931
0.99621786303027837
0.99631611500734596
0.99669132082286349
0.9963697464190302
0.99638921000247793
0.99587540232464145

