0.99671135308337822
0.99668666947735018
0.99666649519569239
0.99654715983763842
0.99676803635122446
0.99658048599802673
0.9961115936649716
0.9965800813974216
0.99655921890492971
0.99614812736119374
0.99626256078684461
0.99634976140403264
0.99688295490467949
0.99641284497311877
0.99637503766514279
0.99627027728351414
0.99675990294163952
0.99635704415918525
0.99670591173519496
0.99667230902630466
0.99680343172644115
0.99647382950384344
0.99633983820329208
0.99645485396099609
0.99635738932935414
0.99636835981173544
0.99681196904353353
0.99652961004535601
0.99641892900269724
0.99632760228436956
0.99681832985810981
0.99638739715404434
0.99648900972278409
0.99685286512221405
0.99621703253975535
0.99647094999743913
0.99684229351805032
0.99695900859118336
0.99664149846437688
0.99652495187405365
0.99659468603997126
0.99667585807392134
0.99668354845869178
0.99650030626895758
0.99670252199370912
0.9964354330755697
0.99676802634307182
0.99691982333009488
0.99660077328445351
0.9964843075493881
0.99616249886682229
0.99654851953762191
0.9963199606000096
0.99640732089119077
0.9964562118067094
0.99644122591812312
0.9963931643186531
0.99646886782170663
0.99600031846886727
0.99562465799578681
0.9961665093281441
0.99669881260969373
0.99597080241422065
0.99611339694924672
0.99626064539943093
0.9965955165733198
0.99665787525362137
0.99686510472632428
0.99657955485646099
0.99714236879244411
0.99667984689279376
0.99689086526530113
0.99651644291896846
0.9963034588271189
0.99673850294043287
0.9965083950819289
0.99693297049745189
0.99690678568973867
0.99701401261056466
0.99665671016522772
0.99649152397323393
0.9962413056277587
0.99700264731832633
0.99682331748629305
0.9964530059355996
0.99635462514687312
0.9962369384451083
0.99670485531235464
0.99659083237385537
0.99676302213893864
0.99656121511090545
0.99680858318946075
0.99645752184600456
0.99676582729964103
0.99677131791064588
0.9966840404605779
0.99668676579061233
0.99664627367786274
0.99672705729020994
0.99591934456681108
0.99667387309928168
0.99651136498632731
0.99625964307147463
0.99623850072600761
0.99638257336287284
0.99623530974335173
0.99613774952637701
0.99655738233758528
0.99653816139119977
0.99635303224220251
0.99643248379372784
0.99609644722064938
0.99710054223558098
0.99650330996472103
0.99684256630013257
0.99667744964905158
0.99598328660948321
0.99634179847725979
0.9968161506753852
0.99628493220754644
0.9970677904053199
0.99687560147253385
0.99687931126445606
0.99626527376975349
0.99641705860867269
0.99642438926202537
0.99609789698740492
0.99651922146477134
0.99648176242011555
0.99685215977500952
0.99676944812069734
0.99659524422456269
0.99653995937374229
0.99636633611241554
0.99657520905254293
0.99678043318858112
0.99662205416004779
0.9967264329929536
0.99690588699922311
0.99657448979718488
0.9962039262581156
0.99676436514366362
0.99673447347595945
0.99642060945306066
0.99673480099571266
0.9967132260584014
0.99691810568213979
0.99691938588154605
0.99666717020291529
0.99646684118456696
0.99622066312757762
0.99686011704113453
0.99698502708653491
0.99665017194852557
0.9968888577514754
0.99647603027368215
0.99605571806054705
0.99665358179224472
0.99606747376601812
0.99612203659162069
0.99636614981832816
0.99674092555604321
0.99694952032772111
0.99652314791013286
0.99604750171947898
0.99636130740768736
0.99655191455251946
0.99659513834445423
0.99670455110708223
0.99670702518541243
0.99612644422118335
0.99581767796786835
0.99637969919920677
0.99677611105669217
0.99635622015487402
0.99624530334218619
0.99641292431819672
0.99686739652251233
0.99675381439386679
0.99619957224901579
0.99677267979095618
0.9965764282149826
0.99654030478592681
0.99677029435291586
0.9964305280213791
0.99677468689764881
0.99681445805607383
0.99660046473032049
0.99646437651383524
0.9964199900863896
0.99669445804107604
0.99653806271762257
0.99693645932706576
0.99680206499248614
0.99667075579906661
0.99685283632876165
0.99610182017426629
0.99627941191378089
0.99622682429422715
0.99655000995590137
0.99629948148198699
0.99651362193912807

