0.99676363189796646
0.99694642151759605
0.9965446624050629
0.99661753000097197
0.99641956552839728
0.99673233434950337
0.99595832062625078
0.99654194095460114
0.9965633168914978
0.99638921815729897
0.99685592526791067
0.99687922698592402
0.99627938580084863
0.995511049300143
0.99567167948502344
0.99665626104113392
0.9967624475867225
0.99622989548994578
0.99639454429576757
0.99619917349347498
0.99631488263710377
0.99606098576415425
0.9961282348513909
0.99660896213135497
0.99608196814473571
0.99674628355317418
0.99654535625526419
0.9964996056517138
0.99655723670554919
0.99654698055294777
0.99655759897102747
0.99662242425625391
0.99656407389411472
0.99653070209649519
0.99685224539649453
0.99679073806835172
0.99653894756230355
0.9965574754208979
0.99661813345717298
0.99618968091334081
0.99664273849993767
0.99643903243296761
0.9964482700743259
0.99662674910811544
0.99649960156565831
0.996496955953178
0.99662856167786251
0.99659078486988828
0.99692788156519707
0.99697986732852117
0.99668462147752079
0.99630296716109723
0.99678712628017274
0.99590682900563698
0.99673779038746679
0.99680334230772594
0.99677540453949931
0.99684841097342847
0.99648358863044184
0.99693575527180556
0.99624085794008965
0.99699387247071902
0.99680766890856942
0.99659926902522988
0.99622435496736095
0.99688534559069475
0.99654836565224947
0.99599472573143333
0.99537194282811492
0.99620913591002291
0.99663388078032344
0.99680368982016532
0.99707520890956269
0.99700572896053641
0.99680138650784622
0.99639899094249229
0.99625896223172417
0.9961440274658081
0.99671374066514928
0.99644739458451181
0.99677721449806844
0.9970445999307016
0.99698017808357853
0.99640009541724961
0.99686424280652031
0.99703634695624987
0.99714401850326806
0.99671575584705929
0.99689053793113802
0.99660873867376421
0.99684666005512523
0.99667743122202812
0.99679974988525177
0.99647503800787418
0.99611899232845547
0.99603475393300123
0.99615031526191067
0.99671591492371847
0.99674121228933654
0.99559516793655745
0.99630801099959576
0.99671625991879143
0.99679658444692054
0.99699304906425923
0.99688436028257399
0.99652048749800937
0.99565276852677742
0.99626812062997572
0.99670191228323823
0.99676256049004197
0.99680084644455014
0.99688701834153071
0.99644878873241338
0.99661634344483552
0.99703673073743382
0.99664044228008553
0.99637243957242327
0.99671059590796607
0.99681392062004914
0.99707804763797547
0.99703965573104059
0.99671126252435194
0.99669874522612079
0.9961090934221809
0.99627000984155123
0.99670562992908884
0.99666527621533252
0.99646838486599432
0.99653940665736074
0.99676372555891857
0.99621381243799112
0.99655623242786984
0.99667479634813749
0.99688095129417986
0.99646895437523331
0.9966190368117781
0.99655605591389473
0.99647386705971175
0.9969112182299924
0.99656238553195364
0.99630325220421501
0.99650255282997313
0.9965828841313068
0.99638394137315023
0.99644364257703888
0.99661245576522184
0.99681125224757017
0.99636746041732438
0.99663436455656129
0.99673716439754489
0.99672600982685355
0.996940447601107
0.99674294646890327
0.99656956213936543
0.99685214211896978
0.9966615107601573
0.99633284438801806
0.99678823271845185
0.99619370163778942
0.99625857052125433
0.99678118365927548
0.99681896336880416
0.99654149483168009
0.99623312951429932
0.99659521124526296
0.99630527672652602
0.99669831770184392
0.99701815370877733
0.99682334110559312
0.99617585820108412
0.99661639857317186
0.99659326293038308
0.99673738220324959
0.99608351111774995
0.99656700347442118
0.99644740671460608
0.99682010584322323
0.99653068860366933
0.99654421779030566
0.99619773685366497
0.99676979232451812
0.99685905981585243
0.99655187549748592
0.99676630814777833
0.99694088019830895
0.99667245923247694
0.99680718967363735
0.99682339853505442
0.99655281614784419
0.99667858816231225
0.99674026762402534
0.99673314547157998
0.99650761944962474
0.99693323451974325
0.9964980932634302
0.99664820250932606
0.99667797772676714
0.99619576970288914
0.99680329174116644
0.99659746455701792
0.99645484614779101
0.99674839587200659

