0.12786158438705697
0.048979695776765732
0.05752049190111326
0.10736853815542419
0.065028783609129018
0.13771209024389525
0.067065535098454199
0.054414203293028186
0.064819180610754035
0.10937584126017473
0.20072718886752935
0.018354699578404427
0.080443288836307511
0.023305946478301563
0.14966520768719971
0.14058460210751103
0.026617957648722667
0.035817836506111582
0.1748841982434092
0.078340912003707033
0.13991346874448929
0.056303341448063073
0.038849579510692421
0.09635334685323077
0.046069202158736028
0.16589970789725772
0.2110274724018037
0.034728863770437025
0.0097617704696058641
0.089177598648159287
0.14990893374989092
0.072659386648994767
0.043452710842002834
0.085893850960391496
0.085031571876797801
0.13375238376220505
0.16004552490630738
0.11716228200691327
0.19455727323751934
0.082365822303628725
0.13365599670475925
0.11140551988995634
0.10734208843609898
0.10583989732145276
0.055182737767249683
0.13151568944998804
0.089323880045422091
0.078016083466978595
0.068769662321564284
0.15143448809977217
0.16225914334515248
0.18456044643215339
0.099673464961994016
0.17182895728219849
0.028986131522206797
0.15091285279471209
0.07934106361250555
0.1482392931517002
0.22954584657944468
0.063081504141639697
0.091398982070570345
0.068682423704394827
0.21178064125383253
0.054582887076214948
0.050465430724566426
0.081689069955562521
0.077399723226141803
0.12195089182203701
0.048978058213340656
0.061220743552817689
0.084345780980822571
0.053324102605179634
0.11719758681489627
0.07711012046661514
0.024378410721975111
0.089518655324792598
0.15644307912679054
0.11511590542752967
0.064033679395997939
0.083160757590537163
0.25133167367864656
0.19717966424781547
0.089247846864930008
0.0085149951867332721
0.039371292540694297
0.015402806369290447
0.046837720182509757
0.0063916315113281821
0.11702080115900303
0.090717096959054846
0.10646735723255296
0.073738390103120888
0.14716670969409329
0.077095097959788278
0.095571773464461454
0.07723701796085837
0.14358971070650006
0.024627341210374337
0.13314746010049963
0.15294340470198817
0.062015431231544425
0.013279570649917676
0.072254455540465182
0.07477654590950869
0.15882323032349996
0.09794112536297557
0.046920522451270118
0.07402265239509781
0.10832626275452485
0.098367561561661959
0.11044059154588996
0.17428695924829113
0.18961222677723433
0.090091480114242908
0.13313478214715554
0.13728057697528426
0.030458647002403416
0.12634944714665641
0.11372073790014114
0.098154204123203845
0.070160408265928662
0.11468699757914018
0.061826124970297894
0.042452935562418186
0.068767435300832333
0.090689604805254842
0.18106598421880571
0.16192321280374175
0.18675265510668723
0.14270917585953746
0.11723013897228729
0.13067134863370761
0.033905507667874583
0.05151080833913381
0.087149744450503858
0.054001019250285311
0.18107503508063802
0.20158543462593972
0.050164743932139141
0.12377330984577807
0.12942970145640062
0.072160415458632873
0.13699015540465317
0.089785017858671906
0.14405385701966664
0.086811836235320378
0.10572131137018513
0.081778290445563367
0.026450794975832335
0.093721620196517322
0.15080714064102119
0.018832355674218246
0.050389014730114388
0.018134826926055472
0.149109523724541
0.10547100024092324
0.058899545924361564
0.0096904196226669046
0.10155194125524108
0.10298614501263308
0.17679319290352336
0.083860152017273232
0.12805763788283675
0.11597666273622119
0.1701935167737656
0.080976977849769372
0.097135021309659411
0.056781666498628799
0.083910846790097401
0.12606626537593832
0.13754733480171777
0.1079363694170395
0.022383761226209945
0.21458190894185986
0.077409066151612374
0.023838548511123818
0.084408210215392812
0.018307467319682767
0.03689314406646118
0.12320141493956574
0.071159710752278588
0.15605107285908001
0.051050306857654923
0.12375709802334546
0.10136773947946073
0.065502450114937535
0.18586739561603219
0.13249746422907552
0.12346652601521883
0.11546499007721545
0.030907965883542096
0.053321488637911217
0.070432282473118835
0.11237370500316422
0.013918777047901608
0.062548068735756829
0.091056006363500017
0.17486453019538542
0.019561340553262373
0.056716995506600927
0.0065318894333587551
0.18662355634939462

