0.071469584176096834
0.078600085193370986
0.11104788263269878
0.13244990505976473
0.072578508203805778
0.075804174414543096
0.13140467261452674
0.13851182642948359
0.049297953838450481
0.062690458791231723
0.13937283163812417
0.18821309328208383
0.090780572523016467
0.067058210335806862
0.023972640874574291
0.098622135555017115
0.072296396812642647
0.072920140748280002
0.15043068275377705
0.098716959523423117
0.117357959226666
0.13695286487582348
0.10983901982816839
0.076130686647082821
0.06536950968442741
0.045948098680450092
0.14745391354000795
0.13671425815161792
0.14916321702718591
0.10883200506215987
0.21961424358752674
0.05326919798220791
0.042208113204604755
0.10508283664472134
0.12207703968416064
0.13967195711791622
0.074269959314062356
0.087254821826242446
0.11328461890006393
0.10869706658411987
0.075345136524675102
0.091329155705933932
0.069576625886497767
0.11644743868184071
0.15247352570896125
0.11136428990642878
0.23847284755240863
0.23768880296801567
0.1210943418538617
0.049155421413810914
0.10208849533459739
0.23949426751336156
0.10283238421373501
0.13595180320568295
0.016545688872346115
0.061553246105622864
0.13479732897967384
0.0086004645079076486
0.11878399118712527
0.077280670348191513
0.10319572996972343
0.10281897355478391
0.015353606089776178
0.065096790133506083
0.17481709390993636
0.13641144186407933
0.14586769312501774
0.059018606442413656
0.045310375182729568
0.085076701766793217
0.10601996593192539
0.063738677092314663
0.20020880772259486
0.12814094428348199
0.016698251319523544
0.12521848232974009
0.095745824229072546
0.032502465868486152
0.043724539042929986
0.058712829550187091
0.11383625216364046
0.093821840484682548
0.084643211020555956
0.20238380530057445
0.042858528748970857
0.099519206986561803
0.036764555357558397
0.063996267078069935
0.074899475901126555
0.038411379534397778
0.080629328525635174
0.12884310547403977
0.095747090831055606
0.11836674737118466
0.12785710010730747
0.014795207524362542
0.063237654033062973
0.022186465459022274
0.19510858086144822
0.11651350628987081
0.050720227864013513
0.15982197783142454
0.056867621979626047
0.053299307376990991
0.04102265844340483
0.06904090131826475
0.13770406901970866
0.15450794036476043
0.050551847248734155
0.14023207783223832
0.019543745487559581
0.10946700304722609
0.12883459164861522
0.078759477753264834
0.12904502050782182
0.13446191380236203
0.14825520834925404
0.12467066690518336
0.043130774491631718
0.15342608848602493
0.061102181692197721
0.11367170304593276
0.11008493554348765
0.10032435349354915
0.079016098417505093
0.1880943829250975
0.088226960205888827
0.041439661906596773
0.16002373026953068
0.097254251013952825
0.090547955124572685
0.15033434802476611
0.13465517391108925
0.14320363890185187
0.067429386711551756
0.042528519422792024
0.16142140930647428
0.02714326681269175
0.089060224203302313
0.062433039945744784
0.10690578867857983
0.027468914171601289
0.018567008509231014
0.08610966401543034
0.068712297257575522
0.075136109661890674
0.065865395347698419
0.074083224819990703
0.037362659835446392
0.086239935778271853
0.10346331577429334
0.068368498977205636
0.18690313834856428
0.10837165253909369
0.070793909775021216
0.14730623667253576
0.014704544755714491
0.01450252715476847
0.12398800551208258
0.11663359228542797
0.044050801910322991
0.049248788552286669
0.11810885877375839
0.15566419892227895
0.081998177769272776
0.13333932699164319
0.034306126444184779
0.094363380775110681
0.038845898439255899
0.071384716352162869
0.22895508441816201
0.076841858901854951
0.045957842474758495
0.10348775709033378
0.10054120247605279
0.084501176148558732
0.010766780070020847
0.070316170628022451
0.05660963566292708
0.15917392375907954
0.1550932063318069
0.043511768793724155
0.057860484622644773
0.043419961936628372
0.06286531464314124
0.11879154521858706
0.038956441525491825
0.11232335119785966
0.082641238190648406
0.09380399915560203
0.016444095019281128
0.046368631546837749
0.11002743828130758
0.18085449272744683
0.19799387121514053
0.14068108165372395
0.076327160798958016
0.16673906167869024
0.048950216951384122
0.040071332212919343
0.057364215357759984
0.15706798275288103

