0.079714387785906671
0.12861575399418718
0.070405111165475306
0.013460382049283411
0.14920673673988299
0.078667483182264256
0.053973882099261482
0.081213179636989319
0.10686137327403207
0.13806613615925645
0.17416754349835351
0.07928173663501778
0.055527453427871243
0.080143904125359572
0.095519289959167364
0.11115410558740979
0.15241084936675078
0.0561000941917238
0.069924803074373224
0.048649113181036367
0.16849740671112623
0.11412982274671453
0.12978433277537538
0.053772287029010671
0.12713871906966945
0.092006898137699702
0.098664369746652963
0.15570899079842948
0.23102288247824879
0.15297681170560998
0.16935063378433438
0.075965746553238969
0.042598206555143479
0.17727278136067043
0.16970645678386079
0.045682355492539392
0.033372494459993338
0.22763488581756738
0.028544835076320909
0.012709525705444371
0.11750696287990829
0.12194612858227494
0.045138131454101546
0.057600860193283539
0.025060975615505431
0.1204228130176816
0.13370602661023681
0.070882972226976218
0.07910046351502481
0.18576832006219457
0.13176712722030937
0.090771879884396806
0.13585864400842612
0.075505538085940474
0.11968395870303987
0.036900253686625827
0.10112749819835269
0.13768268332670283
0.087669659771127895
0.073591067141976677
0.083614366004453725
0.088214675232846013
0.040386311018655294
0.045923368252031499
0.10185397805775276
0.034385408705192168
0.15354483693934956
0.052623468058054748
0.0090902907847371112
0.073625533257548725
0.12490004957239448
0.089552648508614885
0.11599262894805608
0.074752012782241167
0.077299616831228171
0.094063729339355917
0.053408155653632661
0.13927495561757827
0.10398978693965813
0.066065502664794065
0.12267347257421228
0.11156940011156816
0.13498484537854169
0.073017922109620381
0.055454438425894773
0.047359927053745213
0.18591387775777773
0.14805585183574929
0.083797197288923722
0.046223416546779784
0.024541679477609539
0.095600621446838813
0.15026357529962547
0.2169362516853823
0.084465469755779121
0.057949176027575836
0.11327784038953949
0.045352585447262575
0.057639835980575697
0.0086758606676601117
0.17813833594218548
0.17430046668959415
0.035024071797537387
0.077951090999248698
0.13706697252508232
0.090130108538623979
0.10462545249661739
0.15955709491099537
0.086102404124351981
0.066151763241712236
0.046147484961117126
0.11260549662599652
0.14958888882732202
0.082910227797191247
0.12185590799648049
0.036259070891470839
0.095013980474416948
0.17593611575070173
0.063669201292840982
0.1087611826395852
0.054821572419020935
0.05200104195205927
0.08462570204544459
0.080123751818973785
0.085740581125488463
0.14624524675448916
0.065479198711997824
0.095422321906088639
0.089020401424383042
0.10341911902666162
0.10302557795074263
0.012074739502973443
0.12462244026383403
0.12394895386948036
0.071079893308314629
0.040377353231622261
0.20372854145588257
0.09875002490540967
0.048953846981569946
0.19158039166912064
0.19461855864744559
0.053774523083451382
0.10200202356769127
0.047323140555949952
0.076831076706391679
0.027696858236955498
0.096870123159403881
0.076901964527045133
0.096598699749448319
0.20836697612990956
0.094069094957802482
0.10827181906494399
0.11730838829584732
0.08794784997633931
0.099428742903374778
0.18950633335451422
0.055146296466459153
0.02584613630079844
0.094945895646915177
0.18733652167736439
0.10781128800570378
0.083326715876814159
0.059721566622345471
0.2200409685756754
0.11343106826849726
0.028518556829209875
0.039712446292479872
0.10260732211015648
0.09434957017972892
0.085379918014303016
0.10709928135370253
0.092025947458498805
0.079622210774579802
0.049072111802331939
0.13103582382613305
0.085503454890367009
0.012959591037105429
0.081326649734231898
0.12479823025606156
0.095728598840094742
0.05891428327632333
0.062913533045835371
0.13015598138446821
0.08130787600255307
0.058800140644588432
0.13373958009005352
0.11437545601920029
0.14230579447654923
0.10848996138477378
0.13222734878929526
0.13248621042846759
0.062707159998017445
0.064126283662274117
0.11085397512673231
0.039807354087183472
0.050005565022989265
0.10342204602012744
0.071567437340622236
0.086891982345275204
0.049199381857561661
0.079801585818617168
0.080594708246358907

