0.099235781490109171
0.064209325848950241
0.16419957777918245
0.054400582040769328
0.063153219905957514
0.14579552088658437
0.099768403008078335
0.064850321208044445
0.068322386992664866
0.010302843648539216
0.038556017422884975
0.014995175438916179
0.10840700871719264
0.065405132827986268
0.029045961486346552
0.095468042953398863
0.035858015809209311
0.076033219162789697
0.11377772395660854
0.14665043643267003
0.0600491597717231
0.071945957946094735
0.10994259310490934
0.10261942742230719
0.17221948537570586
0.13571793233960983
0.14116376380089163
0.069189031002379622
0.046754937474477738
0.10485481799687013
0.046324188762909203
0.12688025391742924
0.062245396781822192
0.15466912597926469
0.042859383893980064
0.022868688078587305
0.089866307109648505
0.08199273780163073
0.14559461012803404
0.17319223432454259
0.044468302578917637
0.14355507476213811
0.076155361520479165
0.051117062264784074
0.033453055361120705
0.059247626695874779
0.11311783373476665
0.091862692478968125
0.076562980228921509
0.15635181857427793
0.072658734389532798
0.11402204119580855
0.031971234913372663
0.073989673597969582
0.10479019781441082
0.11722092543995495
0.12586968952863262
0.22671953001786443
0.053020972672743492
0.16164878692843354
0.23056480850753552
0.063008679025579592
0.066951257193956892
0.082898705047520602
0.054713810852894763
0.05495276419375536
0.038590953091033602
0.17862471117998707
0.064160912448305532
0.16178907325922423
0.20431144396251433
0.11416678416656906
0.068572355281577291
0.0448946271388612
0.080175882614370961
0.064238939499298806
0.097027240990988473
0.066302254919458528
0.13152877711317928
0.041046742397893
0.14170138374597971
0.16432934462096146
0.08955708321404314
0.14791719494344546
0.059814500714031472
0.06131945709277805
0.13271041975495004
0.024743493796322708
0.11007970427850566
0.091375924545505929
0.1197401648645505
0.11865025049527064
0.064049996985297536
0.072306572152442045
0.077924584720679091
0.23937384990761779
0.040896530308254068
0.19721974152689606
0.17001338103923661
0.014007731337257086
0.048223248032415247
0.13498955228227777
0.13376522655285952
0.17561064114158167
0.18785942924479906
0.060307305195131194
0.049243816576718218
0.013349302398212852
0.026630939822849455
0.078917221111595215
0.05572512150995728
0.19361135953096861
0.098424128845177122
0.072370036898300447
0.13244668108208615
0.046367535312298792
0.23011522339547991
0.11842735038801568
0.12290067487959173
0.1282500911063085
0.20523992803500818
0.15215358178532964
0.12896086816807317
0.17594373020982126
0.14826088293084982
0.061525530464703833
0.025424853966266456
0.06684209536619766
0.060640258128993083
0.083923560865952346
0.12780837508524998
0.21796176549490248
0.10174312423418518
0.085352118859000681
0.054477381135358993
0.052862052950632538
0.14515393221815603
0.11935640558691701
0.10181446514296504
0.051698431224869376
0.057662198006231187
0.060995963169643966
0.067603713402659846
0.12969599925517583
0.14533146649329484
0.020832328492819876
0.071420317837741512
0.12969708651574638
0.093264622485869184
0.045592245268206343
0.08319854513518174
0.014587952697369278
0.10946484541435213
0.16604267713106574
0.033042498801664599
0.061719321512658611
0.16936119696346158
0.18458941357145886
0.13978363313631875
0.093280108670117212
0.06002471006939631
0.14318607846229678
0.042533355525229952
0.046427567342779197
0.061889451135148467
0.12063811790966464
0.07742029467265292
0.033318767212843034
0.10819853704693211
0.068076863947966151
0.077414090754623091
0.13358197300182104
0.11283820826138717
0.099954352581254499
0.10282730249436646
0.13993580523319607
0.048981967764680841
0.18595378193964329
0.032884040733073265
0.19286256700269114
0.067425272661396141
0.12209477016111338
0.13862851894742964
0.2055102454613065
0.097778694500762708
0.054741454182018721
0.12819094201662193
0.1823229339078121
0.10405545956742565
0.12131692629807872
0.08696536552060094
0.054563933341440274
0.1228086025997745
0.088869286761219052
0.080806502343795078
0.066970601932948862
0.093912628539028764
0.055529164754912812
0.15252823162547752
0.12978387792839588
0.072679489102915634
0.040276650980541992

