0.96700392814169789
0.966071107613105
0.96626765244359991
0.96861608957678724
0.96677931626215186
0.96746802374152718
0.96766849421325207
0.96964643249482485
0.96520495028095654
0.96674246972366307
0.96697719285836659
0.9633170432465511
0.96515812226144793
0.97021842304917816
0.96645636731644813
0.96522827733247862
0.96399307948788038
0.96721264724407208
0.97005879543905338
0.96542789308468779
0.96693221743879521
0.96721704574564438
0.96879365529512418
0.97001996310860206
0.96702671385763816
0.9681381508293968
0.97008478763095363
0.96988364457600829
0.97181597729903768
0.96633919293807458
0.96889733227236963
0.96593450474016462
0.97028199510796154
0.96713193785933793
0.96649405150593393
0.96672372825035724
0.97009416955456451
0.96423013376425593
0.96764057853539087
0.96932824383055238
0.96877281672596349
0.96960335153998778
0.96833416095179781
0.97245122276427309
0.9691544439247578
0.96868181400385245
0.96864304629948239
0.96992706859982225
0.97134180373624301
0.96693508976121889
0.97020658607573385
0.96688887487061059
0.96861992936997987
0.96934012734887276
0.96908288701991319
0.96803392876071515
0.96677906092409283
0.96829524339713346
0.96949224186734329
0.96389989292305489
0.96807789641799025
0.96824310582376705
0.96031314071020424
0.9692433127725042
0.97080093108062182
0.96433052659959873
0.96813813913205582
0.9646988486731215
0.96806058178036181
0.96600033105223082
0.9662752627024509
0.96883985488023761
0.97043440509461387
0.9716671693185388
0.96941143960109943
0.96388283148212961
0.97255793153851633
0.96882717598577806
0.9649264241374742
0.96664424189195308
0.97015350833448188
0.96767118415971887
0.96791071814967933
0.96967206124629457
0.96659389360222292
0.96676623195417855
0.96986379324655292
0.96836517005692768
0.97192034378796333
0.96574330861995572
0.96680473938209155
0.96919387516507516
0.96863361090817834
0.96870680008597276
0.9681744860089545
0.96759470088359401
0.9699885436555542
0.96861924977984004
0.96569525876638884
0.96941718562837409
0.96785152719345258
0.9665953425588848
0.9685765521514188
0.96766142764235452
0.9679476690038491
0.97101096187616209
0.96885911525641077
0.96416897545928004
0.9684205338661791
0.96743922227581114
0.96868587099127057
0.96775164028046334
0.96716260045400171
0.9681585779032279
0.97062537783895297
0.96781019411887503
0.96737712934618392
0.9695945409896779
0.97078919561178556
0.96972505957448296
0.96861684882453924
0.97118632585891063
0.96647976219477838
0.96962691923029165
0.97111669993137417
0.97085958223567792
0.9688958078769645
0.96835451519692972
0.96732583677382233
0.96473225964439091
0.97060886612882169
0.96897386159638232
0.96882113604234654
0.97023071217130796
0.96637904470782354
0.96986144892357018
0.96845968349160239
0.97002371986755009
0.96657584563844423
0.96502652414308721
0.96701032999360248
0.96869195900061955
0.96766615622071739
0.96808593252884678
0.97170021486257363
0.96268740198390867
0.96961813983399125
0.96585910222177418
0.96282196987634505
0.96689858399654871
0.96721509578714426
0.9600369624847821
0.95941419634854652
0.96881685835090414
0.96496577463978528
0.96815900723490167
0.96596731724985885
0.97088295775360212
0.97010116338454633
0.96703204836345424
0.96660190959705838
0.96829167722553533
0.96881791527736028
0.96645780342964605
0.96745946902946023
0.96778294113449659
0.96415669476652821
0.9585975761132226
0.9645010742491622
0.96522105087232679
0.9653938732723375
0.9634429938359006
0.96125557873151335
0.96445149755137727
0.95718204796102757
0.96443505714149114
0.96549307912226867
0.96434970198529257
0.96110185122067238
0.96016395637712637
0.96366970051318845
0.96330084798125848
0.97122074249313928
0.96726200632387194
0.96869052442880133
0.96761150581467092
0.96990650081018559
0.97099269043907599
0.96396651693841684
0.96560741566649899
0.96311864770339417
0.96694349400370661
0.96264987820591907
0.9682817657027214
0.962450528584335
0.96807664808686789
0.96596462079077439
0.96827800451866242
0.96651930297581945
0.96488736880589421
0.95859388040681159
0.95886498129657127

