0.96955438407040728
0.96800263336365799
0.96804236509143604
0.9700926758429208
0.96864054388831011
0.96596363561943566
0.96879293107141773
0.96597004592758728
0.97163145589661437
0.96719331382622775
0.96610708382413746
0.96882380782115607
0.96740606883462121
0.96705238424358919
0.96556757996345421
0.96313731320557983
0.96268363663390821
0.96668055537001496
0.96497316858236082
0.96443561391297361
0.9623800270027153
0.96698512740048037
0.96871065111720434
0.97008810099349663
0.97140018122939842
0.96553973814332805
0.96980110291861077
0.96895349846127843
0.96815258114978597
0.9687413939767594
0.96533101523340137
0.96327856512094023
0.9629622303095059
0.96101655817617926
0.95672888711819037
0.96228536189801639
0.96729993278296766
0.96155970799936408
0.96218565331965888
0.97065433049067107
0.96450958718072521
0.96938060959482286
0.96970323875475684
0.96945163459261519
0.9642093187780395
0.96996286777696239
0.96838860171112728
0.97001384170334259
0.96929168067174098
0.97044944929198551
0.96814220154099995
0.97021713451530212
0.96844337750553333
0.96971026494666668
0.96794083225847272
0.96572356800174286
0.96950041198820391
0.96892800180711702
0.9711158977011628
0.96921495062197816
0.96816905358748273
0.96949422724057277
0.97036781775891789
0.96880022066478655
0.96994340827170522
0.96524311606572399
0.96938460169906582
0.96575613604411648
0.96886151324463721
0.9675335773922985
0.9674320554365341
0.97178053601320902
0.96823669291708592
0.96726920926927584
0.97023348545882493
0.96885157998049243
0.96878227490166113
0.96833336132221171
0.96817160985282558
0.96543934447370483
0.96653837538057052
0.96431420267366774
0.9652584488632695
0.96279960334369241
0.96949756185526192
0.96674489860123458
0.97029865901060175
0.96765364610094218
0.96929294269520339
0.96745894320749037
0.96790212501663608
0.9709262544362286
0.964510228189008
0.96529854255546355
0.96995269360944458
0.96811568480151811
0.97049857512514281
0.96534027112851595
0.96722518700632665
0.96864358894629055
0.97061941401242091
0.96938684271509235
0.96779784195317953
0.96711636544713431
0.96717224971618654
0.97105690688654078
0.96857285468346666
0.96828900253119665
0.97014765426554517
0.96800888565649845
0.96984842504917601
0.9704657253578034
0.9691354513906435
0.96713307948965677
0.96758807240900757
0.9676104998916657
0.96645196104372333
0.96793671616438082
0.96789706172531698
0.96883589856699903
0.96609389034548776
0.96730959879684053
0.97024868897918615
0.96707949568282481
0.97010056511762477
0.97091436605710713
0.96964063429631853
0.9693558927953263
0.96923350669615616
0.96568904828836988
0.96990977028334646
0.96730816580711221
0.97012991011721006
0.96759825917365272
0.96978653022963857
0.96804132222272143
0.96954289504815627
0.97073220436912244
0.96570892040977918
0.9666879013679528
0.96572272771795709
0.96869573077035487
0.97064444570941699
0.9704994550807492
0.96941675278171191
0.96931720566848167
0.96748230977523486
0.96832132960789408
0.96780878548504223
0.9696729072845931
0.96991325760725522
0.96657836632892735
0.97056939354701377
0.96679139919614132
0.97064906419002361
0.96745387214415357
0.96971319333841088
0.9674751272547053
0.96674827723249424
0.96772491352179979
0.96551294511487962
0.96826616784435349
0.96812300452324429
0.96923645066641473
0.96721103312096013
0.96873263785929065
0.96673886014781263
0.96803512479176068
0.9716787575995689
0.97065387449119334
0.96924823012787376
0.96570570376320808
0.96506370960198429
0.9685439987771195
0.96591759189383508
0.96516369418560688
0.96822798918381892
0.96866315875607212
0.96872538272875419
0.96732451853631085
0.96656317582981677
0.96485923796731698
0.96588075030926623
0.96844762387389771
0.96756495811559973
0.96988378748983706
0.96906118853175027
0.96724856211708821
0.97076382807167461
0.96798397040874384
0.96837595626613593
0.96806726309390534
0.96514972767027241
0.96683015244470605
0.96959405183278857
0.97007491613418295
0.96460077859104576
0.97061886482932946
0.97079271098059616
0.96951866911831286
0.96695143925633509
0.96691698244204816

