0.96838500830727903
0.96840634203674314
0.97083187712629315
0.96476763297718438
0.968483815802898
0.96944348048795037
0.96747521827470551
0.97094274499007982
0.9688772987736658
0.96761694428539058
0.96662788660681798
0.96682164766802148
0.96947284809189294
0.96748876576435894
0.96820738569968368
0.9696209259546138
0.96840076982191825
0.96733081530671439
0.96986499984280716
0.96813551592457392
0.96748134804689911
0.97142095305926235
0.9662837971790007
0.97130629278371083
0.96761932683622731
0.96553010655699933
0.96786268304266077
0.96941797920923811
0.96998820606659397
0.96554363422166167
0.96828395871510509
0.96991693965549197
0.96671937705802513
0.97043837195737404
0.96523027939293704
0.96714608890039944
0.9664288637710795
0.9693170770311883
0.96744604117276678
0.97085451562038949
0.96961108769261861
0.96793108957497886
0.9661856567375231
0.97076202153516855
0.96859822809392104
0.97072506671140546
0.96988621650856621
0.96944462237043183
0.96922948634589356
0.9687330781208936
0.96794427254133231
0.96759941094197732
0.97045443769075679
0.97022757011463778
0.96667263189426844
0.96593388972823868
0.96742924446873413
0.97006032330989711
0.97086017939858638
0.9678645349508842
0.96809468222297046
0.96911245190003148
0.97100244426808746
0.96954118428234004
0.96791630089121106
0.96866333280642358
0.96959020765834936
0.96875706665580308
0.96591998841078963
0.96831303039621175
0.97131860207716991
0.96900261749561389
0.9666282083156621
0.96624067861961382
0.96820005435037515
0.96828235121252348
0.96426940849960385
0.96718762013118198
0.96989971512496453
0.9695658898399736
0.965870250907787
0.96576117752866164
0.96735264942030685
0.96842384001847948
0.96391876710332292
0.96887295700371223
0.96997148447191861
0.96666640092131051
0.96345461118678011
0.97053832042156818
0.96886406998658003
0.9712391260511134
0.96756436464322104
0.96809329752238404
0.96798449178960055
0.96729551557195625
0.97031314248228617
0.96690124804192656
0.96818203579369955
0.96899682036745227
0.96137403217400397
0.96803426142510174
0.9699694973188725
0.96796911602866065
0.97145836137401997
0.97087003277834494
0.96636647812155019
0.9691928587070644
0.96914832096030779
0.9693803500149164
0.96871754750383698
0.96739785306490511
0.96809595053205244
0.96839608409088085
0.96909707841762538
0.97038507299495569
0.9690461746381156
0.96547204783771912
0.96875891882530607
0.96890923013045194
0.9674085465366894
0.96705550194834144
0.97002171462555842
0.9706017780094951
0.9668128126920742
0.9686965253633244
0.97055298868947049
0.96918437054251294
0.9679003011559133
0.96497968720651772
0.96551878519284162
0.96783199128010433
0.96959688218514928
0.96688447288598312
0.96953649271629594
0.96681692558426358
0.96840122142202623
0.96832803889475627
0.97106674135473969
0.96626516608482138
0.96820799974559513
0.96940649804794377
0.96369312381073924
0.96992883030714172
0.96251257572328053
0.96832411102029836
0.97036852073246571
0.96869112724779782
0.96999647150847002
0.96321510496328078
0.96746063655985137
0.96541390363395985
0.96845093287218376
0.9679816519088803
0.96773824311519541
0.97095241500457552
0.96698345780379413
0.9690116754289424
0.96825020150582786
0.96571303982007617
0.96576240470918395
0.96841912392061513
0.96727130027327712
0.96773956116935878
0.9634804169899891
0.97031221741904539
0.96959707284732688
0.96984952544491532
0.96885283737074501
0.96801299396841545
0.96977737257168495
0.9670636442050079
0.97003884569386323
0.96577232871999197
0.96445594787540811
0.96703049756083159
0.9646309720082008
0.96462929696577593
0.97131720529056154
0.96877217693356077
0.96986457566120987
0.96713865346029126
0.96949568635466377
0.97104429653041591
0.96835223982127627
0.97075662876639501
0.96891642087249907
0.9709604030036304
0.96982972740617301
0.96708403707509749
0.97008358779660298
0.96655213262258044
0.96814055377601305
0.9661974798715629
0.96931074406569462
0.96739996629926139
0.97150931528418927
0.97147589895950082
0.96421673334249403
0.96980510043679513
0.96989641851798958
0.9712411656751363

