0.96865437754264372
0.9699600166390695
0.96883870554641505
0.96998720623472534
0.96902891056134544
0.96777117577532634
0.96904751363236075
0.96817718379821793
0.96841050475385959
0.96642288094326534
0.96646082222401675
0.96925135659267914
0.96816273798388852
0.9689267476319704
0.96747455199408516
0.96825344196929419
0.96606954964867386
0.9692674951550363
0.96835966828620623
0.96867656219315146
0.96786736286152997
0.96822998229034996
0.96779270207102552
0.96821808198108694
0.97063691331908686
0.96530234149157357
0.96628790189350577
0.96781251367574006
0.96560213816684126
0.96850130039865678
0.96692947223451753
0.96955312488826628
0.96818942403394881
0.97038500849912857
0.96895818290915314
0.96597276910006591
0.96718617207897339
0.96873786093691783
0.96998926975367139
0.96562483386906839
0.96866789145280274
0.96724732155162485
0.96895240241582059
0.97182160514059857
0.96972906132706416
0.96822571672176383
0.97017941144778586
0.96961473453482294
0.96900826101443782
0.97098518250710975
0.96422854270146552
0.96590551376409761
0.96909872729196489
0.96826249555493038
0.96638780636957178
0.96965377123605756
0.97117773060240498
0.96602864702655189
0.96904404293702684
0.97103489893215078
0.96748849124187986
0.96616628728691833
0.9669911329654306
0.96206957859235021
0.96638462381948909
0.96799629897280637
0.96679075476834164
0.9732591321300621
0.96769284582804194
0.96802693321432942
0.96592975107335688
0.9703556041146163
0.97138800376353107
0.97165943835311264
0.96894748384384
0.96437855640537173
0.96857302792811439
0.96997826049188707
0.96715681489284178
0.96463779989428722
0.96759224717483883
0.96781631329951567
0.96559274139329854
0.9694776508177948
0.96839693767653767
0.96934442584452107
0.96984019584060543
0.96766280877560418
0.96811585032772018
0.9647894661544173
0.96600903490054957
0.96872371028654924
0.96730895040111897
0.96974588384809624
0.96888606564073276
0.96806075895506294
0.96878013525714646
0.96843178108177197
0.96868920616113052
0.96791041308314829
0.96842861738678532
0.96703081209255559
0.9688031199516155
0.96439784405881279
0.9666354480095618
0.96900877666729257
0.9699245953486666
0.96650072701851619
0.96696209704253411
0.96590841538766137
0.97024888802700759
0.96550565282244249
0.96959534788444357
0.97008706625366958
0.96994027256845017
0.96945208488051393
0.9681265005360089
0.96707000757451789
0.96983756949527977
0.96788592989037425
0.96921502461569975
0.96565468568606372
0.96810444363480064
0.96967157089746003
0.96864157440876653
0.9640440233070906
0.96709613138392614
0.96615021826397329
0.96868989113430493
0.96968248439808036
0.96915678167049757
0.96664316554513618
0.96954352698189972
0.96615360270469297
0.97042195402045295
0.96597616810175246
0.96746138688084415
0.96785884277441692
0.96912331922925699
0.96873633793284009
0.96970378956341752
0.96744466167700338
0.96830476249370301
0.96856659157207792
0.96812167509922153
0.9695910775155353
0.9650636006025004
0.96786027958581888
0.96649746485474686
0.9682381867557166
0.96693819669399572
0.96872125382463381
0.96736852169793608
0.96960838238197622
0.96476047467593851
0.96490970868861936
0.96722679189741445
0.96948447662590698
0.96959019710028416
0.96789817931752709
0.9655109718013305
0.97058977078353481
0.96817983394975593
0.97008928469067934
0.96809343646507795
0.96670537455398575
0.96983579470544889
0.96591591091915685
0.96952717690205426
0.96962213569385258
0.96818376231022296
0.96945389020862827
0.96986815317342934
0.9652820901994017
0.9697073297883626
0.96877511367643088
0.96929045980567097
0.97015505571772342
0.97157356232402836
0.97142643401382089
0.97136240877856628
0.96678766722403975
0.96670484975675397
0.96747319031983015
0.96765265873600814
0.96913701948379427
0.96828211793691066
0.97021351301608394
0.96923933541196849
0.96818390513136998
0.96696881077320096
0.96896891615765635
0.96543466582677939
0.96666537684186393
0.96810948239084205
0.97095992527773078
0.967183313537468
0.96962841917822529
0.96959803539125544
0.9679142401178833
0.96974505902733332
0.96355886136876789

