0.99440181771000402
0.99494482223247183
0.9948172197500309
0.99503929880470676
0.99394378851268306
0.99292580241114092
0.99345068633920119
0.99402498836552444
0.99430122508343555
0.99483939454427328
0.99395682929903273
0.99448307669133562
0.99501797071154641
0.99361343617481113
0.99353681761649171
0.99468242652797767
0.9940164633854307
0.99448048190100113
0.99425997797067345
0.99436160155380293
0.99437719024554305
0.99389926160563025
0.99326927880988425
0.99470153531138861
0.99601742690313222
0.99415870791317862
0.99386219450899516
0.99455502544167351
0.99362256302893948
0.99501959820732189
0.99470747972715556
0.99434650440051575
0.993126648739735
0.99357805545864442
0.9950220672904414
0.99608500950502643
0.99477010313053171
0.99538592847852481
0.99558190526066814
0.9949298950524107
0.99403749497553406
0.99360753329668527
0.99387787606175892
0.99243141895955855
0.99243711145665192
0.99260874903855967
0.9922565965296094
0.99193896594761077
0.99287281194722643
0.99304873440732488
0.99388693562517993
0.99578220330356371
0.99437212448469858
0.99395616927069452
0.99402451845150186
0.99495537545596446
0.99418389654078165
0.99418526315756961
0.99396034641440001
0.99353405047354826
0.99467602346399164
0.994795396220575
0.99457282109845102
0.99387527976326118
0.99483040661668398
0.99403518537760449
0.99343226777217819
0.99416013553508242
0.993432456756146
0.99498985487181035
0.99505241994865878
0.99522450855048128
0.99420008773252189
0.99480794657403626
0.99293231336642906
0.99484268521657104
0.99468862483123244
0.99287024625114539
0.99162375900311739
0.99193604641507249
0.99345171997648885
0.99481304377342483
0.99465003678822073
0.99493441691828732
0.99384054393059407
0.9945357934634661
0.9938511716625098
0.99319139848352933
0.99334481345495396
0.99230172320789944
0.99384775953861437
0.99478093671434276
0.99502949126133555
0.99398851511662556
0.99288266339721754
0.99275450859293857
0.990565335162505
0.99264588864572778
0.9935234025869204
0.99279801185898831
0.99529360636878994
0.99480462183640006
0.99459721148505231
0.99397787671284754
0.99409203972074245
0.995167915356166
0.99394736264203909
0.99433524303827203
0.99547461674843429
0.99476838982904703
0.99482674805279958
0.99440294639658078
0.9943613688675812
0.99297377919164365
0.99261764898997873
0.99301938412305102
0.99351048069298864
0.9937122397484871
0.99467824549467576
0.99498205624645975
0.99472340081100807
0.99309350045152922
0.99564407955249468
0.99582021077026173
0.99443785004945717
0.9955453513460476
0.99420055964572429
0.99507696157513803
0.99496344447619156
0.99476632517253694
0.99509482984678765
0.99333729402181736
0.99516000435889884
0.99287199625692191
0.99386109823145663
0.99312629153301279
0.99346203630050633
0.99314138149260955
0.99167474205721162
0.99370300070549511
0.99356215265064207
0.99252662800699343
0.9934173134784281
0.99235840025102295
0.99342365597903948
0.99373965274910703
0.99238363731536561
0.99456178368871517
0.99266320509394002
0.9943424336690756
0.99526757402958088
0.99466084383611708
0.99418392206220796
0.9937026946431522
0.99378200052185151
0.9950429166437057
0.9953862914087096
0.99615070901136737
0.99535736082073101
0.99463471376406454
0.99488160586364749
0.99347306985758344
0.99257807229616135
0.99296552597864207
0.99339107063528564
0.99198100912816045
0.9930856624377109
0.99474942367085972
0.99420363016598234
0.99478845197412047
0.99515405795101441
0.99399503861961647
0.99457366515490364
0.99560606847858313
0.99482252034989338
0.99459931861981365
0.99416604680441034
0.99312988214110565
0.9942468751639475
0.99350751298587003
0.9939990209439048
0.99524024708507208
0.99577513249913929
0.99569738742313751
0.99481733593106425
0.99534818361712007
0.99529730844243181
0.99543822822630745
0.99491438865387372
0.99472351496103117
0.99452601271685415
0.9937751965759537
0.99387299430413201
0.99281852665409287
0.99466426607728631
0.99488653650798187
0.99496554866406173
0.99376887986212381
0.994851728718399
0.99538869937004704
0.99584146813622254
0.99378437467913505

