0.99316183306095696
0.99496211323210437
0.99484542929137065
0.99496754617334249
0.99492258369835418
0.99519397056434789
0.99528145026416748
0.99339480774815547
0.99153423576379696
0.99186797011610239
0.99400794851566399
0.99427104444991987
0.99451763328696674
0.99396114783520728
0.99358377876301907
0.9945092121902116
0.99507145586735302
0.99438357445224168
0.99472513490458925
0.99376149432998206
0.99459282616361888
0.99375013617523622
0.991322982475493
0.99104835502393229
0.99419007039443896
0.99496935883033144
0.99475646842318755
0.99458598263177
0.99432345777959641
0.99299546560382168
0.99489451202763102
0.99398523785388448
0.994309560880827
0.99507923549840838
0.99605959037935643
0.99388871470607487
0.99472887591940851
0.99352293681468518
0.99403372433711346
0.99359648862124605
0.99415971333759112
0.99390065475459377
0.99470850731637139
0.99448030213868521
0.99540790103905097
0.99540676898373381
0.99393981248315255
0.99478691775947925
0.99497894733288084
0.99543852201711114
0.99386854140468817
0.99283327714605496
0.99433996018651338
0.99480274149501913
0.99442694655478381
0.99533686781791508
0.9963135981177712
0.99508224028297232
0.99426173569961795
0.99373458301941409
0.99397312346842537
0.99486100355457685
0.9957120300167096
0.99486770700056015
0.9938916352759134
0.99423710167186219
0.99318612460121425
0.99474189266847279
0.99388674251624554
0.99434633523454274
0.99329954344116655
0.99408644311962657
0.99498102823469659
0.9935348340079051
0.99413896055432438
0.99352481898079126
0.99377843854673875
0.99405123559952724
0.99534434569933594
0.99561839994141677
0.99499699569856226
0.99614197183735098
0.99506531073142468
0.99393247581238087
0.99291708375623755
0.99317339021264928
0.99168905222611836
0.99342123493536538
0.99408974602902611
0.99393093391295029
0.993765438192449
0.99492270963528062
0.99506228712067946
0.99477443890348571
0.99339498977150376
0.99413055852530263
0.99499318295520112
0.99394596515374556
0.99466555113412913
0.99437293806095173
0.99371547405029204
0.99365000825045802
0.99453505167764811
0.99433817376436984
0.99437291305556297
0.99441264687723763
0.99441045401883699
0.99522965919934758
0.99491563519038873
0.99551174121734776
0.99573388390447781
0.99474922781043729
0.99356781387999382
0.99240849520049612
0.99158980251295903
0.99350984172579138
0.99266218451525967
0.99470829554026918
0.9949727423640834
0.99393501091732606
0.99501188646387284
0.99513157012035058
0.99455101648231159
0.99435443647506605
0.9945344528610256
0.99461788708095833
0.99493020681481226
0.99317917558739832
0.99340292125971408
0.99389444445119279
0.99492512793606913
0.99440349565031083
0.99331769060367503
0.99442156103205792
0.99577129793288477
0.99516432877116467
0.99443374309599708
0.99532006088118596
0.99514332583109111
0.9943225666318305
0.99484464380831983
0.99536304036373868
0.99622522411104852
0.99462034313987058
0.99231077768915499
0.9932547876677924
0.99289794391665598
0.9933929662032811
0.99325447694846725
0.99245022187433729
0.99441498728424904
0.99263325188311025
0.99271314981463699
0.99542078971918757
0.99471953355435105
0.99516762108058809
0.99372093890517754
0.99515336199681792
0.99514742585942106
0.99514329312511107
0.99298307351629156
0.99172528397191129
0.99408539903665194
0.9934609238376847
0.99452883974882011
0.99448830729252302
0.99487958851818825
0.99651771147706047
0.9950732141467461
0.99339630732087403
0.99288402172040835
0.99247658528236682
0.99396913783615726
0.99391902860733339
0.99394000122989623
0.99337520477749786
0.99417978831453091
0.99419681063905518
0.99329918470815504
0.99461136936939853
0.99318390098534703
0.99474286125046063
0.994686057234479
0.99455499664059344
0.99558150639696097
0.99452944389198783
0.99437875758149119
0.99471179762317574
0.99519303177735552
0.99281781664598967
0.99374158404464907
0.99330927028820482
0.99311454658879939
0.99327156735297106
0.99491933475103445
0.9947221615177616
0.99404178479200589
0.9920764071191851
0.99353444353420306
0.99020430322389652
0.99316105967547974
0.99282480581366095

