0.86952446819382523
0.88548148436524432
0.86940582141263723
0.82663185561614183
0.81301033969693837
0.8764604099100114
0.85166467421422398
0.87669636536300355
0.87109498823317122
0.8887946362872382
0.89841616787526102
0.87963786366406849
0.86194779993624182
0.91011807904534114
0.88215417726734968
0.88596004538409467
0.87636191984672684
0.91933095359185824
0.91181527143395624
0.91130160457580023
0.91761058962288322
0.89769210608291783
0.88355233059225646
0.8923832840380882
0.8745366607217987
0.86105689485267545
0.87182991451223468
0.87663641450030261
0.88057779314639772
0.9004957698050976
0.88457937268478759
0.88727382023138468
0.87600091345057618
0.86302240574634459
0.92003333377776508
0.90245416613816587
0.9242622908954079
0.89935879323951207
0.86704620906597507
0.90319994602939335
0.90310476180051036
0.91044245062700591
0.90925151813271254
0.88230899507601179
0.91589036453794326
0.90176886056427319
0.90056250588629305
0.8671311633603076
0.89746255335947767
0.87361118299340368
0.86509402908046729
0.90346642705201807
0.90279557349312001
0.87643316001118776
0.84022392860472395
0.83422172843747122
0.82445335994611957
0.89667795397105043
0.91815709419605918
0.90785487502877038
0.89455971158074787
0.88203501275634866
0.88464218783230231
0.85361274027624956
0.90293840307948703
0.8980403927684828
0.88632015355752491
0.94067411259883416
0.93875002860290124
0.9130154636436093
0.93549953276438613
0.91014748056633143
0.92213185388977759
0.94229671073185328
0.92666863794170684
0.91563685407095829
0.87410579144846978
0.90364632904237618
0.91009364732248677
0.89800125614873028
0.88462127297303872
0.8877652667505207
0.89490431603463894
0.89280191029402489
0.91334609142178036
0.85390265178764257
0.88354597610200347
0.91867498230278066
0.88516842109615101
0.8782570894716959
0.86874424196291888
0.92487014303649717
0.91759231307981037
0.93563262429128291
0.94465551536519921
0.93836998104692348
0.90940837124652985
0.90044677335219159
0.9011955703120359
0.9209652518192889
0.9351640999326003
0.91680957007362429
0.90288796874411825
0.86816983575129703
0.86987329425162863
0.90324969748780126
0.90834206674756279
0.91097964073063853
0.90812924005055806
0.88530926394349496
0.8933016211227145
0.91078916250717079
0.91456531998221657
0.91005084865269392
0.88348970921242342
0.90644763966269604
0.92970768973866014
0.91244970871558395
0.89676612657019972
0.91595973609196812
0.88069333444240561
0.8376907676534131
0.88301643189917811
0.87885458702722807
0.85652415188172037
0.8186388389521605
0.84188211941054503
0.84189352684923668
0.85161123562201113
0.84288412557139403
0.83677737604145597
0.89269710819942993
0.91482475135836028
0.86260687699562122
0.82451197465760184
0.82061272644203043
0.87368830139215625
0.91390836524790742
0.91763324973867455
0.92061082635302971
0.92317373038657791
0.90172348293019644
0.9072680018359095
0.91348638225768963
0.90865472488706522
0.92421900965408965
0.9291674103602704
0.92996923840347756
0.8908399270491566
0.91246909426689138
0.93515921407839575
0.92086693241880857
0.93107734993346569
0.91300394644156668
0.89469807395006773
0.89352007234778019
0.89514326440520442
0.91897202830140323
0.91084846817587206
0.86411599107269987
0.88225635853145112
0.89311467807000955
0.86458707872099894
0.90945552170116606
0.8965878766989257
0.92038414352859177
0.92494884307048353
0.91111236345888014
0.91169756986047823
0.8740473069201441
0.88515709281892196
0.89760223455909638
0.93097687619537606
0.91150925878816202
0.90481124998851625
0.90253705938369511
0.90317392350561621
0.87290232526355294
0.89559751896999962
0.85657881578570738
0.81032027766912429
0.83469018742314516
0.896189915270591
0.90060945455404495
0.89908633780054437
0.89174246658612466
0.88830318538280995
0.91552836607693888
0.93061520261872221
0.93161625779579682
0.92177479804803175
0.93542051417351979
0.92766295799211129
0.93155480744047547
0.90127048321342962
0.89554582690628703
0.87542879637201398
0.91341167910509202
0.93187201038094269
0.90001796815613
0.82925231553030665
0.84201038628641733

