0.86373145672450191
0.88745307852270894
0.88818387696406464
0.88671903108599237
0.84958537954698443
0.88609771508068758
0.91189069271237244
0.86928825522793651
0.86004737555236344
0.88104635330151071
0.86373803788367087
0.85845341493250249
0.84812600947220962
0.88893336700153158
0.90601415964390952
0.90660704346494692
0.88423936496979527
0.89513557675724276
0.91344352588193267
0.90807524981527832
0.92109666306349958
0.91205638148509094
0.95434452754585941
0.94759761522670583
0.94496544073976507
0.94195716076885638
0.95224948723047487
0.93149706542009458
0.93798414896667692
0.91433733720787413
0.90927503054530523
0.94421258008603615
0.93716821820251572
0.93302353006379968
0.92187503391288173
0.93509496079799659
0.92061063545718691
0.92916462052574722
0.92454190313476103
0.91187511181411363
0.91204050571701256
0.90200191346254954
0.90159959201634976
0.88400624061909516
0.88300512957657529
0.87949588484056229
0.86122023265969816
0.8709278582146448
0.89393385193551056
0.87388763666110847
0.8932360631515609
0.88787037313021122
0.85462317196731774
0.83339053470226443
0.91445419024060237
0.90702978698430559
0.89572263767139315
0.90556574431730974
0.9249586572807087
0.94182349335939475
0.9552251900422255
0.93178774401846409
0.93010996074545427
0.94394987758791071
0.93901572087685636
0.93220452656675434
0.94394829842872308
0.92410704802526034
0.93793952229574284
0.93381885166701983
0.92560847166491189
0.92363319455168336
0.90525421262932493
0.88556877174230397
0.91360202607412777
0.89467437719470055
0.90798818080306454
0.91300660038853609
0.89443664710076642
0.8794803605497804
0.90578882688183993
0.89662056554393277
0.91259399745094549
0.91753366057083974
0.92111581566298018
0.93018418826021798
0.94314391458656865
0.93544896508810349
0.93752796397705329
0.90067460410751576
0.90135175824743885
0.89010027994261476
0.90582244551907232
0.91037094766183513
0.90224599773486192
0.92262958855720112
0.85692725705791106
0.86961912062941238
0.85876792963995585
0.85491956825144111
0.89697131587264467
0.92695937130632688
0.92426453945929943
0.9257138176662808
0.90588015921104215
0.91473104843400466
0.92181784827210156
0.91371506411902725
0.89260203033891294
0.91132541737620587
0.92805686154064171
0.93516412537160098
0.92813269807063825
0.91854948057711339
0.90363208929269456
0.90796855133111498
0.90324782236510914
0.8797211185532372
0.88873732692544605
0.85889748624884532
0.84517200271546389
0.89510715878406599
0.89514403444231461
0.85478942937165314
0.84407358711963498
0.8269932594826267
0.83302033651813157
0.85205481346961687
0.8894386243985305
0.90866621719228002
0.91726069772732977
0.91671617965861918
0.91406066835483402
0.90954313335472392
0.89394411693337927
0.91253937207230651
0.87758220094617867
0.90717064212794718
0.88443723958345888
0.90518670886173136
0.89505712285237449
0.90894379579673623
0.90033931407585666
0.89294686385796795
0.90648789580107825
0.91272603786895845
0.90451833388549996
0.87149810528909466
0.91145684325403187
0.89480610041624764
0.91947737997081425
0.93720787452638921
0.92866793248763302
0.89888527828284392
0.93146700331477217
0.89800139970722626
0.90406611677877857
0.8752709298108492
0.83650339911242144
0.87466926972218317
0.86184909943829646
0.89637612607976946
0.86587199166612339
0.83292613055385123
0.77266548553555303
0.78795608483065915
0.86713204898281393
0.88818500927914401
0.86685162215074596
0.87878945807868059
0.85430067650317598
0.86429467139647043
0.91423632293224166
0.92629448004097792
0.91371169786138673
0.93106655238517477
0.92623061859193878
0.9286777705204442
0.90895692189211952
0.89084796839958802
0.86414296479507713
0.86089550058836106
0.85973475636869323
0.8450788847588373
0.87059745014575807
0.88446253636417727
0.89701367238852447
0.91543830918538927
0.90202878173822987
0.88803240718786047
0.89977989835942485
0.93572466406407928
0.90850054423810045
0.90798973536910654
0.90830911364181888
0.90431044901708413
0.92825139801491119
0.92425159030258242
0.91441257711531521
0.90726648454516978
0.91258338413060103
0.88349301968192262

