0.90938426272143502
0.90546140903943539
0.89938332317362946
0.91048057630624502
0.90033368550777015
0.90028642637566902
0.90236697876905514
0.90303928020317759
0.91174365979178529
0.90851230896700619
0.91335380750604067
0.90749359316584144
0.89564731394889452
0.8940185731447059
0.90363181509740109
0.91053585976705598
0.90491497306054958
0.90027791923140832
0.9020381906463415
0.90259037623020932
0.91075285756853497
0.89691903680290619
0.90013551866137387
0.90084819518887072
0.90337756140159609
0.90608894731857104
0.90803479195736636
0.90422016217947954
0.90158125328874927
0.89498944474172692
0.90644425737294143
0.90665954445249786
0.90339575857532139
0.90830197785870703
0.90404051207068581
0.89931533956847198
0.90263405927911478
0.90408392115569425
0.90406737720657449
0.89702538564904732
0.90762976156238673
0.91120228473751985
0.90016876744964913
0.88804797835271054
0.90649184282987083
0.89760381390284971
0.90348197085392412
0.91095934780744403
0.89812797410621514
0.89959842827599812
0.90204251083125997
0.91441316645221171
0.90244150368489007
0.90347989208053459
0.90615106011674318
0.90811318456142809
0.89739107246457572
0.90294729250478734
0.9094765481537872
0.89636133560880571
0.91004272475656733
0.9045384478284153
0.9004180935102688
0.9058164042116339
0.8891935545979418
0.90615517709377347
0.89916754842242708
0.90344955288836692
0.90698557473205788
0.90449445066813827
0.90475002362748347
0.90465255410665868
0.91139572940975599
0.90656281239634418
0.90299548228587689
0.91389260742126965
0.90018195377969457
0.90054280736325953
0.90470100984386903
0.90129570730337771
0.91333067763534426
0.90721724801250503
0.89710394621593625
0.88668132728413507
0.90533850780700464
0.90003098840781703
0.90003100312378559
0.89965349699465591
0.9062712379394039
0.9032370072902649
0.89941400433165608
0.89352182699342164
0.90552419215817326
0.90154021693974085
0.91087800649681527
0.9045178424394551
0.90776244256022176
0.90357639209018348
0.90968343628822534
0.90521055052384147
0.90117584345849044
0.90391766879418889
0.90651166572882313
0.89974254683461752
0.89220800155209667
0.89512886591778607
0.90393767781450707
0.90735488479657189
0.90282829149599897
0.89164447360360277
0.9038794197747444
0.91773712105683158
0.89716238606710053
0.90628372121314027
0.89962246938343515
0.89859568092800257
0.90971470740101568
0.91142879202187888
0.91049395874875216
0.90009019381612232
0.90346113655834737
0.89799451182805579
0.90300059314914061
0.90056343752836188
0.89804773595736886
0.90828465221818
0.89978058369392455
0.89617989258309261
0.90222729448273731
0.91096464040717806
0.90258478289053834
0.90702942502429051
0.90726914056149399
0.90843843318549145
0.89577068269842486
0.90316540703126436
0.89953081668165358
0.8988026258330748
0.89563871964317765
0.8956353193869353
0.8865526618051448
0.90777676503079197
0.90415473255265821
0.88269872624593115
0.9016049800465249
0.90762046750608405
0.89936928431009078
0.90512739206242843
0.89354697504558889
0.90362653452969799
0.89117788969850342
0.91046448682884096
0.89411891834153046
0.91132967449812763
0.90143096565452474
0.90982748488448761
0.8989918001875199
0.90195962864520418
0.89871268811614469
0.90665751049599175
0.89598361472622168
0.89709704829539738
0.90427634646471622
0.89550413769796389
0.90868746232855269
0.90055964196899374
0.91008390843670606
0.90093367913846112
0.89657961490281424
0.89707176623201346
0.90303482742632701
0.90170987317580842
0.91202576832143734
0.90722952997901707
0.90532828413464062
0.90601035368914085
0.88981914838111753
0.90735157935446542
0.90981182802004956
0.90020331762667827
0.90320917401642742
0.90394593882307905
0.89960641683304921
0.90213332918062628
0.90675006431230065
0.90056203283145575
0.9011265210589372
0.89047145862767441
0.90155428035535257
0.90539888322219819
0.9071549454336757
0.90413398086747498
0.89699322806936987
0.90558187546523228
0.89063808740908124
0.9049240940211275
0.89454634206925321
0.89422941737047157
0.90400364446637393
0.9001167313228422
0.89981266032712348
0.8962012468969659

