0.89462897194654789
0.89229164126917615
0.90463719254994701
0.89551879310986204
0.9020573216546055
0.9078132850225491
0.90499442874374958
0.89921618980644513
0.90597884285612573
0.89616336816333386
0.90079341217088371
0.90035046446357292
0.90103314163466985
0.89727241191367824
0.90495770157763222
0.90021228003495235
0.90739727948510007
0.90432827033564522
0.89231729243472702
0.9045009245726735
0.89547065201311649
0.88900137964102688
0.90203530942970889
0.90405158887184445
0.90241330224417715
0.90075228682967035
0.90303841634863224
0.90603042461470518
0.89351469088340441
0.90246189128117693
0.90560574212487144
0.88875399850396863
0.91007304443223613
0.90450929097181298
0.90857561491283956
0.90028563337165279
0.89466776558957184
0.8991835235667307
0.90910204482074264
0.90742001763740576
0.90695513465714117
0.90595775822075464
0.90614201726028798
0.90187534602349784
0.89869689145104759
0.90474355907890569
0.89685477795576507
0.89821706075468422
0.91080759060397232
0.90651368398085308
0.90851651074285333
0.90296057440572564
0.8982039817514319
0.89224231957443378
0.9023601172851291
0.90928566741158756
0.90318496489701017
0.90383102977963714
0.90887581941914553
0.9058544919222703
0.8976788605601822
0.90562783301432082
0.89398596456243762
0.89671075054832228
0.9023850880574521
0.90461255283206321
0.9064660149846625
0.90853389711253918
0.90914491803065411
0.91146213080205807
0.90776306692426323
0.89764170284553324
0.89764526429267744
0.89428880326285054
0.89955672154352073
0.89643082932212304
0.88350641194650248
0.89804291509389111
0.89653710805236242
0.89003485516937797
0.89805719175845489
0.90499817111422032
0.89757970325724146
0.90013373636635896
0.89845666186825035
0.89714494379089638
0.90972595259401601
0.8982905457652598
0.89898360731432647
0.89550230964791588
0.8993145014152566
0.89765558183358485
0.90634675565202705
0.90521683972345068
0.90864736714324634
0.8934581463583009
0.90592137224456193
0.90672655389209489
0.89794827402699029
0.90119053539568073
0.90639207692981649
0.89849543540096
0.89996915884770001
0.90137430836828403
0.89532621195587414
0.90092130070545817
0.89993446688862255
0.88941006621640528
0.90507810478836948
0.90050327999824142
0.90553813867390298
0.90878573812334973
0.90642672218098597
0.90582784050749754
0.9084399499853304
0.9062952244171899
0.90651312752641666
0.90001457388783579
0.90140523193422473
0.89479232569937983
0.90242926735434825
0.90695053203228992
0.90278322344365847
0.90077946997343439
0.89913283818631318
0.90116774515982923
0.90747081708188648
0.90968750750978089
0.89864752002225146
0.90357238659933992
0.90431378513969307
0.90178028222152284
0.90224957540774009
0.90382957891983307
0.90539556224952855
0.90816185292069562
0.90534457233864907
0.91165069829972434
0.90187402961544338
0.89799066006950023
0.902027686696245
0.902094176490289
0.90793827161288843
0.91085861929446144
0.89364277796696412
0.9034446762129833
0.90355144452968961
0.88489001921536781
0.89742177769776121
0.89020938993436627
0.89385907666860964
0.90890817362748377
0.89309184387696605
0.90582370727583972
0.90464324563953535
0.90063977710387788
0.90634330583659195
0.90709298541027739
0.90656495094634071
0.8915234108175174
0.89319388470038241
0.90615385310709107
0.89496132845872067
0.90620394747825517
0.89815569218074653
0.90727040276896143
0.90702974366886957
0.90553249482440701
0.89598542828374095
0.90441256253564606
0.9088269433879631
0.90635307798821696
0.90452498764143652
0.89972911553681023
0.90289832054822239
0.90242439859913093
0.90557730485487375
0.90500142695441321
0.90494678367779025
0.89680337278547761
0.89818644933769853
0.90810430914629459
0.9049053488867197
0.90273392562564947
0.91050925207059175
0.90996893263350209
0.9073095844234097
0.909547566529189
0.89738484528880691
0.91043050870214082
0.90848235875597583
0.90523407824690227
0.91301220825616458
0.90611354233325592
0.89745701608446804
0.90490073595644438
0.90509308171983616
0.89801080582598669
0.8953260565245289
0.90174861871107337
0.90614137540606909
0.90335805330582042

