0.92261410641156216
0.93245236080753047
0.93254727297724715
0.93523429058946872
0.93413399332664393
0.93353530490814418
0.93322119508964285
0.93852531838251918
0.93217628247705975
0.93423618286374899
0.93093662042931558
0.92858199310210621
0.93226353179421018
0.93473885827715919
0.92815970398829872
0.92988705659549631
0.93222314980421128
0.93854842847039521
0.93265656778174022
0.94041157824469157
0.93309677134346158
0.93477707062952708
0.93942499033633564
0.92815035860960104
0.93071614477593645
0.93174189949962349
0.9227139166687911
0.92753298147628072
0.93207472235465449
0.93571546394034655
0.9310150975578636
0.93725129681863006
0.93511172065270021
0.93634845311173687
0.93656263290027997
0.93154250280688611
0.93409045411841374
0.93749754990797163
0.937964919517422
0.93078154550644265
0.92527635699489486
0.9327567395494929
0.93252184479413469
0.92550837669071673
0.93792802085771421
0.93047157900008204
0.93947159422925031
0.93274981106118504
0.93431417144137729
0.93232957366714497
0.93517279339021464
0.9383727586409677
0.93226600762037326
0.93457310658059922
0.92703367320002827
0.93603990868079912
0.93673869901094775
0.93941954480333134
0.93315623741922582
0.93076504942702476
0.93126172338975166
0.93652887896556036
0.9285492958037449
0.93343811673390076
0.93535915789510982
0.93520430242965047
0.9366429489347663
0.9378957524522189
0.93040064086624441
0.9333395001660042
0.92947145000555609
0.93495551233242136
0.94176032945547195
0.93252302563731226
0.9357227464775808
0.92949500200555291
0.93281114276739274
0.93163946247348461
0.93688769752562329
0.9320205020383765
0.93145211568267594
0.9371255361334605
0.93638246242472956
0.93498885743443017
0.93655452855729127
0.93437674038147833
0.93391992755945619
0.94122749697095276
0.93332539501253309
0.93414217096918606
0.93385104043499911
0.93664157373159185
0.9321014594791005
0.93369223869277407
0.93401584292553752
0.93455754439556804
0.92823273292192476
0.92473654063124489
0.93334908102988245
0.93416280802638174
0.93586633157560539
0.93479283650738709
0.93633015349922455
0.92620179845016393
0.9323600865413193
0.92011439640456194
0.93444994650924518
0.92622333606955876
0.93171280769664266
0.9322168457818949
0.93644139653798808
0.9304516302423822
0.93808528383324752
0.9291551357311425
0.93452011568660576
0.93121176591502031
0.92888997638285919
0.93115152607641616
0.93347978601472414
0.93778002755137679
0.93768519596905842
0.9350473806286892
0.93579999894480226
0.93474257146498263
0.9318670910843303
0.93653083817638305
0.93087965732984979
0.93497107115853439
0.93309301806679168
0.9358239582174831
0.93060310752005204
0.93379039967550093
0.93584840456482432
0.93267687197388782
0.93687526026042967
0.93400180635961139
0.9324017020602855
0.93614839449416054
0.93660430257813398
0.92701664758720603
0.9349410666667759
0.93485056203444539
0.93790940234728026
0.94025037238340303
0.93447196406496424
0.93675410124606751
0.93547961016646053
0.92768135700434562
0.93533330401102355
0.93036760821928022
0.92634410365693598
0.93468849192644687
0.93465608783673926
0.93508634384211453
0.93575890165764997
0.93669877637178578
0.93297690586893367
0.93908440020617134
0.93164938175359913
0.92661010365466745
0.92523680121719498
0.93394294595253113
0.93611395123750274
0.93993405943993946
0.93410134485992635
0.9312139927280686
0.92932843342516569
0.92638248904965204
0.92502989201175656
0.93152124867652064
0.92946481841214812
0.93301258543450627
0.91825914867468583
0.92952752668771765
0.93545445405403149
0.93248184225414876
0.93205543277197767
0.93405199792789162
0.93767192845382108
0.93454579321967068
0.93167552947558874
0.93474588090272881
0.93063998080514931
0.92739574340431863
0.93975251570402696
0.93001244705685226
0.9370023728237018
0.9367694572041243
0.93608260169466406
0.93193364874033979
0.92951600305172022
0.93041271336390674
0.92866244651777596
0.93448535853635128
0.93802390715371997
0.93430701318792875
0.93425944088605806
0.92572707675291188
0.9349526202556766
0.93323595215983646
0.93264189198491854
0.93580391421787468

