0.73280274475398344
0.79310087412303776
0.75024552588797
0.77244108646993015
0.72948858477756096
0.71301511323393618
0.767183443220119
0.81878836158465906
0.80963971693170134
0.79562227628479887
0.71145519030859317
0.76582580593479066
0.77362687927963014
0.78575696866101841
0.79027423771480798
0.72452057345824816
0.71265917024208014
0.75304107514597374
0.80131265583339883
0.79384732128078839
0.79588652145439842
0.73622981848132174
0.73706192387494252
0.70223977901061274
0.76399632302568332
0.68117905092434761
0.70257031921146285
0.67603519118988009
0.71317291616514789
0.76170237373684602
0.79758006865662379
0.69439719941585021
0.70106756485012078
0.72319378984068206
0.77305196033642565
0.80075653908113353
0.71783181153490438
0.69658771172683853
0.79958091033941514
0.78861833991459873
0.77324599275511285
0.72038254309761351
0.80122343343415192
0.76801896853459628
0.80790059660985203
0.80332299925622508
0.71512359998393205
0.78680791957747698
0.76846696569745332
0.76178021435615395
0.78242776309720274
0.75796019103198287
0.69598166470132994
0.8057228085018272
0.82301545281381794
0.7712561889241093
0.77410326305200183
0.76007943759035057
0.75736150420624271
0.78270393040050557
0.75683395829965194
0.77385223057626207
0.81676788635234798
0.76454660754784054
0.70483584618227657
0.73260951295324583
0.7628324019655417
0.72704872056700987
0.69393565886928255
0.75427199824981028
0.74819255882160207
0.81197452197885212
0.76708913535059631
0.76013212031357791
0.76078239728694474
0.7560699072784941
0.70040746849314883
0.72149110586250287
0.64852735291219266
0.70040107482430636
0.72984097492764199
0.71494296994816375
0.64549579350806341
0.71452654835086205
0.72071280443665375
0.71729344417877294
0.71027425162205104
0.70712944799555
0.72846477655256647
0.78695253111548902
0.77479566695650437
0.77390395973540904
0.73967750659503817
0.69508766525579002
0.67007216911261414
0.66773371704070805
0.72989956188078675
0.72051883906338288
0.69454711010773307
0.68786188423347383
0.75042173729485417
0.73319510469184057
0.61174073793758088
0.71611300145314793
0.70179940966240306
0.7120801753898276
0.77160993985493764
0.77248518014538159
0.7665506567238819
0.77473984356895909
0.69297516642179491
0.7226877752954034
0.73075187964342303
0.71374481022581371
0.69302257342354867
0.70316791752485752
0.77265957658108608
0.76966145320325552
0.74897507888195869
0.64346694051611697
0.68330051530924529
0.70491514704367031
0.71449977308781065
0.74125570813093122
0.71449264780312849
0.68076875895284583
0.70981163368547318
0.82019504246493347
0.71926788751102166
0.76721478542376176
0.78732810262709207
0.75405375172760647
0.80608555467902054
0.75839810074471159
0.7487705507834973
0.78958201032025599
0.79328587019526087
0.76570193499186978
0.7190948224289393
0.72699314420528882
0.78912973148005616
0.73986288835267422
0.7329137664226747
0.71733702227778129
0.73444573746368313
0.78041453975854835
0.6541787463877321
0.62075875434082439
0.60259489139497702
0.66123305439580493
0.74964956723824405
0.75429824341705742
0.74766546288574876
0.78193894762518579
0.82139734973084122
0.82504131791716695
0.79106532352979497
0.7685787366226694
0.75119947357857431
0.77796477086601834
0.80766793172835372
0.77292883321181993
0.68677613441111351
0.80905033368473123
0.7922037829447478
0.77441864818249262
0.77424125145534928
0.7934154175257252
0.72430172454752673
0.81222423663877696
0.80825488502570952
0.77189903330934717
0.74538711529395241
0.71848966027921723
0.68932371169715145
0.74969137724579515
0.75273254439748727
0.77139973482388535
0.80754848634235299
0.7987050147081538
0.77790627389041211
0.76327406895807337
0.7902622204317179
0.73939372765552558
0.73596706614580787
0.68065062779555097
0.70388805834205792
0.71907964446093042
0.79370411597608337
0.74616989607529915
0.68100919986184427
0.74312630382002143
0.72751549814665772
0.76233621907386395
0.7669417421218655
0.736958046671775
0.68094478467747943
0.74610652254155263
0.75568516625591342
0.77854562923566617
0.72304985106379371
0.75929063254628804

