0.76470866460747133
0.6971094438728177
0.74389504390035188
0.69306738116103506
0.71413456113002483
0.6853016391288328
0.77286021534351679
0.77539749925090895
0.76005741385092718
0.7537581602353659
0.75535122087486872
0.7815430833252075
0.7613722301259086
0.77115456406160421
0.78558343605183301
0.77580975946405628
0.77204216400326309
0.74084014364748851
0.76991130880989
0.67934491797618801
0.77114106971860807
0.80760163416601194
0.73682971205480829
0.80936623508691141
0.78212143109371002
0.79364913636341838
0.78850908069720249
0.74235417634698153
0.71186871820702657
0.6438589438135206
0.7689785661904085
0.75089457624385403
0.77172714349400295
0.81181375401559064
0.66124266462156134
0.75456280574436507
0.7117496185111658
0.82048562585990581
0.77765656137747841
0.73922330526587787
0.74803777423422846
0.71535270693336006
0.67003256058209826
0.74731299627300074
0.73008168852081956
0.71046731596343171
0.72743427655431936
0.77934266245008421
0.73312512923064499
0.74385598610725701
0.76752314139536182
0.74198723042793324
0.79251255458014258
0.84071138221603414
0.77747671637786564
0.76990928175968865
0.7752872911315406
0.78893454629466397
0.77903640935687646
0.7224334787991844
0.77435536759980461
0.79067194826365228
0.82546909099757215
0.80728549833215579
0.802449293587156
0.74870899256512025
0.70093368258380351
0.79942476714355171
0.71890052252737913
0.76618100530136035
0.77553489781025531
0.75941261090057399
0.78892441493284471
0.72343612411061731
0.76647846034443601
0.78054260674297271
0.82365023642454949
0.77086807364037546
0.79370847839973835
0.79016399838107021
0.76611377104808531
0.83287359715448128
0.79620960789911333
0.75222957936453572
0.73931774251767512
0.79284589446001241
0.7526678352623053
0.72889689675273583
0.6990862524175504
0.73522612435790524
0.67210112164351155
0.66078064850032825
0.72229000120675468
0.70545103275205545
0.72207328626323342
0.77432878437785602
0.7155260635593611
0.70957925515776177
0.75632567282826313
0.71507468668104157
0.68783139783674674
0.69797121263527429
0.72319030703809362
0.7440077609080934
0.78695177576689257
0.76159490009525965
0.74287278188905148
0.81381735091908203
0.7539694915515327
0.80656335268623414
0.79316245604710078
0.78258989977751503
0.74878069521248847
0.83956551367618304
0.8082559116584308
0.72789581952235638
0.81595629718223961
0.75562692344717608
0.75703901524553951
0.74095988927122014
0.71224387009411705
0.6880141707053623
0.71720149295077862
0.83958865236177327
0.79889644290717832
0.71229323940766298
0.71531614247311825
0.68467463354312552
0.7786334241939048
0.80995269008456738
0.7022296406781865
0.6970059171975661
0.7373412202729841
0.70914322336194702
0.67337745907681157
0.66209486956725727
0.76933897476650159
0.77661035594068506
0.75041068921491461
0.65042250279734681
0.75158775056773086
0.73904508571696248
0.73343385272907868
0.77736752987011115
0.75860072415091806
0.80763019538387082
0.72861160159906957
0.70743336770245868
0.77061212786611355
0.77343328880607476
0.7369828880198529
0.70278020371864902
0.69559275257321307
0.72808808344848197
0.77023954788508331
0.78062200216857713
0.79842701861977705
0.80856721824065358
0.82001861022286515
0.79690619932818185
0.79292121523561465
0.71950644591203017
0.69856043103033294
0.76184857303743814
0.7572572020015419
0.69192765980996185
0.74227738946287458
0.70491976069052231
0.68437540461556756
0.75934207584347979
0.70877872207310977
0.7974470792857995
0.7970818773028574
0.64108650297835401
0.70881541503521739
0.73069044871780098
0.77657966508580023
0.74464265541405983
0.75796866391836071
0.75897768131015753
0.81330228603997634
0.80581118250243999
0.79546026936494996
0.78057929231001355
0.82829024694133624
0.77839531953463781
0.70363231864395481
0.78435569191200893
0.74269815545932649
0.65379488825150556
0.71741260631310433
0.66335864428354263
0.78325451297215465
0.75946399101013562
0.72693032536492352
0.74686553515930443
0.7555175706240066
0.79471853104707368
0.79780113613918568
0.78752246674031756
0.80702711123093351
0.73339221848176861

