0.78763653017830537
0.80954701520790617
0.7616404911156982
0.79517566364733605
0.72062002977760875
0.76203849767424114
0.77695663288467065
0.74428663225472591
0.68368942111323561
0.74775594927791278
0.79041102533276131
0.81115450795034472
0.74144173737225039
0.77314736492356795
0.77132328887908475
0.80949222547009958
0.84104975242389091
0.7371822938250886
0.7783727942571067
0.75794522778049167
0.71064033418437211
0.70761262600646302
0.72845595986496792
0.76686228651114241
0.77663779522007514
0.76136526043300801
0.7380700794983639
0.77846177233126201
0.76226730707706114
0.77491399790581472
0.798437615150146
0.76098843527006599
0.7455159245879136
0.69324278043103926
0.65583488678236035
0.70238002382948062
0.65769059032129251
0.66621767142154154
0.67220280613907835
0.67808264512836103
0.68185300354227962
0.75055138895664186
0.74445088270041015
0.7001899240678805
0.77029652447053532
0.77708544185575579
0.74705314430937486
0.69985717596341446
0.7499016888435629
0.8273447987411543
0.77409819138967007
0.78386896601188694
0.80329217034687417
0.74713681806481669
0.72805325775384444
0.80281789868966102
0.80493768560481394
0.78084612984526602
0.79256078571387834
0.78519218112538913
0.7415706999612065
0.81269312942223737
0.79138970479708715
0.83520057878534326
0.78080751068726562
0.74109182488699288
0.75784451695918043
0.71726751740709693
0.74246932239657903
0.79837017793541531
0.74002163096806117
0.73519052244287175
0.74184686048614612
0.76052440912127117
0.69653559094602924
0.75116230462058275
0.78138947552818183
0.7983680329356011
0.7243208949053348
0.7960795052671229
0.77299722272807447
0.73594178309538738
0.70263558877274523
0.67508441630027249
0.57943469168585315
0.67545651778897586
0.82318649251288245
0.76013935623610307
0.78368964598280699
0.72193372951483703
0.71187969237951576
0.71269049711647592
0.72208986342495318
0.7634570382443302
0.78698356513447543
0.80185603157260854
0.7310583773959709
0.77806679755049757
0.82622122133757625
0.75946435244019805
0.76397393560732796
0.75724135819681793
0.73721362205478647
0.72660944990692655
0.81885445689939163
0.72051249902357772
0.78804504602790015
0.69913364818569623
0.69089764971408929
0.7353090528008196
0.80212363233355177
0.82443280325387092
0.759021605354255
0.78693886003926827
0.74770318033421701
0.78697712141843368
0.80436415888061807
0.80887739233765954
0.76338368769941678
0.8399051662673096
0.74145073537524575
0.74858889098205539
0.75302756973894658
0.7192533413086909
0.66180332923721807
0.67652238999133818
0.75076917331767357
0.79159594491730656
0.75228424996909671
0.71367161441992533
0.71424937424388835
0.80104810780217062
0.8048264185212165
0.7270485679518045
0.78569310442857399
0.74347131023053414
0.69577033102560437
0.72275899788029629
0.7759079136289021
0.75221604244333717
0.68921352979648765
0.78936046764209367
0.80112917008528972
0.77688019258057028
0.78969712562912031
0.76897770093662055
0.80071521470465301
0.80606237287819404
0.71402943862077262
0.65251174544777513
0.76458726238727803
0.82039916372563226
0.7806381789805602
0.79424663648332128
0.81856279040499091
0.83855221759012888
0.76297334670459349
0.7751811271867296
0.82793381545748346
0.77644629179760083
0.78480613478168215
0.81757495520359158
0.7928722036421233
0.73264487694399161
0.74527245155377619
0.71774149027505829
0.79153681321446168
0.76470166859197841
0.8037929760822603
0.76826396927984575
0.74355568304270225
0.76602516982161273
0.7776999477980866
0.77369162010561709
0.71411107083970138
0.79003177177366612
0.80043830827492646
0.78035893953768953
0.67570921813137408
0.7283501364758953
0.70048360425232203
0.73975062326091157
0.69019177977800061
0.77458726273787715
0.79529751652218117
0.77406667893126524
0.75761085770465275
0.74154512431214259
0.77818470928219541
0.70653207818464647
0.73244194147883612
0.78538040468211812
0.73846728703138242
0.77297883334779605
0.7862938231670662
0.78811799464245669
0.70597431911185959
0.64102980600841886
0.74895259778808276
0.80371607997814054
0.84468529305060258
0.72829703414449332

