0.89306133715467706
0.89150819644615564
0.89717712610733613
0.90226622595953232
0.90316714837968326
0.8984406896445698
0.89920193890625599
0.89463407924020222
0.89769867642766077
0.90023052376623958
0.8978788255553668
0.89238517655862715
0.8973095477208981
0.90094621819121479
0.90058065910777141
0.88491266951207348
0.89336766227386866
0.89411443508452615
0.89501573786251543
0.89138935886423976
0.89795908947454406
0.89802645028078387
0.89815166257256107
0.89984388253591918
0.90042158889966772
0.89495871266724114
0.89637268765863387
0.89024053480477483
0.89399473812027885
0.88946668283821329
0.89281110582666345
0.90152103869517608
0.89562668831634162
0.89446852122312903
0.89453373737794928
0.89684979965330025
0.89922899786580834
0.89843592051574839
0.89991056281888049
0.90280954861710816
0.89707555199270406
0.89596304724773257
0.89830463650663617
0.89475399852850235
0.89698398662930834
0.88953117766663059
0.89755809715785295
0.89593875883577445
0.89469075818495203
0.89919252935724914
0.89726066608114496
0.90075160077560301
0.89679652606785765
0.89461723768184109
0.89365050580726579
0.899156399983986
0.89863589742966021
0.8978905110003762
0.89500102648396784
0.88849334311950712
0.89313979112695263
0.89892855245601899
0.89529562147980002
0.89862730684520253
0.90041675431731727
0.89707964363806914
0.89489460806829857
0.89510957320043605
0.89525709741567017
0.89620280514555462
0.89863494022372781
0.89369342353764381
0.89477935706290057
0.89289460367496276
0.89860776894853533
0.89601455736323576
0.89922041528324914
0.90240426573389287
0.89346115936224535
0.89972496971238625
0.88970528777873492
0.88243645551518723
0.89301306958847626
0.89197006943167756
0.88892690697652932
0.89534017575270419
0.89742367751385654
0.89318965669155836
0.89597499143331705
0.89234192472156659
0.89340064804259001
0.89226784619776134
0.89420273305763742
0.90437186492685984
0.89646025220535219
0.89438459551066796
0.87800691613267756
0.88622955505428191
0.89554575337062592
0.89684405645256116
0.90020822482139162
0.90183782782622601
0.89931144394297258
0.89719123330711392
0.90144012786039174
0.89095992656215239
0.889976278952191
0.89257015562906039
0.88677600924966882
0.89778637711669718
0.89515362753341865
0.89586043071127708
0.90161520290421959
0.88832602517516224
0.90138441768190636
0.8972487358647997
0.89427083991931222
0.88430143084888801
0.88025068190242783
0.87551693937640929
0.88490934928318954
0.88139052798858142
0.89331505948399947
0.90077714932964015
0.89547996423878928
0.8976757914197
0.89955443747977148
0.8927445140496626
0.87935101132613513
0.87934740701005554
0.89280801789576236
0.89337281577137606
0.89054770823282703
0.89074458480561736
0.89362706608591236
0.8963991197572897
0.88961276750301221
0.88857467958261438
0.89840851302752589
0.88699128785081061
0.89748796044789259
0.89519255089927297
0.89239015954532885
0.8981845237131334
0.90142896175466847
0.88649064062727301
0.89149386725019486
0.89668509187196888
0.88979066530224793
0.88838832870368278
0.89906573944306722
0.89899892783976787
0.89913423030819339
0.89758410660807975
0.88698530776504891
0.89979920285977411
0.89587384391083624
0.89354406114648988
0.89076186833841664
0.89781782241683139
0.90264677141163885
0.89598116823233998
0.89083916057874968
0.89987075878927636
0.89156487491007819
0.89550568727984503
0.89579172423165065
0.89846532702300974
0.89328988120130182
0.89543639352603155
0.88927722810671672
0.89345554993629195
0.90213391185355252
0.89918656811691633
0.89517544655390791
0.89360315596346973
0.90032551387189919
0.89965656488335932
0.90051750635250571
0.90599273693902138
0.89705208437822159
0.89594627553292416
0.89535868026213117
0.89828761340411556
0.89802015234165822
0.8946325469702916
0.89679127931545499
0.89404931528086518
0.89445657539229195
0.90154128958699153
0.8967396906895202
0.89142087452539243
0.89889364191082655
0.90024234822650051
0.89545403241847366
0.89092827768770977
0.8968983123444092
0.90361441844687629
0.89739896341792402
0.89257425950604519
0.90366252701343852
0.89729806293622161

