0.89550244762529763
0.89912424554139436
0.89997191150768474
0.90107794230513472
0.90403891541589454
0.89260056559796408
0.90052151659687418
0.9027172837622468
0.89089712403521892
0.89738339487101793
0.89542516249294068
0.90138883232251599
0.90034964392268513
0.9012970918565929
0.89447459186554534
0.8997058108308903
0.89173056649833471
0.89680666982460489
0.89638103370900368
0.89138373819649319
0.90194981748239955
0.89507378328904563
0.89490180998877855
0.90234483013851929
0.89403746674176454
0.88723955015223521
0.89228800817140774
0.88621720001220861
0.88822981905441012
0.89192835848408114
0.89409277763408301
0.8964643611549663
0.90085746690777879
0.88864901739939217
0.88854908742183503
0.89063001778404405
0.89912893332645205
0.89859945502110894
0.89522066770065412
0.89589307896904458
0.8911288570717758
0.89614566845548349
0.89515845139123518
0.89750648601969574
0.89337020794528621
0.88561974745168315
0.89798816296762329
0.90215310331169862
0.8974725335938768
0.90316099529581606
0.89371688186312526
0.89917122974136732
0.89838790760323683
0.89506954685308771
0.89560330705679214
0.89641229497772945
0.90609821011426284
0.89978705251654501
0.89760312283982524
0.89259527910688563
0.89916651327482733
0.88825574924555695
0.89236231017947165
0.89133080041990687
0.89366995166526175
0.89803987461431889
0.89866805852588816
0.89662098839790505
0.89295969369200912
0.89726582029155677
0.89786861702534571
0.89974836348797294
0.90052683563439651
0.89626183402526949
0.89722815203473028
0.89993860915271395
0.89414193126509567
0.89238665297246256
0.89641186777828807
0.89540861025635543
0.90050324058032494
0.89676555149717485
0.89670093407887519
0.89427951976069697
0.89716182797868027
0.89368660025802982
0.90047050421408859
0.90402958736400674
0.89653284783652543
0.88410011801627841
0.89134846573025239
0.88999777704684635
0.88761500637064339
0.89249098757774437
0.89950933981987591
0.8924882113953776
0.89626830914066857
0.88943495823467966
0.89616882730952341
0.9010415322665779
0.89225729381489471
0.90076415288764822
0.89709216571346373
0.89709278408258653
0.90190895209796906
0.89647652989806059
0.89323514066950349
0.89698034910065283
0.8966736056428285
0.89650821325194363
0.90016055788975613
0.89637043098225866
0.89849100658481929
0.88861546747090303
0.89891028508924686
0.90081616145637922
0.89756501665431321
0.89708959645427655
0.89692525989569805
0.88755257753271943
0.89739593505886239
0.89427012746726153
0.89632176628825366
0.89863391275126481
0.89807263903382428
0.89955414965736147
0.89132480055157548
0.89792667695241957
0.90061566319926845
0.89358267454453488
0.89525568569583791
0.89309426297825778
0.89890799647319408
0.88798350591352848
0.89648269231508393
0.89706472058042175
0.89990240161858936
0.89633015491193091
0.89896075690252275
0.89758566880189483
0.89919987778183585
0.8971319946184303
0.89557654749000581
0.89161412782998817
0.89605936595090596
0.90009388505983223
0.89753170558659345
0.90194726945638404
0.89955975798523979
0.89782580385896349
0.90195916736041581
0.89905732913539305
0.89388437313230207
0.89170091191477463
0.8957220990106185
0.89680194948142455
0.89219252388762271
0.89626656074085209
0.8939067716828647
0.89375785294694066
0.89936241058735189
0.88889093338745773
0.89892155248164807
0.89717703190126363
0.8932286850756187
0.89788585847008351
0.90359196949604559
0.89994253667359425
0.89817325260099712
0.89912256624638409
0.89175414630563432
0.89270401163423885
0.88895843186514611
0.88506480957489164
0.894885054114262
0.8958434009101679
0.89219763848734679
0.89308741546887405
0.90287806465364284
0.89569850209065516
0.90312819199114824
0.8962798897140053
0.90275743383430918
0.90039505032716061
0.89892309142445559
0.89751996445850224
0.89074738261198172
0.89749090358134442
0.89829150008219527
0.90083536734492398
0.89603603665530651
0.89667197267716892
0.89109313587906014
0.90281289016174071
0.9019046312679464
0.90087027219383109
0.89896440462164184
0.89193845681731632
0.89604896893856101
0.89311935888276006
0.89460063321146066
0.89764370583282094

