0.89588329356177621
0.89420325889372609
0.8938798662857449
0.89548718052271081
0.89624280843708559
0.89824382116419366
0.90289965929907801
0.90013182043360118
0.89767596468773181
0.89594108430640418
0.89072611687651682
0.8947946622880768
0.89193480139643633
0.89356341525987648
0.89786707362770646
0.89681194060670077
0.90028246810744317
0.89083165352072213
0.88934345237792545
0.88563705041857799
0.90077434068511664
0.89587712935409403
0.89403074721384213
0.89920817935690622
0.89516365279004462
0.89520095093096841
0.89476393389136399
0.89687094694942526
0.89670928868552224
0.89516001503597398
0.89097589075685679
0.90106057306593024
0.89751739741736403
0.88778282303689537
0.89752685425096934
0.88097046699325321
0.8833001967945332
0.88261921741326543
0.89142528365948659
0.89954934834054834
0.90007135777212854
0.89244025890891809
0.90244036814358142
0.89507452793471298
0.89572682289466321
0.89630413387774888
0.89220253710780029
0.89915450096831184
0.89780097455893459
0.89534197645251945
0.88533466562319307
0.89238761975979464
0.89933753195745636
0.89975049123406425
0.89729989328083315
0.89601781920295331
0.90180023501863571
0.89160303528102636
0.89709123366634191
0.89156734206106114
0.88699513930418128
0.88893948587159921
0.89884297644480315
0.89955948038135336
0.89082126226318958
0.89513650282898605
0.88667758510999151
0.90097744156685688
0.89826707790150262
0.89602818582466826
0.88990401738815683
0.89402592176488538
0.89716123412984039
0.8951869816991993
0.89863683617886092
0.89411280052149522
0.8982374045457131
0.89965939252951888
0.89545289707834119
0.90126521923462999
0.89396903793412907
0.8923784221779224
0.89390506928559454
0.89553213267095222
0.89855765221466111
0.89974917862560577
0.89748248424772814
0.88967840529526077
0.90044935811127402
0.8943753339822198
0.88575650352060598
0.89642141220833449
0.90028153664453492
0.88840885802912439
0.89726772830252222
0.90209223986541631
0.89533123262160741
0.89835559509894025
0.89016902454087077
0.89304971338285155
0.89570370293411772
0.89231359092037654
0.89996927431621265
0.89913216521732042
0.89744962131155226
0.89708200883753475
0.89368846521958778
0.90027646568100583
0.8990392552004397
0.8995812447364826
0.89980757274691758
0.90042462226800779
0.89768989257154252
0.89495569551884424
0.89403859611189362
0.89441162292095711
0.898310805394408
0.87995930341917272
0.89095287103789067
0.90438886858583645
0.89742782614929506
0.89925539067369931
0.89666698914654031
0.8957279390483962
0.89505777144420451
0.89270920850083757
0.89196103007614125
0.897528792794824
0.89495591633689386
0.89414415411940784
0.8926324129236084
0.89540699938686485
0.90122602507189287
0.89305763283728601
0.89655484556929654
0.89615498285027284
0.89043223237758606
0.89768717680485122
0.89886399211079981
0.89497942762894145
0.90027304881195758
0.89264928181296876
0.89964741540161863
0.89228713472782351
0.8940518105973696
0.90106688800661527
0.89492548649129944
0.88871864090407993
0.90102088924958534
0.89937300841671153
0.89475126190336451
0.89549289214071304
0.90098057106126672
0.88915716929652511
0.89591000362656859
0.897243215991399
0.89750684806374992
0.8996890082806196
0.89429106746344145
0.89785564787707417
0.89044655423576835
0.89657107498081046
0.90092472219121478
0.88831858430375266
0.89065565701573546
0.89887013225000967
0.89235601515583707
0.89244451104108802
0.88902797098421116
0.88857813582506151
0.89985815824872317
0.89606263558222754
0.89534044143135638
0.8958769348294795
0.8961343075754602
0.89353043933607978
0.88663487874129332
0.89267501637412661
0.89051436401604722
0.90128462499541684
0.89871916737052138
0.89747644990444597
0.89865078851542746
0.89569617804836066
0.89199238801911207
0.89461048535281318
0.89722876731391388
0.89981353541352682
0.89959694092032405
0.89420851833134429
0.89793813036376469
0.89017256124343314
0.89585502496700553
0.90141509908212014
0.88783063459443246
0.89923722693558616
0.89753783524559194
0.89014850804374501
0.90265584204008176
0.89474101194678723
0.89864457306115708
0.89724400170706864

