0.8940714681160955
0.89655126057976153
0.89334271986495672
0.90205990836365912
0.89687035951931438
0.89991335077030621
0.89611513248439256
0.90224198678526024
0.89652815276850573
0.8893585975106395
0.90005994074489004
0.89002713326968663
0.90284175745305173
0.89304062697627384
0.8895982407905304
0.88734651562685951
0.90145289472788981
0.89559269063158797
0.88922730311964426
0.9008067487883995
0.90123584420379355
0.89411180549834413
0.89480853471278021
0.89073636453330074
0.90139546308215523
0.89973194664562639
0.89236555505165482
0.89283881176427593
0.90044947849542889
0.89950058583852965
0.89758851284983576
0.90234135670036675
0.8940925749644979
0.89814521542028358
0.89962560866638186
0.89126342626816368
0.88811041599409146
0.89302591946629761
0.8980151050439098
0.89419456243320738
0.89319040764263835
0.89553509479908522
0.89636706038762703
0.89353991773708152
0.89953754205142811
0.90072883031393569
0.90207114405869182
0.90132465618604485
0.89781745373477984
0.8966209939427785
0.9001072313261701
0.90074245831865263
0.89689233560879378
0.89848781944369338
0.901143201358239
0.89537733603198122
0.89702065985378787
0.90040744946008466
0.89537305469134831
0.89692976402227653
0.88868777996457926
0.89782516907147747
0.88857708493094389
0.89701931453407246
0.89546817412945701
0.89964035085652638
0.90342227703816691
0.89307139230290777
0.89883656304760007
0.89508242589541687
0.89838717328631001
0.90246117232230261
0.88318929021142756
0.89683994277324552
0.89719807048805245
0.89824821311150127
0.9022242494627335
0.89844002402536383
0.9003612306941865
0.89610531901462376
0.90183370434375543
0.90142532590965729
0.89754451349167008
0.89557201727228686
0.89322304151966136
0.89669724004700491
0.90106832739071552
0.89993318125150235
0.90170947407952018
0.89578039176983804
0.89392804168931284
0.89832367516027489
0.8950591881211859
0.88589233920590693
0.90026875068631107
0.89487209486428776
0.89493950234918229
0.90065863467365448
0.89461167681774501
0.89192730172693846
0.89410154109685158
0.89693124230684729
0.88970616632370247
0.89830705326969273
0.90318453906853136
0.89684024094345927
0.90008359283044881
0.895930951035109
0.90005155538239245
0.89886591891634415
0.89391652663970278
0.89787783599868931
0.8973021405808036
0.8973112950966432
0.89959378608982477
0.89655665662404249
0.89592022181271336
0.90344239430562467
0.89633825317056992
0.8934392956535101
0.90236661910655969
0.89336488104334077
0.89589185217614098
0.89364829573793703
0.8910931694629618
0.89421091057173541
0.90569019293668829
0.89823336734591175
0.88817141988163339
0.89610701604845111
0.89601759142991877
0.89846720261229096
0.89816346321873741
0.8960054771211583
0.90027341068796163
0.8944005787476651
0.89712718265275859
0.8882760669810329
0.89667100680140521
0.88927078022943407
0.8927258786820863
0.90013330029406036
0.89204812277847501
0.90019777706466197
0.8973956392595136
0.89619471225818137
0.89895978456302739
0.8895120199074632
0.89718059587684618
0.89765736540677077
0.90036271586726524
0.89704508763102209
0.89128812174590644
0.89480130419937165
0.89716560651629351
0.89999170234988835
0.90290232616824539
0.89195106089736798
0.8982032477895483
0.89746373109451327
0.89536179481300282
0.89719145405932432
0.89672394703599079
0.89445392897759246
0.89918950294218447
0.89755021670885815
0.89631155641570148
0.89119356353448176
0.89948157832036757
0.89694381647778598
0.89693996093099171
0.89959417740501724
0.89783040470988129
0.89940573360314491
0.89945926762295381
0.89831542488049221
0.89929952456183482
0.9019074259933384
0.89384072101064682
0.89586087021674499
0.89523857119878114
0.89613226932878931
0.8950878353332582
0.89560841609369546
0.89474855582035029
0.8990956098761228
0.89346318070495001
0.89130699380528899
0.89498857958951739
0.89697040868028677
0.89384745365001905
0.89811004553930496
0.89798728510801862
0.89513668711067118
0.89613594797536578
0.89636023553721866
0.89702515394440163
0.89397418736608081
0.89455621979004007
0.88642390157673223
0.89665544852155643
0.89539084100607613

