0.26443527232201441
0.29694233606485387
0.3471541382224505
0.27352676586688746
0.21559704222818257
0.010139661036802255
0.2182318836962136
0.24110345240894612
0.11038868486089931
0.11802927738694838
0.2618709172980504
0.25364896190871034
0.35787891647469811
0.35594448640868198
0.22740465097236326
0.24021492298199912
0.47915973856909605
0.38089703025542221
0.39959330279444455
0.29164274573597387
0.38592673562144197
0.1566210567157604
0.28586524977957539
0.31890249760779127
0.27371371491431862
0.2638089496531103
0.42388482471397937
0.31177176682582386
0.4072942515657374
0.26248670775903976
0.2060799473026845
0.12832811162531949
0.1013252749324533
0.23300446565306196
0.2668183039264071
0.1747489772139221
0.29837374994348492
0.12460871498427939
0.29339158925771097
0.17176030875350076
0.18261015151140411
0.25036879685935681
0.2759151798079843
0.31343093160867797
0.17704748343787238
0.14728947906503839
0.078124954616982739
0.26032819854394695
0.36274920605540939
0.29558898268524231
0.39895516608677456
0.38775326499143065
0.080116451801324137
0.24691632945569023
0.35702500868677955
0.32976318401665133
0.14396382536541993
0.10338123034106682
0.23559694606372378
0.17180663075367661
0.24251868307242969
0.36888756741142087
0.36347149659878092
0.36721286652165441
0.30455854470123517
0.39439702265549154
0.26230969867693232
0.27380703577451099
0.35067302740918455
0.16057291194047535
0.33475467968192218
0.26152633123337321
0.33462306934149316
0.42606579267971462
0.28047084174967646
0.27116106488068376
0.27258767821242774
0.2252226949043922
0.15674002436245532
0.26373249026682472
0.17201894096139198
0.14491986192607823
0.33118754385860821
0.21106528799156132
0.34027440792622493
0.32063264927476187
0.2595790019422613
0.33820204226735595
0.23597411541427646
0.32048221690334028
0.31341466427808323
0.24070542123344701
0.29992303152557581
0.3226274048686788
0.40264779059404254
0.17142738876274638
0.2237102070171009
0.35494346192557136
0.095895852611855611
0.080537998426103666
0.095251625886842578
0.13775812268567186
0.13332544094218082
0.25743502996407552
0.2958675682793438
0.23498530984586211
0.314996325402771
0.31553286289481802
0.26256533713694075
0.23334946605039916
0.30883447470682485
0.33010099348658528
0.40461511318244742
0.24085735381795498
0.30333221422289325
0.37050974870907694
0.30435813607722312
0.24030322310920729
0.2260908934827581
0.26296158549003479
0.26614450989438987
0.35599605589675432
0.21291772942676956
0.39498268498614886
0.22695651944026632
0.020942609551860659
0.16839571717007998
0.09237749767477102
0.17308508619291449
0.1676784959025682
0.23949664013059285
0.25746163087042084
0.41466979745232907
0.24986887438285241
0.34131936089616727
0.35369994112872344
0.27719007800316159
0.23335918768215899
0.29117674932906473
0.20742697037646241
0.16887655721282788
0.34118979462860816
0.32543417284106396
0.42210178566224649
0.40010451545630787
0.27443845695948754
0.32122706113381699
0.15618031790422277
0.35807159210259826
0.21889360297827481
0.3149534637536513
0.21548248670803755
0.31502928038881711
0.094278140373710462
0.11382127851949871
0.15634080253874913
0.072200438328106159
0.15771643261653098
0.25745749316648536
0.03047656787377585
0.30339880973523864
0.39179998894549767
0.42736370188408007
0.26730707843068857
0.31782893653744243
0.32239153360595896
0.16934393804161793
0.20861436793632016
0.24850131349030397
0.12042237937470453
0.21456031727801944
0.064838367520419507
0.11384759371620552
0.12092221213091381
0.2346736298227303
0.27026788146401798
0.32279021944477676
0.26606941769329973
0.29413677027105173
0.20260906106392493
0.25068522400981358
0.14311840141272997
0.32443259150478443
0.37628739740168898
0.46532199564545568
0.29726912018516188
0.16619986895941619
0.20059325269843878
0.36498309625583708
0.22517112656330004
0.057217484486576091
0.071243545693580879
0.078799859192651853
0.28654320265687527
0.35115651496764733
0.28687181508859377
0.26450277179938547
0.37259593483129172
0.24511404570939363
0.2049901127696572
0.22731734090981953
0.32208358516449936

