0.27893297887355184
0.069320555242252502
0.25661849048077984
0.28743593307019999
0.28350271437294183
0.24494424265086795
0.25828373857785297
0.2512328092378302
0.30778303485699643
0.38282551386155433
0.32250180987463123
0.34843937916707513
0.24879600815473582
0.3486854054476668
0.31754629964052161
0.33358078842229411
0.34559838425559486
0.33472622004585706
0.32188774003684023
0.30751451876599323
0.34737829381426549
0.34577337718481788
0.3614155581002606
0.19454779015943768
0.096154880362243442
0.24311153970806285
0.29540598591846429
0.13846916406923265
0.16401463626209375
0.18926202206566423
0.14826609589363512
0.14540662172384705
0.21140713960046723
0.20620609602599646
0.29271118798358425
0.45860484156505232
0.36551006874003211
0.37635139414538893
0.19916136384806349
0.29999761291824084
0.37740709492082597
0.22851696705742505
0.35948538751344472
0.34655463581061308
0.36325345235881129
0.20749774050950975
0.38251623673118851
0.35827021686734722
0.33888196034707502
0.30466253937212701
0.29686997627853817
0.38779653988692003
0.3763422406392124
0.31948490428931087
0.29878135121007154
0.32541329980552325
0.16658588342415229
0.30961709607978499
0.34235827744502606
0.1261589490600912
0.088388797741116687
0.31464069370845427
0.41470600502472893
0.33518540764824745
0.23950335741714671
0.078436191067526931
0.21800896305097719
0.20082078694342326
0.31358847977036536
0.10569725310726967
0.0092720522674082703
0.17083822438814195
0.22538949448585135
0.26983400068732599
0.35053814170874592
0.22021700437531339
0.24622146321098845
0.13312624498044498
0.14223187197546497
0.056821897621196611
0.094839494368405913
0.1556392149964213
0.096794673956371341
0.20973462396199385
0.32543346438830967
0.21230529513267357
0.24553985092888048
0.26129289957957452
0.2823201164294975
0.40663636270453912
0.39348652837619624
0.42721195799511791
0.4367230268200416
0.41550120054616052
0.34496308450013974
0.28917901267417595
0.28192650563484439
0.20293339356268947
0.17532894688138945
0.069239672713393624
0.29244153519942184
0.41319664729693667
0.3017165244582678
0.16910803771680699
0.22647133398366565
0.19607195245546749
0.23754258993626184
0.16468423925654235
0.06912153227100816
0.36256727891870183
0.26859077610740123
0.34684422976504903
0.13545757913947765
0.33970459830646688
0.42045228176170396
0.3992698264923073
0.35197557362475329
0.20241360552066001
0.10596943330810958
0.29649585111968163
0.061367490436989192
0.37878441350488834
0.34067149389739265
0.34534406721416477
0.39736627781650619
0.32807589802326326
0.32484863396484837
0.2637001360063867
0.24618172691644821
0.1138115594628184
0.1235055729991516
0.18682845517460719
0.32715171822937478
0.41937823791554046
0.21036168734320307
0.34930892557434456
0.16969236512934549
0.15674692786295791
0.1705215213884774
0.16139333167242423
0.024756862896539472
0.053083774050605007
0.19475555217156226
0.35123948879872363
0.27084864401030678
0.05248911084261882
0.31566491197215801
0.22309258748580119
0.33048026203116943
0.30747395309981085
0.39559437321425212
0.20945546640196996
0.20358511666548187
0.3439560333626856
0.10360929164473284
0.192605144554132
0.20010936639986965
0.40381433904924652
0.29358234441603503
0.4192914856306848
0.25072884127581962
0.40400761025242388
0.28099711004314382
0.4022770430625508
0.17037793955474292
0.25725684553118194
0.29962724084526832
0.20605305794937556
0.28498595250037045
0.33319803424300198
0.15473071615817924
0.29453174634486157
0.28765755463806253
0.30618547505813859
0.2308951270482931
0.41724142469898762
0.41612212928005676
0.29738138221754085
0.24481847170476898
0.34056482843817254
0.45432304767613474
0.36365373754459873
0.22265504419975055
0.28393694936008518
0.25501277386141574
0.11738349477162649
0.16209473903523405
0.19049262438487355
0.32570582311113699
0.1718282162547029
0.3798518801104106
0.3417570597317377
0.29443839324444587
0.31682707779488689
0.33717514817146277
0.34742354635488798
0.25295881977178319
0.29077123342488581
0.32641072344623301
0.24320016788959301
0.12203263475266057
0.20037909635887491

