0.94321039208832014
0.93938156050277144
0.93799928431487722
0.93988197062091217
0.94195185110819524
0.93730334802202986
0.93545712375228185
0.93639731436657248
0.94361636837604301
0.9341445967765204
0.93203784929658717
0.94011096251303039
0.93615859319157357
0.93870907786732161
0.94381963615769948
0.93388284429605839
0.93416389585685544
0.93197948050080937
0.93617063771522058
0.93543570820119026
0.93184757824261177
0.93594078870893815
0.93881424668959268
0.939663989639833
0.93891217585169184
0.93649522366098836
0.93688029780149029
0.93559938872555581
0.93999116062570476
0.93315164665392025
0.93377453350143858
0.93707663302828126
0.93422955908451288
0.94122237676527543
0.92915974945965274
0.93301235671607752
0.94010336508664916
0.94122202930466181
0.93627505276147172
0.93404306617487742
0.93953243906799144
0.93598490096949549
0.93724500043689885
0.94103838973296283
0.94234411256621786
0.93861666547049416
0.9377594881674679
0.93084031239738463
0.91932954621740781
0.92509922775357012
0.93644373310761408
0.93625858226275971
0.93939647506913515
0.93625043667238372
0.93341446548309392
0.93722665878504463
0.94126370158065498
0.9315411201213798
0.93437249481059248
0.93856665230035696
0.94118117467920226
0.93367456764850387
0.93934131030677215
0.93089616762721827
0.94049336249261828
0.93651257620275796
0.93665720330211821
0.92837328775097572
0.93968579228218607
0.93373480112559715
0.93007456366610741
0.9356836117712285
0.93925673509446406
0.92754353223736496
0.93516739614155175
0.93804462604335914
0.93805407711032807
0.93529831953179421
0.93511908911794983
0.93617881075711218
0.93925402963143745
0.9416458267855955
0.9424412009745331
0.94339106600473055
0.93481026235867559
0.93452551547394203
0.93721124722577265
0.9326966132579938
0.93332516176304969
0.93602463960255855
0.93812858166036395
0.93225416291414043
0.93645383444367081
0.94296453518145018
0.9355207654067107
0.93717172408884208
0.93619228023684631
0.93247601712980743
0.93729075378090532
0.936991821283091
0.93386544575526187
0.9347405815151556
0.94078771846105336
0.93566142983170697
0.93590798811870624
0.93876978689012702
0.93778543736264353
0.93949270037213217
0.92281663337866426
0.93222665474032773
0.93511019235156656
0.94117666834625047
0.93817515746051849
0.93859377155119861
0.93648132783864368
0.94055701563837701
0.94067844981787818
0.92943934643957971
0.93901994032790315
0.9407414594257627
0.93495087378014408
0.9290343193204974
0.93887913994448835
0.93545380975771708
0.94001872318417035
0.93866949441454206
0.93504462650617082
0.93143455453222546
0.93909535406495426
0.93444128344719068
0.93674240957236699
0.94295478469609251
0.93259956600164551
0.9393822926453187
0.94032886645321256
0.93491026747805983
0.93429748185136607
0.93773842998212253
0.93501241793713952
0.9418909811446543
0.9431458057671418
0.94400877395814231
0.93816157379431853
0.93132806618077402
0.93305691792016299
0.9398384754373823
0.93985258334925414
0.93652137711676842
0.93951758666740082
0.94079561422283697
0.94307918024779391
0.93327917462663001
0.93783680008799952
0.9359775943376395
0.93697705056341318
0.93867159652381071
0.9409494510502231
0.93618533797813197
0.93657293444884848
0.93842513859756771
0.92897343844743729
0.93826083419007134
0.93692933132716316
0.93733333528646923
0.93480866888097636
0.93751974195382382
0.9400320675437227
0.92999456140765446
0.93700468710513085
0.92952705185586459
0.92943766619126822
0.93194714263734224
0.93662875356686104
0.93206778443288907
0.93696902513444014
0.93566120265444708
0.93749350479765947
0.94082631319111354
0.9350680796065084
0.9348807875871199
0.93314343671288591
0.93950211379434512
0.93938989594928168
0.93643088345519321
0.94102129726224504
0.94214355742153544
0.9357958071982021
0.93608324184015357
0.93962923244547825
0.94026621585947079
0.93482987216105651
0.94124355162436923
0.94067633401646356
0.94416972207389416
0.93671396543453889
0.93800503883439523
0.9390336052623065
0.926821194416795
0.93484799186170531
0.93478019367739595
0.93661545748956521
0.93011645617308758

