0.93348908306479284
0.92945592390885412
0.94011705731461581
0.93413947793875995
0.94047468634705578
0.93755734644453848
0.93691192264945056
0.93479636760659024
0.93156502290395515
0.93381091839131303
0.93680936425520356
0.9405033594553176
0.93800266916177433
0.93572622622069956
0.9377490642855103
0.93345753433993139
0.93414412095068056
0.93251292830464416
0.93508963647234344
0.93362995608108545
0.93791690824281748
0.93753736765209872
0.93811184330158726
0.9329884039428431
0.93573876956184454
0.93252505112940354
0.93691891767398272
0.9312290856327432
0.93697789515066776
0.93910099547571135
0.94103215659167549
0.93662888108043718
0.91591175025037463
0.93444852399985556
0.93775078075734419
0.93828989593899348
0.93666045519784824
0.93036178783936918
0.93637541526141277
0.93595884353990022
0.93808927213440185
0.93707490195114307
0.93578034951612599
0.93724912789321135
0.94186894236373886
0.94141534002217342
0.93668187992685625
0.94384493482104848
0.9384509132186909
0.94065111357509623
0.93858239958661627
0.93563462386084051
0.93792006081711732
0.93609276502062511
0.93919016413770706
0.93050524141216739
0.93742796260913586
0.94014132613479573
0.93998497650779878
0.93906819229461713
0.93900835142175232
0.93347582988628075
0.93558051100398432
0.93839094699020131
0.94067460012786885
0.93313428445419433
0.93513840889960431
0.9383547467467831
0.93840678996518812
0.93532034769033812
0.939364833332759
0.93785202089455977
0.93732187803252587
0.93792347612112725
0.93569971399659113
0.93788864100604918
0.93848682653839743
0.94379985751556073
0.94029434786133081
0.94267490771587903
0.93628636506599316
0.93316529585412955
0.93366611879221884
0.93966652898777114
0.94061733312301343
0.94096822205132202
0.93800255346420891
0.93882184611645536
0.93371898297577827
0.94156733801549353
0.93899967467006473
0.93669886650024037
0.93973863260582147
0.93329780759489511
0.93878930929941695
0.9403822310432427
0.94046204336393935
0.93356553310705859
0.9405984589749562
0.93858504046465652
0.94002661181156721
0.92743963804649265
0.93356496786495979
0.94319206481422346
0.93577498500283141
0.94100933723724678
0.92836136539507241
0.93476533919324623
0.94121379192968524
0.94457366094894901
0.93834255160612978
0.94173212046558086
0.94147400895961131
0.94043301340008001
0.92986651625387329
0.93362152068685789
0.93919915708183421
0.94269022514244727
0.9324252770227226
0.93274358706461979
0.93427060189354394
0.93161104615367551
0.93800193699752421
0.93568085395923806
0.93559966821366913
0.93144532234532551
0.92949142518019456
0.93180735711252594
0.93976571847204093
0.93598583410275182
0.93460090137980312
0.93271036986163458
0.94384273159438659
0.93549808335892093
0.93532980602969495
0.94183125137791146
0.93925683680239536
0.93074402325033945
0.9333375376296682
0.93764842285534811
0.93415736263115701
0.93410023532722675
0.93825818279322259
0.93870909534934854
0.94062828295541612
0.93443927541576111
0.93718438589567665
0.93934513533743169
0.94217419977886807
0.94210505568777392
0.94629051687318355
0.93728762053913628
0.94180580626606447
0.93692773931413709
0.93813715019583066
0.94111852133258767
0.94028616388119191
0.93793349393844594
0.93992398555595591
0.94350438130518888
0.94171302921858235
0.93379127025704289
0.93315504497473944
0.93546816699595192
0.93770818988780236
0.93399997230354048
0.93421144894102848
0.94199456690614991
0.94095976055477593
0.93730291961774559
0.93855657875936227
0.93958714291744183
0.93950426138238607
0.93896430665410968
0.93603001980790834
0.94084539417267565
0.92363814350150075
0.9380237951427699
0.94577047255693869
0.9398420325478537
0.93780770250496281
0.93803871062392885
0.93450208359764753
0.94064292489334356
0.93898562972666622
0.93756256308409203
0.9423708082189397
0.94016864942901701
0.93504692269314871
0.93636398305850632
0.93927286480899608
0.93611626793460812
0.93686109552584129
0.93799754197323859
0.93722484902545633
0.9335305362300631
0.93052318281805346
0.93403731935232037
0.94211963218210437
0.94119088743176782
0.92904461528939697
0.93392514814520777

