0.93367017196875401
0.92839877581841135
0.9376866529078679
0.93647281584154007
0.92807003820214473
0.9337542016200101
0.93838271911364279
0.93445700558330247
0.93543701602006846
0.93445526242565846
0.93570659603005213
0.9370739713741939
0.94023134654327389
0.93266734897416614
0.94033696568573732
0.9383973929446251
0.94223859002310728
0.93346935283338384
0.9306370094556754
0.93256659559693011
0.93870065530083435
0.93914508533086372
0.93513293368132944
0.93672200217067625
0.93639518781533793
0.93769911962759467
0.94127437987684659
0.93608984919834726
0.93746100462296666
0.94152371062885332
0.92984176125768769
0.93535695621318338
0.93761627658944979
0.93753823176916817
0.93531348835773753
0.93763351387074956
0.93379822903553966
0.93936026032552566
0.93355707799944898
0.93857456829753738
0.93510075566360162
0.9411177444287635
0.93586953480016433
0.94434633715825655
0.93815164974329956
0.94495483484566578
0.93652664227059779
0.92720003600543854
0.93931074392169278
0.93629077369182612
0.9358639217009318
0.94400399756045972
0.9291557307470637
0.93355638750952807
0.93873240136269998
0.93330180679044805
0.94038976432707488
0.92827556878573991
0.94009111976381032
0.94346504372030882
0.93775253700202332
0.93844969450654381
0.9384351459928445
0.94010180121674736
0.94121042768508267
0.94158864294729039
0.94082819347418534
0.9449008710193374
0.93790257286871515
0.93638550268753051
0.93903999308548936
0.93347732963128749
0.92887046380669847
0.92786035732585459
0.93917211389137967
0.94061538700749359
0.93339517425322649
0.92436806698067919
0.9404485825332255
0.93587121635437853
0.93985101634917134
0.9253051359807386
0.93431228976739467
0.93525179241960066
0.93769832338948889
0.94231911057260098
0.93795078009562083
0.93866098435507295
0.93721401780582658
0.93320507981008649
0.93345379577554299
0.93456098226179529
0.93576149032373002
0.93776432680768129
0.93973617991369318
0.9305945162260858
0.93255648910295519
0.93643510770033678
0.94105757710594695
0.93834005787037134
0.93790278511873115
0.93591629121233599
0.93305926989852184
0.93750913790125812
0.93465338491253647
0.9424028556561217
0.93402896376943567
0.9377513802964984
0.93688049308978394
0.94102222186459039
0.93951033026794994
0.93577868304245981
0.9367970749188067
0.93356623045375486
0.94014053428078814
0.93184383939379367
0.94396172152284918
0.94103099099082921
0.93784347600870133
0.93221664392102566
0.94272242935648698
0.94552348777797746
0.93824387057853809
0.93925481004786893
0.93610870681176495
0.94061817138360815
0.93722517633783298
0.93478069924437679
0.93754711576163074
0.93975470725892174
0.9351854657807479
0.93942920267767127
0.93764866483981557
0.93873066066474542
0.93962918478771906
0.93752963225080876
0.93825555966784835
0.93821065525086689
0.9424042649803952
0.94152276698881388
0.93485452280738923
0.93969776648355552
0.93919816413461787
0.93752342356133989
0.93829664142087665
0.93653542947798407
0.94052344456636805
0.93031376306336788
0.9376616030252608
0.93772668163919082
0.93811147082876944
0.93841785809003286
0.93081298084246189
0.93379607172943546
0.93589864896794239
0.93443559798173847
0.94051529648032461
0.94240004889234852
0.93689320890406269
0.93987901064011337
0.94045191295015618
0.93479279322596098
0.94119760849371947
0.93563153244623354
0.93419117937928309
0.9397406972113761
0.93975946304304636
0.93846755649982994
0.93700956133015134
0.93476094438873525
0.93413056255034888
0.93708879786836186
0.93886381333178492
0.94233284741719781
0.93614070632460433
0.94496120026487906
0.93521877137982257
0.93729067453503112
0.93602897636493965
0.93430464075695407
0.93199929909869361
0.93913213339664225
0.93740056999159671
0.93803517570253148
0.93850758974712789
0.93921269425921583
0.93731262278135818
0.93993824876279752
0.93379198427426457
0.94010309375174739
0.9318895224985706
0.93409869896354281
0.94384959927287859
0.93618246908165736
0.9321295380711766
0.94086119137885005
0.9455001368858128
0.93594296850701442
0.93293132570849691
0.93450314879301177
0.93639792619569007
0.94200762702457996

