0.93656949549358659
0.94072761728033383
0.93979308778321013
0.93832565373363885
0.93138412301764717
0.93922502537035391
0.93367665931004984
0.9388808669051133
0.93701678136019795
0.93321654032212764
0.93840413716212823
0.93261302824374082
0.93154269208356233
0.93368771139583517
0.94485001502613553
0.93606297330437804
0.9344169923561888
0.93699918671507487
0.93281005610465217
0.93672717429318997
0.93037243828917693
0.93971285929542647
0.94280483502404877
0.93125268618656853
0.93311054239403113
0.93744733976758443
0.93397118974064741
0.92987243165073363
0.93407944691387224
0.93970739468285847
0.93795039965003113
0.94027277783264973
0.93392266974512916
0.93600196972154948
0.93511075303559898
0.9343068300781352
0.93538826183989421
0.94103102086800017
0.94002510521482852
0.93906097021162849
0.92923044514832309
0.94186100496087077
0.93175251087782762
0.93243059709707943
0.9351466288716912
0.94176915077502898
0.93670296663447516
0.93826044800249886
0.93933363044249352
0.93955120524674518
0.93188435117771351
0.93960559000252164
0.93303810355346517
0.93478520960083356
0.93792545513696846
0.93388250661408811
0.93985197316796443
0.93940079199711279
0.93547691440355429
0.93457579844662408
0.93812446245422831
0.93446937888037829
0.93711920454936137
0.93412320411211647
0.93692484118095709
0.93134274636871417
0.9345892812912876
0.93522630028317788
0.93988431363863323
0.94198068946702374
0.93905713726649431
0.93616272454120197
0.94026116685537164
0.93579578085374571
0.94157058489347467
0.93672838313805173
0.94322372541553412
0.93928262895088821
0.92953611519638413
0.93567877866737847
0.93932566097886883
0.93729212318388977
0.93605203101391166
0.93585272424120514
0.9407734089552211
0.9383712080020844
0.94082241053902538
0.93764174192575112
0.93821084971271618
0.93866190182622877
0.92972886701626689
0.94236618198098021
0.93531200900060185
0.93949068060931817
0.93225487448073374
0.93344508554602712
0.92942683011811733
0.93473312628619298
0.94162573799246019
0.93911119822378319
0.93485781496570242
0.92941569457876994
0.93360938655345249
0.93017457450096319
0.93434940756742524
0.93221953825084058
0.93275181947081465
0.93401767238666067
0.93779639012877392
0.94388685042860299
0.94296739515038885
0.93267920658372638
0.92593665910222778
0.93291622251141926
0.93620166835760077
0.9259649775729738
0.92284795673808107
0.92177982272711612
0.9378346314642162
0.94241556747133925
0.937444004881263
0.93572568790439614
0.94526290183874462
0.93994257961989514
0.92915240090041307
0.93040219433350135
0.93573440973458977
0.94077197639222243
0.93719418332982407
0.93287149388731438
0.9360053197519298
0.93913361792996053
0.941684617405388
0.94145151501763569
0.93401044786649445
0.93576666458679514
0.93983212588271481
0.9367624784351265
0.94148021411542782
0.93944461631749332
0.93037504286150752
0.93772069326479612
0.94221365781512834
0.92862244957631224
0.93853412082156662
0.93838846468363357
0.93469620668103948
0.93796154733499137
0.94168221142235209
0.9447496793168253
0.9414686517135159
0.9351398709279799
0.9424188688002394
0.92630008924588758
0.92105408698897617
0.93713766666116782
0.94100553798694642
0.94151767576599343
0.93548638237978943
0.94178581723254273
0.93911850892884385
0.93674271590904412
0.93399835218785454
0.93608465038844524
0.94121301916855571
0.94126659723979966
0.94289603370140262
0.93333830479447488
0.93635543107128394
0.93702297413195568
0.94131896622176237
0.94296231826420285
0.9385148626754346
0.93727064643590996
0.94002740213921143
0.93693933721770251
0.93684613007056883
0.93705872028823189
0.93641701939282196
0.93089289503087669
0.93198513497409985
0.93886625233891285
0.93623258581919089
0.94200093593899925
0.93633678380723029
0.9362066200306749
0.93674919116075883
0.94291142441443332
0.93252869527370952
0.94160863325464694
0.9397122668060458
0.94069285104518963
0.94000590212299606
0.94043957605783235
0.93921121633771454
0.93742234235366451
0.93335625375366471
0.94443087876123366
0.93848763749216069
0.94280320142244123
0.93949468013082094
0.93745902095503464

