0.91180231781730225
0.89755668448405557
0.89420731654054564
0.90656425845789379
0.90528006391370264
0.90813521559196264
0.90637544068457276
0.91157183934117292
0.90158116893933726
0.90748598728816277
0.90605628075722799
0.91412488614529963
0.91131030639665311
0.91230395212241755
0.90367738952007248
0.90726037132562642
0.91024088260743841
0.90399832000152425
0.90828933207092533
0.91279040514957421
0.90935978838037268
0.90752211436937524
0.90935848559134524
0.90674324882608737
0.91063161362392608
0.90415460546486537
0.90777576040507169
0.91081415710024582
0.91096065710026908
0.90047386539962349
0.90835969173331499
0.90876622352413705
0.90416168739284808
0.90636061461656936
0.90502818765494597
0.91124298084681921
0.90923282113238191
0.90606267805643037
0.89890368877862747
0.90730509941077675
0.90621558938883151
0.90574148901720586
0.90391703415424407
0.90027697493198167
0.9064667088006052
0.91058640347012409
0.89912730033370458
0.90162780908004225
0.90295918856753976
0.9068183964240224
0.90563355740700102
0.90550776626355789
0.90645258288215225
0.90952118129473125
0.91100113638911506
0.91087355497835698
0.90829647733369856
0.90611900556485858
0.90975108327208309
0.90872479195554634
0.90892751085033618
0.90819791448455156
0.90701501489183067
0.91115792319306055
0.90717977220385848
0.90131565341445863
0.90214051911099991
0.89916681156804701
0.9073771001954708
0.91247260744625769
0.91178821887677763
0.90655392919111566
0.90202314814617657
0.90661461176152647
0.89822890881907913
0.90535162050657736
0.8984702724040966
0.89804148887798341
0.91074590768359642
0.89770697830724611
0.90890081801714784
0.90787502252109686
0.89895594680031432
0.91091588895469899
0.90387602038689918
0.89665512403060033
0.89457423440008255
0.90931845069283479
0.91049938395176633
0.90935042917534814
0.90887293980989703
0.91041350542836474
0.90041306916746033
0.90604436530431243
0.90874594572097189
0.90472952054349998
0.91128225125813511
0.91152547178771959
0.90349125986200507
0.90621865374392985
0.9107843514245787
0.90382664440930716
0.90573290456478195
0.90132447921541292
0.89880847923483564
0.91196942765648814
0.90871701684206774
0.90422199984123419
0.9038712435039411
0.90753381800066557
0.90463131568999622
0.90458969694353175
0.90639495552423466
0.90892630287640619
0.90636629081775688
0.90970531177874381
0.90541887460851633
0.90670107803872479
0.90381847414805172
0.90952640835726095
0.90578764506417164
0.91177726587203367
0.91119824012741635
0.9077289856814601
0.90646232636003665
0.90590853672816762
0.91241770721768034
0.91003944048655294
0.90759637276450922
0.90565555672427334
0.90999525490929967
0.91303880143035832
0.90764288093134493
0.90281773665180243
0.90264993539019989
0.91103389913197852
0.90632356917717782
0.90637480385337199
0.91064130112588915
0.91031555769338723
0.90797072046674809
0.90041405273545727
0.90856476941422892
0.90295831780443647
0.90618418622454766
0.90815348295054332
0.91096991317908416
0.90506673234498913
0.90160966916919061
0.90013429731652861
0.90203180329530852
0.90844427020920293
0.90671015077667627
0.91075094082367414
0.91001528934019438
0.90811008133805249
0.90969451653533595
0.90675090777940193
0.90956899824442417
0.90679741103241829
0.91344141594065109
0.90497995568826817
0.91016209167832074
0.91226598306561268
0.90433545669951165
0.90530229897347703
0.91026210820544795
0.90631673400840274
0.91114932662691739
0.9116219572440476
0.90472862065710913
0.90139051950603588
0.90282030251782108
0.91077572400493079
0.91060091667850218
0.90567514817344263
0.90969908160794144
0.91297762392173909
0.90743083163229488
0.89880481558385472
0.89993601635613563
0.9041285429458501
0.90594885647648571
0.90833352071651186
0.90617748723894986
0.9053000936790534
0.90560053541559682
0.90981295550283747
0.90017578233462925
0.90842872858293344
0.90478461601356852
0.90609203282159889
0.90531313512235778
0.90923753333507129
0.90615101881527349
0.90924522522219786
0.90846459621965125
0.90488905680894816
0.90710426659895771
0.91033321592208827
0.9054009347926204
0.90859524496978661

