0.912908220036593
0.90919223373709135
0.91248507959189051
0.90557492021949049
0.90708358519824506
0.90526303445719936
0.90674584990720064
0.90855178560805305
0.9078259757843985
0.91066842181629004
0.9085234218322189
0.90632261784890344
0.90594790194952068
0.90494558545078696
0.9102630163685923
0.90906710430757964
0.90709904129075436
0.90557978121537219
0.91105684952932731
0.90727485459999457
0.91148753843100783
0.90921068712492914
0.90943622314326011
0.90661545277522493
0.90688591809051289
0.91076946805751924
0.91063962691502054
0.90615260646770512
0.91020794838279639
0.9045771941553663
0.91228349135061149
0.9062961156046988
0.90640757680241935
0.90235097390637631
0.907487134080316
0.90736436951610677
0.91182083500533073
0.91035718404447008
0.90735655612343113
0.90571938842612532
0.90680536169895143
0.90725578718530453
0.90513368840358044
0.90785910984061102
0.89542931397593462
0.90485129870897552
0.90273546900706148
0.90484937356387818
0.9006987480640849
0.90033471147890098
0.9095509928306531
0.89833426929159321
0.90352408626065617
0.9044811306736581
0.9059599624242658
0.90789274976187151
0.90774953366000311
0.90052080591023598
0.90820351976167113
0.89812130948211122
0.90913528894229423
0.91099002556830611
0.90767577520474263
0.90575977062765733
0.89940756173699077
0.90287423604906458
0.9007614324744575
0.90832802232017351
0.90093584313482888
0.9035406411001512
0.9101590352873975
0.90993191296792275
0.91041891498945537
0.90768239705154741
0.90992890823284334
0.90014382812925575
0.90638164820390621
0.91045510026892773
0.91114944428036415
0.90468005486314462
0.90539840252765436
0.90451645027579619
0.89682902643878937
0.91060001920474343
0.90465954366025869
0.90408698719244485
0.907104995382365
0.89867677132778379
0.90532770750851987
0.90624580740782767
0.91276129205775891
0.91605954036081205
0.90917950424294414
0.90650876506701727
0.90603736669590251
0.90434357269444277
0.91446281898138559
0.90709988380342244
0.90118055147240095
0.90894112717234543
0.90945267008369957
0.90682819308457285
0.90649767996163644
0.90716882400413135
0.90697110145108317
0.90899349770266658
0.90677387032085
0.90681388015748776
0.90386838987224305
0.90684918451341068
0.90385482154972074
0.91346836618908145
0.90642888392330379
0.90744150333917772
0.90661053644521827
0.91069430524528117
0.90654228081010968
0.90390420081306999
0.90050122719109849
0.90722946473558908
0.90344386809753252
0.90065376006757847
0.91073094079012518
0.90571907342954705
0.9012818716383928
0.89931703017067965
0.90665506851798672
0.90486792229255075
0.90748263963880649
0.90409520811933231
0.90051900730298007
0.91382371509230265
0.90332772885536328
0.90148357331969009
0.91179783359759348
0.90643706650321565
0.91048519720097609
0.91169484816855373
0.9095265789202357
0.90797374456050761
0.90739186045755527
0.90757897896538364
0.90305061444018986
0.91184619592212157
0.9133439223884291
0.90970851683753862
0.90553531543322541
0.91225956934616237
0.90788540294893105
0.90352801568388041
0.90274386907620674
0.90618830025059671
0.91347793839012925
0.90922368563699096
0.90074404714536638
0.90653452979636051
0.90816025867015393
0.90523159918802787
0.91176236599894855
0.90646550513660551
0.91199038629074092
0.9067738812315268
0.91100301014857965
0.8977939369993394
0.90558235397623987
0.9085689305896798
0.90783534986455094
0.90797999062269075
0.901667481372741
0.90797531521677444
0.90265472237457445
0.90662856543944692
0.90062192530384544
0.90292508245091085
0.90367654047925916
0.90465185249520419
0.90750832882335208
0.90682498481767271
0.90646556738134976
0.91522959457948638
0.90155404865179845
0.9054526279187004
0.90677383525311306
0.89887265017599893
0.90899449897059359
0.89703083771934344
0.90429832047470782
0.90760651042525708
0.89827102561493755
0.91076870300388701
0.89989390230169308
0.91337464664365975
0.90588919585470429
0.90485136098151686
0.90526538900068654
0.9094249084770093
0.90730607040835776
0.91139607586460591
0.90999509364382136
0.9085380868433609
0.90349653342129221
0.90507178406844324

