0.90555443173880334
0.90642787371869704
0.90256014584106148
0.91106292716048809
0.9091907930528087
0.90246157018147655
0.90678614182639261
0.90688438186227494
0.90771032223746351
0.9067810672234855
0.90761141113592858
0.90631650853736545
0.9039598389869179
0.90522896106188622
0.90690608884340707
0.90742765868120134
0.901186397366323
0.90888173037451203
0.90583232769313804
0.90827796886021461
0.90759324301795397
0.90769863274612628
0.90355096856334705
0.90989189311587604
0.9041251173235948
0.90257745096040665
0.9105961815564988
0.90131568387659933
0.90945131045679339
0.90564825712958974
0.90525625510410601
0.90455565170235575
0.90460201248427963
0.90249320618947781
0.89497334501125714
0.91044620437458046
0.90807798122558514
0.9060454296419348
0.90753583836505847
0.90811304327264164
0.90526006344462773
0.90791021934957139
0.90323251931152071
0.90487809492469706
0.90694550980911182
0.8932943972337396
0.88654900738937825
0.90778150858143081
0.90946192294360884
0.90896516814658623
0.91022698265553936
0.90795331899517051
0.90622525020572831
0.90305637762177116
0.9001651227659061
0.90696491573847882
0.89955664433914606
0.90976949159939402
0.90412519976287598
0.91210825482320512
0.90956004504397292
0.90862954369978
0.90719511864508906
0.90571790745012715
0.90764515110746835
0.90381552285212785
0.90623369269767096
0.89910240292459975
0.91039749180179075
0.91123946820761648
0.90988627039582237
0.90441906694735796
0.90814332638149919
0.91229331716456197
0.90667879244642857
0.89800331526479826
0.90286969409753592
0.89740609002158145
0.89935316068954185
0.89508644764661449
0.90929355989377059
0.90984228086282481
0.90705990507700862
0.9089840070179529
0.90718719321231922
0.91039794795382645
0.90569585427123955
0.9073946264989885
0.91134098345307635
0.91127944116247872
0.90343237194109072
0.90805606041423459
0.90832757464186187
0.90305690536563266
0.90799822489381099
0.91267524235373254
0.90742407418667548
0.90317805040795707
0.90450419745381749
0.90180698234481194
0.9051902852376239
0.90353913399761532
0.91040132079654235
0.90753178416270797
0.90691418824620051
0.90608547614859247
0.90882828997513421
0.8955028638291832
0.90266664423471121
0.90582549133966617
0.90032259086607058
0.90033265424754805
0.90467227326992949
0.91130208461678375
0.90579320750486714
0.90510039703321121
0.90648151032688562
0.91038226058294713
0.90984530284030818
0.90862148400352993
0.91089198937657867
0.89818521894541292
0.90586019471717316
0.90845827924380051
0.88850602529848888
0.89374263393572551
0.88851510053475413
0.90287552101554025
0.90632996818220968
0.90040791846744572
0.90607523224996034
0.90448493152552067
0.9039747139791372
0.90806749148343258
0.90678887627029903
0.90605417388421083
0.91256892519824395
0.90975370192263094
0.90753490912597545
0.90680912796999447
0.90757673358038526
0.90934583080951825
0.91094855501429328
0.90416375299957841
0.90537877088113761
0.90766438600133892
0.90980398030974596
0.90886559540797207
0.90897682205955543
0.90674513309626403
0.91443325340504811
0.90551820915238379
0.90441523354216569
0.91251987273677904
0.9044949147760154
0.90784294423058043
0.90554345281381454
0.91063839722349826
0.90251568785323799
0.90443554161143991
0.90797091050129319
0.91109435016256246
0.91268060170380461
0.90512038127951
0.90516061124067448
0.90321238166740869
0.90174241682408884
0.90675388715430527
0.90821125857745599
0.90683906045747542
0.90810045435784226
0.907412943099703
0.90303983270549459
0.90377837919174697
0.90755337657672863
0.907792611869362
0.90672973979336469
0.90715350081244406
0.90147861126717732
0.91054752017229557
0.90582322753519573
0.90442317259488281
0.90271047398615933
0.90808327199116357
0.90440402873466641
0.9059833903772837
0.90831164679311316
0.91031487139473832
0.90514135581898592
0.90681701075461096
0.9029450911339636
0.90741287339618248
0.8988924872964662
0.90144398509437906
0.90670573897265616
0.91125419233724292
0.90854451604065356
0.90691079768930438
0.90467071024459589
0.90819253288264901
0.91283667562569415
0.91078823511370954

