0.91316586729899552
0.90675491134932362
0.91017019825337953
0.90331460228027871
0.91218537942556754
0.91005817189079574
0.90783902880528999
0.90124084415903261
0.90232068066729387
0.90265075024789987
0.90083123230372431
0.90203303358188536
0.90953507252414645
0.91345551573879613
0.90536460634778271
0.90372823642363043
0.91076535205580422
0.91065240941812253
0.90725464261582767
0.91077826554898722
0.91170320944581784
0.90952056504945944
0.90892566907205774
0.90713705085652407
0.90234156456169057
0.90757894721471577
0.9061079231094693
0.89809088556658456
0.89985485907130514
0.90441458668211672
0.907104653596712
0.90679148066932735
0.90904038121068609
0.90102509427044142
0.90502465031587831
0.90723615511460021
0.89864561821489164
0.89898276844049718
0.9010571163541109
0.90560839717965691
0.90183078087441371
0.90925196855510215
0.89718527642315815
0.90545695764847289
0.89946967245548815
0.90257505625485113
0.89913195943541102
0.90027447124015703
0.90715008526245589
0.90680275531771593
0.90688863510250339
0.90650312594183458
0.90398606995537401
0.91367645320910607
0.91024746808975465
0.90679524117688459
0.90859149480062695
0.90639595193913602
0.9044626619107029
0.90877319653609157
0.90958882897026194
0.9134856875383327
0.9088934197517865
0.90847176214288194
0.90481567239015137
0.90693345037527306
0.90923131091890996
0.90808558675504647
0.90606210636177575
0.89942510685116817
0.90686179415922274
0.9051522941557204
0.90359532270148746
0.91096355993173683
0.90576813672090284
0.89424424131354463
0.90970955548659782
0.89468503568696478
0.8950909028442845
0.90065595362095285
0.90923771461061154
0.89855230410296261
0.90448335616133568
0.9107994532207031
0.9076948444724704
0.90154878525307669
0.90887153734458304
0.90948007909474426
0.90576583790289467
0.91070352550764277
0.90682862527576391
0.90838078555089352
0.90963762939249582
0.90303878262168047
0.9032638914713419
0.91232946283264027
0.90566417568927826
0.9142376860148308
0.91247325805816748
0.90130703320843408
0.90808429896358733
0.91126839548218874
0.91315382501656506
0.90265213807095179
0.89785127307452339
0.90520902700483108
0.90720088015947986
0.905060780031404
0.9112133723518725
0.90998832834267829
0.90982954343664746
0.91019018144361785
0.91305815069673368
0.90995317097621098
0.90546770389187015
0.90180902332559398
0.90676171739212164
0.90881238323147573
0.91123619793658817
0.90990578761923935
0.91464222509723603
0.90748768441913508
0.90949041297632349
0.90958305695240071
0.90978197980752429
0.90875432651331556
0.9110234684328099
0.90149797983849178
0.90864662128418583
0.89692482651143945
0.9087753889937471
0.90626084184502531
0.90647368149639862
0.89882286484767338
0.89905313269669707
0.89882715543759462
0.89682540326973104
0.90446161425545657
0.89326665385621717
0.89001279835138258
0.90046733326062556
0.90452890945686271
0.90923426570179311
0.91144150771000843
0.90419449215718617
0.91330083488596925
0.91072404012115105
0.91083133197963606
0.90594277392529043
0.90819583952559402
0.90675180243595443
0.90526636685919848
0.90213351648904083
0.90014084479185053
0.89753236025132854
0.91130337359072566
0.9138080891393302
0.90756344960964119
0.90708259742273745
0.91158469230318595
0.90505602800873486
0.90769052276653128
0.91009080956478872
0.90390917434757978
0.91073281134905848
0.90711417894388069
0.90144168809234104
0.89795475079995546
0.90082039306969364
0.90311351194546241
0.90300115361821864
0.90939697134609498
0.90911637713406745
0.90575249594081919
0.903268835805904
0.9062875469583187
0.90212824533363623
0.91152871495119991
0.90377777650542146
0.90867818749901952
0.90533009599885006
0.91432677433818976
0.8998767894384565
0.90593279480157263
0.90253815269805526
0.90743731909208636
0.91069238243272188
0.90323466517276141
0.90139471027493157
0.90770010889865671
0.90371108453517146
0.9104014800972936
0.91119837972455642
0.90898419249497997
0.89991455597045911
0.90468123287448865
0.90886021624248026
0.90965725061560421
0.90788242804144448
0.90374974011215115
0.90996509719866681
0.91034935749211698

