0.93591071857636343
0.94195635118838572
0.93432098705573019
0.93314814353216857
0.93534775218524824
0.94081582530857288
0.93467751760715445
0.93410136306764946
0.9330933451139517
0.93689470841373834
0.9255111710958206
0.93055121214627101
0.93115088007909985
0.93775923953956153
0.93737571037635592
0.93099786237576831
0.93503682907178931
0.93832939954312222
0.93568441830613369
0.92720436163646958
0.93571392509777163
0.93572118152615857
0.93627102945203555
0.93441348557792514
0.93463048945851024
0.93773631672075464
0.9387729522889684
0.93462798323077823
0.92908561895876773
0.9404739629945954
0.93018592636026287
0.93773938303129634
0.92859581770517929
0.9316775799340149
0.93577197145957702
0.93825192537456503
0.93596141805683108
0.93275813907233751
0.94186148372427514
0.93243415000296481
0.93399629863154077
0.93211589184519739
0.93320155360086443
0.93045120063840825
0.93424978939181869
0.93397524595552261
0.9331489854329853
0.94112924626469263
0.93805942516833851
0.93883242837327685
0.93300836519683772
0.93264364868734195
0.93800612017428131
0.93329091955302979
0.92995199492245084
0.93876387131903982
0.92801495499597031
0.93980419936888138
0.92742080102335411
0.93350909917765823
0.93350656042125679
0.93328080138441794
0.93095990113640759
0.92399844698235123
0.93591713422626888
0.93220196920420884
0.93315209899668927
0.92971307964712613
0.92463260336958675
0.92963422409771057
0.93313986679248062
0.9358654303892584
0.93800738536326456
0.93615618732829109
0.93815676365285283
0.9339467962348641
0.93980510917323856
0.94069556382941666
0.92518280094082206
0.92462512022538901
0.93665494313381115
0.93807626700808688
0.94147519008108815
0.93895576422547944
0.93131897844076617
0.92549774836249821
0.93148187293138895
0.9316199337201152
0.93787239186946103
0.92886929251155592
0.93008560468928658
0.92985704730235474
0.93594077802728448
0.93346885398117052
0.9308650278812296
0.93305262391208943
0.93758850095200907
0.93359992918266443
0.93800684171099347
0.93174532981398472
0.9338202020250983
0.94007489176105719
0.93890880546852107
0.93671560935935105
0.93555796258774837
0.9321452385992236
0.93356732990970825
0.93148611814234095
0.93712269624972999
0.9356176701654455
0.93692745831832247
0.93878204547255162
0.93558971149521508
0.93321151798347901
0.92881595741012546
0.93498864386735403
0.93370627082815827
0.93510511523901296
0.93396185605405857
0.93577605717783408
0.93453064346917647
0.92887791307689194
0.9314684810943209
0.93513236512972941
0.93400784178640628
0.93343932462339008
0.93381842297097328
0.92740368249449778
0.93803226706882992
0.93591387854644925
0.92424532354243749
0.93264117889371179
0.92677292123085053
0.93799213682290328
0.93467450265018781
0.92807117138631368
0.93659864509951385
0.93216514291627306
0.93114285128324548
0.93364410100907091
0.9381575613774088
0.9307515797412933
0.93923321736550802
0.93320209890013395
0.93272446580830959
0.93030572884910101
0.92708034198621758
0.9384928876833436
0.93128733850644485
0.92868696464049216
0.93368774846482605
0.93100876159118895
0.93558911073216222
0.93578095214976209
0.93296399548726738
0.93500277508339491
0.93637379080572536
0.92895663139224405
0.92884587498411919
0.93538609184166188
0.93443355863885869
0.93316411401101795
0.9349248911991096
0.93393467424013521
0.93608504881594046
0.9393529716368304
0.93959864517823333
0.93709104806036214
0.93562961627219909
0.93020548128251557
0.92916852331474209
0.93264110346823748
0.92869880117934289
0.92525464611360442
0.93098318518359624
0.9280774843263071
0.93871823464589299
0.93961766964304927
0.93713200417962939
0.93350762808546928
0.93745833488618857
0.92997298688224739
0.93296126899433141
0.93750642012676999
0.93492560267073277
0.92876697344911241
0.93366005779735439
0.93161235517039609
0.93680177823644217
0.9258663372410062
0.9323729417015082
0.92605232456009534
0.93570825626663767
0.92957739001075868
0.93579188056817408
0.92887010275092952
0.93499641052210769
0.93513037364125884
0.93513829129865578
0.93609591715238438
0.93912056477024441
0.93958601451529344

