0.93465923006495633
0.93803064712765116
0.92619620338837361
0.93456430694433579
0.93523069247142576
0.93370913114336618
0.93799028000891671
0.93630815207070328
0.93386965299107727
0.93599840864753836
0.93896292876255927
0.93998301994344025
0.93285968703035227
0.93989374679879789
0.93393435095577282
0.93348098106459543
0.93272038161438775
0.93593833272135041
0.92751138547269085
0.93560208021272018
0.92616267206945635
0.91785756633592663
0.93454572588353335
0.92912788628026766
0.93129912376203572
0.9330966715312613
0.93216706626766233
0.93232960647590879
0.93032406592620542
0.93071755166366865
0.93300443302619007
0.93530658755290874
0.93689948249289534
0.9327759969681505
0.93483438934449059
0.93594992399419663
0.93660164045032612
0.92452456600951138
0.92886940738972834
0.93587174302805054
0.93078188909711612
0.93367821471037482
0.93529552753694045
0.93197565751931455
0.93158501995183862
0.93649830246523535
0.93779066636306663
0.93410085214510141
0.93540560312406495
0.93359462091570689
0.93418315091788673
0.9314109768237564
0.91988629447231529
0.9331667122795313
0.93086954733972449
0.93197074188861939
0.93631430734741883
0.93173706643920162
0.93663043633021281
0.93755496259985205
0.9342128057187189
0.93474213401713235
0.9367024832743458
0.93911979458670591
0.93193477809220904
0.93625095924368806
0.92987576289069152
0.93178046308976092
0.93129367207184177
0.93018851368819355
0.93567984120570102
0.93430936340791471
0.9302808241749897
0.93419602726415718
0.93917548708640253
0.93057835705980207
0.93487969029140294
0.93386966106637748
0.94128566913884704
0.93732049911170723
0.93854098296320521
0.92988326000419308
0.93306658296761058
0.94124862736239567
0.92549545239649589
0.93895024330370502
0.93285264055575767
0.93588746414164914
0.93498766919059584
0.92806750392876702
0.93499094003348782
0.93619197112131491
0.9355619693200613
0.93242099439086523
0.93676421263454746
0.92176796490070334
0.93715149485767324
0.93508011919943412
0.92704916816712901
0.93482211510653124
0.91813272183609507
0.92787532788596128
0.93702405405286104
0.93554257044470168
0.92770676555808773
0.93780118901652032
0.93475559395368168
0.9260801149817639
0.93506123923448881
0.9358005697552042
0.9396588164870836
0.93540366520770324
0.92980038503709217
0.92965757878842969
0.93430816005454187
0.93941641538726506
0.93463430802754766
0.93285551231706121
0.93367566438077143
0.93629323359541583
0.9372020632413065
0.92945300667442887
0.94166742366821321
0.93463595320931092
0.93752799156011979
0.92976921263405699
0.93253104497697026
0.93139048725139983
0.93470985664195916
0.93178352786699015
0.93237140497523796
0.93604667839275546
0.93186138779494398
0.9305771618030978
0.92970081878833621
0.93178849030880462
0.93207757103740951
0.93437125460129045
0.93635377413529863
0.93322888334419152
0.93267912391752228
0.93411406084357052
0.93547192471387108
0.9338284239314838
0.93382457963139465
0.93568144445759271
0.92313077248680109
0.93665712294736447
0.93860467274074166
0.93631095009563725
0.92916751520684393
0.93803133657411586
0.93521170818023946
0.93571064428650763
0.93680677121207612
0.93810605461853636
0.93171636458923213
0.9317406225425573
0.93150133141304026
0.93190530245792724
0.93587961211027371
0.93393352313616329
0.93358676835957177
0.93472491246123413
0.93936138191096485
0.93048097547102182
0.93228575332232466
0.92724172268124894
0.93501982970209163
0.93228982266766314
0.92333227389429762
0.93783156156665437
0.93488972226142042
0.93801618527601438
0.92961068096318022
0.9333065074176935
0.93826467941142033
0.93797900043416227
0.93327145200662787
0.92937952575769245
0.93551730766601593
0.92864504744307952
0.93463755083326305
0.93142737079047777
0.93684532373636098
0.92858100623020579
0.93471914410200496
0.93126429501199959
0.93685512914284685
0.91907860520318507
0.93114141424480612
0.91968375375267686
0.92244768197347782
0.92685121333440523
0.93815947229035479
0.93537228925981708
0.93451374312521318
0.93182577657607168
0.93542896504179796
0.92779659823416549
0.9283668829864814
0.93611424814196909

