0.8281523407123641
0.81519865974917605
0.8172750026121095
0.81001819153171339
0.81417356571909005
0.82964800558627538
0.81508992762678478
0.82115420305654463
0.82264473761047197
0.82573916725079644
0.8233280217959873
0.81432411195018339
0.82507083984070639
0.80919875309431644
0.82574507924517082
0.81843908592514669
0.81817772740597661
0.82549449013957632
0.82709429826573011
0.82174759558649246
0.82600022453990574
0.82723292777924828
0.82591548976713192
0.82843254175653747
0.82938660665110775
0.82149123730324514
0.83230689426761639
0.82886608094602765
0.8286850020656823
0.82838463645602523
0.82552861225437146
0.82686200894728745
0.8222543583186841
0.81566937005059958
0.81916135274825475
0.81855350925217696
0.81818004749905937
0.81876324611187024
0.81833515232207599
0.80745242023256647
0.81906301717826702
0.82572050472261027
0.82637573089907901
0.8231450202803956
0.83816720482144524
0.82599449896407695
0.82371371864324794
0.8106249323367275
0.81318528560875802
0.82068370406672897
0.8266101959147647
0.81818028789078201
0.81436619264402288
0.81689838295966788
0.82046029222266759
0.81729868308699249
0.82298763204487124
0.83238523230837413
0.83341977305401282
0.82544362102728341
0.82763389268420851
0.81728762948912625
0.81870901925678929
0.82466182244586295
0.82729794804783052
0.82311582130691119
0.82140064900885013
0.82652529056858315
0.81840296847577021
0.82370980577972563
0.81547308675966301
0.81927506709697739
0.82134987191833642
0.82560753949083854
0.82298126606590993
0.82313520119189765
0.81455744395724639
0.82400427645406149
0.81861149039017678
0.8217233191350275
0.83332802788718829
0.83044388137832559
0.82788129684584533
0.81413619833589745
0.82259410130451249
0.82269134993487614
0.81855388939397467
0.82967918388320505
0.81939560436106518
0.81055716734245342
0.81072884623798303
0.82542477676671222
0.82631071381485877
0.82431949642729418
0.82267341074740308
0.82152095373456913
0.8368428087398011
0.82450453578383398
0.81691280797042287
0.81997184475102725
0.81220984829403831
0.83011307157424741
0.81827736546576246
0.82206559067096519
0.82196555653340431
0.82870180389674852
0.82060277465429621
0.82160824127359477
0.82304952889005856
0.82690149032106608
0.82696663945011983
0.82371099099190703
0.81022691869439267
0.81893737537077538
0.82266853261546946
0.81743298518030783
0.83626954789088315
0.83114690558850135
0.83048919899089191
0.81861809597905788
0.81930478732456014
0.83082802651827159
0.83102469357367681
0.82139394542630717
0.8088504363989667
0.82415842963231312
0.82739531106758102
0.81802900135978307
0.81324522304049074
0.8170712913512076
0.82129095989983292
0.81649821738786832
0.80386599008368786
0.81395530917212067
0.80538624927712732
0.81021496807862159
0.82048754665722323
0.81993731038065087
0.81373648489451678
0.81919766517071058
0.82069630344352984
0.81737687402990788
0.81722341844403701
0.82321142629967126
0.81489877034638658
0.82347104210860367
0.82240398155023386
0.80910988139063844
0.8097510899164525
0.83234798476004501
0.82433008591182022
0.81261658463331121
0.82229249552042871
0.81934500159145318
0.82175366441739128
0.82195095657536277
0.81886793217105136
0.82751569135751724
0.82707524896421469
0.81586671713233272
0.81679549432396525
0.82770520285413662
0.8198001618043963
0.82124515207824422
0.82746323849607606
0.81281773006132729
0.82182211609169276
0.81763464668810748
0.82025351521090795
0.80834702954373694
0.81791802414737391
0.83143077624809814
0.81448600056956211
0.82630706553269262
0.83179896833939226
0.82706551760017211
0.82297996045321853
0.82518708552542208
0.82443322116880602
0.82928942794854621
0.82097982975133676
0.81977465294453533
0.81837170757563116
0.82420178379698061
0.80798366075719896
0.80840589070512814
0.81342806479604046
0.81004933595257422
0.83050184265854565
0.81707694530913755
0.81709149659679792
0.82256016213649952
0.82564412792659692
0.82094753812102983
0.82373957108514984
0.81505209168849591
0.82217897783719829
0.8222609463774585
0.82103037793523492
0.82638693323281653
0.82139696738734669
0.82007746694846551

