0.81628038876674769
0.82234594303798103
0.82245987748007598
0.80943412502102563
0.82940774350268853
0.82662195542369421
0.81884616715542469
0.82800391825212327
0.81820506906934021
0.82759514500321218
0.81897187720273068
0.81335711409703104
0.81042002714364592
0.82767850956034683
0.81734585205071697
0.82411745188099073
0.81797367161981649
0.8186381014688684
0.81941163901159408
0.82183933457059299
0.82688564297922951
0.82688798855720635
0.82029110248743631
0.817793308252317
0.82153378919216813
0.82243619453724492
0.81661528988743814
0.79463903251259871
0.81328519687716527
0.82519908519752661
0.82755263153164793
0.82574876497703698
0.82252036810639162
0.82185654312500322
0.82044519315365927
0.82506468633665364
0.81603988255520921
0.80596124142909664
0.83192471009666091
0.82360069534727876
0.83083268656443021
0.81971209819463542
0.82468937254162678
0.82166363399110875
0.82741242827509387
0.82056416672453381
0.80910796690196785
0.81659258665059764
0.8074341829714643
0.82353087309895678
0.82658155499613972
0.81140546491405607
0.82146766016634687
0.81314987881948042
0.82257920076334456
0.82793151485750438
0.82201422017717485
0.81909568573265301
0.82054030617763352
0.82614465260889935
0.82326125382017634
0.83356251774915235
0.82462495042166273
0.82131335815621176
0.81185874979051842
0.81039650795610196
0.82770697780257896
0.82760245712954883
0.82371873971110132
0.82239893863803448
0.81265527306575602
0.81734859820612005
0.8290126903173306
0.82670023739771936
0.81892617560102965
0.81828136685285846
0.82514990937120225
0.82599746354980885
0.82053792533549874
0.82782541794566955
0.82694765037670559
0.81098732497291226
0.82155547636370796
0.82381045719381518
0.82065137840106961
0.83279811895114153
0.82356132919571468
0.82478842695467747
0.82289921344867956
0.81972852890408943
0.83683588311483204
0.83003587299080095
0.82583141062576093
0.82221414908918966
0.82998130303731865
0.81542087301395572
0.83024269316391408
0.82711345782833567
0.81654429187406719
0.81394654049887583
0.82920201357529755
0.82912554960355778
0.82054891153998277
0.82446706112926016
0.80489265133065102
0.8171160136204938
0.82722174456500963
0.82677096229195257
0.83232238064819075
0.81792469538685297
0.82151928554795628
0.81875364661392647
0.8284749830002176
0.82265566130558876
0.81988324700961246
0.81228845958564555
0.81516391697092561
0.81534365038352152
0.82042084119822944
0.81401096891510472
0.82960990589133132
0.82379246602964962
0.82419794580530736
0.82087306606748056
0.81368497419517904
0.82198992172913998
0.83326363215532662
0.82505394923222153
0.81406482755851517
0.82757640109083908
0.82830450496483632
0.81909361139105719
0.82477937717726957
0.81437421193017301
0.8229015348566896
0.81551278115149295
0.81433291711929812
0.82298745101914117
0.82212732441142211
0.83168164429527014
0.82220534139951396
0.818894886585951
0.82346872861902065
0.82100439358490185
0.81745219967646965
0.80842913026083074
0.81926183370538941
0.82945466825469261
0.81421680290135789
0.82716851627462196
0.80797078236520947
0.83082192284086098
0.82795421058081564
0.82793820146843589
0.82569509471208102
0.82656705646578543
0.82552450007724232
0.8215754659656993
0.81308150263505663
0.81340366181985158
0.82392416895247222
0.82824124382952535
0.81570945766221448
0.82611080745030074
0.80660206299170423
0.81660387670347012
0.8282781429503745
0.8204288643341614
0.81265409038005754
0.82219244002080993
0.81240092118413454
0.81690329847921994
0.81395728122087763
0.8288649327279799
0.82567766480484117
0.82136541563440912
0.82316125860943845
0.82260682498277193
0.82693720563735285
0.8127932427811273
0.8129894404529332
0.82266097108265557
0.81983425666746368
0.82189907388822603
0.79978888892216071
0.8234872571008115
0.81643941421848709
0.81828362212893369
0.82508809355948054
0.81202622762901089
0.82061215694514977
0.83317542649521881
0.82504789844522886
0.82263017304595243
0.81915746301242831
0.82456138515773247
0.81830114426246092
0.82712463770290767
0.82746207896116875
0.82429318118502559
0.82994989061068858
0.82743554160190202

