0.81670351942594677
0.82315868265116643
0.82920702995888451
0.82014024953100373
0.82719398440446346
0.81935908375517763
0.82265606683765702
0.82113508170325489
0.8106041345193945
0.81966595629203121
0.81412188339247937
0.81476729663263892
0.82908342661920587
0.82317489518517117
0.82532916804881828
0.82108173484954994
0.82072596984398638
0.81499925205880697
0.82240903619288519
0.82083792460137628
0.82910599354339354
0.822547749030211
0.83277616541974386
0.82266681867483404
0.82012620171864459
0.82484000205756247
0.81962841041679202
0.82762213372968985
0.82818502986462672
0.8245288652247198
0.79072457934514717
0.82170948457854853
0.82646765876279338
0.81153814502354704
0.81821295924542425
0.81159788250844289
0.82460604855375963
0.81257734238049206
0.82128663292770843
0.8099400974798201
0.80701660003777864
0.81576967484803964
0.83126503669432827
0.83105469376631536
0.82166329774358804
0.82286100807939822
0.83004246708951301
0.82823457989905458
0.82927161913386216
0.81416831638514231
0.7989973225690854
0.8099157329474822
0.81724315714199169
0.82199343197298713
0.82694165241320028
0.82228684860167067
0.81778755561124372
0.82457721228273928
0.82739059625396716
0.8224972789753604
0.81564178942558918
0.82169745305620545
0.81427784495229627
0.82946739123297697
0.82842509063852954
0.8138396433999141
0.82480983565134236
0.8139962211711268
0.82537356498552605
0.80748159958919319
0.81534691886043242
0.81938657823413008
0.82157667386706545
0.81846834399101021
0.81961754196398517
0.81813383012775531
0.81825720272267277
0.81715550858086916
0.81542247387664557
0.82107583137250106
0.82421401865813426
0.81984146170274252
0.8337290963627082
0.81904116278624028
0.81674540238358284
0.82368338137858133
0.80801025088129541
0.80971428533149081
0.82261483788662526
0.8166679579758519
0.830880785043841
0.82867880125356586
0.82831316719364878
0.82429564160602087
0.82972889358509239
0.82200854325363082
0.81705783524080244
0.82294121196797443
0.81570047289385961
0.82320409268884864
0.82845046141717138
0.82538089715204954
0.82619356386409004
0.816632595711418
0.82868724743984246
0.8284995113251834
0.82259030943297007
0.82457534167253232
0.82188491032608735
0.82128101911089346
0.82284115650204914
0.82412041700342997
0.82587157739011197
0.82461880528229792
0.821073852549836
0.83728277354311709
0.80580751075003321
0.82274543191689009
0.82090045840125214
0.82877605572662816
0.80497931758232322
0.8198555166751057
0.82073877989883826
0.79226433963652154
0.81527478447852331
0.80860665853362457
0.79384790039524766
0.81175400531900832
0.82518322367784902
0.82428937194498475
0.82419120896303333
0.79352179099210407
0.82884148160683568
0.82160845913061265
0.82272782327536687
0.8256447145260658
0.82161102778561101
0.8149979724730585
0.82673588650683516
0.82235912489618801
0.81445776162352412
0.8232861621560803
0.82421331827356614
0.83714750714953312
0.8288927174741102
0.82032288386746066
0.82412967898247202
0.82565843361138413
0.82724984379666977
0.8206604002209229
0.82428414578021292
0.8311461188769923
0.81451658072024147
0.82139180003261525
0.81641046518638194
0.82685935488497309
0.83118259757062762
0.82104843577490227
0.82685123939389349
0.80599278782329609
0.81582497965066869
0.80906094801853823
0.82994717354645342
0.81064261920793623
0.83282997314392271
0.81104161530714847
0.81577695624637325
0.81865328933796799
0.82639027467272597
0.8310491425550165
0.82454823254286302
0.82502549226549371
0.8219888115956544
0.81437518933404507
0.82397347723877945
0.82509299555621518
0.82303190448267349
0.82096586725642018
0.82227604752704919
0.81638000961857149
0.81931673230310575
0.82967114517667417
0.82205203954374839
0.81754935976062115
0.8176897463449283
0.82258409832990842
0.81394870587842949
0.81690822065822855
0.82276298457285013
0.82849267377439018
0.82703494585277204
0.82982558549529051
0.81631367057051374
0.82494723387679381
0.82424864506398243
0.81408255460204004
0.83121076697848428
0.81954735594318173
0.83396529939578179
0.8166403636717211
0.82621998570105804
0.82020267619145604

