0.62030902638714647
0.66154056146172069
0.61896719829625546
0.62969983825249909
0.67129426004637816
0.63447341395307222
0.65291390362110524
0.59318864109071201
0.68885085634990795
0.62693338446140123
0.67456867006517818
0.60630723267750752
0.68591270126705139
0.64013647605995272
0.65277701482194761
0.66489083665292159
0.69008533188735799
0.52912506654571245
0.51806417467699872
0.64441730349187365
0.60491815781523484
0.69944451908900196
0.66167326101895296
0.7114944162807898
0.63502962010101394
0.55631868841430265
0.67274686043667298
0.6760386215033467
0.66900118229737071
0.69466363610004678
0.63590994130088141
0.64751025698972287
0.67796820726468332
0.63592978475664863
0.62559259947684431
0.64071214161531065
0.69645802710594618
0.60459328572837279
0.62645478670875032
0.69668724329893728
0.62796115306567535
0.65972266616166708
0.68713274610201525
0.68208784521678845
0.67405266758226179
0.61742389355463434
0.66201733082962455
0.58296849546436225
0.623427066709762
0.64521370609821316
0.61937863378340452
0.66651254401567328
0.71545403274825414
0.65763852359572494
0.63554745165523319
0.63270774194758728
0.64361215244918468
0.69947860140046003
0.61124706789228833
0.68238915189011962
0.63698880744558339
0.65377659317423131
0.64780642337016159
0.55092071083631
0.64633519371974457
0.61005835908822392
0.66460309569737641
0.66349580106401318
0.64625301328868556
0.54813207072310988
0.61156216233274641
0.62025973773457521
0.53072928485834281
0.59338742591370253
0.58674966984487742
0.62278350337885646
0.68381309068841845
0.69501558795854879
0.66980322273908821
0.67827999180949949
0.67553519037670384
0.60704155556329875
0.67122239591387167
0.60673769272039602
0.69353940038954009
0.67547569106581817
0.62513616935516059
0.67274776098826539
0.69746943187079213
0.64171138182412568
0.70037019071056883
0.66621285907263139
0.69953316481408723
0.64831684164363523
0.67015077279480684
0.66497303892921233
0.65717800713840679
0.66464971747212509
0.67339456727512925
0.6349025544370176
0.60732589715222796
0.6750457654797184
0.61507726550677944
0.61793081111548698
0.66138674409492582
0.65969998347625747
0.66611131032610837
0.67574620038469757
0.65843620348425358
0.62812595113139891
0.65609575036700041
0.61027349519839136
0.70825915354569235
0.63783871294040728
0.64098857588249936
0.67332822779251755
0.67872824179305524
0.69219682826172346
0.67627758298427176
0.62836861921014675
0.63993263050028582
0.6314437806910419
0.68910176229173958
0.64772858513581322
0.65368019531273813
0.68417132055930951
0.61678694177415727
0.65180461090337571
0.69199691330933566
0.66093139054912864
0.6734565281804209
0.61956733943950215
0.64051842304805406
0.62820136424558137
0.71649270920031671
0.7031419867575448
0.54853313743074505
0.64032260675548502
0.62840718368182935
0.66179697641948476
0.69014412348089205
0.6530921075797953
0.6224282798050581
0.6743046336277192
0.64002852836006252
0.67783109823440146
0.61089149663898257
0.69530762139673841
0.63703355722825861
0.63196750840812999
0.62622000817983603
0.67283859779584909
0.70401100751029899
0.69870037234206828
0.6244550319874923
0.67176324596815884
0.67214624076635343
0.59148911182852448
0.65293664304580368
0.67873919087593237
0.68738661674840473
0.60661328203157683
0.64016099119684722
0.62297486798599466
0.58120217364521942
0.54346955674503017
0.6539292770568077
0.62070970739183706
0.62932520398034342
0.64078042166753424
0.66007177212667989
0.69193332424171827
0.69010092251932487
0.654896896219887
0.54685229195746632
0.62549831350570995
0.69913670777381975
0.63401646211452656
0.6662199252761889
0.57027906386225202
0.591807935041332
0.65620200768835202
0.6780527654252505
0.6353482090659166
0.66555766097217928
0.65919685984497578
0.66545684831823193
0.6483455572571033
0.63622719965952124
0.69607078882540974
0.63770119335621878
0.6119548597847253
0.6105588036738826
0.63924722263396982
0.68049227542990354
0.62976060082278229
0.70207920163028303
0.68550496279653483
0.63099657816220711
0.60068978716683341
0.66575342405557025
0.61888237342462249

