0.64275772513430607
0.65964328194587285
0.65380308965167933
0.70899758289376713
0.61180790954158304
0.67681386332175464
0.60076859055915099
0.61483749585829051
0.59236151692322592
0.64254770841001096
0.64546831619106759
0.577547083189074
0.52750722535241623
0.66432519074893082
0.63028297505088693
0.620597356943411
0.6465567037676232
0.66452039579979938
0.70779526111501567
0.56645279680873717
0.63053065454657287
0.65287814166365721
0.6366906484156557
0.59828410037743107
0.59423070562731395
0.6797917800895158
0.61715005001393852
0.6695446697751356
0.65202133261539641
0.66699312644759656
0.57420250079965529
0.68230318996363837
0.64349035468240245
0.67255378687490275
0.65296500512389766
0.66306777094224378
0.69414049929373212
0.66473697426424383
0.68668822257302331
0.66950256550362164
0.6834371100116613
0.60500885815243133
0.66980027340591408
0.6912695820661332
0.69563797621021028
0.66723722306045585
0.66934363849230183
0.65429465917608043
0.6710203004985813
0.62844070538248709
0.68839635726732773
0.64568695444634949
0.68771017402097578
0.70975296760823114
0.69910442524829064
0.66593740800019141
0.56638813115179309
0.67629138993303517
0.52628777994348486
0.65443452746531738
0.60089155077014711
0.58897086546480037
0.61864261867062276
0.60211565977091464
0.60932580580268181
0.64138913346782001
0.65483358684155457
0.53376988680166837
0.62200035987570146
0.65503403091076762
0.56395980083661612
0.62953924831221597
0.56749794867579828
0.66228613438949557
0.60043389697051586
0.67152812318730271
0.67587795545735574
0.6409800325108721
0.62203334677392763
0.60301348195807947
0.6118793555410853
0.61966426342426373
0.59864998560263527
0.62652528326949197
0.61706169202893757
0.64178351489895946
0.67069615736132582
0.63632576119998974
0.65728336312752822
0.61655932571554062
0.5364693547694257
0.66241647481722865
0.59335141185085516
0.6702996115971297
0.65560569729063956
0.61329763019063965
0.59699993247399608
0.67558318058896694
0.61451050655897133
0.63756366475687953
0.61039320716478485
0.58701017685292212
0.5767222110937793
0.65623729490664839
0.56045560632194036
0.62736354244901982
0.61752358378037198
0.62012439130940022
0.62677467494902395
0.61336852233437467
0.58386074530613707
0.71929901692942866
0.67379961176863945
0.63641264702118538
0.59820533817704813
0.64061601432605908
0.57902290431822279
0.59168603542618448
0.63771093056838934
0.61447601010432884
0.61139899567373024
0.65884079295929954
0.65596976495197457
0.6874616509755459
0.71233689751040441
0.70578897798762985
0.62131407852997922
0.68769822998185814
0.7029946736506183
0.66451387879393564
0.63021971019763545
0.68754256796851654
0.61210039306851649
0.67303996593480264
0.65888450806070464
0.68199842887043582
0.69353088495754334
0.64414788150077451
0.66784013397551567
0.62244197868250939
0.64559866167345559
0.64298651124354467
0.68481999455523002
0.61380312324478736
0.69699765315986906
0.6091948589032995
0.6012052464358193
0.70035646658365347
0.61665542598105949
0.65381196816762088
0.59863906826427227
0.63571600004098172
0.73239683545604428
0.63174615942544898
0.67807760666474737
0.62715301049686922
0.62259742145903152
0.70868839328341715
0.62252531875595207
0.59849086867581291
0.67900342829928795
0.64648076754545525
0.65949226927637994
0.6936515590487744
0.66711651990140708
0.64479713912282566
0.70055872817922149
0.69323937770483113
0.63201525161195515
0.63489804355237467
0.65426261382772466
0.55859129018048514
0.68954582622562943
0.552078322547217
0.62477448657069912
0.68658986458651661
0.68096057698510115
0.67901073408477608
0.71728592468761654
0.63683201794463185
0.62831534616038232
0.62959590788850794
0.69028434749779111
0.5969517276187617
0.6191419960535649
0.62823133044015456
0.60515750920086187
0.60014121243424789
0.56605927183149329
0.66432828051699
0.58958119484142157
0.66283356538534111
0.65740834797571224
0.6816213388311112
0.62989820994983658
0.64405719143529327
0.66822180455178615
0.68095272570455223
0.70389474257106421
0.71113432136556287
0.64474504744919781
0.59046189633299906

