0.60536705085469289
0.59149830393233493
0.56489977930202762
0.59828823678595755
0.56960946738587181
0.54864903022284151
0.5717493892021035
0.60733836743971936
0.54705084946553784
0.63077224532820098
0.59116430894768879
0.63229571987748312
0.55883175387466488
0.60305160433702132
0.61971073457830261
0.62911027565416344
0.60593183601486345
0.59973894171659714
0.58865073613732188
0.62499961429698891
0.57043933839241256
0.56210289716528206
0.63766392473363187
0.63040184720159642
0.63179601510436878
0.62462729984461285
0.62733025147502175
0.5990375568202897
0.62952522600872396
0.61668629960276267
0.56406020689841341
0.56174967603975556
0.54405131451378175
0.5207941095587012
0.56559341787823325
0.59076885670407087
0.54487454955237957
0.54289437393571294
0.58981752360364403
0.60178142367914444
0.60633689547825387
0.64178967212775562
0.59539500464770145
0.61580766333563575
0.58979233809054088
0.62097058088321877
0.63662235204729334
0.57916078022784456
0.6079819923939922
0.5589785369739626
0.58928352783997118
0.61115141762330571
0.59851325487235552
0.60837277459421901
0.59565882929616587
0.6070404727097336
0.60038516068754144
0.57808926809354166
0.56498143657495303
0.56652886106765354
0.59081034243334296
0.58176849590703283
0.6186238196254954
0.59178541453806688
0.61094634523019342
0.58030755330198358
0.52627279216814715
0.63650581528538186
0.60552866369347846
0.58884159093570732
0.60933094690479284
0.6313949779733663
0.59022988410893651
0.55282862608517347
0.53831732420416223
0.5963460178896951
0.56421587751380275
0.59494785170810649
0.59053979368513776
0.62230542879737927
0.64429944160858954
0.58452712252554218
0.5620075220095011
0.5875113811273236
0.60644679385189204
0.58363765888280716
0.6089512196615865
0.59980331691915556
0.48804415781174143
0.57858796602107243
0.57092579779249941
0.56809286908772816
0.55895673464750961
0.56490989294567617
0.61160385171674714
0.60828350317679614
0.61507108215868211
0.59100264834797145
0.59751487918847446
0.62929950541142021
0.60307653064198596
0.56840383330612365
0.57578249746123744
0.58963040957994817
0.58634066797532824
0.5891818712796576
0.5756707586664076
0.62145269474979836
0.63621427040762757
0.63199513435534282
0.61249391264000974
0.61532920888962506
0.60137658748444311
0.56134706047296923
0.61793772793268298
0.54471799809215993
0.48990883603822349
0.58759307098370905
0.60963487354866641
0.58564702626050225
0.57350382627268204
0.59337684782844702
0.6177159266060589
0.58905976375760905
0.59303376351604009
0.59475309184126579
0.59571226573017955
0.57013210686272842
0.60966059886639534
0.57907456606459551
0.6078330790272517
0.60383451406976429
0.59728754025871467
0.57906221977206707
0.5302549896367349
0.57628764706086721
0.54614400378287564
0.61247999418280463
0.62125955234549624
0.61748854031010603
0.57977845650120419
0.60228123655771693
0.60468109018930638
0.60391385805092768
0.61272023946973664
0.57665512435494959
0.6156652703952662
0.62191079580377651
0.62351267755319417
0.59520908273977724
0.58178715152009108
0.56239213233577923
0.55139953068259062
0.5733416034363511
0.56926292416133428
0.59630663490284852
0.6121799098857621
0.62434035363668738
0.61497005294851537
0.59015809831045585
0.62657582384962962
0.57149429004397445
0.52899868090871915
0.52203287384194352
0.62981962504103017
0.58272656352077368
0.5636068572323234
0.58643834400931283
0.60528922041016509
0.62853224032071331
0.60285284476067258
0.61344270099331077
0.58987688739951127
0.55500320508928103
0.60582315228591044
0.57252692669787331
0.60928394012252796
0.59185719638149425
0.63312974043431558
0.61393583683594699
0.60429725077811691
0.56915848384764012
0.6375190505275028
0.58429740777237038
0.59219904289838776
0.60959935406355892
0.62573312725883723
0.60513544314847911
0.60191785797932962
0.56592919199990199
0.5969781335718255
0.63950831894993343
0.56377211399049931
0.61402987733745507
0.6214726425114967
0.61863534630560768
0.60537765937439625
0.58286113834869668
0.61162950446961528
0.60217013157056598
0.6187556761087174
0.60252570178364162

