0.56843258500659299
0.63019477993392192
0.5909011753657134
0.61545843308454218
0.61699818395635808
0.59297263225508201
0.58566970801978069
0.56009949018521299
0.61164102812420618
0.63845246922586174
0.60592850249738461
0.60216676602112695
0.60909706788134199
0.61966335115370852
0.57230291731309646
0.6546365550985962
0.58447067202918679
0.61592923108707487
0.60332296339690794
0.60485410562423769
0.59463726910913461
0.61687681724385501
0.58215643128548467
0.55896461027413347
0.61231527654848517
0.61101577591037504
0.59721937423885785
0.60165654920420408
0.58663114918690062
0.56141157260575814
0.53421243166270727
0.5185534375274593
0.567504518022374
0.5700756155543808
0.56230975291611651
0.59854148676022823
0.59313305617286005
0.58079110210697393
0.6293593947129611
0.59085400544660427
0.58338245319140614
0.58256629804824689
0.59994539293760707
0.58470609895506165
0.60449428413432371
0.61975263806579917
0.60587845929948547
0.54468998615111797
0.58961539618328895
0.59475768292208309
0.62139100215244447
0.58742831490096203
0.63932342041201251
0.63861475499748355
0.58056779097994349
0.59712157432691759
0.61251566801341506
0.61521563479968944
0.59357151109375406
0.60965584162501563
0.59946060676459179
0.59440527721038228
0.62520714750215767
0.63576026615844039
0.57113332072708611
0.60577270641178471
0.59358205478696324
0.59180648378424883
0.61824448217407002
0.60933533857316535
0.62055503064982087
0.58852507405192145
0.58296302586558013
0.57739679925787191
0.61708945365893353
0.57710079580924101
0.55515313651034448
0.62426701204524837
0.56369453103248812
0.60347614942229255
0.60235503381884392
0.60116976257027244
0.63069633160521088
0.63011077895611978
0.5851465335611864
0.57206267285305079
0.62577181369281598
0.61532007982238146
0.60539421045004249
0.6399224596849421
0.53732000542459357
0.58403842429844899
0.61173453318264848
0.54553225049010823
0.61217030246422621
0.58055163852356861
0.60688277746580033
0.57208255308791223
0.56605608995646883
0.63003760455040081
0.60772080381360893
0.58302585916176264
0.60814884299219674
0.60881249708386231
0.62376191758454025
0.58901514009041001
0.60845838556930132
0.58927800106451922
0.58926666029498054
0.60714607655333441
0.58011267379839049
0.61520598446452002
0.60667050202672357
0.54355784125006046
0.63597801781637198
0.60620879712844755
0.61230502433330891
0.60256894255329596
0.60694675127827202
0.59345970615460197
0.61763924134465609
0.60732040048633806
0.57506456668330619
0.60049415104207748
0.6094823466800654
0.61975043630867621
0.58195291806717242
0.5927566378121425
0.60784681668687079
0.59275645993004278
0.58629038315247239
0.55432785631951598
0.56115606913170424
0.6052602529883534
0.58052735866299476
0.5681808515744311
0.56122461796158141
0.57663257779561639
0.58525646416200139
0.57573107754052233
0.56184337343940449
0.57808953373907646
0.59423666253007279
0.60055492385694009
0.60219898497021496
0.59933436153391706
0.62051809748332343
0.59065104375099298
0.5610114236545255
0.57106482741083942
0.53816759402360836
0.55390585639721446
0.56332975974590183
0.61982002627471766
0.58751037258809879
0.5887052071458615
0.60963996122343633
0.59824925299765752
0.61101760012101913
0.6116453444874641
0.59965189442616884
0.60630530580043618
0.60919136605394675
0.57285646046804672
0.60424163863607683
0.59163453378253272
0.61358229755483795
0.59996736294052821
0.57032056038273948
0.57804050104127991
0.58123937950594395
0.55826884186633785
0.61744964022387561
0.62503179531636877
0.57931106441712754
0.57093473066216205
0.61914105378941287
0.63132293781636728
0.58238859091420481
0.61687150583186279
0.58259877995645537
0.6124784645587682
0.6011812959574645
0.54779213454811648
0.55995110419039784
0.62048923286923585
0.63257158196292862
0.59755579899903521
0.57993115247912497
0.60390023453584052
0.61747004281766582
0.61499919810265591
0.63434359526762918
0.59760006979674785
0.62196933696158319
0.5615811009335171
0.58699532373291852
0.60189322935264844
0.63332184917250234
0.5868713355881201
0.63272175704830458
0.6043866432485846

