0.58082409061618578
0.61149671987120635
0.58340762946900548
0.62563598621827332
0.61822126969381141
0.63181925197388356
0.57645312050827713
0.53734937045278419
0.58483509596226879
0.60449614891211156
0.56338179520886322
0.61725900316763405
0.58453033742331517
0.57947409107471237
0.58986558845955761
0.59730169189023763
0.5985668987711229
0.65604225456563936
0.57229954964563801
0.62202255992990008
0.62740025184043824
0.57433590609169727
0.58033959288517034
0.59690431868484728
0.60809471758554867
0.55842264808876707
0.57457139064867691
0.5689446885495496
0.56084974104359597
0.54403309213384266
0.61148754971450769
0.61275782688521419
0.62882090720401029
0.59764991731895334
0.6111375724420367
0.61898164783483856
0.62175658234823306
0.56472976220512039
0.58267823108063743
0.5943291490090632
0.59494105305372413
0.58129477477272185
0.60947212345387947
0.57026469121420209
0.60809242292566235
0.60658230079847997
0.58328523539203148
0.59300233177879247
0.61978878547240079
0.61221199569073714
0.59154494266332724
0.59002518486836908
0.61645365128730256
0.6066362783169329
0.63032836907956835
0.6313424286723065
0.60067749474272492
0.60034937075306138
0.62108531040380321
0.57100802956336905
0.55925601395468649
0.63389982273209411
0.61318697919774745
0.55826944590227745
0.61310498074467734
0.57812673379495061
0.60776352932623912
0.60176308488476427
0.58612885742197085
0.56903208179393738
0.6004881440220583
0.61646149407614637
0.59496028033169968
0.58536205810121023
0.62877418599048052
0.57797264480307553
0.58309556811221441
0.57530760576581319
0.61602055689777624
0.56975374140541202
0.59789222052561819
0.60170438390860992
0.63446254006733327
0.58555342281026612
0.59142899685643147
0.60384184636915872
0.56798888990886098
0.6286241916041907
0.62018385392945685
0.57925859110003053
0.60397416751011113
0.626927428442417
0.62837354449868887
0.64461848352056927
0.59154605931188586
0.60669644868129968
0.57079934705063273
0.58381077498614153
0.60730595358750261
0.52560010039429961
0.58758051541935019
0.62658997207624823
0.61249606176835925
0.61886618862459775
0.60620417887905043
0.6048277244131075
0.63021008219516716
0.54047244900211877
0.54983970761515533
0.58275372066953457
0.57028802389508848
0.60216002400307911
0.58238761524417182
0.58969527970506996
0.63421013083808664
0.61696508570897213
0.56638767800724477
0.62588731866395309
0.61435008570597482
0.59872072828491762
0.61713350479550855
0.58943594435131419
0.61164033597138812
0.58329800235992202
0.62412642803941898
0.58147353280202452
0.60096716636057412
0.57528529097334091
0.61175342064269567
0.59946896691296947
0.60417198794068228
0.61317240702125342
0.57895002511388394
0.62567641878611746
0.62522128600825699
0.59612032581719521
0.59460508075006813
0.56194915856615302
0.59072941015869618
0.62199554448447592
0.62986022294430788
0.58202685099525875
0.6007033098618656
0.57073826091033941
0.62912482192781438
0.61628156036537707
0.60769667039076192
0.57129895094670824
0.60490620305122111
0.5824005887203012
0.61953612250158918
0.61590686473105638
0.61956174821116194
0.62581799443879271
0.60659622660151358
0.59905204042290672
0.59390092504821579
0.58965185261369224
0.59571038825436962
0.57038196137709063
0.60751468700813438
0.56713644377985117
0.61111723044883814
0.58205803944980117
0.59189519736299989
0.59040306401561615
0.61942742046143817
0.59003802581587206
0.60685814847493225
0.60482196492685014
0.61716770831339918
0.57973017389184534
0.60937215508204412
0.59254738760978409
0.55389991821788986
0.59746562166960182
0.61800645147015776
0.61719764688980983
0.57176627400385882
0.53044196008148459
0.57772534787701502
0.62583384134087583
0.63165900995395918
0.60660686363460847
0.60316318473963138
0.60586459378466229
0.57675536171096864
0.60121004437783054
0.59337197651916496
0.60038219327769193
0.56560202142264182
0.59236495043082327
0.5784925796704854
0.62049270933452205
0.61316205680402935
0.57490346665910141
0.52745335732293064
0.58005390657637657
0.61098101563290619
0.60045755113413224
0.57100272781727424
0.60141746109187266

