0.98937842022360956
0.9890276829060578
0.9890469246787672
0.98684737573418635
0.98871184234845777
0.98770752512236681
0.98730915247083906
0.98918605213640043
0.98830924596449299
0.98839140663208969
0.98871949125483594
0.98756017990771583
0.98755664251900499
0.98657858066937465
0.98792496062739665
0.9890338409278423
0.98821384225650288
0.98865677439784083
0.98687266820233865
0.98749050854973064
0.98740908561123786
0.98720930145601626
0.98790949495593949
0.98874551784809828
0.98744508984608759
0.9887754354424142
0.98626985473761219
0.98903083039813222
0.98809330095031145
0.9875945199358146
0.98860364608565421
0.98922465333800558
0.9888840797425742
0.98937540375875488
0.98694219471072109
0.98937428181050813
0.98799602430666522
0.98858067984692921
0.98944406575655497
0.98980949474347291
0.98767014995431768
0.98708054670248735
0.98799207699835934
0.98844773625949278
0.98803056605356654
0.98735156078183328
0.9873234358828834
0.98692411534348667
0.98984667359630052
0.98909261717868502
0.98841260599975644
0.98956180560675122
0.98886109863538807
0.98895559464406757
0.98592819338199078
0.98673995294935624
0.98769940040479998
0.98863713846833767
0.98955419342797957
0.98743512315029636
0.98881429183379976
0.98802408566286182
0.98669277580671133
0.98658272928266855
0.98676920324307615
0.98656123455089406
0.98842277273224444
0.98850505976218395
0.98651816440440876
0.98828321396338981
0.98758897004081758
0.98806188302918097
0.98828480672890118
0.98779516145313473
0.98522543577786703
0.98757055431536178
0.98609917060531982
0.98840937531700734
0.98801206319418888
0.9884694914497566
0.98889194253297341
0.98688347693794409
0.98764096674888113
0.98933465793456266
0.98599412229161609
0.98911477511852453
0.98788754797886569
0.98761281751265528
0.9887500046240989
0.98929564559365146
0.98726861280096967
0.98637671155363615
0.98848118058388379
0.9867387027415937
0.98665665135082259
0.98580152790466335
0.9871816762270087
0.98892088773434317
0.98831532132649857
0.98878864216824858
0.98786193323696003
0.98801180495300822
0.98715517170771894
0.98716747754582723
0.98788182602397356
0.98856313233771287
0.98902493337072372
0.98905548447477987
0.98897877743075591
0.98888282170905262
0.98803291972414897
0.98836044902626075
0.9862658544324463
0.98882731036637539
0.98708553742013272
0.9870609641713356
0.98838946179414156
0.98838326680907618
0.98820619282311506
0.98825713463470133
0.98762834325746662
0.98778158555340767
0.98785730351385914
0.98649023577730932
0.98809320378625021
0.98840578345456043
0.98640353549450943
0.98650855266449711
0.98716924657646266
0.98522120330550933
0.98832481802539285
0.98828275706334279
0.98753762365208386
0.98869306901707021
0.98891267507149483
0.98896954789207692
0.98890981583358806
0.98908521832603591
0.98853938558145971
0.98805611741599275
0.98802418131099645
0.9869840017100322
0.98866135039153558
0.98889738905796809
0.9889312657927104
0.98834011302222702
0.98880544623061051
0.98806146977058051
0.98776469769925057
0.98982067632981363
0.98917283805820955
0.98748590557864391
0.98846557398500612
0.98702418375984524
0.98760647609816354
0.98680041007622032
0.98716448039247162
0.98817525434208209
0.9883685913301119
0.98809410345466064
0.98797889538470707
0.98753852764056937
0.98832118844198558
0.98836548999831331
0.98852638810544835
0.98842606796264532
0.98808828853571407
0.98796617104581763
0.98764428565624485
0.98642558625294841
0.9882174606800177
0.98818099665160919
0.98607525545614327
0.98754855545516462
0.98909156928496356
0.98814358107224576
0.98790403844268138
0.98862716450320076
0.98823458335284287
0.98896422572179088
0.98807983988415593
0.98855956913035126
0.9865795488825384
0.98766606473677965
0.98716769600718723
0.9894987879336492
0.9881988383656507
0.98557202234383534
0.98857212042747622
0.9879144387114559
0.98685909201695343
0.98667148958082918
0.9865684387815441
0.98799936749247952
0.98657643372305792
0.98826578303878931
0.98838529258438934
0.98824292432391847
0.98820012652390565
0.98669561745582768
0.98670428825707512
0.98808276078084056

