0.97663619852509986
0.97624414186152286
0.97919985445009439
0.98168442599359151
0.98037233515897904
0.98011187222736296
0.98063328177010578
0.98037901678751715
0.98132277372494636
0.98033551077696868
0.97953095957553915
0.97811488152736259
0.97847146798205187
0.97688406259196658
0.97716492254502063
0.97918299798871111
0.97811203877076702
0.97892081697993583
0.97884489017859977
0.9789234680454667
0.97866831454991932
0.97698215527436327
0.98070633166659049
0.97791687345679967
0.9776344475094686
0.97913730831620704
0.9789538409888372
0.97926279251059145
0.97637745919037522
0.97954212235811999
0.97755231384385732
0.97873922568320648
0.97846591041182962
0.97875810251778583
0.97984822396693705
0.98024912584494417
0.97437464918206873
0.97838450232638108
0.97894683927872328
0.97951713196490753
0.97778370329001618
0.9786857490773101
0.97822393359551285
0.97956260865393485
0.97808533620541904
0.97989418601519374
0.97892564276740224
0.98072939561535677
0.97947062464280166
0.97842330637883623
0.97918815493187961
0.97926938742106173
0.98020869388485532
0.97861425924781331
0.9785019571715563
0.97789509805127295
0.97984211061128479
0.97911828545892687
0.97973000150448453
0.97996682692484727
0.98063501003463116
0.97933999474032007
0.97862399685855006
0.97806998012986934
0.98044767936872601
0.9802971796765193
0.97755868930285883
0.97713959372124071
0.97834629807170492
0.97818449846176803
0.9787070007311669
0.98025038610737969
0.97935618487169485
0.97994899269850444
0.97632909223594133
0.97881256003811212
0.97572280463261152
0.97799023930534201
0.97966856411520775
0.97887006770439344
0.97880026413823251
0.98037472750540922
0.98042267713542175
0.97717811446954128
0.97783230833894064
0.97862601178012121
0.98031253111745498
0.97958588076164199
0.97879413962998085
0.97758797768859673
0.97944765843532167
0.9789373849272307
0.97733948001572446
0.97711303062634269
0.98034475344417138
0.97476434608371754
0.97287062194586671
0.97336722627220273
0.97204310692185281
0.97466865994076435
0.97721328327613521
0.97540407214134051
0.97911890011000291
0.97895512768239812
0.97950392343163406
0.97859908470832024
0.97835149991746073
0.9804630287857008
0.98070598273755971
0.97951380153004808
0.9783647790640243
0.98073995154352156
0.98035876346017659
0.9809778011367728
0.97660827915545767
0.97987281402840287
0.98027234054329915
0.98004422659571822
0.97999898888341463
0.97842141511721947
0.97755320682038405
0.97883718353119442
0.98014758086246223
0.9788295746675294
0.97904850743835725
0.9803755599791536
0.97879261873276091
0.97620639513516871
0.97610698300687948
0.97931065968202657
0.97991780523898542
0.97906086331838249
0.98088201509108475
0.98042529525924316
0.97955310098677562
0.97967740468922493
0.98074428731823982
0.97981648653123898
0.98086533181294078
0.97901722110200784
0.97893823295959226
0.97941182083402878
0.97701491666468554
0.97688484592884817
0.97798250766358708
0.97831950906807319
0.98025066852406606
0.97923917724548537
0.97993907322829954
0.97744760021832022
0.9794945505421625
0.97849090522001114
0.97630195748462367
0.97503561061155009
0.97797775018375022
0.97994929615733994
0.98122290520831412
0.98051581121541775
0.98033901603727203
0.9752252275411355
0.98041509143149763
0.98014079744310256
0.97889743367729698
0.97628860036402143
0.97908532282664662
0.97739842507938857
0.97820226425427526
0.97668767954060953
0.98089238733104789
0.98043425874185774
0.97963995781846169
0.97903088759581236
0.97844385963607328
0.98179101884492748
0.9785747912997006
0.98046409522396627
0.98071076800833179
0.98065787949955607
0.97992988287790539
0.97976669081844991
0.97947236067880505
0.98192216301608948
0.98168058269852898
0.98120496036405092
0.97978077689815457
0.97784013275901616
0.9763348095836426
0.9778142303146018
0.98074500950201637
0.97932345062240067
0.98053374905498969
0.98178482448061655
0.98073905156703245
0.98008860205856041
0.97948653348471049
0.98087592861519468
0.98037699842294057
0.97963533977292472
0.97834109030968652
0.97809831985954843
0.9774764613337058
0.97935764471782116

