0.97813033414372463
0.97560973987766675
0.97813642517326727
0.97921210475074283
0.97845478946584097
0.97899119390450984
0.98092970019181835
0.97912555267042023
0.98005758007470667
0.97933157781930835
0.97730555940529917
0.98011665612628984
0.97903648987207359
0.9792486753203129
0.97873963679958453
0.97830473735211154
0.97894573889815206
0.9797585387247314
0.97858229384768225
0.97994891784579996
0.97841936761687365
0.97837250046899049
0.97704391689559011
0.97555143270729405
0.97671539995915302
0.98014309951462331
0.9801133260176893
0.97803675351954678
0.97920785599640503
0.97972252403241467
0.97818053611452116
0.97770818342656762
0.97992358174455485
0.97729597473025775
0.97828994021173576
0.97987531181667298
0.98048185352792272
0.9801738328612043
0.97788370549276316
0.97907895539940304
0.97749025977802939
0.97485206596698826
0.97348306432895138
0.97790647097751304
0.9797076153742178
0.97740128086623623
0.97709486672495216
0.97893539851640921
0.97866967101853597
0.97728469730346512
0.97609497008362156
0.97844096171337458
0.98020030491309895
0.97976719248195931
0.98062460642955684
0.98084679795977747
0.97985537765184316
0.9802865622653063
0.97986443150686864
0.97908536400618595
0.98041491676639347
0.97857486993731801
0.98092214968221747
0.98045485432780666
0.98007016713659056
0.98021780522120838
0.97866409042477365
0.97926644279230779
0.97710479304073428
0.97139195835358405
0.97427702724381193
0.97433409553439543
0.97755572631237397
0.97874017200342756
0.98088176470039734
0.98026205583446613
0.9791226213405223
0.9802610615594517
0.97998795024945085
0.97909020615448838
0.9778961044823512
0.97966229860484944
0.97936082842057537
0.97947656035026731
0.97948838084902756
0.9781545345740108
0.97864801849034944
0.98088363662764944
0.97946879685894273
0.97656920238269196
0.97709971778485571
0.97871655364429333
0.97731680711873181
0.97239984393605283
0.97517173136959046
0.97379042409823591
0.97684079074159735
0.9773720560047896
0.9750081372485957
0.97771105133581149
0.97797623378890508
0.97772222170199263
0.97877559749093235
0.97852766640014388
0.9796469532862343
0.97936980240147964
0.97971324746592825
0.97920154676038229
0.97687502345004817
0.97697958554587161
0.97719141312753999
0.98050971369912265
0.98050661284024865
0.9783126903241719
0.97525354018911037
0.97495750865376218
0.97549677564514692
0.98062844819427808
0.98058617041119467
0.97956652173407299
0.97893930003228125
0.97846640740059987
0.98026331922186716
0.98045426747808051
0.98032241311528778
0.97907464508609632
0.97978789572343883
0.98086198108191558
0.98044501681142593
0.97926084589006845
0.97921032211855275
0.97896559813790485
0.98025661489386207
0.97890091237401855
0.97634943469923852
0.97877514676634991
0.9793914270951446
0.97963987722074641
0.98049385252679688
0.98001029728117517
0.97939921083861381
0.97738240576521962
0.97819455520039778
0.97808686561076252
0.97994787581177534
0.97883052786409119
0.98137378290781696
0.98013959081812019
0.98029407260820101
0.97990025414014548
0.98017681699199355
0.97996699859097602
0.97872996761291442
0.97984763002149211
0.97879560020109058
0.97975869140366778
0.98100811826817769
0.97943865303830424
0.9767195330620333
0.97634459336178803
0.97927461654103165
0.97883338644258389
0.97962767276805729
0.98033455927065216
0.9781874108825287
0.97899409334841614
0.97999338703165362
0.97934138953031369
0.97736963323606407
0.97893351165702125
0.97845149185161051
0.97861288350930364
0.97795168726476989
0.97850393002256775
0.97732678274388707
0.98023061519614985
0.97850188661884674
0.97908750905206676
0.98020365707986323
0.97900496731877917
0.98026796547607531
0.97683553013461322
0.97994081306128911
0.9794332102400185
0.97965897423373804
0.98034741774258771
0.98024431809597978
0.97763655253711168
0.97562836797215324
0.97774116494005947
0.97691144590897805
0.97665854806532426
0.97746385211462405
0.97848399534215791
0.97704495782297185
0.97594125579934909
0.97757091907699822
0.97613119112406788
0.97790812720964571
0.9784393658783489
0.97949232850992318
0.98002882040789796

