0.97978376667930001
0.98129973759612255
0.97920149151311298
0.97986445954161994
0.97730050115581102
0.98081526583192546
0.9811960408193372
0.97988152033613918
0.97942526787720463
0.97913247835510364
0.98054269456399756
0.97994714736421396
0.97804369630191734
0.97745267810903091
0.97918121902593136
0.97795782384197327
0.97830175311422141
0.97844898419877835
0.97826253173318978
0.98008700483888633
0.97977031983390239
0.97991315275795854
0.97788704214468181
0.97927870384552707
0.97937960155704407
0.98099776994682164
0.97846799275111229
0.97977932320002359
0.98116641372206326
0.97971043430875826
0.97951841108775806
0.97933726265447529
0.98040941739959642
0.9781866760478245
0.97816176896949958
0.97947697664478572
0.97931713967203249
0.97911072674185673
0.97729798176634941
0.97858162391666159
0.98015113641067919
0.97862330730489466
0.97991676677299544
0.97888890325657885
0.97976128660899575
0.97918277952925248
0.98057075082014822
0.97895262139575612
0.97835010104667519
0.97917420596299165
0.97825691021643102
0.97953082234687538
0.97961914992141519
0.97726225627013952
0.97752203946383942
0.97854691678916039
0.97860146402223169
0.97918193046439539
0.97829969267288608
0.97943957843116025
0.97979540234635609
0.98025783873267813
0.978971818583105
0.98002344718083734
0.97895588181210225
0.97949173013671909
0.97814327407582846
0.97936122220554045
0.97871093206771975
0.97850332007242569
0.97934068790430773
0.97973524018660663
0.97860131146925422
0.97927251041262331
0.97892495232035848
0.9797958985707379
0.97998536679838233
0.97955131635877501
0.97990567943808249
0.97911102894387914
0.97895556797548766
0.98098407641948004
0.97944370166602068
0.97699572479743912
0.9794700097873632
0.97639827074400654
0.97711232813363003
0.980776078680893
0.97839098896544552
0.97469726191659711
0.97868275383054371
0.97715902214208594
0.9759895162511214
0.98006203525033919
0.97771257206059958
0.9801202410401697
0.98057086931690074
0.9789888538606728
0.98054702812331207
0.978336783828055
0.97807806671070063
0.9763547461225911
0.97816832492513817
0.98043174358922391
0.97830928281773788
0.97867777551497392
0.978498313601595
0.97996403340757232
0.97855619877676014
0.97814756446354034
0.97968597094890675
0.9793069657381368
0.97779813975182817
0.97933754925926952
0.97894139468740526
0.98068425147314242
0.98032425074313112
0.97954355313440189
0.98039483881462886
0.97968656889455741
0.97832259092854401
0.97941224121117498
0.98004317691203524
0.97958162227205792
0.9792222793617894
0.97820481809276039
0.97893714905672191
0.97823049957190755
0.98139286751867583
0.97725261929733853
0.97992780842187255
0.9798647473149682
0.97916613427649035
0.98085245692888257
0.9805688828091651
0.9785900128958418
0.97759301828350231
0.9792136286625841
0.9801765916463675
0.97836736108498878
0.9763061944717818
0.97726830337832238
0.97911859707232651
0.97993710724575478
0.97998428935486226
0.97824903732626434
0.97961325471565974
0.97799539384841638
0.9799958853138887
0.98039715416984219
0.97783707263267916
0.97668409340673923
0.97960117488346676
0.98060827675767182
0.97890612108790231
0.97944991943681159
0.97906573968893396
0.98162425858989011
0.98018024310720087
0.97979282353650843
0.97994749054882768
0.98125286826425595
0.97900562319821438
0.98018872714049243
0.97790700040916656
0.97820716192386659
0.97903796159470891
0.9762252340403974
0.97876623202158297
0.98053253685833208
0.97993194412662543
0.97823458303762933
0.97751108083100791
0.97885233512195435
0.9796799091956947
0.97903496098971299
0.98005104773743101
0.97934352367376898
0.979350259561103
0.97764004273280836
0.97989063215970096
0.98079028898787524
0.97549252594942337
0.98009488474077389
0.97888126320416491
0.97917492803323536
0.9798481228380832
0.97783943315071031
0.97740736096308278
0.97934241908392017
0.97889405557120113
0.97953332942338878
0.98050571583449575
0.98046598503108318
0.97836396646380819
0.980086089560671
0.97858013278941525
0.98055587570987623
0.97796726428407776
0.9795507786852955
0.97881468298879082
0.9788149717274256

