0.77807272538544214
0.76332416576967588
0.75297889638586435
0.75162592549915253
0.73586264372054089
0.77344597125979531
0.76605364813255927
0.7565329559213726
0.73686810984338957
0.75315626876259434
0.73004861184958436
0.7564006254471094
0.70786922679375786
0.73350222852521774
0.76743437716419594
0.74126498641459859
0.74539647426805067
0.75981143437731335
0.76975297608039495
0.74312770596107203
0.70425486717524066
0.74067108355241995
0.76005754869794262
0.7202119105712701
0.77611904090080475
0.755479114356854
0.76026336147814422
0.74543907298677847
0.74623451051580647
0.75859806035750577
0.74716967037661675
0.7280218165871174
0.74370006426533375
0.74153430184448088
0.75377643713880327
0.77112800346987109
0.7446075630423703
0.74279159351434632
0.75282678744164
0.74531963671018631
0.74594780288532414
0.7489453298039459
0.74262902884273641
0.7253085207331319
0.75146802885700803
0.74226601846473528
0.69651890050351173
0.75229884994318741
0.77237117591098692
0.77755723818495548
0.75346358374859879
0.74559999364247886
0.7635806178219835
0.76339402765571007
0.78121464356733628
0.73623917680361095
0.73419085139543261
0.75621102230419157
0.7266085380626004
0.73944982187031827
0.75404549483911731
0.74578456209019306
0.75605435113380304
0.74566277862526531
0.75331277633957161
0.72409156517069018
0.75197080262159366
0.74054378547539523
0.7565249415064399
0.76466196816991727
0.77209425401553822
0.75611443368240228
0.75812810191887581
0.74664587946201044
0.75535607482847844
0.73723278522872282
0.74045096926567799
0.74102053568604476
0.73781744766649116
0.7668204323631016
0.74192429738289511
0.76607858642740889
0.74587246442884658
0.72617431789704545
0.73997500458633336
0.72453257059713783
0.74700800190249117
0.74774917948274111
0.762758510992806
0.7581640337346961
0.76880317564330458
0.75416014429681755
0.74726752000351504
0.76601395035753583
0.74341266308437792
0.74668248936155701
0.76582926470704749
0.78092297461157612
0.72948472359116689
0.75731063686673727
0.73429619689589587
0.74282159479258136
0.76221618605478247
0.76197962745772496
0.74562031460623235
0.75759470517363059
0.76034823271024898
0.74291375842948326
0.72748083004786468
0.75800770674762963
0.78563262520690391
0.74398987862078536
0.75349533552279702
0.72925183674630656
0.75164729512309036
0.75149494719809284
0.73075621170887661
0.74865630459676746
0.77085525091351137
0.744539204731819
0.76581203890809435
0.72101613313063306
0.76028279574561008
0.73272967163622094
0.75922649424081978
0.7534948650919403
0.77074658537471774
0.77239971682031683
0.73090641446077409
0.7491859980399852
0.77831115757697744
0.74607136299238475
0.75913287687349118
0.76889228318221103
0.73392187281990062
0.73784671901808074
0.73225027063411419
0.73771919629579852
0.73598185120969617
0.75524218904556129
0.75327590694071023
0.77585924397298267
0.71178093538067633
0.76754457284534028
0.73187919441560201
0.74040580594728955
0.74811309606963317
0.74056460198535179
0.73268414271582583
0.72666036490874042
0.74727008110379955
0.73002539365913899
0.75162514438607642
0.76879174552744656
0.77063638192602635
0.73689684125467514
0.77234539921679013
0.74407709075182016
0.75278483634719806
0.77772515223456518
0.7567872876404711
0.76100283612021269
0.71468597510853471
0.74913738557199505
0.72483163564983355
0.75042347181213154
0.77192249836184501
0.75068466487430219
0.7563677216889273
0.77430203217556637
0.72479923128761181
0.76898714666637902
0.75017246142027261
0.76607919916894418
0.75032054796507441
0.75518898934833478
0.74148003748002544
0.75337652301619829
0.74275052462154711
0.75432338007701527
0.75516277784254449
0.75376258140929664
0.75229126440669514
0.75565633846863967
0.74630779660506052
0.71160141229721752
0.76128978044170503
0.76485173576396459
0.70593517369659742
0.72986888600212418
0.76803862890363261
0.72086026185624097
0.7596376719627036
0.7654830337232873
0.76786814812293447
0.70759676476689248
0.74506506084295832
0.75318107436074888
0.72655479407956314
0.74130425165666769
0.72533971230380589
0.74045609174963178

