0.75812447957713713
0.72515876582916294
0.76502707372307888
0.73274445686267198
0.76208711576434662
0.74705467306916407
0.7568698703154173
0.76466963296976753
0.74857677421004909
0.74047317868455409
0.76499686426328128
0.78548713336999043
0.75592933819598895
0.73793360987060019
0.73278929554164318
0.733160081766008
0.73379784524592695
0.78010247151690337
0.75678929605855749
0.73720780073125636
0.71743363709792141
0.72244013566731491
0.73871522541251389
0.72689078270100338
0.73848627994269134
0.76651933385941828
0.75072635777595587
0.74105726032736008
0.74780872122752706
0.74756601156636882
0.75596047922187226
0.76281903954611374
0.75329411812511837
0.73317352139922554
0.76190462593303887
0.75091088489199098
0.73435135783167915
0.73937962909892885
0.76887609562789749
0.76111279153588884
0.73521628694859098
0.74649468927918716
0.7449821633347522
0.72186224419775702
0.77401092744275868
0.73621724343262007
0.75520348079309518
0.75226837022192627
0.77337711809399134
0.74780687015809
0.76139515233276323
0.76729685270904091
0.76253116660025255
0.76025732499944576
0.75527241062861739
0.7471588009714395
0.75455240604809692
0.76435290454625782
0.7377176431793665
0.75560614625278066
0.77475064624590284
0.74447836882391172
0.77816177091443262
0.74556038032677541
0.75052521819151508
0.75421326786103349
0.76820008812381502
0.74252826893880386
0.75246764635008101
0.75088922120200841
0.76983034205962575
0.76289680194555087
0.73994120481798042
0.73902030703291233
0.74230234386888339
0.74088207021724672
0.77124245990817297
0.73567025748437431
0.74487127569442879
0.73841704028716426
0.76087697120873865
0.77116475714220956
0.77353331639025946
0.7503662339723447
0.77157083649257285
0.74769143025838369
0.75906746990455143
0.76777210312514277
0.75268453929225554
0.70638400354359665
0.76188078391900904
0.76254023069010191
0.73224253345519563
0.74268327187107752
0.74019464228668763
0.74237140042809302
0.73568393600610704
0.73185754161533467
0.77535953297950622
0.76111999874129377
0.74083380270038746
0.7502481148473551
0.74699501978584515
0.74317424173107982
0.72852465210738127
0.7143603964511398
0.74097867770081582
0.73312606846263728
0.71394725942198178
0.71621266188375865
0.75592393370991473
0.77146229468536454
0.73411550467114028
0.7456818384301207
0.73245913191342593
0.74372867934867182
0.76190282625079231
0.75085428979423352
0.75488243274229627
0.74663410614959769
0.77637569240173043
0.73285642140643736
0.71975592458301774
0.72095840584600546
0.75060495393078763
0.74321611856607495
0.7322606551163241
0.76783381411600427
0.77559238540139386
0.74897797187937742
0.74868608563863326
0.74957880970443203
0.73413144259934571
0.71792872710177813
0.72900153262127476
0.73574196247148216
0.74193462401999555
0.7198775843277686
0.76840410217396959
0.73963783156340568
0.7371322846731031
0.7585160006586128
0.74442743251337862
0.69120573915466643
0.77529384642231403
0.7502149809517793
0.76270750555638456
0.76607457857967753
0.73764135405972175
0.73639705097799235
0.74283579372312447
0.73819921200460714
0.74963915274449922
0.77350814430219605
0.75585952674337709
0.75384376609910431
0.74974133431297052
0.74386099539234729
0.72624385131040148
0.72746960108096859
0.75262790632766041
0.78421868703815067
0.75044046033415635
0.7384775811060551
0.75071853930567001
0.74225175727875981
0.7573994358170949
0.76420164338180574
0.72644809777877184
0.72800380335433579
0.74465378365255719
0.73728903941971424
0.72866083116111158
0.75561077413380562
0.74062486499704416
0.71334754334240058
0.72529572932657582
0.75477813905325319
0.72869676471625144
0.76107511569619934
0.76390028430208523
0.74827970200115512
0.7812606951904113
0.73327250620930484
0.76186119936388608
0.7420368098249297
0.71453063985911303
0.75442626194230189
0.73767602163332879
0.74503699633143061
0.75516629732627982
0.72804156245647611
0.73473809321848982
0.7437258776855471
0.75969139488648518
0.73176175168070756
0.7516276554957243
0.74688764871923063
0.74041169077125624
0.73285519540878274
0.72675329510415509
0.76230732005612634

