0.65525888234134033
0.64875921726390695
0.64785786932338252
0.65838568666345954
0.63459259069240381
0.66738835663359597
0.64348202642578312
0.65617678120037648
0.65285636008800618
0.68251051441971144
0.67361603549083826
0.66854283019894145
0.67393809632351276
0.65909133101547757
0.65443766348671051
0.68226809278638412
0.66843436181652582
0.63286452422991502
0.54039750782654938
0.66083857733587326
0.63558302541396194
0.66212639847633969
0.67551455135405925
0.62139222842229758
0.59602497348325512
0.61368921540968968
0.67267975458005846
0.62286303422339562
0.64735023880562281
0.64131603109556912
0.62341288568461783
0.65780050529567091
0.63024542288904584
0.62846736990432828
0.68193212495051359
0.64163020950275085
0.66444347073789867
0.68257167534084906
0.66645835787314411
0.68184507260227445
0.66783717413066146
0.65414505799656497
0.63492056715328959
0.66356618163598469
0.64598021097227398
0.64478311098617902
0.633040514902245
0.62783132363371075
0.65481829466870778
0.62800962832481377
0.64649458658535752
0.6573352611893003
0.64123840188830161
0.6076363412631125
0.64077626210628313
0.66532972412005675
0.67481641299832251
0.67743498450888562
0.68317465479652739
0.67987360682861608
0.70179789200544884
0.67951205407217907
0.66077368555358218
0.69435077601887796
0.66855746612112443
0.65732704771101436
0.64882272408790154
0.65951361143697274
0.66685579062799782
0.65707768399285371
0.62303750621700393
0.66015177854537399
0.67586202412873841
0.67897410638733857
0.6517427821339844
0.66450000158661404
0.66909109509159437
0.63037584292317239
0.63236126898079481
0.66569703117313428
0.65908910256992126
0.5978806177522259
0.59915738545111941
0.64600978128197628
0.65133527941854641
0.6655747499691671
0.66282042687156983
0.644330674799516
0.66297514374040412
0.66357424645462071
0.62621577886816493
0.63903209550240481
0.68229219397396801
0.68475424681671682
0.67135458586066188
0.62719291180482861
0.66886596816258304
0.67434421738213435
0.67539068804726299
0.62707348100539373
0.65714575447379842
0.64322998474470849
0.62579225653096693
0.62608973371261001
0.67540150420187151
0.67301548026650704
0.64409434688787559
0.679211861681146
0.66167841149508899
0.6472866938677132
0.65491072787324744
0.65848667011565154
0.64426560937435551
0.64263268472147217
0.66687938130456814
0.6704847541396739
0.61648982873344105
0.64549792666030592
0.64863524210806256
0.65827609384815289
0.63206116121036582
0.62497693428129775
0.63980595710375188
0.65647995621219157
0.64890638646590815
0.67003986093714185
0.62800386532844343
0.65625576247634199
0.66465432585781092
0.6882999778754586
0.64524592115234958
0.64628760192897539
0.68610466653024349
0.68976046623573328
0.65062855108755802
0.67132724381490816
0.63064065687499493
0.68029604459309356
0.6613200429203806
0.67668542241631358
0.69578872047623996
0.69048256357453575
0.66920537570739136
0.65355854618778531
0.64158360716933993
0.6555867621994691
0.64179226025680669
0.61272951729275382
0.6540340100127926
0.60049318937126461
0.60821428244435805
0.65346913832448206
0.67784149171866226
0.68294848181264545
0.63726667730336883
0.68998902131243467
0.63299139514250624
0.63009754918622529
0.67505042301283325
0.65477788005660142
0.66962337544475792
0.66663830905633192
0.66748941163766085
0.68473707303251463
0.65608429623849696
0.66631500303237556
0.66741276242634395
0.66957305333971284
0.65681151121675985
0.65024775340915031
0.65839221909463175
0.67761084634373181
0.64574362394233198
0.66500712092486891
0.64262697791679557
0.63866829002831038
0.67966620393292343
0.63767037206110777
0.62943535157122399
0.65735375939907215
0.62741337826238952
0.64498171027680462
0.63287655413140997
0.64117357221576543
0.65705497728142603
0.62042056015727676
0.63310143218545634
0.62702226313751996
0.66668386009495806
0.62981927816648453
0.6532492350524034
0.61977719803183606
0.64819490151188042
0.67582836350806386
0.60899954977553761
0.65307024807568392
0.64946253294955081
0.67005102110785908
0.690021263972175
0.63230148750960968
0.62516338714897701
0.64186900656680435

