0.63428135872875957
0.6588344703946909
0.68952143880770955
0.6820090249799281
0.66240639311145899
0.66863801913011123
0.6694040424443467
0.63823431522270913
0.64519501404924073
0.61584316446694709
0.65699947345377896
0.69921047300498396
0.64726038724087587
0.63565077600849473
0.63727041988194899
0.63115121174025979
0.62476678395973062
0.67798769462171382
0.63382107590627546
0.65254242414177588
0.65910064442225358
0.63343027931260787
0.64858320790667934
0.62536954265489353
0.64931000506672165
0.65225813427405399
0.66258121276922677
0.6794246893067396
0.66492242804550306
0.68575517436332489
0.657938969314524
0.61055307659390112
0.66564745544051429
0.67182578932119963
0.6690411783551945
0.66895412148462963
0.65414328968556701
0.64483000752058373
0.64646629197690508
0.65991989274528828
0.65117376842842256
0.6636134623064992
0.65440613946064541
0.65439477393052026
0.64870958943337831
0.65058628990619072
0.64385374792689587
0.67408533404500537
0.65403489596612807
0.65594467635960729
0.64325346945641126
0.66373349508926727
0.6518500833264057
0.59938954106753439
0.64682616643817037
0.66249154959128631
0.65164494212776225
0.65387928563560127
0.64220867329434095
0.66482451458790015
0.68145532351225779
0.673091270475495
0.61544733656182593
0.62829086896582653
0.59459175066923009
0.63952952938116436
0.65221259196092729
0.66166277318261779
0.6422901900944219
0.65116770061330631
0.64998431458537709
0.65755072996413422
0.65869625254749442
0.63584861161455153
0.51574537646638885
0.65574461245835625
0.61597807753961031
0.63070755367121378
0.6224965524950945
0.64106784077784928
0.64696101350320279
0.67780301406543331
0.65455399501983702
0.64017745768527512
0.65434427146204144
0.65652357715047149
0.63093806692219601
0.63390263040102723
0.66717723987207134
0.66781716736300589
0.67751795272666038
0.65078809927290426
0.65671078394472537
0.65131320511565627
0.65059827004739756
0.62275540749215708
0.61213651811070546
0.64851968592029818
0.67771444670103675
0.68110918886634075
0.66501205085003545
0.65172950129280771
0.64568708451563162
0.62401961366490233
0.59795048756751601
0.66616168978179235
0.62649737440582798
0.65476725079131659
0.66233652804808441
0.6498756184199469
0.64526958031577553
0.62442752185194683
0.67149234744041852
0.63708924159477975
0.67146042138690354
0.69629163703991848
0.67055060522929466
0.66253305006953167
0.68125759855565671
0.62147744666033877
0.6498343584097217
0.67792609056474606
0.64768704011202982
0.67213538389408267
0.64600540623404135
0.65717058012157625
0.67600982211782634
0.66377890494942771
0.66222200666307807
0.65988384849662507
0.64508262187437615
0.64490891370142578
0.66003420040765659
0.67505090781648025
0.64175750197320403
0.65584044097954242
0.62775072454206005
0.63035795160803643
0.66997342101517021
0.65970055800214156
0.62181418604818994
0.64020870348950065
0.66660280863985177
0.62700336956948011
0.62893868146156529
0.61206144950738439
0.66160668215768781
0.66738146076179461
0.66414126460964917
0.67581213539127749
0.67658303697264133
0.64430098157056126
0.62562772265490363
0.66257882250955891
0.63877852766821019
0.63861746099707839
0.63709035268624392
0.67290636695459494
0.64951792394010599
0.63689262869239172
0.68198697543753728
0.68600848567386929
0.65787769044067124
0.65625178635460557
0.6374390563818183
0.61974244896332964
0.64701906149524502
0.64861786238636254
0.6640969380326468
0.67463700870288645
0.68384035113781438
0.64845604119353484
0.66624221704468201
0.61791452816329095
0.63370563562983984
0.67268347736274614
0.67891773084372065
0.63884190106468852
0.60228326736016458
0.64035323737919125
0.62053067321740629
0.66471565280540423
0.66499252007435983
0.63732812060737043
0.64810083577360134
0.64591340847040968
0.67027429554375217
0.66756205330704066
0.55470806665924888
0.61158668668427485
0.63195638231084117
0.66749762983503969
0.66396507029243934
0.6715752847575327
0.64046714853955355
0.63022173214325306
0.61573134835025933
0.65943965968167118
0.62317965190313562
0.61427708550351146
0.65348388567429017
0.67862887914896464

