0.61215553857068461
0.61908597358857587
0.66200451336613952
0.63550005504999219
0.63310165031305887
0.6021738371590899
0.6403507799712812
0.61869519135263173
0.61988684316968745
0.61478971241836455
0.66488509288673814
0.64120238648521277
0.65469586409897262
0.64033598114934531
0.64282609206103269
0.64924401331040937
0.6452827497094511
0.63186499670884733
0.65865542582623848
0.66751067311286549
0.65285713687167934
0.62996846462404732
0.64183178706524224
0.63969040649363051
0.62000230064649109
0.69130977045903441
0.67722176353357699
0.66945837926568541
0.68092853645710838
0.64959412800939542
0.65940997810163793
0.65170416750666393
0.64083013474794348
0.66824497972772756
0.67363126784793004
0.68469505150108245
0.66859352798308536
0.6586583098506118
0.65467836605112517
0.66500398103455316
0.63809077175087525
0.66572150158159915
0.65268472132025801
0.6608534392847385
0.67018615232988776
0.66123060300566194
0.65657756532502221
0.63329584977978604
0.6189644240733525
0.64752518633414258
0.65537907886835445
0.60549781439930472
0.66854339260595519
0.67595433779551772
0.65454734974772366
0.64236938036868962
0.63870159612470501
0.61542897671456664
0.62474443212014541
0.6078076898389192
0.67013870136393072
0.67278058786106187
0.66951015873096387
0.68758354021500956
0.62934721238932612
0.62360796341488633
0.57772120081829337
0.624342096820096
0.64206092927585956
0.64102080005495343
0.63697634993086449
0.67457313522071216
0.62176188465766413
0.6032602399905902
0.67009122760414097
0.66234548817613026
0.68404205410162233
0.67716123669651151
0.65532524190484942
0.68353689457945122
0.64968407637811831
0.65150407333447513
0.59166782609735424
0.65105791674578561
0.60613526222537784
0.59308455830147444
0.68581131960450337
0.6367894188533394
0.64370591623152373
0.55792898950561465
0.64226820606616541
0.64857196378426152
0.58634380510935846
0.62422631297911579
0.62139587657354589
0.63299880416146215
0.62033926138628304
0.67636092205839238
0.63640358498420657
0.6410788522885148
0.67329726165929693
0.65804377141750148
0.69175371868875779
0.65071276847365989
0.64986927770063097
0.65282040633005645
0.59647751808233918
0.57715588478578361
0.66509697745928786
0.66343540678624069
0.63646250502524582
0.63250070091615551
0.67547377634766925
0.6749956553902221
0.65647419451934363
0.66529558999950722
0.65886919709481262
0.61593457619111647
0.66085773138306037
0.64320444202117399
0.6490748598670063
0.59993783115415733
0.64428268284353474
0.66425818432120298
0.64607898832027488
0.66313777666880669
0.64398729847097524
0.62147667015004882
0.65835559566231039
0.64842677772215496
0.67462283956381608
0.68925911091066383
0.64953989487210417
0.65692425271871291
0.6503547253262224
0.67264401300619914
0.65679947618822587
0.66891671784860884
0.67519308979539217
0.66622714376416048
0.69283815296591467
0.6776519642502794
0.63320626123196266
0.64389631189684737
0.66358151609945193
0.66705925867146376
0.68057710063600807
0.66044713335760952
0.62128529257875786
0.64659832474268641
0.64272094587398321
0.64011957227670446
0.63890274671128322
0.64087178994140426
0.65046735221891161
0.6748186142779502
0.64440105784028345
0.6596353715901101
0.65341041367315911
0.67269736922370993
0.67995132758271137
0.66035499885587678
0.60008392748300865
0.59343772003019502
0.65728742064060997
0.61817686577575237
0.6053430438527756
0.68347453830018901
0.64095596262014565
0.69201431819017345
0.68323576870878766
0.65576535626464305
0.64994157107800477
0.63538917540070605
0.6003028888808376
0.60631561207785079
0.60604752883352841
0.59076829649385898
0.62059042767117922
0.67689265422999179
0.67112748279536871
0.65819139204813548
0.69321507232352264
0.62527439303495036
0.61673702574405775
0.63494204865836634
0.62724988860837405
0.64439400923639734
0.62847178433910644
0.66499388165437079
0.6391574371348866
0.64918431777168273
0.6714801505980551
0.64621472853751238
0.67357911046144925
0.68050691623614035
0.65451274114257096
0.64810564199442244
0.69916343136184511
0.65158047005677366
0.66209609899525312
0.68074770817887154

