0.66775208961999244
0.67195071395536432
0.67602818562847389
0.63790378821539218
0.62425743801397571
0.65457396888077246
0.62842556547003581
0.63020429694118441
0.6186982384709685
0.62880861951676359
0.6212243858472003
0.65491899975306278
0.63146376289874162
0.63753617792388295
0.62211619416567909
0.61404319750684699
0.60049487429408155
0.66200743535221884
0.62359453353990202
0.55905014013192456
0.61902517172556437
0.63895312527590808
0.66023967965224739
0.66406432564767648
0.66652610532000889
0.70488666500358355
0.69373565180003738
0.67714396796986975
0.69998080927514228
0.68240794701997165
0.66895278640594114
0.66889014795965829
0.67111258356801962
0.65890104340311639
0.66153403478743522
0.65108480248549483
0.68562097652472964
0.66131954936457094
0.66674651358711112
0.65232306692768294
0.66029737583666637
0.61137716775610984
0.67204923641412051
0.67404033448840883
0.66441881561207017
0.64457072010618
0.66491822958294133
0.67923572701752333
0.63250159000594408
0.65581453457867889
0.64524801281097244
0.6588330885072381
0.62702577775360346
0.65478232827542182
0.65856565074502449
0.60931572240985254
0.65886479841576551
0.62596115210354508
0.66925270449396312
0.66056200745875826
0.64495662620810246
0.63530131155256264
0.58632713606238451
0.57104372872815479
0.59339095860038604
0.63043596585262862
0.63592809768966785
0.63877524037404332
0.65675681806498354
0.65632080219099254
0.66477464958993182
0.64863866336447573
0.63513717383762336
0.65525207095912619
0.68096038418755001
0.66042493815251846
0.65643254586147248
0.62923684541282299
0.6720288265163501
0.65128915675540888
0.64965738755990765
0.67592394347231244
0.66540723289235282
0.66736649337427956
0.6753618352624059
0.64569086678277887
0.68444904164435472
0.63089279850465052
0.65355971673910962
0.64518350648498923
0.65977557928542963
0.66137786203875815
0.66416846246640582
0.68403442010763027
0.64614370198280768
0.6686346058107685
0.67212134726719852
0.6768815810629526
0.66961905969744795
0.60900591555673234
0.65542629049965162
0.61312801539182438
0.62097861496725548
0.65326160820024548
0.63721311970471251
0.64784995197841377
0.64037738507246467
0.63017045147875095
0.61513826307973263
0.68184578332640033
0.62880329384211298
0.65587637504586205
0.63393770721611953
0.63753335515800391
0.63880927291312628
0.65714724082810938
0.6555731313449128
0.67120765751836098
0.64945340408029217
0.69861137815915075
0.66263819361362863
0.65726435922290294
0.68774417501500429
0.63572066002890204
0.67251834122470122
0.6750261219353304
0.6643706456247549
0.67126008096542589
0.65115249658737617
0.6705597349975787
0.62329648311525043
0.63852148398594111
0.65588566212560184
0.64071775423383703
0.64041952272029157
0.6326390413974089
0.64090673128427333
0.65928612236216877
0.6636294106671573
0.66137066198744221
0.65006395785755267
0.64214355278853241
0.65097541154044858
0.64243762036395147
0.62577771649531133
0.63115920601631359
0.62756006514390605
0.65642217352665155
0.60034852458895205
0.65496019453702758
0.64465382683405636
0.67279655112533454
0.66811098108841294
0.67537378752476118
0.62012133346683396
0.63011350747245043
0.63651972796236156
0.60530432183208438
0.60990730455638353
0.63076481496903347
0.63651705887397225
0.69209237894403508
0.66796116740032474
0.64724311488585495
0.66902093630958226
0.65491424785235408
0.66743853151704668
0.63409638589180639
0.68601557743494812
0.67964766909172991
0.64372715166423355
0.66863920398998355
0.67353025989647497
0.64304980438428083
0.67321550235021044
0.65722205695907576
0.68517501305628492
0.70220255486190253
0.64175284709594149
0.66112192123882696
0.68426423481267917
0.6535370667657775
0.64437561183825742
0.62098879845812249
0.66000406155803248
0.645857689957544
0.66083388301064827
0.67063158384884036
0.65858820456154066
0.65058856234723306
0.65833826938301621
0.66667068031762433
0.69168352223586171
0.67132075769920552
0.65545715170549756
0.65467523040476627
0.61866178426072105
0.55996312693401984
0.63683652170811544
0.61554428668064975
0.65090855515171275
0.66070923418413618

