0.65881744365330053
0.64337238302381339
0.64740639873735684
0.66346349665563531
0.65299789207459269
0.64179605464584588
0.66254505396250263
0.63880256891028708
0.66102518223717888
0.6459623479318336
0.66722953432739562
0.64958883973470782
0.66562611242060443
0.64223308421013081
0.67362784376491569
0.64970046300505868
0.61534404259424769
0.63442133782167009
0.64632995281000427
0.675455453403766
0.67603807459515597
0.65230277803087489
0.68035249037548551
0.66842601860221607
0.68644385109124773
0.70017000197427892
0.67791446402270394
0.65960984615004103
0.66512122930152351
0.65438866184414013
0.63965073367209535
0.64461402119070932
0.67415536767861206
0.69390488799851113
0.68827728749918626
0.65689547956294736
0.67394213705144246
0.68499330421102922
0.66132609516685104
0.69682637067796316
0.66625296215133545
0.66455616613602153
0.68080132078036215
0.67910211850267621
0.66305998129367227
0.6401290427396733
0.6751136668478932
0.62027979201503847
0.67159598159700273
0.67239477715066076
0.66038565283494632
0.68022751027211725
0.64564315040463127
0.66347091490247778
0.67152857218110218
0.64833251809191428
0.66784518467614318
0.68786646226456272
0.64035434777145694
0.64947416181601325
0.61760388605588967
0.65365977203620673
0.65958130240665214
0.64164732638914046
0.64490504162938878
0.63608119348751269
0.63629990895917132
0.58995576609621525
0.64331515889340452
0.63948137571613783
0.68420253567998046
0.62839009075031693
0.63135446239012749
0.6494736843064145
0.67580537400866258
0.60779725472811408
0.65294659998699445
0.66040621681782552
0.6354691055833972
0.659826629608113
0.65426462853043055
0.63658860911037241
0.66012052016691136
0.639972156638828
0.67902487453879035
0.68461159507942959
0.69569386456891202
0.66394345115131537
0.64611082573042444
0.66700720076741615
0.66449043535073515
0.66398372644209647
0.64621865424234026
0.66071137435094884
0.68259514580730807
0.68326638129838535
0.63813226367446096
0.62122006173085798
0.62969000045584567
0.63503483237430258
0.6058762540573388
0.59458324061506773
0.63720867606352927
0.65143117624517599
0.64021819612521658
0.65854054523155414
0.6705129043274437
0.63094983112177683
0.64908866292271372
0.66043547503282574
0.63019718752976073
0.68858195342585193
0.65775262702766668
0.68676660223049679
0.6768635607022141
0.65973923346521002
0.66455202540747182
0.67974475372332166
0.64363084342601018
0.64104855674416716
0.63252326236406475
0.65051170550813298
0.61659151068469209
0.66041224807970833
0.61748157018926508
0.64089524913002238
0.6603533350275318
0.66216101581189413
0.63269427042439597
0.61725101947147276
0.65390929296491451
0.66078250637608493
0.65278055520683076
0.6609760568691444
0.63871069304652539
0.67785042426356457
0.66136218141131753
0.61136010980873867
0.67899958912513991
0.68308010449847689
0.67433265254157826
0.68256616723085684
0.68554008196925031
0.65492393058401321
0.65436050071203877
0.63469311484704583
0.6673542358038943
0.65959463509977923
0.63678493003599446
0.65902044032730633
0.69941406827549812
0.69521808922115058
0.66671067654630423
0.66206458957613601
0.66764630041973405
0.65129080576474241
0.65300474428910282
0.64919695229629815
0.65718432017783845
0.62776473080804573
0.62766290580201911
0.64269552752603287
0.66038192584037914
0.66464371467505345
0.64340644946593573
0.67903000206291009
0.64344534135455045
0.67533143457649158
0.67454345562955531
0.6474167611463425
0.61809770332711689
0.66433192059218449
0.64007217411507267
0.60474393242739488
0.57330366193179993
0.61302967138478937
0.65066507728102729
0.64710627541758403
0.6393800279030889
0.65590427141744578
0.65768446981047601
0.67360339750437015
0.63400651363927452
0.67730988478451071
0.64775901141591918
0.64224735091075968
0.63875046322678397
0.68984650400049674
0.6220743484440665
0.63729846563598724
0.65285740199381426
0.66331076358587426
0.66059441491067605
0.60980542525276893
0.63625964619921394
0.6046268517789587
0.61637931035746185
0.65772429154092971
0.65763986748041925
0.6831802228677808
0.65779478692429028
0.66213754720474838

