0.9453803763949129
0.94655840348973752
0.94891211830373845
0.9441603459765554
0.94696936016957267
0.945423484684209
0.94178408587917295
0.94928223275048262
0.94191589219719363
0.94427129577123869
0.94611536633267135
0.94844891599486836
0.94716674139554335
0.94358041791087544
0.94351360640140913
0.9487689373566901
0.94776449829382547
0.94687799358789271
0.94550329898754626
0.94539834815266188
0.95216924875241371
0.95238545287343868
0.94609289781217198
0.94491567935680831
0.94342654323405784
0.94998385592458101
0.94950202779249371
0.94000024884973876
0.94643885520457038
0.94351610223172433
0.94419445988790185
0.94496473167135941
0.94461078689689504
0.94857502787505577
0.94449515642580928
0.95018511621683244
0.94646990520395102
0.95040304994528724
0.94758903684481322
0.94617111220275174
0.9434219527335308
0.9499895921146666
0.94714994200552083
0.93668172482474765
0.94367730083775136
0.94653235584532436
0.94343351987941049
0.95038969588851552
0.94625504494523005
0.94821867925301806
0.94304611349103917
0.94688928500681369
0.9485822351529315
0.94394546717405636
0.94867470770790152
0.94614321877649721
0.94564691636237408
0.94619495185064972
0.94476835684655469
0.9509371623668823
0.94394318907762065
0.94545822720761619
0.94606997290577766
0.94438456526974901
0.94400148055346877
0.94650196160937572
0.94744283278743491
0.94660468077000814
0.94602028486396827
0.95098154067704888
0.94638456116325331
0.94615654726081122
0.94757583494655229
0.94612614558250596
0.94291973426007591
0.94175388217855138
0.94749836646270647
0.95208723717158972
0.94430641447029839
0.94573405360178142
0.94991038024672381
0.95040045537590734
0.94718286169286203
0.94439210623908831
0.9459302541890745
0.94675503274361095
0.94561953132054999
0.94647259671677897
0.94463962642183796
0.9446697373428079
0.94817689350951639
0.94897024368181815
0.94633140274122751
0.94615944640071015
0.94358172211975322
0.94195124144918252
0.9458496222904258
0.94998645445746877
0.93951131961284196
0.95202172817708042
0.94421295165670571
0.94796231239565865
0.94676242793986565
0.93678381010638867
0.94537396519486283
0.94981828195693296
0.94562479465494942
0.94003923647258558
0.94444691966378702
0.94158556652074155
0.94131946025137148
0.94031124847524938
0.94420831569190722
0.94672301076216225
0.94731968633875063
0.94379301388099679
0.94855557930336365
0.94656650644239526
0.94754848972824146
0.94072675676759954
0.94347065688347254
0.93727007421921915
0.94033068755570226
0.93754516333124871
0.94493756616497981
0.95066642493067843
0.95272665525628697
0.94296386470941129
0.94770182211045406
0.94725763163027854
0.94594849030045536
0.94158551066704843
0.94731158826416972
0.94616799363322801
0.9441544211661177
0.94814482511561426
0.93763953755589613
0.94559582746094639
0.93769059336013327
0.94234668411179312
0.94468894431798089
0.94381190198573284
0.94342327850815411
0.94266097543884819
0.94880727931380027
0.95039321154568668
0.94843003858265595
0.95207869332240613
0.95052802980059425
0.9446963089395195
0.93695820771463889
0.93926534179502663
0.94243381600788723
0.94698560058597103
0.94345137477202023
0.94802559799958597
0.94381166757981239
0.94304687784506325
0.94198683816243023
0.94511054591119981
0.94805451370745464
0.94404145204343681
0.93675798637148278
0.94788592200683741
0.94389164321255992
0.94856206754875638
0.94449415561380068
0.95033907687161512
0.94219934958770046
0.94697431213149474
0.94545797314039082
0.94261410434607118
0.94882963425558342
0.94326566265454348
0.94633972709424741
0.94433969285525809
0.9420405937092402
0.94380071828569256
0.94926892763121673
0.94014015366451043
0.94666053237533088
0.94017405970305978
0.95110687303655905
0.94664822870547261
0.94928914326226188
0.94380295260853253
0.94193856561801825
0.94787797900634063
0.94479280508232055
0.94876702938078661
0.93834747905845106
0.94885969938724268
0.94921920401315807
0.94931439985787647
0.9515696932887221
0.94197154188072907
0.94712603326384681
0.95040605669342626
0.94475775347357327
0.94819165642991066
0.9463437457651851
0.94571177600280409

