0.9489953014317235
0.9481711349823575
0.94301643970450799
0.94971845879675598
0.94820205504033117
0.95067596032848722
0.94615849385343498
0.94878644145997582
0.94548645059539593
0.94888258505215839
0.93991737063251479
0.94637822116236126
0.94037362245048606
0.94652289994074301
0.94749215260312736
0.94736434363495103
0.94529047847620062
0.94708399257694964
0.9411681422118684
0.94406973457573384
0.94879907716583078
0.94719103214455136
0.9461838905040999
0.94312022560883058
0.94778906813110786
0.94405942913386232
0.94774105526037833
0.94527908618966328
0.94551567261444658
0.94577498274346039
0.94576181432948847
0.95099210172692061
0.94802834481724652
0.94915259838373522
0.95064851885120671
0.947690252924835
0.95062505813088138
0.94690709427763298
0.94654122413443564
0.94857156210573057
0.94816061866682388
0.94713762760575448
0.94777630095764964
0.94895439052518993
0.94897438173734661
0.95086660570898063
0.93874319008654794
0.94940103520125674
0.94505232921159232
0.94973356157182698
0.94617947289889948
0.94371735515729649
0.95291900364807325
0.94308828596829775
0.94319887021748672
0.94588507565945068
0.9372004871143429
0.94964374991523492
0.93637191584981272
0.94634482002025133
0.94489335237008309
0.9410010900530883
0.94241003483759922
0.94612316793822326
0.94169123962327883
0.94638425694805761
0.9449291785454309
0.94431125940333394
0.94511778693505544
0.95039708360358011
0.94598493349683532
0.95117724881765331
0.9467333581144397
0.94662409963418426
0.94863026107963511
0.94859747559873664
0.95128305420696269
0.94506989940240038
0.9463617799195374
0.94804771451341197
0.94431430142788075
0.94241547234792877
0.94868480738632965
0.93982631877687217
0.94621603888464767
0.94836552127175544
0.94334278337401933
0.95284884446960738
0.94536673802171378
0.94953722972808674
0.94319362041115018
0.94511642656458583
0.94547528235323863
0.94908903213617102
0.94083143578642692
0.94297446610642144
0.94583224253795495
0.94207843249986589
0.94053278787206884
0.95340809851557151
0.94432953570146538
0.94881585829131598
0.94592731733416235
0.9436126540243166
0.94242490602143258
0.94936407011618351
0.9393215286895028
0.94475879706237242
0.9428953137774907
0.94340796621209744
0.94421228433701654
0.94138638797209706
0.94262800985702577
0.94575827657984146
0.94872674874172569
0.94851843600870844
0.94705558803229006
0.94467088790147435
0.94549039944741464
0.94236879398669926
0.94851158189342322
0.94441703066114924
0.94573735997555053
0.94490285553362563
0.943756654964512
0.94127312970992216
0.94277625660811104
0.94688762081200928
0.94394441165779375
0.94437412674184318
0.94768578424233174
0.94425311097193176
0.94570486269758069
0.94632691806436575
0.94510462851892718
0.94890507463035023
0.94093120914678463
0.94030705254552982
0.94522278943184912
0.94359600259110876
0.9468501170640039
0.94535407016186346
0.93984834202053902
0.93930832828662125
0.94381270341465273
0.9460839642295279
0.9450030513345552
0.94568469387119813
0.94523733549137401
0.94956282845061735
0.94154875580943675
0.94260815747907878
0.94054571629628447
0.94629322340791011
0.94461289159818695
0.94351472533545133
0.94663877142655961
0.94780415766320703
0.95015038728623935
0.93587390384714697
0.95098833110678493
0.94655017580382006
0.94876256675407378
0.94508326681535182
0.94558765684566182
0.94101252986066142
0.94861664834094206
0.94341039072329069
0.94551474500581834
0.94718496908744632
0.94421061240594328
0.94334273817535386
0.93468634982716969
0.94402071960023448
0.94629705522208007
0.94335976214119743
0.94420806439254934
0.94764759391630771
0.9472609767914062
0.95055213770183389
0.94482145623367642
0.94648981052081549
0.9467487653511325
0.948061025621595
0.94605355808596736
0.94581559457708209
0.94337891866973633
0.94550457295365242
0.94650379064675216
0.93964463770837192
0.94484476489584068
0.93995452286642889
0.94944415901236678
0.94712677885058749
0.94196911008969475
0.94539915751335069
0.94751148476079661
0.94128604396408599
0.9504024472590501
0.94999759987471433
0.9515761831169548
0.94536655347711851

