0.94635948118877289
0.94341770639781175
0.9504165946729527
0.94222206252149276
0.94293446697079719
0.94367319856888243
0.94650566958509785
0.93828457647087693
0.94578189165655657
0.9478753346555302
0.94365125428942098
0.94628896306443289
0.93898119624613285
0.94502762437153087
0.95066011437246345
0.94858495194295767
0.94879485710498501
0.94931642446925624
0.9393797230689469
0.94799628904317501
0.94376774978872913
0.94622562805142074
0.94843227768301341
0.94513301947814476
0.95127276729928667
0.94242737981986158
0.94625667469884645
0.9456392159687883
0.9492709211929955
0.94303983024604765
0.9457535806037034
0.94103732657649442
0.9451778963880676
0.94947820898745139
0.94840708382407468
0.95035839325280114
0.94284594379375219
0.94576174454517303
0.94608113103769875
0.94926678291062205
0.94813657307503396
0.94761733870448739
0.94741961357587989
0.94964227488770381
0.94741125437220897
0.94368249927324876
0.94937167709824266
0.94237657271149033
0.94096752427940822
0.94294938053225519
0.93888833548616069
0.94231095003713417
0.94377660461993496
0.94748556291686814
0.94675141633221216
0.94430425850725597
0.94414499512584704
0.9492007141623654
0.9410770242879215
0.94298434191613967
0.94562041499800631
0.94919271689281648
0.94301828628518047
0.94739910994453624
0.94857928453772822
0.94602237466144501
0.94713380663733271
0.94430685211767773
0.94713494400514209
0.9468403642513471
0.94795026764711221
0.92985164804573506
0.94279344095726569
0.94188546919033755
0.94798633690474554
0.94544334730673485
0.94305605523900227
0.94586942406138896
0.94011090405552489
0.94728829131177161
0.94365182080738608
0.94712551778597587
0.94374231170388834
0.94768091502142193
0.94845319735089018
0.95059320037047423
0.93910871666873563
0.93847595039573029
0.94358391266695241
0.94597077071767655
0.94716400188434435
0.94891352154467457
0.94995260361657852
0.9447721220929155
0.94887948201600159
0.94973689035375319
0.95014386806036599
0.94168652161782362
0.94732800050524846
0.94990170636557603
0.94205002047233599
0.94312664952028125
0.95021440003326263
0.94018367220122401
0.9342504181885084
0.94822157744697311
0.93882241141670686
0.94678621158717613
0.9392120242352594
0.93637336824998718
0.94664534975664394
0.93212400769469084
0.93507590019226394
0.94662396985106789
0.9430605871053096
0.9450085391741766
0.95017218775777734
0.94938840833956029
0.94717571434903813
0.94850329917132559
0.94863251710310781
0.95042141259064772
0.94785663702100353
0.94717273388981293
0.94527006056167173
0.94765893155808945
0.94855450205027592
0.94736516506910073
0.93786178163292022
0.93520639168753561
0.94119778541178134
0.94696186799453763
0.94788067850185453
0.94343618841926835
0.94686101206704121
0.94532956520463374
0.9496987930333588
0.94661527659831279
0.94648514786614824
0.94851521853833187
0.94569525347540728
0.94650607103759499
0.94460135177752946
0.94243948436101266
0.94977293521120321
0.94804450174267052
0.9497060640024223
0.94087317560421857
0.94333781350445745
0.94129526195456792
0.93823772980476461
0.94552271122085452
0.94528371650803278
0.95278314252671215
0.9480004745451911
0.95220086058453635
0.9485817723822304
0.94008237148141471
0.94893063467394045
0.94099542363033151
0.94685814933984103
0.9480115742547055
0.95030553825405262
0.94704725379993226
0.94333286840411434
0.94422992289558783
0.95030818080624768
0.94814845098603706
0.94134342933223725
0.94644627609437759
0.9469098621689761
0.94671229616935892
0.94220444488207877
0.94697317918692803
0.95006458251924908
0.94511561034764391
0.94693961902899915
0.94853901900245197
0.94630165415053824
0.9486569558085951
0.93916353727429347
0.94994797032511769
0.94961877055596966
0.93829475540724028
0.94724083641538115
0.94738305721332206
0.95125153209347946
0.94613302967699731
0.94384406936510168
0.94620107004179299
0.94354612008373029
0.93626734857476979
0.93563088582479648
0.94752594174559723
0.9404869032220613
0.9506250003033615
0.93520045155640119
0.9382943684140439
0.94406893896461797
0.94102580119533663
0.94371893907669624
0.93767307660693

