0.74209588456355347
0.69635572497434639
0.71749796713712855
0.76024029518439284
0.7326313424481592
0.7263994316665856
0.71283244981816374
0.70553050496168324
0.67240689615841187
0.63387650953726804
0.67230695298352006
0.73794026771957999
0.75030215992404259
0.73114116650770278
0.70329282618278821
0.70616437457404646
0.68249839396915202
0.65786839728335855
0.67234370575496916
0.6806573417661701
0.72591041364997055
0.71747091658375794
0.70679027042318299
0.71883547421594807
0.71500469851893034
0.69237559947074201
0.69228301528459379
0.72364081028404448
0.70903718478871247
0.71593902250141239
0.66655257339065443
0.70971219234803062
0.67417385281283293
0.67701345940610169
0.58028752435238207
0.61134229302938836
0.67955008481640489
0.67470681011881162
0.64010533199910147
0.69991056503482973
0.69225431687505901
0.69263383218246777
0.73084078113347795
0.71700424872744783
0.71840346741496586
0.73889864506837943
0.7050658340381154
0.6445880612796081
0.6856652570019518
0.65983764627351615
0.63882566528904117
0.67053345997725944
0.68724541421935337
0.65438461767635181
0.69314134225698654
0.58677053535104895
0.6469540830949444
0.67839274147445583
0.68119396391640807
0.68813680111909947
0.70068317966588967
0.71901275813870913
0.65919424927943393
0.70440166507183111
0.63244804698358004
0.58480917344815841
0.59507056883739051
0.58156598837662021
0.64394367491520288
0.6770646394055172
0.66447596165574851
0.69698566073225365
0.66325743643808455
0.67503906968525762
0.69636551677353309
0.68020978800174059
0.69898181164615403
0.73059390283646686
0.67935003569880636
0.72070256108309183
0.67927873961148943
0.71205730469036554
0.69944436482917782
0.70101944264076244
0.71018751533071245
0.70756672804366105
0.7064937434616223
0.67323129648929814
0.74404944281866336
0.70681562288888333
0.73522120577300709
0.71689506072762088
0.683371153352899
0.68776600788899567
0.71373432629968003
0.70154838850076462
0.66164359240732173
0.66365057926985327
0.64743007216348714
0.6699204041961011
0.70802039254090199
0.7251205945885173
0.7523420151616701
0.70328330488927226
0.70295007477707694
0.71837685588851385
0.6894546558437471
0.70798319602270765
0.69239616619698441
0.71379556665501509
0.70402846342555425
0.71919037042771206
0.72902854751879975
0.6694355042293878
0.715714091991698
0.7290957354479326
0.74728098101616192
0.73073032124062687
0.71850271141510325
0.70356938757955445
0.67487562521023237
0.73108080060670078
0.7081407604616764
0.72361969312163676
0.71626147835176912
0.72471174233926361
0.70503405345440984
0.70460014712591901
0.71442546268535589
0.72715927305301986
0.6963114975842003
0.73074954885170573
0.70090752263613287
0.74915677097579669
0.7228487680387008
0.69108566919587033
0.68955909730502296
0.73143876039709477
0.68576502767066549
0.71103521390904134
0.71158182170362561
0.7319473535469182
0.69535846270445112
0.71939419469380328
0.73677767819576567
0.70806328393771423
0.6567851040169389
0.74150610298222908
0.69530348731836011
0.67504285561502309
0.73292817126410825
0.67622068880300235
0.71075860788772816
0.64695889843854071
0.69560094256721028
0.68674436368905656
0.70967435883209451
0.68166964316502321
0.68384339828703
0.68921663733006144
0.65462926767219176
0.70881293936876388
0.64020699904949507
0.6441049473405891
0.70596945240509934
0.708844646230405
0.6666168756898504
0.70769165069831641
0.67656725231882231
0.68886362777519961
0.69219772152253367
0.69829544897388651
0.71893385306949942
0.73101442987670751
0.68423797484426074
0.67410006407694922
0.69852972589466511
0.65496647971080346
0.69294803253358228
0.71267932837077475
0.67900090266490865
0.67478138704557378
0.72093325297698718
0.71565484263805113
0.66208680496318206
0.68963664142417458
0.70688022420640839
0.6493398689640939
0.6887110671971628
0.67036797393443504
0.692409079906664
0.68311627171963762
0.66949543301837622
0.63282450207180196
0.69728146578959105
0.66077544180621339
0.68180429040197055
0.73076601142484676
0.66247886781210696
0.67760434981855744
0.64553701971204924
0.68750679551017901

