0.66641043435554848
0.69313348911800643
0.73592787338607324
0.71798799124836243
0.69892676298842726
0.71615475131003292
0.72298693488102861
0.72068313565658293
0.71440749754804134
0.74546862614549425
0.72211958668988507
0.70761602612096541
0.73815693310193042
0.71281202837547797
0.72304419862323555
0.72162051433767926
0.63385886681699333
0.61493603470796032
0.68752111852505593
0.69937584130591379
0.68408023715799227
0.6772154257145534
0.66841140874318228
0.69837866219463285
0.69013107296920428
0.69134283846412015
0.56987846278787158
0.58342482091267589
0.6454660182742028
0.65911587860306298
0.63917253575362409
0.63256596627091555
0.67049514236200769
0.6808735156232304
0.70293323433152022
0.72841495295636394
0.7451368789712205
0.71939380484515447
0.71871200518225853
0.70240766704726643
0.70380288010254244
0.71755163911136
0.70131591508322721
0.68617842369136717
0.6900647067552993
0.68910748303123015
0.69748792877437593
0.71791998368434928
0.68500509956355216
0.69899203114916508
0.69507800577592682
0.69995681914438002
0.73504089964955044
0.67592330299720915
0.72817391846005863
0.73882099842433513
0.73766952147415554
0.71402435071628267
0.69923456039007559
0.73249551729250539
0.7247663610196482
0.66883626388849327
0.70090654987567547
0.67784035746229798
0.71165438696236161
0.73812209849864863
0.74848042395810244
0.70021005550859616
0.71767080705636477
0.71325225147851157
0.70407167103271828
0.71267728269276398
0.74415212036151612
0.68416773088490279
0.62302081214521787
0.68732925788525467
0.71621157274700242
0.71347914883361507
0.71201183941420731
0.69479828626001106
0.69884812269775276
0.70323485237404537
0.72174764245927736
0.72016698031269244
0.73267027465532786
0.71588618684639149
0.70564356834532027
0.68839228604969005
0.69236031927299468
0.73864444288441533
0.65409002209141931
0.69512573729162885
0.74528609901855791
0.71215145206473018
0.68024076655420262
0.69781520936106733
0.62530963816477259
0.70367312909553914
0.71219257467859098
0.68406063304776898
0.7322680669205458
0.70307833797921582
0.71323642643073792
0.7175727144539451
0.69429714877150683
0.70251912328518273
0.70675706416573036
0.66579712192821594
0.67456529917165164
0.67708791072549612
0.66880254475131229
0.6693886833306727
0.67225967617005045
0.60562040785498938
0.49828097933142862
0.64078760768000953
0.68694530350807492
0.71971126020032961
0.7336476275958036
0.73099860070640232
0.72245058497265424
0.73863368187776535
0.72225078015964683
0.71011159549750424
0.67538683481114059
0.67745063749728118
0.65281381758658485
0.72069125675536461
0.7065412171915838
0.69318185514973207
0.72671262799013914
0.71185160237798462
0.6280606129624331
0.66424948536293105
0.66675043893816477
0.64487689363527612
0.68900562347014649
0.67486755419220612
0.68888318721372654
0.66922285828739903
0.66882694577208646
0.69507843771518796
0.64908623910372876
0.71833103940560195
0.70813470350709096
0.73431687493066555
0.72704037540294941
0.70186740987402663
0.68986218187782344
0.70899554927069008
0.6266752580263294
0.64547055660411146
0.68140469485391086
0.65173822660060199
0.67464146506186617
0.69655088919983421
0.66946583434886453
0.68718924787478808
0.65536620539370816
0.6614653403219023
0.6731621403198117
0.70956042251936213
0.68580867178186644
0.72070693196062574
0.68861080997564039
0.66584871346947561
0.68963483774528178
0.63755085236974374
0.70629137914834539
0.6497108837650829
0.67500215934705277
0.69364166125320426
0.67799751451114065
0.69721133067548924
0.69851676903608939
0.69550595896599243
0.67378508485991861
0.70974543347235253
0.67696402558634472
0.66361243714941376
0.67943021139541004
0.54161511115434635
0.6097030515108921
0.65015558591672817
0.69194752416517458
0.65135473227764062
0.72943584801536787
0.71671708220554575
0.70391431237212954
0.72981891743304272
0.71315641589273238
0.69400452943434976
0.7191390320650648
0.69802119592020262
0.61039764251757533
0.69875251776457437
0.67148413567683596
0.68574518675915719
0.71153664013765339
0.71669579124102933
0.72179975568062893
0.65322208698238693

