0.7023157002049133
0.63552524377086561
0.63107750628005022
0.60901110132509462
0.5914070049456851
0.563519722097929
0.51576806274838893
0.52903173923727331
0.58104370757377488
0.62100849013410764
0.66894091899303265
0.69602050661041026
0.62423316087434333
0.65025426169096856
0.69402384986713561
0.70313789300721974
0.73460376559339136
0.6936343293683378
0.67229263079291512
0.67156349594569031
0.71947281796462847
0.71171328690536217
0.64266980892032188
0.65964593248114112
0.71855212634730814
0.67453619605219783
0.69686669771296739
0.63279041008537107
0.63167853452913914
0.66053721278049593
0.70453316582947179
0.68325865715050305
0.69738832587187183
0.71911016823345675
0.74678576081869796
0.73895499023910605
0.70163867790584622
0.67013050276650732
0.72484434607872661
0.73503384044450182
0.6733332295242288
0.71269106353094636
0.74345888228409207
0.69352204538804163
0.70213307765785082
0.67698169030012001
0.71066887635965936
0.70717952635652126
0.68428117840453284
0.65822484774889556
0.67081298473893824
0.65465019889167819
0.630923907037233
0.68438445628055744
0.67672701659778478
0.70175269332879475
0.72902274085677288
0.73627398571008273
0.6834664624439436
0.68830956105738861
0.72842427938251009
0.73704552614536945
0.76178058595635068
0.69038774987941787
0.75260989618745922
0.72829147262964877
0.7118899175285659
0.71139273916350954
0.72575477643165032
0.70637475362194302
0.64142830293508679
0.68228493066165208
0.72624298434647672
0.69826256243847085
0.68563643498021276
0.69421922103626799
0.70279069393150262
0.71986584116803998
0.69405843300958292
0.697124482408087
0.732899867320155
0.71274126079914335
0.62537314882949713
0.60766225214044522
0.66438633520004686
0.64026200571320069
0.59852062116381954
0.63033876903453723
0.57329400126658692
0.60615886446701517
0.64888908049481453
0.63314153840372178
0.61866421962096496
0.6649414333589887
0.652606959207229
0.58860748103739913
0.5915763039362959
0.6903401415400513
0.61927812602349519
0.67400364109085353
0.5784233327084648
0.59994146120775227
0.72626150150976199
0.69712299052273696
0.63415294470794981
0.6636564359071655
0.70069987493326158
0.66798367185911822
0.68090044884581147
0.65592146500015269
0.70783174984753916
0.6352223646515518
0.64871885819237518
0.6649018755819055
0.66983147674165255
0.65530166754026131
0.62393349128549958
0.6443384328588605
0.67073016768260885
0.65331802263882599
0.68758353126994054
0.64689263556364418
0.64498931901865098
0.63861802481476626
0.62779088805546535
0.66664063600579926
0.7006415966225813
0.71104496722721666
0.62595396416218352
0.62258222099460048
0.52656165869683413
0.58523151916725846
0.66378607857164629
0.61716659901827153
0.672820988949554
0.66297581363110869
0.66610004249500088
0.67477686555649841
0.64617495617962539
0.63143837533751235
0.66028250624769325
0.69647411350025257
0.67027514102858687
0.56806612663273437
0.63592851036365727
0.56421647291566968
0.66433065405942215
0.68358666691802727
0.68697119654137273
0.68436796550237322
0.70125889221643634
0.68848896291902217
0.71818971243493368
0.67662998315362555
0.65048665743084522
0.6907200641921436
0.66650939416405863
0.72602613791271542
0.63377721619530747
0.63693864854171811
0.62872468836080764
0.66104726827110805
0.6707863539942035
0.68273276907261127
0.72125602436047054
0.71622107198362239
0.69885000130403108
0.71738371236513943
0.71080445000727688
0.6803437429441932
0.70112082968159894
0.72130341203550519
0.72578047984141292
0.72158323070180308
0.69373296052784339
0.68762838051285846
0.67844676162331097
0.59729853131376254
0.65127065982303156
0.69996308233665627
0.67132804712357197
0.63532324270444507
0.6849713221988365
0.63527893526788781
0.68749977460226364
0.68059462220124878
0.66011122125057664
0.70841412378122448
0.68534357857982808
0.68617916163557224
0.70344435526620464
0.70199322183328072
0.68874543197835225
0.68453589983461849
0.68822946029836085
0.70750430004456211
0.7003841514561755
0.72078257522477429
0.68110287502454647
0.6742905820736963
0.70837890845940776
0.68453529561955595

