0.61027132240788873
0.65425000383904175
0.67314474867159602
0.69949310234805739
0.69478962231602703
0.62721299235169548
0.59019510451444268
0.65250001104497735
0.57524542860483741
0.51870491919208761
0.49849121372788224
0.62920430697497076
0.72803327898203773
0.68658245892905267
0.63408832008569671
0.64968735180019166
0.67088041960833511
0.57323918588027123
0.69284133585138574
0.67311303993298754
0.69416007396262958
0.69913131559599007
0.69105454482856676
0.75285756398840975
0.70998507219936569
0.66185899285636984
0.71180899290895805
0.70295731965200259
0.63253668388257034
0.68644277043897484
0.67632532563065628
0.64439701705833585
0.6466737534306789
0.66646942650451468
0.71406447083603131
0.71438425248084458
0.68710118422880095
0.66312719409220966
0.66734955356186243
0.59794183577707194
0.62273081828447252
0.64447933185544559
0.63275032846070511
0.63001544620958261
0.5864779021050841
0.54910645832336802
0.68651400412453678
0.68378630918728645
0.68700928410236761
0.62497180107111616
0.64126108592085884
0.66688648495098324
0.65927583966572445
0.60621727055466346
0.661364252784163
0.6705482591927362
0.62638518751841699
0.70565015987927682
0.68792007782895903
0.69659743777558825
0.67463548124325423
0.70201664779325612
0.70478953052849336
0.71909083785133732
0.70957760544102066
0.69527993247488429
0.68047235668828299
0.71991577990429911
0.66866840856358611
0.67351972762995549
0.67576169794436047
0.68366482856496413
0.67390438119260465
0.69282693602740164
0.7068719571009594
0.68083029994732081
0.68667475181110382
0.72905182653945533
0.74095185639981165
0.71046793327250846
0.72542027309977652
0.70641339571177608
0.68214190349687487
0.64066011440572013
0.70989611946311026
0.67027271649040598
0.68506873592647832
0.67675372533830669
0.66491612172769698
0.6715992724002473
0.66858420606792479
0.68127426994233853
0.69785061876340615
0.67674666259526117
0.64627202332240496
0.68051033711439646
0.70531324347264346
0.65617526274048255
0.70382166576866456
0.68091992135282897
0.62715343119109268
0.66294205909815773
0.68574026717829695
0.58867392129895746
0.62332769759694118
0.60003386203227582
0.66893636966269032
0.67069754186458952
0.64933297240035781
0.62079043907305165
0.68347437980115411
0.62369023635302923
0.68446234666675443
0.68117258575019957
0.68455878243319646
0.61941158683902597
0.55988020181620834
0.59358567705124776
0.70994880320967402
0.64577109936124555
0.63097201066323982
0.60778990660265386
0.64552016213065566
0.69640512904990315
0.66568679431169997
0.69741000270353182
0.69230852307045898
0.70110848817759652
0.72818740211427957
0.67889922205379605
0.73046724692495268
0.69150763924183467
0.67582242166240258
0.67527322373951248
0.67647638932698362
0.64010686935554517
0.68166075973205964
0.71921139560343417
0.7227800239909451
0.69778376834236822
0.72067606881357404
0.70459107209108951
0.71205991825112225
0.63782897101258706
0.64636368912759878
0.68598971147417687
0.65226622662362577
0.69911538205549351
0.67702798035558731
0.69462769702953986
0.70050332708087637
0.69135920160957576
0.72475059735572767
0.71110118052363303
0.69523998243761176
0.72591242311186666
0.69621506252850829
0.68269318539698332
0.72729581892243522
0.73048428308443314
0.71551442504487905
0.71992263031548831
0.71456253301880113
0.70239119584750198
0.72920645852067678
0.70880317846199015
0.66390477570401174
0.63671911942157722
0.71730615487607285
0.68512401353445129
0.69012372469036176
0.71186702427426629
0.66897015758869083
0.72514167709751665
0.70906113483344901
0.70191794680109598
0.67291064626576658
0.66604898987689631
0.71502494128726246
0.62798176687385576
0.69002772166487603
0.67876518999837909
0.52989029723625813
0.63141505068894521
0.65729926883498191
0.63303301520158273
0.67417941902681666
0.63791535227806662
0.69783414657836162
0.66368476398196807
0.64908597918775979
0.66638385043220183
0.64078111249820213
0.68580425853955285
0.64764154557473308
0.60002680577515055
0.5939235437853303
0.63867811169261424
0.68609427273505275
0.64138144076672565
0.64836500666862718
0.66971845311861411

