0.87228698684063088
0.87288717458515475
0.87373630538495994
0.87562255732794958
0.86894429983078736
0.8670601114059947
0.87241967925411401
0.8743004179246423
0.87222759197795297
0.86879014174177882
0.8659650572212646
0.86687486196278729
0.86312375793165097
0.87366496091906221
0.88007059203473792
0.87545271724872498
0.87438894117073884
0.87748322395202671
0.87185692790359559
0.87100001790442849
0.87066469447865524
0.87145270326885249
0.8570689644593853
0.86894906120643223
0.86810329689426668
0.87409083224446871
0.87103010966128613
0.86550651279153212
0.87430992417627329
0.87227712939167956
0.87115984863534413
0.86949348451429864
0.86905146021561785
0.87364341972055193
0.86675604422426555
0.86016065577602951
0.87304818144972773
0.86218093786875283
0.86543545649010611
0.86935920255627841
0.86792989387218999
0.86447387120103869
0.85960436550989661
0.8720960196427564
0.87344178070303768
0.87307118130501948
0.87220853091115291
0.87657035254747151
0.87693220139189876
0.86031583595752847
0.868564939016508
0.87573463310375232
0.85378468073122005
0.87241185317573067
0.86627645543239595
0.87387758652566627
0.86369793554284102
0.87037021146646387
0.87032578363861735
0.87004093527102866
0.8737234444306079
0.8710439361350375
0.87853780954574168
0.86676174489667446
0.86653380486324083
0.86804378646453551
0.86140417434001493
0.86472610517951221
0.86911913059191015
0.87195125316366928
0.86862841273606362
0.86704791719832697
0.8723804152586554
0.86643862074911915
0.86830956438553519
0.86233446712169803
0.87198590942090126
0.87062164228345862
0.87253683759971368
0.87692727021053196
0.85874181487101353
0.87210290794067036
0.87446267033621849
0.85917649137478669
0.87187090834469028
0.86794206956514752
0.87238443179183078
0.87004014304000532
0.8729171996532713
0.87080648460521615
0.87226051328679011
0.86480556952014365
0.87267409990144784
0.865142373998394
0.8681196841528579
0.87361941661274778
0.87500312294372107
0.86432856393654323
0.87438723447211375
0.87326424198413088
0.87163783461906497
0.86705169216845857
0.87514371531833601
0.87620333917366444
0.87212361757463175
0.86301501465527974
0.85655402480823495
0.8615574735877245
0.87046441154344945
0.87087870074495388
0.876536043806034
0.87328356955712327
0.86331171041190524
0.87169628361075913
0.86945972631135116
0.86754169278820548
0.86700537082436635
0.87026061838490976
0.86541903137279941
0.87632466501898076
0.87309603774879718
0.8713449399594374
0.86454181628112337
0.87076333427704555
0.87073753284544697
0.87435113483453197
0.87418949182196826
0.87164578189586417
0.87006377218188113
0.87239629576890387
0.87341546950696569
0.86455037471826413
0.86911877401776472
0.8654994010625866
0.87127111168985738
0.87306988643278849
0.86756611545235629
0.86652805927978649
0.86150588106444537
0.86858671443403634
0.8643933698509787
0.86265416345381007
0.85927066774956185
0.86605103586568255
0.86300520709645667
0.85319390678553242
0.8686028029609707
0.86979079967603135
0.86927209541142236
0.87652866733989288
0.8690590112439831
0.86727017612470703
0.86147089760810247
0.87014480696371299
0.85937576187367193
0.87070853948733096
0.85843697641374428
0.84850487943563913
0.86068376877434383
0.87016504772890191
0.86329106617377238
0.87228512484467069
0.86796796848280233
0.85880632602580709
0.87423475939439865
0.86968740324555904
0.86847338649829242
0.86900155097134746
0.86768971188492894
0.87554706084354839
0.87330637519524434
0.86944183045484202
0.8758836012728678
0.86181483657725244
0.87404776126713379
0.87557445991608507
0.87310658333584223
0.86750577818187602
0.87591588259011166
0.86801215017255451
0.86843043857967972
0.86538652556552709
0.87028175286665777
0.87155774812903952
0.87069902046681336
0.87593679963190729
0.8677630971420075
0.87478437653386365
0.86201872298692417
0.87971447718632112
0.87437125949317074
0.86423736759246483
0.87573559840611181
0.86733296540664606
0.86588032222428601
0.8674331869713221
0.86870646438122889
0.87508123688521489
0.87063544142601135
0.87672548431369812
0.87287842805236615
0.87410949035860652

