0.87042237696529901
0.86009352130648431
0.87215279236247301
0.87530251393438874
0.86720739727529239
0.86398881052644494
0.86454709529831464
0.8709800025971306
0.86957881856206087
0.87717614035960423
0.86530717156547787
0.87434229471139024
0.86918736916352246
0.86553615650040416
0.8652505596579394
0.86510028855991716
0.87017142617383514
0.86814502958241446
0.87090642065868062
0.87316268711070222
0.87285675640590876
0.85759533601542737
0.86341844617483843
0.87068759785058203
0.87104353930508649
0.86879464865019163
0.87216029492455549
0.87123944136905518
0.8691457112731118
0.86713989622283605
0.87419897222200338
0.87144351234312678
0.86707254374222964
0.87019822734744923
0.86932590017776312
0.87057031623601588
0.87261651426957776
0.87041691996734605
0.86951535723010065
0.87210131881739272
0.87386687843666344
0.86712248852049223
0.86412149657420301
0.87272397506744481
0.85992169391439532
0.87281144913577458
0.86682246166627375
0.87098597818369194
0.86999271605661266
0.87463472223939087
0.87531253545052634
0.87194462123451755
0.86650283774970871
0.87014006584198766
0.87034680592649272
0.86811368056420757
0.86523314773931714
0.87454995670159452
0.87552439656476266
0.86745533552540899
0.87631859643831789
0.87477295128779642
0.86339949137211791
0.87392144859994958
0.87453246730960466
0.86510071647550191
0.86189051689689156
0.8661304926705361
0.87271199988462567
0.86736042743730191
0.86723662483276087
0.86552744004942761
0.86692293871296877
0.87028125956313696
0.87516351440313334
0.86804499376038591
0.87040228129116903
0.87001599714842515
0.86893186223811292
0.86035420142658681
0.87435846133966022
0.86808345781203156
0.86515585126576078
0.87609389741105836
0.86777128196523379
0.87187846797212465
0.86284029936056217
0.85693778526560316
0.87370363138350782
0.87070287241182265
0.86465748406486787
0.86879569662904321
0.87774253088001664
0.86881089892224972
0.86108744553517902
0.86489928107790193
0.87003846198817725
0.86695843594768685
0.87169334030135248
0.87648546356436463
0.868674657222819
0.86860229855376636
0.87329985728433079
0.87522920949884186
0.86919872734795967
0.86660861374058218
0.86007610769525578
0.87116334887120139
0.86733544276079566
0.87165892443354276
0.86993076553960669
0.87782815184493146
0.86870565276245493
0.87298459232908621
0.86953317395420371
0.87731858593734258
0.87163094749916192
0.86954918042095763
0.87033946983876165
0.86850182045555757
0.8658224358564961
0.87169742450204801
0.87377858061111069
0.8703579079025785
0.86642067992375726
0.87021560140368648
0.86638270919894933
0.87154196287671692
0.85942377627668909
0.8621563676640922
0.86114861340324222
0.86194840403026662
0.86567373380519164
0.86527648595375162
0.87355773424526018
0.86130011309583243
0.86202334524563518
0.86297496879865865
0.86904635616368442
0.85715985723423982
0.85434679079332909
0.86795719943215122
0.87579085132619017
0.87327203063121173
0.87725029095693885
0.87114929727796753
0.86580220153167475
0.8714349328306632
0.87296184709345281
0.86697287759769925
0.87444813417691025
0.86757759717255345
0.86289584341758685
0.87252338673316909
0.8717269228999931
0.86893149236815526
0.86625281425379719
0.87099512150155878
0.8709111434569452
0.86759744773781322
0.86808203882831136
0.86887395916806753
0.87025664895466925
0.87110013060220726
0.873305832799665
0.87478751565950896
0.86716702989351069
0.87613200181938844
0.87084557710615507
0.87160829843975418
0.87007210152456949
0.87145410041418347
0.87002699234507996
0.87301667032517516
0.87059989553440409
0.86327727643685936
0.87280140635953596
0.87333826220308963
0.86899359032692536
0.86532335888812906
0.8682276377520094
0.87061530506870788
0.86786189224618404
0.86613670538135734
0.86892433738176533
0.86804247903952281
0.86818035309458541
0.86917625660333253
0.86958284174832567
0.86810512921255822
0.8748481039791276
0.86831003924444761
0.8733586641653881
0.86828809777610727
0.86781968325928827
0.87544286126175352
0.87168514337512015
0.86445365977364985
0.86360875379206437
0.86724400239653365
0.85674361995249948
0.84932305734361657

