0.86666497543476151
0.86981452250984037
0.87398204259041212
0.86636390861692303
0.85565203211834562
0.87307981888760644
0.8743486180396749
0.87653255222715176
0.87183844284214207
0.86983539937938659
0.87005861660578121
0.87512003638356373
0.87350354913231754
0.86718168969945897
0.87276353871850276
0.87215499572637989
0.86470393403962087
0.87735041895188148
0.87438867164189338
0.87234885113939098
0.86956927889751301
0.86755180119194875
0.87296966954054855
0.8717247055055336
0.87323604031884761
0.87299578669274558
0.87430679516544585
0.87248253830011013
0.86672551410272458
0.87175492661154541
0.85790571884131339
0.86593600805640014
0.86753847297724751
0.8758007125067464
0.86984425400325327
0.8707490986529105
0.87552428408797944
0.87451184591728282
0.87302059579413183
0.86384204223633454
0.87818988266314735
0.86976866909472383
0.86983083204211697
0.87014962727741296
0.86823846528493898
0.8712016839052299
0.87110192132767128
0.8626048779169686
0.86926415156173786
0.87459901769911352
0.86601890989648622
0.86886111050609638
0.8680379689736083
0.86558886645999056
0.86388781598702125
0.86705668085792809
0.8695006369434567
0.86162079423119531
0.86339559058766435
0.86981774677945778
0.87536488367405274
0.87261444918537756
0.86378219772679243
0.86204382058110518
0.8653742360351484
0.87030770329051621
0.86578889250332669
0.867561853920222
0.86854801587168085
0.87471623567531454
0.87485705085186016
0.8682679548563812
0.87013152466005206
0.86546399447411437
0.87641551072121537
0.8483212679989246
0.86827354182107819
0.87057152133300386
0.87035730866236682
0.86393306679637116
0.8729323115079537
0.87216026384969647
0.86012915402351264
0.87071512276563823
0.86744967269709761
0.86864616199684785
0.86770280025377022
0.87469350899470522
0.87155022041050645
0.87122307825337031
0.86598723047679083
0.87091436803084743
0.86395489662373559
0.86726862664560722
0.86735420513037431
0.87095949231708814
0.87761500738311282
0.86917575438480588
0.86568246906966406
0.86719932555233892
0.8755564361681929
0.87087716997678866
0.87501019698664606
0.86714412029956112
0.87074808769714773
0.87113864940541008
0.87095861012847076
0.86770379374772411
0.86666326221491474
0.87473451571404215
0.87011755292989668
0.86464624961385061
0.87208770489437804
0.87741382199768436
0.87272344961815984
0.87075823007111675
0.86812815919449282
0.87029888163581437
0.87104073709588004
0.86787338466479202
0.87411454775016917
0.8711645187472058
0.86972945416673075
0.8680711433550039
0.87204423143918663
0.87546877825707781
0.86986390981948358
0.87708427513773835
0.87004349566626304
0.86663992184515848
0.86861296785356323
0.87430473067544323
0.863477150701494
0.87718548981739342
0.87409107028767685
0.85301358241545455
0.8604698655828743
0.85134012539765969
0.8753244950857979
0.86876581108187567
0.87157059957231908
0.86822707081722128
0.87909983389447766
0.87340995939053301
0.8752807912384567
0.86873923852470869
0.86886530762910741
0.86996812471023055
0.86011996199237017
0.87471864900526741
0.87093384699306153
0.86017617392747636
0.86962535675852959
0.87393966932856171
0.8718719230877805
0.87008295517719692
0.87262709634067559
0.87442813829807065
0.87924500792613924
0.87106617687663324
0.86928624073426486
0.87476309817535336
0.87113896540297531
0.87359702249953186
0.86927121148898168
0.87315517547488763
0.87509825581002809
0.86856445662644877
0.86439846990154701
0.8703102073166209
0.86684828980082085
0.87351862604728958
0.86957602837538372
0.8599207594755075
0.872268454129284
0.86941852304445844
0.8715921892829811
0.87254181445818468
0.87129014316341757
0.86801051744601443
0.87889824608134082
0.86302903578404444
0.87301391110260018
0.86736339747004965
0.86616684145561007
0.86963648753864953
0.86738399798046895
0.86931566718100539
0.87234245424063317
0.87485164024645679
0.87543278074314301
0.87288398540717826
0.86351990448448968
0.87015818852226201
0.87430875720028645
0.86290074479153844
0.86876072416531969
0.86835302031971429
0.86874465540198287
0.8667938552480644
0.87499917675023564
0.86678767287100655

