0.87392768476951788
0.87326764811187296
0.86287056105076887
0.8739231996041632
0.86451379573655918
0.86810710376016398
0.86254753657485872
0.87313626528151456
0.86961216823649001
0.86989882012704522
0.86512158908904002
0.8618939268172725
0.85737018563927281
0.86827956463434008
0.86780733606385374
0.86924437594868253
0.86932950167670753
0.87167676390784088
0.86122263645891362
0.87446794458637633
0.87149422824027389
0.87130269810553551
0.8614658345843158
0.87154566273572531
0.87278840439624628
0.86972656810499638
0.86236405464934274
0.87269387306407753
0.86812426019266264
0.86609803464918622
0.87307164633865031
0.87339972409030919
0.86848620176173619
0.86961578474206169
0.87586070786808312
0.87740959591760348
0.86894306997007076
0.87128649754520893
0.87226113764291757
0.86775054139470198
0.87434371752615803
0.86977846432737038
0.86451033623325679
0.86541161764153862
0.87760058591247281
0.86621003706021771
0.86673964887005162
0.8743212844056425
0.86983833517169873
0.86596254904304204
0.858404470383755
0.86258162736856658
0.86338028940287626
0.85539403506713574
0.87169742571253994
0.87173893564433369
0.86719487559649744
0.87416524809273066
0.86547295328561291
0.87284379256814015
0.86587301437890662
0.87041101497989137
0.87883167938454965
0.87446993631962611
0.86604100365750902
0.8531968603005381
0.8641628301547708
0.87013228434308643
0.86902460636825141
0.86470434748903335
0.86046314059205797
0.84323697530725983
0.86785010076729752
0.86743959115913727
0.87110725270654477
0.87208913934353416
0.87214149551235853
0.86650656814453009
0.85951067355665545
0.85882300975278203
0.86660386604875939
0.8545347724373652
0.85707709565814727
0.86185459746453863
0.86579127311982029
0.86265324239366103
0.87401362756490664
0.8652408579456029
0.86709468905437592
0.86527821646942737
0.86935003641946584
0.86635402382166349
0.86323189895420505
0.86683650431055881
0.87403610489805073
0.87293514492512936
0.86982934737356943
0.86623541777036783
0.86469736421118559
0.86913224964136337
0.85643628755884105
0.87207059491490524
0.86901864452013378
0.86471178496837531
0.87074424530600592
0.87170276639637345
0.86956369749093909
0.86729931666315507
0.8677002047878476
0.86599326198741877
0.86598168021924715
0.86496093888064496
0.87066909574725138
0.8748714177245126
0.87046496867029532
0.87290292154709714
0.87623812179071225
0.86040533081912618
0.86567599863654421
0.87480956182875713
0.86523324159838466
0.86519653540957009
0.87052664047423811
0.86503535169691392
0.8665613347720581
0.87070774186467148
0.8662201073792849
0.86978554018569743
0.8734655372742457
0.86814891611663791
0.87087660475148121
0.8649487268422813
0.86390846850399905
0.87004382997463403
0.86276508338619773
0.87203380112567452
0.86819065342396384
0.8623403074807019
0.87676555747735452
0.86608312711749647
0.86098505021654814
0.86564534696954698
0.86784235885315697
0.86926590519767222
0.86896883169989259
0.86670038687287232
0.86570508058819173
0.87465686622736916
0.87250301598087077
0.85359114499385014
0.86754089091688924
0.87040229094218424
0.86817987813578124
0.87012979177286121
0.86169421780817967
0.86843749667878201
0.86719249387008657
0.86103637585604742
0.87186106056095447
0.86514527476661773
0.8715485414307429
0.87764046238571047
0.88049387016698799
0.87031075090194476
0.86951003943343341
0.87513279008177902
0.87193555517442989
0.86924230383395995
0.86721483756307616
0.87573583002031141
0.87330703063469406
0.86739182006882554
0.87519971228696636
0.87628985550986893
0.86320493564322076
0.87196638225239476
0.86914108770702669
0.86765812520123042
0.87431561443061645
0.87265332300548171
0.86899102484718194
0.87075578102369444
0.87545558474475171
0.86712640219280246
0.87164625562569686
0.87229458974391461
0.86920399155562
0.87659933316993377
0.87283925734912082
0.86383577203113704
0.86746139045674409
0.88097192198327412
0.87090084385552657
0.86299704721763293
0.87075200074215964
0.87197128208371388
0.87690319351982737
0.8725953334395663
0.87041512691099754
0.87461281765503829
0.86423179152910756
0.85819422674831825

