0.98160407906413094
0.97914619875436371
0.98316867083853843
0.98310461069860478
0.97980370023445285
0.97777575324509824
0.98220837600610766
0.9812455293998299
0.98196259870655356
0.9820968781689583
0.98178057777203809
0.98043226337510792
0.9818148529580043
0.97999383916270055
0.97668329330257875
0.98218561828322648
0.98148557639770573
0.98071415600788536
0.97763633456089305
0.98038286693438714
0.98216705759601941
0.98427229977412067
0.98337197881418736
0.97912071152222169
0.98243332770603597
0.9802524398200535
0.98183392574711092
0.98019612793918853
0.98192219458726615
0.98069890137532323
0.9814399696431706
0.98165399388776908
0.98053069566835771
0.98276888764606662
0.98059373799492033
0.98168516340193812
0.97962950707852636
0.98209679928550664
0.98447375389220682
0.98083619618070483
0.97930411855417365
0.98285311270630626
0.98379897709305875
0.9820888062714902
0.98120892583828578
0.9817890955409363
0.98214266423399765
0.98241749109188448
0.98230854560818093
0.98230620969033811
0.98162875295347385
0.98010477867322288
0.98160046849053517
0.98364094202205843
0.98174335197783358
0.98247221139546825
0.98275275724765032
0.98363212478139217
0.98151772294298167
0.98214725826354787
0.98141641336093333
0.98039855800625264
0.98203027766001649
0.98077230162899887
0.98398629844011021
0.98245669988459006
0.98078816996894702
0.97955538808317466
0.98224923310309364
0.98346629802460028
0.97926150096098097
0.97825908271378437
0.97932439189210352
0.97971464878082848
0.98202582012324047
0.98288403248365919
0.98085181516258702
0.97871018204238902
0.98171604573260274
0.9820837714266939
0.98094110281458391
0.98261968386113774
0.98167240022608526
0.98168047145657777
0.98182401806432251
0.98534972848936431
0.98103951450196591
0.97732364155313045
0.98074607072840037
0.9816752393906909
0.97961674213452221
0.98104023227529458
0.97961835076070591
0.98190765529997248
0.98203364227511247
0.98040191663615628
0.98007587682661912
0.98058804738411043
0.98278010899116874
0.98059380368896187
0.9808541680801951
0.98153225727312787
0.9775857470095215
0.9807298528130487
0.9837086134961408
0.98245865077280736
0.98003644542796742
0.98351238425560983
0.98211308626458826
0.98280785328928688
0.98266800997612058
0.98168851323147177
0.9823126758764591
0.98074894840127613
0.98112765442645999
0.98202985566374501
0.98459471724158854
0.98209005981027231
0.98076635025724435
0.98095015660784179
0.98092131587586262
0.97931784056368032
0.97768612302127333
0.98353803109423754
0.98178481763795233
0.98220876794407264
0.98232511724047278
0.98229409114038302
0.98130681244888185
0.97954761222066111
0.98152967786881629
0.98069738399397299
0.97794506501698164
0.98337348979447037
0.97980473900928833
0.98144423073731712
0.97863533425559024
0.97819766220603022
0.98195662701792041
0.98192186595554298
0.97980732025670991
0.9785705069902082
0.98008171191355176
0.98086721156667067
0.98147724641054657
0.98415482728569947
0.98112988093292663
0.97965995290610663
0.98183578788094195
0.98287485373973316
0.98087044869303663
0.98265345662585202
0.98190218873988244
0.98083868609835256
0.98359947672008485
0.98223611795195365
0.98262902503626504
0.9795370848621695
0.9836966689470098
0.98174399362523124
0.98190718401831989
0.98067701616553093
0.97924708020425155
0.97958833891151731
0.98131530764218233
0.97912552883818882
0.98111154848642435
0.97874731052070274
0.98254427419462631
0.9823910519057315
0.98326325430153261
0.981383956603047
0.98139461975267639
0.98094689306011129
0.9797699121355874
0.97952614157305828
0.98174799706443905
0.98324880731828235
0.98336537782862343
0.98367214280421356
0.98221006063003258
0.97895340596041724
0.9780840984942788
0.98317784117244456
0.98296476576537928
0.98217703730170147
0.98185300983367441
0.98125076122832122
0.98178099825900911
0.97826338431162385
0.97469573895426331
0.97934393052068247
0.97954601671949626
0.98158293526838292
0.98036591114491456
0.9811518724597933
0.98046847333775444
0.98064196216179866
0.98097439099511696
0.98238608821453555
0.98174837969300077
0.98339757395333083

