0.9839488677217626
0.98349330323561035
0.98285263368571152
0.98260511103653136
0.98271737184667229
0.98079031869176025
0.97999889979395516
0.97735427297934707
0.97890934473309477
0.97966273617400246
0.98150394716753098
0.98134437597303181
0.9809454120738369
0.98161002207210601
0.98018846608531551
0.98000612956928368
0.98183445534812863
0.98209371446883054
0.9833513317596968
0.98079850960869652
0.9794371366661121
0.97971065743314623
0.97796080150745435
0.98211478383051809
0.97995960562592288
0.98085897230792529
0.98052164034671208
0.97986591322110084
0.97846324814668895
0.97546121911736494
0.9769508823257016
0.97950122029772502
0.98341758013457026
0.98294683307814201
0.98175975563107909
0.98326480575443553
0.98238142605744472
0.98029997975690908
0.98125469844838153
0.97966256071981972
0.97967006782833843
0.97849054889971043
0.98309213166248011
0.98404306801937369
0.98419313198526726
0.98315791428310761
0.98222282034949937
0.98283614626064308
0.97988277408088686
0.98121773453032546
0.98145352684966625
0.98227045998143114
0.98270050803422415
0.9829171487106777
0.98102873691904335
0.98272707996031261
0.98118705205951806
0.9818962479640857
0.97975790997813361
0.98411386735749018
0.98062445106782015
0.98349131608922347
0.98325690910680386
0.98143994088202169
0.98080255011418538
0.97905546467011229
0.98240106009193007
0.98133206263375017
0.98281929007607238
0.98050398817034967
0.98072635353915372
0.98031450787623231
0.97885932715355006
0.98278595866762419
0.98231092092790762
0.98289587422720459
0.98142823344826735
0.98263710267821414
0.9805276443314076
0.98307742987366797
0.9839928531256642
0.9834090622032392
0.98054056853674276
0.98306774035570987
0.98151600956216889
0.98357333669737268
0.9815846760423117
0.98213802910511649
0.98125013444040199
0.98324378202908058
0.98249949276234627
0.98087863219704385
0.98258612372824861
0.98218014742504545
0.98106040171200204
0.98140526956974328
0.98180705147669789
0.98227482002241162
0.98197722715536662
0.98388721331551199
0.98002496782318449
0.98012286500725687
0.97969494578914929
0.98123951812912491
0.98129983092314821
0.98171488605503809
0.9844293586835281
0.98282204958568542
0.97954251725979302
0.98132408709427044
0.98103472231596978
0.98282879570303594
0.98214802046668359
0.98364724701293571
0.98329463431640729
0.98134830338764178
0.98057897325227927
0.98039269351370895
0.98306984722958424
0.98229533166280347
0.98222993339098208
0.98255955696950881
0.98341846971944835
0.98191149766157126
0.9803830207970583
0.98236403767608504
0.98104298563757308
0.97971683377146379
0.98231817331653926
0.98234020465257654
0.97983097456014867
0.98250845672132203
0.98136365320369034
0.98379980904919473
0.97971099524410654
0.98312290206767972
0.97979517439074582
0.98241164316039542
0.97913397105623601
0.97804241518864832
0.9828042505168445
0.97943598815586663
0.98155942054065748
0.98364043463983653
0.98121365399660099
0.98018043389780096
0.9802219311829341
0.98111188616848688
0.98195557803478428
0.97955348088625349
0.98014973719245779
0.9828969484640977
0.98271873780712438
0.97960023302532184
0.98130590127336159
0.98013546098489224
0.98080367965391824
0.98162861953729996
0.98066219207509109
0.982907003166548
0.98186816332318327
0.98268915878846541
0.98115682706390805
0.9841802372694628
0.98162529098423246
0.98327403951475822
0.98121535281176686
0.98090826822679311
0.98007295014592932
0.9836158600951812
0.98270727811952707
0.98078354670661005
0.98200415080037406
0.98201682852985572
0.98150061367118324
0.97983462659921516
0.98252527640427822
0.98198149843257854
0.98241236066578963
0.98309234971209203
0.98459450602054055
0.98221018052627818
0.98214813810883761
0.97958202380532033
0.98144338268960774
0.98000651935931582
0.98255017249461807
0.98106116314132441
0.98257970891377067
0.98179927526519095
0.98047440281788678
0.98110433676128905
0.98028125322944359
0.98177024066764773
0.98053612660243583
0.98002419767968518
0.97961271863499577
0.97833302839764469
0.98188596224363311
0.9819120869990885
0.98386806929400372
0.98407236807240772

