0.98018122191126167
0.98171238361310154
0.98215160008871527
0.98206205885298958
0.98284773511648216
0.98079867629375372
0.98012594341443882
0.980671557107194
0.98141168052209338
0.98306535058376132
0.98162292456526823
0.98217848711567513
0.9836052948675521
0.9794143065546228
0.98377129853826362
0.98155500226569159
0.9813186668482573
0.98109416324793097
0.98132188977552559
0.97621682669428589
0.98080909153182028
0.98399565510970066
0.98268427784434442
0.98224939680205792
0.98296896691345281
0.9817686856621558
0.98113863464015838
0.97731101915751029
0.9779232387223431
0.97955231333567949
0.9812364939376601
0.98250951265308983
0.98165614668555223
0.98278202620099608
0.98292520829031949
0.98047243795507955
0.98130062487573999
0.97960374281382512
0.98186858818211342
0.981674231543192
0.98127974052259248
0.98278207924120797
0.97998839024132101
0.97943306572646394
0.98155437185283712
0.97870300085430362
0.97750032447039925
0.98103960917304112
0.98069286773810316
0.98250715486134543
0.98128631129875343
0.9791594228954128
0.98382781385862439
0.98035298002147675
0.98076832844965933
0.982692859593428
0.98125440268898223
0.97923610686502027
0.98339299201374208
0.98216137637650658
0.98085325844785509
0.98169983991190946
0.97996943550302706
0.98136118713312304
0.98285148077137985
0.98395847566906192
0.9810745998854794
0.97979905762251251
0.9817472360862618
0.97800751359249993
0.97825701881502924
0.98181313517604585
0.98107801367650538
0.9814702658277108
0.98164251265964153
0.98041605712299684
0.98174270862878454
0.98251181839915047
0.98313086951245077
0.98025425514344733
0.97839832362075407
0.98239264744984611
0.98143392230738979
0.98084688673222231
0.98049163215876167
0.97792222907408344
0.98192494519702334
0.98103037763893319
0.98179977537714958
0.98166384594138767
0.98304066553619163
0.98176557509015816
0.98185984427501349
0.98225821524531365
0.97855486924649915
0.98207127892529578
0.97788377325938836
0.97809477913225018
0.97786540666769028
0.98002448938825348
0.98352566695917532
0.98290937687684088
0.98383230607464589
0.98353524718099061
0.98274752226377615
0.98046890244868312
0.98045727279699701
0.9770782648310149
0.97903881245865254
0.98187728255100271
0.98168904641345545
0.98260742668137846
0.98198993883149088
0.97810677623002118
0.98176349280565611
0.98252331864221654
0.98209991180978173
0.98234069054097028
0.97926968012833848
0.9788793120529985
0.98032668837335679
0.98007299849829765
0.9843614613275351
0.98090640605493873
0.98303429322736047
0.98264080609542048
0.97862246790709984
0.97885931031171092
0.98137352039137105
0.98443951078210246
0.98219347635229715
0.98142495321823531
0.98054156372227863
0.97853214621689144
0.97631898545216333
0.98004265111589162
0.98275179996369044
0.98122386248759108
0.97961474420833627
0.9839987942160322
0.98107835196063709
0.97861567793941329
0.97965891048651421
0.97701267788214863
0.97788481032720287
0.98088840345616601
0.98142802308882382
0.98260037233239472
0.98245854716821701
0.98089377115924814
0.98117541408088005
0.98306449515841798
0.9816704491185102
0.98276751097366188
0.98209410582518675
0.97740497873181642
0.9753258227097924
0.98227892485668522
0.98189330670885111
0.9802608511045573
0.98029039139143315
0.98125636959818907
0.98071647154504038
0.9792454559210384
0.98080618860811952
0.98066197224297236
0.981126476572317
0.98224546736747542
0.98304028177935132
0.98399006694449942
0.98084731121259472
0.97977278738788887
0.98167371055533803
0.98175757462078539
0.97993128354427672
0.98353884899271049
0.98277194071467944
0.98506984502124295
0.98258277166781038
0.98332984717201732
0.98100437592886169
0.97940756890724512
0.97935655652396181
0.98103609214775278
0.98118097532696236
0.98217544751042751
0.98124481893582116
0.9783129032370238
0.97567886193321984
0.98179701760266014
0.97680803043676301
0.97501067503740624
0.98025039204350772
0.98132077534513118
0.98268270978362182
0.98149927468613418
0.97908833170421794
0.98105985976749632
0.98078059761095759
0.98168729951632416
0.98130089499096074
0.97994260560993529

