0.89941406398677692
0.8872004137517725
0.88739382890826557
0.89448062316801402
0.91144515881305566
0.91382955281325462
0.89170959676427586
0.89710969837751242
0.91299458724566296
0.9151495558646473
0.91129887757936023
0.90413015169861477
0.91430500641695978
0.91225368870588985
0.91791998378415207
0.9034947930337045
0.89814623185307862
0.91141610886726598
0.89416233876259854
0.91249010183529899
0.91627751834716986
0.91520444369598442
0.90726972234857584
0.90669647325045943
0.91270066464752608
0.91560674157651833
0.90000458129638594
0.9124152082973559
0.91633275428922278
0.91194435252558292
0.914680063021722
0.90779431887391004
0.91471827462658417
0.91678315009558431
0.90613546331842532
0.90763938301617153
0.90313235121229829
0.88460379481384022
0.89619147452964332
0.9134935443452924
0.90713565388058126
0.89553620521598098
0.8980537811748015
0.89855895053527945
0.91165567144037452
0.90368526548031947
0.90527340007674806
0.90180258479184583
0.91137004875804106
0.92185115687562458
0.90754667082367957
0.90677896750712361
0.91429658250317591
0.90435006263714757
0.90479384246249661
0.90448701191157266
0.89566180726838351
0.87729363855873377
0.9038469312851054
0.90086814680206384
0.89861095525011614
0.89869242294563423
0.90574217302057425
0.90812343415726549
0.90688111932809856
0.89128319679105772
0.88558783548680364
0.9147059873387513
0.92250558935347671
0.90630110496490224
0.90872357737813136
0.90588859290285806
0.90378146840669538
0.9062962143845682
0.90540364131536211
0.9023120865996036
0.90639839494051078
0.9014679315147186
0.91282696601596058
0.91195518877627857
0.9024247234393955
0.91361957621891621
0.91170540167057113
0.89823797117498561
0.91006110628630377
0.91631336996553903
0.92004718192338775
0.91218100178341122
0.89714204539980813
0.90288024721814675
0.90265589094718601
0.90895711206630248
0.90148826691927886
0.90494118789729439
0.90638570856738809
0.921319728056333
0.91549995027808539
0.91853172920421078
0.91088114179955559
0.90475157514001436
0.89841652762708835
0.91279463329940724
0.91203713534556408
0.9206741909006424
0.90899498419297742
0.90910737132439146
0.90126031546048246
0.92221369826071298
0.91958705584801614
0.9067755633214053
0.90220327666396727
0.89329185072061212
0.89316940312869531
0.8965811877556269
0.90277108759241176
0.9082914458671012
0.90277310963412827
0.90244008715188562
0.90244547949265219
0.89442603265934395
0.88629865917749562
0.89759678999040271
0.92112433430080465
0.88366802594955884
0.88472790584943606
0.88066220761066072
0.90981377713247102
0.91039863672880417
0.8961528894594184
0.90835064806517585
0.91656680816231173
0.91379663206041739
0.91550700345470604
0.91544503469526339
0.91259470086722638
0.91345082363887298
0.90989630782531228
0.91012706690892686
0.91248515732999891
0.91630622172795406
0.92281175733440357
0.91251052223522144
0.91739042267035997
0.92370752472199347
0.9166899128715521
0.90267786906038727
0.9239895074182064
0.90980294388674643
0.92144749467924314
0.90877690565503433
0.91559626619673562
0.90664376060501572
0.91236276280649387
0.92529429573404232
0.91556532697360959
0.91541924790571438
0.91440722748638348
0.89814759898723751
0.9001857389120963
0.91905104176500518
0.90140415889965719
0.88610646386186753
0.88477068691855731
0.90757596813096408
0.91766569041647927
0.92439807632467141
0.91126673306630168
0.91555963681153751
0.89383708732204581
0.91030305552864699
0.88800098153158935
0.90329126363394863
0.89930290061421003
0.87808176947755978
0.90800120039840715
0.90035440674740941
0.90694736964110878
0.90994888943455421
0.91364305331485229
0.90082286678114731
0.91150993813762715
0.91786134968504263
0.89970217305275269
0.90301510419524944
0.87977313941135837
0.87677662559592051
0.8783130060209271
0.89933872494294542
0.9156754794375237
0.92108671577060774
0.91638841176569819
0.91362617437290627
0.89117713757791517
0.89800451578187901
0.88537935737290441
0.89893649176286783
0.899715464347417
0.89348325973797726
0.90163730188371749
0.90884462664658761
0.89945828218899637
0.90711518314479667

