0.90208720700365819
0.91657557404937562
0.92018333637964711
0.9109161931565487
0.89261440832913297
0.88884048943071869
0.89664225671237086
0.89134461028384726
0.89363652964589202
0.9034662245231343
0.89721726511873612
0.89309319256085318
0.89024907381241103
0.87772961088867429
0.90681758706955251
0.91088079916600395
0.91081822348615171
0.90797071193825596
0.89900057942225786
0.90386263118754251
0.90612564672512863
0.90116210510765826
0.9059400490390076
0.9179871652686411
0.92202523955167082
0.91398645556203229
0.89368084507588563
0.91617320812365921
0.91955343811558521
0.91515033587042516
0.9079090480763321
0.92587631166480755
0.92185902310774182
0.90565855927787031
0.90563723662684792
0.9120322055372303
0.91239325801736604
0.90642813371463482
0.9209758546572665
0.91145970851411584
0.90348538954789281
0.89727238150083877
0.88535799221782108
0.89754309426725065
0.90657475615482597
0.90564843758694946
0.91589381054252306
0.89892842686411467
0.91838651803906479
0.90892807179089863
0.90782832087605259
0.89233720088446367
0.88321941410377713
0.90257477488238813
0.90552044486571159
0.90530666559494333
0.90471171150379437
0.91761379297246948
0.91269254887220863
0.91653545433182959
0.91517916288128098
0.9281817235707257
0.91883956673016887
0.90249503120661101
0.89047244564644634
0.90202197460921429
0.90661978988031455
0.89751180527357177
0.90591469771781874
0.89036527599596904
0.8945978322239716
0.90750838876704709
0.89488715328649782
0.90889525812544147
0.91762657885500831
0.9109388679822632
0.90695336351496991
0.90726358730057921
0.90291902941504287
0.92329269258003643
0.91922176240182885
0.90884429147819068
0.91065866624791159
0.91444578351655081
0.92643510591705136
0.91170870493652234
0.91790010440096492
0.92399674231350015
0.92986349755378461
0.91627579882350618
0.91682932657737459
0.9198312846971306
0.90810275446983091
0.92471447305137688
0.92304951302294724
0.92433721744288067
0.92296993484197432
0.91618059641106186
0.91019086093532664
0.90722701400607975
0.90469703659657974
0.91798209845134537
0.9108102890856199
0.91175749026436959
0.9250237500897116
0.91139361501340055
0.90293379972357479
0.91078072668745347
0.90033811222625637
0.9092281111062418
0.91735599628986908
0.90937600696264809
0.92452799761881899
0.91960629674485017
0.91858213032567415
0.91128116486310462
0.90943316410882846
0.91814704651112111
0.91258409772565341
0.9093761032912222
0.92296158276108098
0.90773043107663398
0.91257696485191342
0.90477581031406051
0.90771248755309886
0.91640911017003579
0.90729121303769777
0.90064333534637575
0.8991233531225068
0.91070361678468292
0.91635062009208657
0.903541433546169
0.90758175834284627
0.91313100713247086
0.90598923506024187
0.90352651465043798
0.91353249457138064
0.91434248185864819
0.91357337237243952
0.9235956088470022
0.8931140695629507
0.89335331798623907
0.91924256852878961
0.91747565816706389
0.91050261288071721
0.89595277298292642
0.88559011274686772
0.9149829968491876
0.92080227713266072
0.91273510837628935
0.8932160698401882
0.89609400980819354
0.886928665823429
0.90238602519591771
0.89408648205627461
0.89572135879667991
0.89684658949085028
0.90940994122638086
0.91531597231747419
0.91000484712517704
0.89368875344325405
0.91123071146266998
0.91130090529651553
0.89714593490812433
0.90198496112841542
0.89019802469956855
0.90137394106556623
0.90373550751592657
0.9064383561316256
0.90319426994372831
0.90838598133356641
0.91025941710665481
0.91486613994928079
0.90496648826160686
0.9217514312388535
0.9133772842684188
0.91155164100519026
0.89688652268037916
0.90082794385306608
0.89938298160129149
0.89782100574814305
0.90067618769513946
0.90351301527991501
0.88839037539305588
0.90486978959486675
0.91076106081435548
0.91053347304933108
0.9102546450277107
0.91191440431131565
0.91520221734318918
0.93090127362484276
0.9116140353057306
0.90578310216787838
0.89741836570752964
0.89792664722036364
0.91062051561866753
0.90412688679112296
0.908622534449682
0.91421840698759549
0.90957503550807117
0.91795285254107406
0.91948244229616738

