0.90861565987720461
0.90812994978867834
0.89599540294374969
0.90200875381473833
0.91218657543180581
0.91222377372936692
0.89768837708508731
0.89230769878762473
0.89847300232345551
0.90904880057688719
0.90929420288154961
0.89551232863535446
0.90312747072738697
0.90981496725559996
0.90149592570020509
0.90870180594491312
0.89535432927162739
0.91178682528872457
0.90979048992212963
0.89259689185768143
0.89507101581746729
0.90726656035995457
0.90830370798119986
0.90510084679528358
0.90850219985847058
0.91208644227669999
0.91588966523614479
0.91922931437702649
0.91838378294572121
0.90666333274860211
0.91073383518914708
0.901573987740656
0.89105474469252188
0.90121721705052882
0.90631963105070001
0.90522204878309775
0.9012390130684711
0.90763299997070312
0.89957890413295072
0.91650936711103259
0.8993264813677968
0.89312539785520884
0.90906380459765335
0.91202107138702371
0.90386277342023791
0.90301984796979939
0.89399510887456257
0.908460232485512
0.90566392873429624
0.90373480011928997
0.89795119094131215
0.92181252075818154
0.92436443671222357
0.92524129239770458
0.91085307056379727
0.90443751139512796
0.9185292474226342
0.91181957384250567
0.90424758923619653
0.90881230357853993
0.918712253866518
0.91472017674452133
0.91965244446827543
0.9137102545586675
0.90805568899917943
0.91829065300418089
0.91878820133680617
0.91033801539990777
0.89938189450391526
0.89486008731134536
0.8863807582076717
0.87020353850855414
0.90648838346034311
0.90721396791361752
0.91517401534765874
0.91438866534054242
0.90557007656057376
0.90984785113756739
0.91418123552878294
0.91782875156492072
0.90773974460962636
0.89623601224850036
0.88750159423160191
0.91567188685234469
0.90749634881083996
0.91885444171477193
0.92296048932200836
0.90951555002041218
0.9220652074938539
0.9155748118927528
0.91452500445492513
0.91247618159649813
0.90786216560663213
0.91374507730273735
0.90588648229456425
0.91597645764820268
0.91254700053518456
0.92251122163593935
0.92060380694772592
0.91635530429943912
0.92729392463061711
0.90795914087722052
0.9066290766419085
0.91955930220877591
0.91961585588766748
0.91608877701646352
0.9060363161923034
0.89829829720708698
0.90225797580231382
0.93296512730818304
0.92366635546725306
0.92441478084703654
0.91831325707889044
0.90935117938368637
0.92442496369195692
0.90986816760247879
0.91110073782337941
0.91895431526969618
0.91275929236073439
0.93021909213552079
0.92447894307472767
0.90346962114556495
0.91228096016204119
0.92312046746672161
0.92214034335567163
0.92017941069486986
0.90294450766799828
0.90113500436341543
0.91888452274049259
0.91427273979756418
0.91968592289023188
0.91941662037790217
0.91536640533367331
0.92103454720308886
0.92067469028122895
0.90673534801623201
0.9104459361316527
0.91418822915583098
0.92337523253205966
0.91045227483789104
0.9123816121878805
0.88422152323856951
0.91318359420033468
0.90896504400729305
0.91283373095018161
0.91675627686688388
0.89560342894682121
0.90186065178322783
0.9082655487587169
0.8896738040365475
0.88971191902347257
0.89860055754084833
0.90425992983031234
0.91551128794525405
0.91167865435167028
0.90926275413921698
0.92647661588795804
0.91642730957755414
0.92050530152625021
0.91500125292945966
0.90739164574529585
0.91040447339831121
0.91468659344024905
0.90706139794812068
0.91464873363800248
0.90894134689506012
0.90957264274999883
0.91248664668663093
0.91501764281393194
0.91275944191962477
0.91087260333906361
0.92505224338554459
0.92147876933145323
0.9011930330072867
0.90440657004118297
0.91896313728131163
0.9202455213764521
0.91752087685281214
0.90847271398729379
0.90664422380239618
0.91629101443417915
0.92105871019689844
0.9124971502636523
0.91510791362869504
0.91874848823462041
0.91303954205328064
0.92036234987236698
0.9040049567714975
0.90377413604667467
0.89118555282069056
0.8959949286194071
0.87333032688672874
0.89308702587841515
0.90492953343163707
0.89436429908102433
0.90516345614170446
0.90929526476817069
0.90091327546174904
0.90054517170907211
0.90285556432369451
0.91383205202703555
0.909725827979733

