0.76572880580359792
0.77298277161487972
0.77161133448298969
0.79101218291052666
0.75589701689066036
0.75851373242589215
0.75254949071020327
0.76863727299745399
0.74743797440287829
0.77649217991871022
0.78197398909081717
0.76416093584456668
0.77327869457293752
0.76147561659910734
0.74214524144083982
0.77416990022519661
0.76596908343296966
0.75767140599543792
0.78597663561440201
0.77866963259731992
0.75068116923750161
0.76540825371822108
0.7768547111597115
0.75827958321596955
0.77809383066758564
0.76432246044938656
0.7326172491988755
0.75227812974278385
0.74560040395606542
0.76189689566581287
0.76860616888660815
0.75549048397797203
0.76298356279783586
0.76378756076880649
0.770972688745446
0.75892249350221708
0.74559856606637376
0.7841271016166389
0.76648059104492405
0.7448753644081052
0.76431926744940937
0.74726931914819117
0.75278202817608775
0.77013550672830833
0.73024643770589048
0.72190673426866603
0.77667975378153487
0.78316837467833866
0.76023793419636854
0.78205843942138364
0.75456950494744424
0.79126638982797481
0.76879967418621897
0.76662530605256141
0.74506353098861233
0.74203679748108153
0.7485569501581969
0.74849735396977313
0.76877308387632826
0.77283846687869717
0.77461125167860712
0.76775137832101348
0.76714170817495941
0.7742695592437755
0.76709772099082851
0.77245103685066829
0.76701840634269103
0.77007522862180144
0.760817162759995
0.76571898791863668
0.76751541400930967
0.75690681539258786
0.7489877655061602
0.77069605754969372
0.77383395733885751
0.78289520588186046
0.78633712402234546
0.77853604277171495
0.78132400208869657
0.77441595829213639
0.75749402847079061
0.74226646242670846
0.75695262245716188
0.74221357246745867
0.75804715047175253
0.77621656536804917
0.76913791621588368
0.76982005505430262
0.77284608687390688
0.78417079684170177
0.77799669758546353
0.76390422340582287
0.75404309402626912
0.74309209968265411
0.77633164676908195
0.76697864509234037
0.75852246743720586
0.77263317665189812
0.75038296993666631
0.76608707481682703
0.74634291608708414
0.77817727414590632
0.75160039293127812
0.74093176902657687
0.77390343946312745
0.73439336328621529
0.75261020097280573
0.76726948383730742
0.76829690710517462
0.76254826866276626
0.75853306613501859
0.76220386512566041
0.73549202636679334
0.7559308091447835
0.7626052508223311
0.71496681188687961
0.76296938697030392
0.7540423832781149
0.76255660122800217
0.77723927287353312
0.74574222133145962
0.7566367090083459
0.78072207467719712
0.76935021329687736
0.76761012336920664
0.77282097198038613
0.75911808117224033
0.76917590890158882
0.77242262646750304
0.7589509811272811
0.76222412113839255
0.745605356124864
0.76055610533676787
0.75465036528147744
0.77675864487080926
0.73827419817565476
0.76878858621083568
0.75698864335056315
0.77530404092796756
0.76010079501769867
0.77417571067326163
0.7567941129491168
0.76215546376589649
0.76848010776151587
0.75531768698541357
0.75693120041872353
0.78609276430664954
0.76477714909840944
0.75249763493386523
0.76965378597115253
0.75281184440838056
0.75920537411085087
0.74450244678297373
0.74315650242286779
0.76385237035014319
0.76097126703027751
0.7476320844375739
0.76872905010100523
0.76117582515810811
0.74928219168877563
0.76294502648169449
0.75025050462742326
0.75045761493907293
0.76131868372302303
0.74903413061382251
0.76195264244217964
0.74671802547485699
0.77543343152577415
0.76044829605080366
0.76173543700299295
0.75181067090537068
0.73325508304947817
0.76128274922153472
0.7567303532229005
0.73746749456515648
0.7753283081600032
0.78111765309499459
0.69785054639614952
0.74363339281543184
0.75520262279872719
0.76136583020921866
0.77143500913801433
0.73827778501024754
0.77582267216534762
0.75170281941307171
0.76458557526100623
0.75174785718232251
0.72505918865804564
0.74176979647736907
0.7707223545581301
0.77835274318921166
0.77594943821571216
0.74917281536410041
0.75922063567631981
0.75143010765851714
0.7832727267627615
0.74973745615036202
0.76356596995478121
0.7773120877943922
0.76573261614422439
0.77094546665620323
0.76651414933150752

