0.75710959450017834
0.74358632597651375
0.76127181268359556
0.75942246491930454
0.77747387098399023
0.76900138364727366
0.75157380582783673
0.75544744620268678
0.69407159633796189
0.74955923292342475
0.73030779235505361
0.75021772198252323
0.76058508679601577
0.74565339965942579
0.77140577687625056
0.76466349210397111
0.71049604329880489
0.77095881136288269
0.75849398820983593
0.77240058391207511
0.75956828019988976
0.75732900974635053
0.7776488347320244
0.72942884116307871
0.72737863170464989
0.77225412158164963
0.75876450038061072
0.76959630351893227
0.74150259962182752
0.74577496867466309
0.75545912237422408
0.75412421516079708
0.76948105513501708
0.77338164954559885
0.77027158442403931
0.7635045410787118
0.74290264025524266
0.77441012974352652
0.77346772592755741
0.75570689559756921
0.74954503878761047
0.76119215754045844
0.72971905634233458
0.75751741020845209
0.75573028563371669
0.7615879430853435
0.74708711983357468
0.72674347067358835
0.76516928347165103
0.7660061142420761
0.75691546767959239
0.75193844573325275
0.75193294485318674
0.74915243420189481
0.74814257519079086
0.73629885752788826
0.74548963420173064
0.75954192501586826
0.76564805648405299
0.76735018494668694
0.7600517158345923
0.7414123385423298
0.74855258745441966
0.78057769467215543
0.78318916197876454
0.74453100161001118
0.73842504337736659
0.76678386667213017
0.76879288929441547
0.71694026647311604
0.76496463328017394
0.77423911137066326
0.78092522678357001
0.77724898922041386
0.75795456484787338
0.74447475772368055
0.75902605629337416
0.77170121591308838
0.73816220312104208
0.74035115898676362
0.80333137139957622
0.77629594163649562
0.75964800490273743
0.77507747123189674
0.77381355021688725
0.77116495095016535
0.74650982979116942
0.74436750796115858
0.76074363765911679
0.76566221597303663
0.77792010400460476
0.76944911643537295
0.74831671131535982
0.77758028310367877
0.76289841673887193
0.76467594461424415
0.78376237721026243
0.75338055338397059
0.73934090309988487
0.75188526043128145
0.7806671371261944
0.76048647528170776
0.77610898567882525
0.75877962520794917
0.765675662916532
0.77132346661905304
0.76679032725735063
0.7622238179876778
0.76521485019460955
0.76933015028488183
0.75367110691841066
0.77819810931913425
0.76435526509595231
0.75085895205405528
0.78351139794525149
0.74004442147906402
0.76543805826719546
0.76192455567214645
0.77968842875740707
0.74129267065086035
0.77448456290591705
0.74810976169002008
0.76472289723575826
0.74233828621488596
0.73619176640053974
0.7498535461368715
0.73511515234140035
0.7435589200520879
0.76665975334553538
0.77583302504740015
0.76368385226667246
0.74075594619286345
0.74886879429374276
0.75961487432148189
0.77201359880762332
0.76868531417587349
0.77221308279843892
0.75479147719334694
0.75972117539882633
0.72546365509740662
0.75344204722674779
0.78181476194295596
0.76063271729605675
0.76818100860860727
0.75303509354064702
0.76278839374236551
0.72500151898752818
0.7496038805864399
0.76201625718357902
0.76187257937814834
0.75723367629095151
0.76435011343879777
0.76389207295661954
0.75651194856323878
0.77033153466397486
0.73824477355311602
0.74127578076208955
0.78184878582716277
0.78518971771092971
0.77877539605777035
0.78200210430334838
0.77584520087966313
0.77428512736176058
0.7719790054602077
0.74854142642317834
0.75229282588175039
0.75099729858728059
0.76061645158800451
0.76711229628792588
0.77206009655975572
0.73409424933536827
0.76438756589463186
0.76811620137513881
0.74244781339765908
0.78025605089378525
0.75083169416389939
0.75140533521268993
0.77115520015362216
0.74752083175485817
0.76754053965309943
0.75586382014422082
0.74408785861739379
0.76512602466998003
0.76257674163525024
0.75665060467819356
0.75769709230999194
0.76597169885750471
0.7706347518137715
0.77778048635869201
0.76175851711199449
0.77779106650433483
0.7731264585962262
0.75993265784478026
0.73893026823190389
0.77890591585600355
0.7584944195889094
0.78081317376311699
0.73319987338770287
0.73853300028492985
0.74548314642387969
0.74827489721125995
0.77846943925491074

