0.78173763474965519
0.7782929716054191
0.75207888865851191
0.78822256275556113
0.77924280747790964
0.77131984795815955
0.75768275341389013
0.78021475067487045
0.76794843877447805
0.75318992226592374
0.75684191413569013
0.76496862797972764
0.77761610571850093
0.77100758897713328
0.76348173097107119
0.77767706221707411
0.77455932714534848
0.7575770781659118
0.76641881005989343
0.74950852563162651
0.76594635102777975
0.7714930037269333
0.778619848333999
0.73166863464713217
0.73779226416253252
0.75697072856038028
0.76607508390242385
0.75866843625690916
0.75407668381920911
0.73477030092464624
0.74711962365222651
0.75605871923613088
0.7560367185301986
0.75201975710066449
0.75085180721207589
0.76613443848599572
0.73688456929563528
0.76988888745441642
0.74360554707471549
0.75249299685562532
0.77248438277142761
0.75779355750760446
0.72156074530413605
0.75483807301896033
0.736578018965385
0.74805826038988987
0.73664494494288635
0.7562044076321266
0.75930202155982207
0.73104584746749324
0.77547617590756712
0.76088682132801122
0.77334473554277439
0.77062963033580567
0.78081247973930878
0.72945567024395253
0.76845592568343468
0.78286065577104591
0.75989097548692197
0.76524750117996132
0.76978123244878816
0.75011379414597246
0.75321834175119351
0.74904258142151325
0.77093747989556483
0.75096177088934524
0.76381939508017704
0.76332547517343974
0.75594996900541922
0.77256546179532415
0.77488339296936593
0.75814672991176446
0.75849386653823203
0.76917093327490704
0.76953933488022752
0.77185198596860505
0.74471393971761857
0.75320034362712318
0.76058875409740967
0.73365224093981163
0.73723123936276691
0.78475087629855433
0.77075868688071369
0.76636398319105681
0.78456655958548138
0.79400747329610555
0.76214484238918134
0.75305436375284784
0.75509710869337388
0.75885050297410173
0.75257278855530119
0.76588969365065918
0.74766818150604109
0.75547204089326536
0.73231893889062627
0.77299645967227804
0.76464897198510839
0.77553248298903221
0.76182689125366942
0.76370250954374086
0.74921511130095841
0.75255732419649157
0.76558672027244201
0.76098521417657428
0.78163058065821234
0.75282906509776892
0.76583821172970645
0.74483613636490797
0.75909047380341677
0.79044641176544483
0.77136028245153154
0.77399850615402288
0.78016549687831849
0.77770502700836119
0.76239657690182994
0.77901451625558982
0.77339472220020011
0.76995009060371267
0.75282339643869678
0.76634312987066111
0.77285075412379389
0.76824207399429723
0.72878590367124818
0.74266265246573393
0.76436700281916503
0.75903068071798097
0.77819885876724337
0.75308640967753038
0.75400407994105412
0.78494793549618325
0.77565325653541062
0.74667967428120796
0.74627980273435468
0.77051140453222544
0.73669692683106169
0.77258915085996305
0.77281726022201613
0.76047107166135719
0.7749114351655827
0.75106094914335697
0.77328085961976789
0.77572170250585459
0.78377396404061939
0.75574302044061936
0.72529459576650002
0.7448019333924164
0.74147841256227209
0.77717626016683206
0.77767387734454496
0.76983574482490758
0.77928097206882219
0.73472090834179016
0.75400499962374501
0.76666332995474351
0.77826572562204344
0.74623659196971004
0.73591823006202395
0.7692927719657553
0.75932456428442008
0.77060254421622509
0.77162355486520018
0.76946938750179106
0.76835806613717261
0.76325918150985683
0.76001851122318875
0.75074821581916584
0.74426415539441404
0.75508820353298445
0.77861631685459076
0.75705867516573422
0.75074557976471834
0.72075826532337106
0.75715155450711036
0.76164437293398146
0.77189589597315145
0.75304684416067058
0.73363836257389892
0.74718626926040954
0.77525827531195224
0.77720411127026301
0.75991589311733176
0.7392002537540211
0.73542321953707412
0.77440656613421188
0.7500948157805537
0.73481516551797543
0.74463254836003179
0.76439262460703938
0.77057892971415054
0.79091018709509342
0.77205063012459829
0.77238029242955974
0.79347149811468576
0.75285422318169137
0.76409938468726524
0.75884771385666805
0.75430218389922044
0.77224062217845246
0.76382779096042686
0.76307892317991288
0.74737182448286665
0.75966984038836671

