0.94046918793908285
0.94171020096998104
0.94026258996189838
0.94489262518796802
0.94654756006044227
0.94339396101965456
0.94217716055621248
0.94408193796988737
0.93920037265122847
0.94402869159050606
0.9451036055695603
0.9455733101202427
0.94156408220677446
0.9364267169845889
0.94314411330899628
0.94046472600742248
0.9414626050810293
0.94326311310615063
0.94181518621677018
0.94376451762001456
0.94292899675039921
0.94554916480044804
0.93949043405275445
0.94417948785584227
0.94277991683298001
0.94441371996516632
0.9456324177791483
0.94541251057885289
0.94683488177833885
0.94238747376053567
0.93601374977332108
0.94198359404978016
0.9443764211827067
0.94144563671292103
0.94449921588464802
0.94288777246880573
0.94371174299558147
0.94066513864209211
0.94451193011919354
0.94511926209641905
0.94330826315233729
0.93935176481713545
0.94116593128093196
0.94251913754823025
0.9384465387383113
0.94371938730966953
0.93623166761309828
0.94406756704098582
0.94403948997169573
0.94313349481015762
0.94645416662357451
0.94163648462242566
0.94157334552067995
0.94461046290232076
0.93974243848221828
0.94174002090475595
0.94313670210434963
0.93680608185291125
0.93773313366896605
0.93693542776380878
0.94090109946703504
0.94298783230148875
0.9382176294039164
0.93768636625224222
0.93362449247256241
0.93808162745601875
0.94405121223166522
0.94061613457987292
0.94685142726857885
0.94223808590008873
0.94329382023668551
0.94319469531555733
0.94512963408257056
0.94421307049381531
0.94365920572612094
0.94617400224965997
0.94465137298142299
0.94281231629159501
0.94504790387267645
0.94413862854920194
0.94397072536244275
0.94088232926935911
0.94363757309884755
0.93580579763193872
0.93961798869438851
0.9456574832250908
0.94655853614670105
0.93956494646981714
0.94350961444739523
0.94010259576704391
0.93994442109553866
0.94088085936411714
0.93883036843335055
0.94286974217363373
0.9434334899076785
0.93920919274506975
0.9456679726580588
0.93947912204766804
0.94275217480474094
0.9431588497006812
0.9436932881548975
0.94353907145046678
0.94021396993665696
0.93498927686113442
0.93960390245090153
0.941343892985401
0.94025283221122158
0.94452533217714951
0.94335190396095181
0.94349106352453183
0.93959493674533101
0.94294537197589934
0.94376852167237002
0.94134989943957093
0.94259667861614227
0.94231910272054897
0.93980625933412898
0.9434031278527677
0.9397802754222121
0.93735925668267717
0.93883467290134404
0.93827826590168584
0.94181302351249552
0.92881999817290317
0.92428634740722737
0.93511393111266894
0.93641267016500496
0.93288842138952843
0.92809267149983898
0.92795020507652681
0.93944236570673167
0.94247749239165002
0.94410319030503465
0.9381444010882628
0.94303095486395849
0.93978188214748593
0.94125938955788291
0.94093418856050892
0.94212785956167977
0.94252535656779257
0.94324854297930538
0.94477295926921112
0.93932443870760041
0.94365301014807179
0.94233707316264792
0.9402307422507542
0.94082062379546794
0.94184397233550343
0.93985787241105379
0.941108372212767
0.94116595858787688
0.9418255262444839
0.94391185872093242
0.93186788120034203
0.93937596252090716
0.9441541052261242
0.94418935717042929
0.94438610002582724
0.94628273255164419
0.94355590670051848
0.94562782977511106
0.94213712809394301
0.94180388270866677
0.94305711198085185
0.93876246613775205
0.93970470905972747
0.94419601649589724
0.94341177151008548
0.94173597966416844
0.94156369107606319
0.94315122669818019
0.94423398888152155
0.94206172751390349
0.94568954838124686
0.94327144398569107
0.94208371817435488
0.93509319900719201
0.94091272412606841
0.93958353410037143
0.94133713471943237
0.94086147569698042
0.94055648800601144
0.9421894048759607
0.9445571771921647
0.94022011085309631
0.94550761351579671
0.94391003785021343
0.94038579781884279
0.94298973979342915
0.9460942820328283
0.93954330120938534
0.94408083700414991
0.9424306146437319
0.94025844630622069
0.94522625658699166
0.94718381083989134
0.9437650475750996
0.94391172112047594
0.94195625306084863
0.94232733481257469
0.94189476321287346
0.94171045805308351

