0.93496407526249214
0.93901901321099646
0.94143924000488466
0.94295560721586369
0.9443602455967488
0.93927185138084412
0.94147682860488935
0.94571279610449621
0.94384022172752269
0.94041064458645651
0.94319958707507745
0.94342385707410992
0.93991284534366804
0.94262065371283799
0.94430282536953891
0.94217318838958786
0.94187106672844811
0.93990830047236462
0.93776921422613091
0.94218933756395684
0.93991361458520672
0.94070087536136049
0.93248750324631402
0.94010817140078984
0.93843009739228045
0.94479118547802488
0.94350965226254757
0.93880197957827438
0.94033888053168635
0.93263881270715954
0.9389124153691184
0.94213024976141324
0.94377477408270838
0.94081099362039611
0.94087892245815019
0.94257511809049854
0.94156240574408956
0.94346855734849178
0.94531186484395047
0.94313166508544544
0.94122083298165904
0.94263164684113887
0.93234384616827937
0.93980256784401595
0.93587166412490053
0.94003408149677281
0.94573923620783729
0.94222626352595129
0.94385452394296876
0.94278856645719611
0.94265934043568955
0.9405706987582465
0.94123962813332718
0.94351003940495415
0.94469961060684426
0.94263761757903064
0.93953849340579143
0.94358287413576492
0.93897602153970994
0.94081004972035698
0.94467229865302293
0.94356813857424093
0.9415712949105467
0.9409719841870049
0.94464472054206827
0.9413416224732607
0.9435682298549336
0.94075165419016127
0.94453238137594864
0.94228253865079514
0.9417454658261728
0.94392383663127444
0.9438345246527039
0.9394204898725913
0.93812063177088167
0.93372838002842751
0.93508740047324546
0.94103862184485976
0.94230985201061934
0.9380859751295666
0.93984240935550367
0.93657284280295083
0.93995017389754187
0.94707229628147038
0.94593798795175377
0.94399202109128211
0.93965195215417119
0.94287302497510417
0.93802744454834985
0.9457722415605937
0.94458281550516743
0.94114619407768196
0.94127267070045773
0.94568962685311808
0.94030582109687333
0.94142327807909765
0.9441975677065565
0.94291974797654055
0.94184580856414857
0.94471673851453786
0.9421312964243026
0.94242882190841859
0.94641308584164985
0.94426909117141433
0.94363555983046643
0.94350051547428126
0.9432672298655056
0.94188659048440593
0.94405906113966931
0.9406869619739322
0.93757186725459607
0.93982092295785424
0.94381613491882932
0.93941300454922849
0.94465433411480948
0.94462517767675269
0.9440426787228684
0.94377211717010723
0.94274773835506875
0.9441377321575064
0.94282023712285512
0.93954602477677063
0.94272975841592876
0.94090565376554303
0.94332862049168031
0.94242829161947639
0.94244140992666414
0.94134170573126419
0.9454929497521305
0.94362915208494913
0.94260497742888083
0.93964888839086147
0.94072696497678654
0.93903383173449417
0.94371446745184717
0.94753555056832017
0.94161696341416434
0.94340218874939441
0.94576927487995743
0.94155167433392617
0.94098119238931466
0.94093555316464172
0.9429095220251501
0.94112471849996449
0.94464119780679523
0.94197724226358592
0.94269158322669311
0.94291216628249785
0.93873036347477934
0.94231732693035031
0.94107030664666735
0.94111661741176345
0.93849800116860371
0.94047086162159876
0.94055554158456567
0.94126374102667898
0.93535160785696336
0.94614288165560545
0.94449059826681858
0.94029254618083591
0.9461370066377871
0.94226721221699949
0.94032765572850086
0.94360926677733803
0.94148074244568514
0.94181240882490791
0.93870000866016667
0.9435141512660461
0.94072856315882469
0.94007524673207066
0.93751713902859002
0.94259452437990021
0.94165317427871842
0.94159368136383326
0.94291612636091515
0.94209429632967423
0.94195969352062014
0.94557669969101277
0.94587532907585636
0.94160658693022248
0.93939871602907865
0.94427694327124911
0.94392008503006841
0.94202424487535896
0.94266768344460228
0.94459239614937751
0.94662277921138538
0.94395525581663853
0.9414521287311518
0.94410615802873699
0.94225245433062532
0.94107588431155187
0.94524938617916199
0.93739282206352126
0.94169216453566706
0.93913797515109088
0.94419612065017544
0.93811867917006442
0.94247074344506854
0.94473245003642492
0.94554502127531659
0.9411303436960603

