0.94219162842363435
0.94174626315419274
0.9439293694783194
0.94404485702507512
0.94483150443719643
0.94199323311467786
0.94499258632841776
0.93986183146696334
0.93864900254929196
0.94425010823211719
0.94341549753874732
0.94607119856415567
0.94162540206681233
0.94049226794522733
0.94202656681876917
0.94181174319335659
0.94316362656131114
0.9423236239695687
0.94534482223040062
0.94227837726389552
0.94282412968351148
0.94068842606091208
0.94358161324408119
0.94350538834822617
0.94103188075789224
0.93511549554642936
0.9432635630675994
0.94248762439924438
0.94252892675697031
0.94211301200477904
0.94550293214158965
0.94470633335954601
0.94404481135521123
0.94505558772917797
0.94319709279316932
0.9409130722991712
0.94302909870128415
0.94720929709452606
0.94360022394189447
0.94134587416128845
0.94443921931855457
0.94055605612336413
0.94183514683983327
0.94463672981132774
0.94499603649100228
0.94429722017092699
0.93815069089074887
0.93672354452480211
0.94339449384526508
0.94147658514305854
0.94089593431204499
0.94269830796915388
0.94110035248138635
0.94203924518354487
0.93958961253523221
0.94276981886205447
0.94508534351241069
0.93707753874564181
0.94229689987277121
0.94421556201490253
0.94415575354559067
0.93884094663319317
0.93971858500427174
0.94250202704169372
0.94181519296426763
0.94200951855445125
0.9428954400668641
0.94119652816583632
0.94080188832996758
0.93653686027290495
0.94286996270713275
0.94349129909660179
0.94322463646522103
0.94412279601765858
0.94390181442529253
0.94164911058483625
0.94181983052378693
0.94428140223298962
0.94353373049584255
0.94461349992327126
0.94196728035231669
0.94122008111563737
0.93888581714513264
0.94213287843441962
0.94253977057030269
0.9407195024137468
0.94387888330102121
0.94129962084577146
0.94154375621012076
0.94262995008231931
0.94132171702187173
0.94032068806867841
0.94574268854644417
0.94308639943140393
0.93931227351092972
0.94344981567236885
0.94501241855847973
0.94193219826396812
0.94306519273792921
0.93939540603940164
0.93568867078163986
0.94109802894574068
0.94412808526443981
0.94274045387292982
0.94187398592406146
0.94378520512412889
0.93756001250955068
0.94372043192089416
0.94480930511294026
0.94231671761145097
0.94292990483916428
0.94122476432094337
0.94226305223523421
0.94318502135971483
0.94461623743885514
0.94276533056979028
0.93802446674203732
0.9452395225669562
0.94361346483666719
0.93607987886406518
0.93509196545587692
0.93774718442387328
0.94107651332984987
0.94564541800646296
0.9472533653025843
0.94616562114290359
0.94347388001421217
0.94217956351876864
0.93871774846635447
0.94538789016897651
0.94259239485080792
0.94337460117542427
0.94404377637217418
0.94444769926093441
0.94046837413113626
0.94190683798478825
0.94027901141979375
0.9409105874669661
0.94311349107302789
0.94219873249330588
0.94023932562785661
0.9374925185223193
0.9416308841674601
0.94495491692911548
0.94202951507844745
0.94802078442012161
0.94279666564061282
0.94263875614382531
0.9431345776013681
0.94456662380360978
0.9412353542490135
0.94334244925119726
0.94353434006068682
0.94696736093979816
0.94004422842682123
0.94270291972357645
0.94565330798247527
0.93642978180071801
0.93993098611461012
0.9394577558730004
0.9404756589204144
0.94067131700263873
0.9401306282027414
0.9401481761881465
0.94102566933525211
0.94408147281794519
0.94154782082305155
0.93150388787389804
0.94251880035314473
0.94509829107436438
0.94203624042736389
0.94103883558190315
0.93461141015980409
0.94218193421457608
0.93961212705359209
0.9448583925407692
0.94447362018286829
0.94471032583770442
0.94551829116254438
0.94256433951926988
0.94009053219445293
0.94185760327925516
0.94163640056321907
0.94148568383332809
0.93530086043007843
0.94257909117652194
0.93571088819120729
0.94098425448763834
0.93979900204977862
0.94382966901369492
0.94292529291778782
0.94409417602868528
0.93769721225584735
0.93868549007082691
0.94283367871630863
0.9390722987673481
0.94154929481666116
0.94271546980368892
0.94277609740365165
0.94171182697512201
0.94210228031669907
0.94617939997808531

