0.89914780336442701
0.90265961739323519
0.89505459082742822
0.90203137309779291
0.89263400100840118
0.89647147366103574
0.89670561129597914
0.90128981607835035
0.89938026331784793
0.89904645575671038
0.90453896393847932
0.88038544492329052
0.89734585190449678
0.8997547951203968
0.89506772716536154
0.89863500043754208
0.89743924202287728
0.89766121804158461
0.88396124149856814
0.89573159049526652
0.89379840057982407
0.89145938905288002
0.8864382503786491
0.89408758994338933
0.90158115290049934
0.90247278121450647
0.90041690290365206
0.89898043942109052
0.88944882182039331
0.89023703296880863
0.89813471184775551
0.90619422703104224
0.89952956298904885
0.89734305740391385
0.90560723708821589
0.9049443447157719
0.90140345794847021
0.89807067524906914
0.90726401083947006
0.89582134697123283
0.8909978086219128
0.90228051827918065
0.90030195024135529
0.89632188271142699
0.90243969532063162
0.90205994780185406
0.89439256884312557
0.90085984141829956
0.89671447676205041
0.89703219410382784
0.88290188271244752
0.89559246122555336
0.8887888709759264
0.90393704863903823
0.90058407089052017
0.8962819245393473
0.90062312158986224
0.89817201287663895
0.89858882322321565
0.9051593425555714
0.9021405034245924
0.89582600245676014
0.90171370110275029
0.90005736858644669
0.89468692324185861
0.90274587886888169
0.90168820679154393
0.89291743245429278
0.90196449535574097
0.89920731447363489
0.88500912901826778
0.89917162874052337
0.9006690923331071
0.90210258438897328
0.89197239322456412
0.89520561280890631
0.89779270741521722
0.90018975208588636
0.89485353517222421
0.8995355901157186
0.90178361193111978
0.90124710038914502
0.89984033263118302
0.9020534155991291
0.90695649905684506
0.89858252544043282
0.90055587976070184
0.90139444562106641
0.89897378410119966
0.89417893606509569
0.90187951119663257
0.90104033743103418
0.88437230004305456
0.88013247864974409
0.8995398271971019
0.89754842545328006
0.89929214009064973
0.89785419320353765
0.89588153754686239
0.89763260265536016
0.90105075007254787
0.89076307392018261
0.89558115623393741
0.89548686295174451
0.90860916342756926
0.89374938536090287
0.89700311008526656
0.8983255571040939
0.90549131559276597
0.90834616731839135
0.90169985898512739
0.88918850611356781
0.90450211154488169
0.88902525948247346
0.88705853888588204
0.89951701950706586
0.89913386121994121
0.89844190156343107
0.89850073954916687
0.89556979799972025
0.90296111922233413
0.89774745675027712
0.89187959540595407
0.89816591556515846
0.89576003901111467
0.89824030563289647
0.89666398853718243
0.8931833970341031
0.89479892557022811
0.88305947804588059
0.89995521810288515
0.87930672453415248
0.89605512027818379
0.90388343424164463
0.89959821833739384
0.90461312176575648
0.89421506484591406
0.90011241974470779
0.89276064546602296
0.89990689958748504
0.88461873970030414
0.8936252387653677
0.88419345144948791
0.88946327871474351
0.89705800611926112
0.8894364320871746
0.89754868010016109
0.88807787323350829
0.89089755667594672
0.89996449117219679
0.90254261641090849
0.89073496985278311
0.89905134845702128
0.90238715104892575
0.89823289993375099
0.89968614761497623
0.89821053321447908
0.90379877429991518
0.89910709320014992
0.89228383240667131
0.89987274795810146
0.8945632291647303
0.89492930976265139
0.90027878449264387
0.89937992970474101
0.89036550767705003
0.89540607550570817
0.89530364894552328
0.89860529935774958
0.89731697265641541
0.8997425858861049
0.89809644603556626
0.89993285111038279
0.90222680459241256
0.89880394139617292
0.89807141140130253
0.90384789330003656
0.8988555838741118
0.88468588617038102
0.89795612233224353
0.88856289874791716
0.89458029890002744
0.8940750664000473
0.9045856625606149
0.90729304437659009
0.91035046511313633
0.88964858912690437
0.90019943265006086
0.89699723182627367
0.88688568183888716
0.88718735333204679
0.90179270131221434
0.90083371990035821
0.88616924798136498
0.88229220890916782
0.89695422211796194
0.896361294251665
0.89521957438860367
0.89883212546541691
0.90346525411002809
0.90184742731390877
0.90114213560626122

