0.89984963994065881
0.89469985994531831
0.89747386930711537
0.90294874938724168
0.89293581744993666
0.89957105227897083
0.9002881259751393
0.89987262253590161
0.89974990999235605
0.90405987206101301
0.89293195109016421
0.88421010701311542
0.89893115642928678
0.90676852566735089
0.89818577571463731
0.90773297820379906
0.8995515666119035
0.88985088359978737
0.89973907769612704
0.89699445164042679
0.9054429056419615
0.88950052739327345
0.89676169776539061
0.88969498862703256
0.90070258645695966
0.89636782426368333
0.89779514165965635
0.89951013165262961
0.89659196683013132
0.89712442060508302
0.89831072239178322
0.8969517021264648
0.88953652851064258
0.90349229294437117
0.90186223364598339
0.89353589949556544
0.88929655667504381
0.89619657028321964
0.89776320126283804
0.87973156652237461
0.90107003466471325
0.90148840271704356
0.89622011327741347
0.9023476285428168
0.89996616315550049
0.9083715776711847
0.89975776044059819
0.89571513520438995
0.89069471328298111
0.90855331921165805
0.9015923953420516
0.8989630911048857
0.89492957484307878
0.89781436720619368
0.90373006769676445
0.88873556675635801
0.8981625125484336
0.89451242882403603
0.90159872574371502
0.88647075998263958
0.89951526758811873
0.91058081021666182
0.89501811368054784
0.9031425596232735
0.8936124092596468
0.90368160867890956
0.89541364882990304
0.9029595031719625
0.90114353941424363
0.90068019697952062
0.8933599066586887
0.90797844321208798
0.90810255946460638
0.90448300852507912
0.89661256315997173
0.89905472159091437
0.8976596236318215
0.90252194068511415
0.90666909839938759
0.90866948178878393
0.89963670672013962
0.9070440906824434
0.90434617755923508
0.90051361480148562
0.89621082524501683
0.90495106753750132
0.88923773992804567
0.90496943323737988
0.89742975696508542
0.90211874351335253
0.89581089961921434
0.90444309043389604
0.89339097121515987
0.89905649436988588
0.89977149900973985
0.90404780476077951
0.90431509359885576
0.89553678206182985
0.90423794662041967
0.9029806281596221
0.90502762203462428
0.90419460807700869
0.89365053762835067
0.8885774369983197
0.90243330418740375
0.89423671183416054
0.89349456824883688
0.90377335596991581
0.90073953402328888
0.90471058405164095
0.90013216570025023
0.88552083783480895
0.89508841461655664
0.90034352286123054
0.88708982485247556
0.89985805584524159
0.89878087113554228
0.89286463162631424
0.8927924999913297
0.89896880656364031
0.90191688733683528
0.90010896444352184
0.89551375547173662
0.897677714432912
0.90072009284442567
0.89679659826864244
0.90473659830049202
0.88839880598755516
0.89557679578417326
0.88581401469281384
0.89684766040468034
0.89761387304702545
0.90287542039507207
0.89271407583979279
0.90452832257294657
0.90123105203092746
0.89884808981673336
0.90077518018466085
0.90612026893230724
0.8969182701211712
0.89055265379163295
0.9031525360381053
0.89799822194599865
0.89535464296878542
0.89466575108224922
0.91043999435173606
0.87589213566886404
0.87964833765944339
0.90080836096951333
0.89389010860759133
0.89090590801663594
0.90255946503821727
0.89514572071918397
0.89599539868730127
0.90630253407582251
0.90882786727807685
0.90554733942806542
0.89937108409434507
0.8938807571965276
0.90336753842611084
0.89931072936852996
0.89838013849659426
0.89244131969616636
0.894012947730497
0.90288877232996445
0.89106789409980514
0.90207279120687811
0.90485150192050923
0.90099026601805154
0.8950645116629028
0.89907750449527757
0.88456690142618533
0.89186706441377761
0.89605391294165992
0.88880568970278095
0.90704004799282278
0.90500899527855927
0.89156921407536116
0.90333045037848669
0.89430226077133768
0.88586590762305684
0.90303764314675705
0.90911212438995992
0.90004973140293332
0.90122226465724842
0.89096589884501243
0.89675677938213094
0.88927446981801839
0.88751612607718156
0.89473542763885072
0.90229344303786951
0.89451484996183139
0.8962052842532896
0.90004984730565996
0.89582937865697987
0.90188930503277687
0.89445778137015264
0.90101389066263926
0.90100109093499048
0.90758453349271306
0.89209030429517511
0.89543387525220353

