0.89356997804742333
0.88579178128936298
0.89361125324193991
0.89859312064627539
0.90470249767685329
0.89204673230841525
0.88998815431896072
0.88641747799085358
0.88790132166134705
0.88083237196486686
0.89498799763587966
0.8846464541928668
0.90484044309872991
0.90027131843668462
0.89695464886718634
0.90048593314781389
0.90762756667546862
0.89357768581690233
0.89977645665337569
0.89531602216587747
0.87996869765974128
0.88578778936125857
0.89977618658666436
0.88825332663752798
0.90728817955365981
0.89541123271003498
0.89505618260351016
0.89735539725271296
0.89532748545650354
0.89390172086856123
0.90559045822701956
0.90675192328585397
0.89687260057689955
0.8941850300297749
0.8913955457138304
0.89395724617499017
0.87815662891165702
0.8909057049489657
0.89334276115556588
0.90363748133802901
0.89862846984768474
0.89445207433992346
0.89310180809553474
0.88824986558002417
0.89150185382595171
0.893115405564331
0.90143202233400166
0.89063302967721447
0.89644786075140526
0.90677116102425415
0.89613930165798283
0.8942954405683603
0.89129668636031578
0.89843389246483973
0.89111743325406845
0.90300058679513717
0.90591171639986257
0.88925196586491462
0.89533480305569169
0.88731373813644476
0.89712665817882153
0.90378715377360164
0.88964237763035769
0.89305439989565483
0.89934597176280306
0.88155683447891553
0.8853136798732808
0.89610051041225136
0.90503037541029774
0.89512976420812496
0.89310500682862548
0.90768170110654667
0.9006615180227272
0.90273709224818122
0.89891095771189444
0.90431889161690349
0.89662820600530424
0.90072680280157835
0.91013117756103745
0.89693887783788451
0.90274010885935285
0.89872920820030644
0.90107498459623969
0.89755428374570589
0.90271734657595071
0.90010650606626064
0.8917260413581648
0.89082173321597147
0.89635744000358264
0.89585968368804347
0.90195763698827058
0.89815170361928431
0.89891020946153577
0.89693114367212556
0.88869002817155007
0.89188840814505954
0.90210474281103292
0.89465256006510729
0.9031667291474299
0.90665915545118725
0.903955354085348
0.89490843802250897
0.8894123680549364
0.90375906048417443
0.8909454103863661
0.89745075756336723
0.89938823296608117
0.89653180451971926
0.87756581826155389
0.8735615285049958
0.88236418253531723
0.89371480576811024
0.8893311287779806
0.90363684355016805
0.89642050176412746
0.90173256537593172
0.88621198939907497
0.89253920672261033
0.88889207671180615
0.9039363330835849
0.91064557491652243
0.9058983374739854
0.8965281564801606
0.91113016140214043
0.90372267111196336
0.91000754547528873
0.8945786770406321
0.89418358573901024
0.89356454041673761
0.90365428836947137
0.89600463576496059
0.88966327905077702
0.88456616393578313
0.87635868072770828
0.89373696962244298
0.88601249692227502
0.88054720890550386
0.89819952620535937
0.90146515798740767
0.89517727236327715
0.8954799093323893
0.89343732164455103
0.89915055051580028
0.88773972297780823
0.90332186742475695
0.90068368531542931
0.90165824894249724
0.90025425952695592
0.89253065257973785
0.90326731786748493
0.89843763076571082
0.89764500244233769
0.90647176675231078
0.90644409260307035
0.89592913833275678
0.9023080804028204
0.89850237644783482
0.88984778391484598
0.8915247942666249
0.90346047956341291
0.89486738462279525
0.87477657830205713
0.88236106795557556
0.89400858913260217
0.90028799983302898
0.90405763984086696
0.89934781707280398
0.89890142897670378
0.89716389504732175
0.89547473341032036
0.89752984073367825
0.89658356362094527
0.89910195484919286
0.89628873448714508
0.8970974248162219
0.90348175605803827
0.90012650702320229
0.89857429186308635
0.89575938689593659
0.89298897849628966
0.89763845212223048
0.90188275335857271
0.89752308375971979
0.90001433911446305
0.90406980538067017
0.90309495420143537
0.90182629056997288
0.9049729735363693
0.89142855417177203
0.89342676267800336
0.89852906714756198
0.88859549449596609
0.87023872391086676
0.88934744477970928
0.90270906408489626
0.89846584780487615
0.89087571397027665
0.89545352551200441
0.89189037066161125
0.90479573180788342
0.91001797881664959
0.89663428426834579

