0.84153865995671362
0.83295733971754504
0.83629883693151874
0.82242771628587152
0.82072418888645482
0.84274478919484097
0.83665128627182839
0.82830451452350129
0.83656059011324535
0.82928493281463389
0.84042389654978955
0.83105943071103872
0.8404512908425088
0.83651706872834886
0.83487657785409675
0.83550403281958008
0.83004018705039995
0.84058595866557961
0.82857462263986326
0.84288791980327193
0.83942357257620981
0.84017596566668029
0.83789753557263047
0.83238377175580858
0.83723277605677193
0.82875749527233589
0.84276021075439811
0.83772813311698535
0.84166668406746525
0.84382377779464357
0.84024119624680371
0.8257254675879897
0.83509770486285317
0.83706840301672603
0.84239972934551388
0.83276041438975201
0.83659861115488154
0.84208578458085515
0.83167739953838471
0.83791032012023081
0.83189940820046637
0.83812289257532746
0.82788933649738128
0.82373310436347569
0.83735984056463286
0.84014413136814203
0.82672415833149293
0.8047255512971746
0.83324715594829435
0.83165284380367011
0.8404351080084006
0.83318953346565972
0.84520489751318773
0.84153548144597912
0.81430383249442251
0.83437186940679198
0.83596230930156212
0.84653897315040361
0.84242684566042381
0.83800426815604312
0.83378745271787791
0.83905718499639936
0.84037506439897403
0.83010894284120262
0.8424106341055152
0.83391535987147269
0.83645000122346946
0.84826413582252858
0.8318566068225498
0.83339825732392669
0.841119239937546
0.83377221304497973
0.8353988389616922
0.83544145184542185
0.8323096242482918
0.84060269664575737
0.84066014538472622
0.84291776191543066
0.83818855989627783
0.836131116654803
0.84229979410024813
0.83645660429611679
0.83688139273845297
0.83736814362294121
0.83023531420319474
0.83088408005897452
0.83535184686771546
0.82439240862002294
0.84394316397429558
0.83719352230718624
0.83346105746154475
0.8309955247373727
0.83349064827473551
0.83776606229320694
0.84215736631951299
0.8327453558354142
0.8318289944463505
0.84759930599275179
0.83685894171910169
0.84230457033314066
0.83867061850867819
0.83709167841563381
0.84725295918768639
0.84084858873007617
0.8299242195550306
0.83431241853371463
0.83766852228631561
0.83712052848228469
0.83500810172784912
0.84322818425544732
0.84212716418190303
0.83872238147592415
0.83736174390057772
0.8315186754070033
0.83930562505903916
0.84246404305918132
0.82673967783356839
0.83737887023798419
0.84527990817902787
0.83607007710939862
0.84543274944405078
0.831989261731094
0.83601258991525995
0.83719192849850854
0.82786588712966602
0.84159639722613799
0.83996595354479042
0.83392810444603827
0.83764030877564533
0.84342176211641606
0.84699697895509873
0.83972742040466741
0.84956324873561906
0.84494220835277567
0.83291920685047083
0.8340527569143914
0.83590788492705748
0.82905787081699911
0.83269280585798533
0.82681038138275353
0.8331375710133766
0.8224122167049831
0.83407269353669344
0.83939613045409323
0.8394149871142067
0.84138576702124901
0.8341178458087859
0.84306268584789013
0.84439507287384896
0.83782897687064828
0.84292898333602029
0.83764651195428586
0.83472253747629865
0.83715677489721663
0.84446827448214412
0.8477340398178389
0.83847691723026629
0.8389141318186718
0.83140549956621923
0.83087823076762313
0.84030213308115753
0.84135874841679947
0.83440075867013019
0.83948555125760616
0.83844594165411046
0.83284496767993188
0.83909066579691916
0.83705345227132333
0.83234977221774831
0.83677808536629172
0.84120732437916457
0.84236600801948958
0.84169161557183547
0.84107916184586662
0.84338966693156392
0.84272596799663202
0.84285458708006622
0.84268398097146113
0.8317184260930528
0.84364893773162242
0.84529875150788947
0.8407865057836591
0.84081554022568405
0.84147335612068475
0.8312403583479443
0.83391132864329931
0.84012230533493459
0.83748231595425504
0.84747718052788168
0.83720546751137548
0.84188901102102276
0.83731121069415171
0.82948380823707091
0.82890235753533015
0.8393121402082433
0.83985638931915552
0.83701654007569426
0.84011157978923756
0.84879323854782374
0.84032748896598597
0.84381884873973745
0.83925535671211626

