0.84116454710898458
0.84663448620706838
0.84135547057605675
0.8305723837831378
0.83215671285398707
0.83541020402956956
0.84383987908117142
0.83586174310159278
0.83199385632695433
0.83692500590457353
0.83954713207396603
0.83117023797367884
0.84615106428320719
0.83737761156019741
0.83371960031528713
0.825212373111336
0.83245295312139189
0.84194941328968897
0.84020845486559959
0.82611956564267752
0.83573582124939172
0.83580796448340322
0.83951846940093
0.83823557949457272
0.83815210083401892
0.84504438814139482
0.83924420157798585
0.8336503156401508
0.84069750127719067
0.83934665925648089
0.83681041859554339
0.83514003611033816
0.83372847418769191
0.83717852342072185
0.83665665299780334
0.84058932731810365
0.84078587390540893
0.83648684237934468
0.83394242530643503
0.8328254749124604
0.84369656498810042
0.83693386828588656
0.8343192830897681
0.82759420967993602
0.8284922482980972
0.83917339688313597
0.83102336747163263
0.83189995901200453
0.83636437360615268
0.8345349183629226
0.84237171202480965
0.83307333044753706
0.84438500676542549
0.83711073845785244
0.84319013742502857
0.83874570480236355
0.83884878997344725
0.83946647347620562
0.84565300637428853
0.8385683739119042
0.83276809794255158
0.83539859992462029
0.83432143933284919
0.83558930189153358
0.83246557219224093
0.8370815705353023
0.83667889547925633
0.82967866692888981
0.83603275770410201
0.84533337498308347
0.82670133454077532
0.84294079470895711
0.83969254293181894
0.83708947088393504
0.83297761884687782
0.83654990981582766
0.84267062005720961
0.84055942811091244
0.8304413728318254
0.82471425580946489
0.84130388549111979
0.84255007231423995
0.82399683270481594
0.83499777493620564
0.84066460930547116
0.83942318874502464
0.84059713753694676
0.83754346150061931
0.83531704033488607
0.83951759765509859
0.84012504379864117
0.82736107305240036
0.83693895164804133
0.84064240351437125
0.83104113416306902
0.83393155455492107
0.83697734786514366
0.83724798172181036
0.82645149935932427
0.83415028813923509
0.8387164712675822
0.84378819694595486
0.83419069829244819
0.83456153459629923
0.83644993773468956
0.8369901881545756
0.83728333555743106
0.84626130073379402
0.83883612986910228
0.83509750766877133
0.84134111897364794
0.83544818792247477
0.83093227049893126
0.83355853237336741
0.82776041591238936
0.84343430815261566
0.84576750639121823
0.83839869065801276
0.83381527183684634
0.83491691974515458
0.82326418057651041
0.84094892235036456
0.84300159983844325
0.83820324387590472
0.83115814730415583
0.84222845292546589
0.83229023311791939
0.83606071891532996
0.8467663042745196
0.8354250684292448
0.83936888883125893
0.84076282600491659
0.83272581879257723
0.83808553487531479
0.83315935641850292
0.8350807648664027
0.83916511549474049
0.84604557096244204
0.84277091111902269
0.83157999523627402
0.83982710274655148
0.84113265104832191
0.84343182715796439
0.84337591536686607
0.83449043640008402
0.83346198788437886
0.83003242668291566
0.83354415817302108
0.83047133854672417
0.84261292821270406
0.84307054988100161
0.83472905643574291
0.82711686891296177
0.8390565939926059
0.83355723111341917
0.8442140213277064
0.8308850465317198
0.83571962810742506
0.83427667701321084
0.83787483773767901
0.83658810179738785
0.83867515893621558
0.84593657965078162
0.83102706717780717
0.83372079438731617
0.83623990835137152
0.83107998444849873
0.82834608147722177
0.8388609909726048
0.83256434758513531
0.84267802904044298
0.83107497267506658
0.83660342975371016
0.8353797611859719
0.84035801118668418
0.8400414744468605
0.837681251346023
0.83669006004176882
0.83905740185255029
0.83759947448960237
0.83875726739679068
0.82583876167407744
0.83906250311009944
0.84374259724620693
0.84108319058578884
0.83385259779150489
0.83952220704489644
0.83842592739000588
0.83670152520275842
0.84211956842820979
0.84172002595042839
0.8431793066825114
0.83450398734045184
0.84133111063020294
0.84020879336975318
0.83360283887599174
0.82758018289880375
0.83991419902923725
0.83582493516605338
0.84809076920226611
0.83112397407446093
0.83499200574664778

