0.97248943210947825
0.97205495146734744
0.969933595336821
0.9662861786554845
0.96805970274399766
0.96972954530168542
0.9719225723025241
0.97285768770126479
0.96916793577503002
0.96947015776029399
0.96656458122519584
0.96637834006821954
0.96702626966827565
0.96416503957604982
0.96848891779055057
0.96948734321904551
0.97010603218818892
0.97064033311861675
0.96787024749154293
0.96932272300761535
0.97044651458057907
0.97090204106463562
0.96906496720406365
0.967085811175597
0.97111558124588282
0.97270827500001456
0.9696601170914122
0.96528048850476289
0.96311182776501425
0.96489034511104743
0.97077641647212165
0.97377333110463571
0.96962695162149826
0.97032733513723535
0.97136089074369014
0.96934974407318453
0.97317728905589151
0.97413178746177942
0.96919326599539002
0.97078009580993019
0.97123106216215549
0.96937435446455944
0.97272928336300657
0.97236329459006066
0.97387382409802881
0.97129712494563403
0.97116586399409999
0.9737299374232059
0.97161469326774519
0.97043658354735862
0.97279261877682222
0.96950485695113353
0.97115388403433667
0.97208544670434038
0.9721016188935383
0.96614426018306099
0.96935144748517688
0.96403306139118172
0.97008875551910301
0.96880345230189824
0.96943861489082017
0.96662760338239206
0.97331460766750411
0.96888173865391403
0.96759146682452157
0.96533175772651125
0.96582172963719459
0.97251679820408343
0.96784182423692577
0.96803851766796889
0.97154944204897564
0.96910705040894929
0.96463023453632157
0.97121695565256161
0.97269026736138531
0.97210130847158349
0.97101678369243161
0.97264694168890642
0.97171048901062484
0.97576530284117491
0.97267150380010281
0.97043783984512089
0.97106738997584385
0.9721570922044046
0.96843300475001493
0.97091153483375958
0.97107952653513929
0.97233832726923808
0.96799809146628246
0.96978921064516099
0.9697885739077452
0.97200637848404936
0.97266863009466509
0.96740565873821349
0.96800978790313619
0.97139512785225512
0.97274012199353921
0.96984969654595476
0.96912903413463469
0.97155519025599002
0.96983488581080224
0.97029722515326633
0.97060798387543579
0.9689589382086593
0.9707636963790105
0.96825273177904925
0.96981416552266997
0.97277781890261805
0.96879231094447282
0.96991400779013548
0.97223929038369139
0.97058624086845535
0.97399059542197675
0.97232207296783746
0.97545587077924534
0.97221821625083471
0.96922164399742106
0.97009437711528079
0.97315468482986689
0.9714460853007808
0.96936169427810204
0.97261835919949835
0.97476814555588442
0.9700555938350196
0.97227957974201651
0.97296857137933257
0.96987601429520942
0.96557046341074215
0.97202247345373904
0.96776857784627746
0.97437365052382074
0.96280267194135738
0.96496077481570519
0.96906810109973118
0.96940168312221742
0.96801950150348848
0.96633772794175343
0.96873044168349276
0.97181703438815836
0.9692572667442928
0.96603015489285116
0.96955716963370553
0.96922958495091815
0.96977910142686519
0.9722908267666166
0.96677963484133067
0.96963258876656566
0.97085794171434103
0.97255544623525969
0.97041313923299966
0.97035379582469827
0.97191269032681049
0.96710351782963278
0.96865789375025557
0.96838287040855586
0.97382682030481893
0.96927992874756408
0.96834370982180074
0.97002616308351264
0.96810202528328537
0.96930115776292525
0.97070397599672609
0.9717228141850931
0.97108440404566509
0.9664480527319238
0.96692844963784985
0.97044905172820595
0.97610725868737813
0.97247655337694816
0.96994630896186407
0.9694789700205082
0.965875566096984
0.96710432712749217
0.96649263244884565
0.97030245856234387
0.96553430846847521
0.96741709513441898
0.97308142870491843
0.97318621151687545
0.97103581625504298
0.9692249092536761
0.97190733205097213
0.96783193452077143
0.96926545243486428
0.97049083497666921
0.96947108268109838
0.96704861685647125
0.97049520638263287
0.96527522485709261
0.96687593883032708
0.97148281537994863
0.96979447337414837
0.97092016459731267
0.96878742085479363
0.97021788097017259
0.97083232244672846
0.96635929033100132
0.96870413107143116
0.970847575981023
0.9712315046946931
0.97078964056223604
0.97271102474489124

