0.97262033877220155
0.97404698470471385
0.9673457504839128
0.9677945618762398
0.96476283737014012
0.9690304621851098
0.96926728032306742
0.96718441525930421
0.96804337717807754
0.96524982803821913
0.96898753687265515
0.96817693024688511
0.96815687903581915
0.97334885631173473
0.97235398997023337
0.9742878063369752
0.96863385685890491
0.96835951412947707
0.970067050692898
0.97162452136768807
0.96943274526886247
0.96526757006953623
0.97006790712188895
0.97453479891163119
0.97112364110755334
0.96862642565120061
0.96893002994952626
0.96956303076502204
0.96347095285623063
0.96573900376696842
0.96647182449320457
0.96970472560927778
0.97107709762694394
0.96435525049913406
0.96786749987009824
0.97160134746392557
0.97115768659442769
0.97065686853316735
0.97617314169092573
0.97067381733518932
0.96895515093435991
0.97347237212042814
0.97065760965583947
0.97304372422606722
0.9646677738323477
0.96862456711000977
0.97331699082818046
0.9742953972326891
0.97193546820715926
0.97377283187639829
0.96978984742311747
0.96666250424883493
0.96888697561626858
0.96515083865448625
0.96727971986512273
0.96803220258271772
0.96724098753562615
0.96848590117250355
0.97068933674848146
0.96340202649846585
0.96773877533059105
0.97078018763510632
0.96665316309335381
0.96662619654823745
0.97127341654728816
0.96961778777165419
0.96793788852278395
0.97144765524730969
0.97091880410659925
0.97037616892820877
0.96946083485431589
0.97129036904197863
0.97327941905203741
0.97430544630307192
0.97130133846032296
0.972132120687762
0.96994475053993967
0.97054196015370808
0.97431155153129145
0.97238681672654725
0.97659479534743021
0.96845550105106148
0.96835064827070394
0.96675769957609126
0.96953090294047939
0.9717035841666859
0.96705121191733201
0.96816174724500093
0.96626139259640453
0.96689901662886624
0.96953544529400082
0.97081849954721189
0.97209859961188982
0.9748955746492296
0.97400669283933938
0.97358532432385581
0.97077238305037572
0.97162473962550311
0.96887777673040132
0.96609571595035226
0.96512942495984311
0.9700480145776863
0.97132848497825863
0.96860012865635736
0.96721190723633976
0.96791792327558357
0.96962463400518351
0.9725475027906082
0.97164704020725801
0.97204740751110896
0.97313145766647025
0.97241535069873031
0.9698889494169779
0.96707537497848339
0.96736190457295068
0.96113663440370012
0.9585315642760075
0.95307440000705024
0.95811094952566966
0.96113088845652273
0.96556345602560911
0.96703798877753877
0.9632225370454085
0.96495262678204119
0.9613498664123914
0.96832636615895251
0.96867290676759488
0.96317036016682955
0.96484249353621165
0.96380414133625003
0.96797916963347297
0.96789564634734027
0.97173815540062236
0.9715900477361491
0.96813516806954281
0.96772578164452572
0.9701123523002958
0.96843197642273959
0.97250594155241277
0.9719657341259631
0.96871406598751331
0.97052196384579137
0.96826136888254066
0.96897092314902655
0.97197232173568426
0.96997103192837975
0.96652067054770407
0.97037594845344599
0.96565926047777928
0.96665276016707824
0.96905458996922811
0.96718477758159593
0.96661658417970897
0.97296138380036568
0.96940902134227425
0.97247196583191819
0.96999224276109941
0.97069328675264432
0.97175283391381606
0.97005419723992214
0.97140557711011821
0.96884296650231649
0.96857077159264227
0.96991409687819841
0.96973045687041803
0.96463454386139746
0.96719468603859426
0.96839081994821052
0.96947829549640319
0.96912631839650087
0.97082264506777771
0.97155866058582707
0.97114834297381114
0.97369108439036423
0.97226091620237509
0.97041729745119676
0.97105209408896187
0.96964652186190581
0.96925332094998273
0.97173971407745807
0.967933491228956
0.96954977901532235
0.96983400797404096
0.9653800241717283
0.97017391610037995
0.97400501277053064
0.97415818413674615
0.97404009662512736
0.97309151962694818
0.9721809622576647
0.97243104295993532
0.97256053274432597
0.96688773867712019
0.97007729394061493
0.97042354987322044
0.96696862555927687
0.97534318354603555
0.96886999163556842
0.96882446580415327
0.96890869211778363
0.96866773084390145
0.97068941499661121

