0.96809926723284956
0.96481327719238397
0.96682361510433568
0.96134756968343971
0.96554055334469302
0.96687364054008851
0.97059080087666916
0.97002631231017111
0.97387042238831611
0.97086898415041512
0.97159027020390876
0.97301283438459174
0.9678344778780843
0.96778032278556292
0.96982156517225138
0.97225052859641037
0.97408817084744936
0.97130753088160104
0.97265846088426555
0.97146732382610368
0.97366746878971944
0.96928116358550265
0.96234293882455035
0.9630602396143626
0.96050714398883452
0.96852838144593989
0.96873793961086963
0.96640603805754355
0.96916846890847463
0.96890639200095086
0.96929478035011307
0.96411465639105964
0.96675477722841263
0.96958401622532475
0.97290699829487282
0.96616298335890305
0.97011522431181374
0.96954735497442512
0.97085890333936553
0.97048570160044756
0.97017302172729669
0.9642692718994833
0.968182372684258
0.96490111112500387
0.95481214666282566
0.96305666968351378
0.9639300533588181
0.96578839357227586
0.96801731858547158
0.97292756710324035
0.97201298734462716
0.97092917278123014
0.97223055859514407
0.96795932340025526
0.96354680610235666
0.9673034089803163
0.96575890756807803
0.96421666771633774
0.96470296508060838
0.96765073030337601
0.96764330740993287
0.97181766042976203
0.97320347584311251
0.96898083984660122
0.96801472400745125
0.97243453626192755
0.96908901191357788
0.97207489336622788
0.96923827151191178
0.97261210477679561
0.97470899345716122
0.97240112841577486
0.97343591613446889
0.96962169141269938
0.9704110972811153
0.96847711187576779
0.97260834257208406
0.9666247325630658
0.96660660343736271
0.96673729599009184
0.97022848262538308
0.967448749671043
0.97077453439476569
0.96799422701239846
0.97193489614699169
0.96660345911338541
0.96701220147292366
0.96411741212058655
0.96266577847746559
0.95671453896847891
0.95490432234624867
0.97056931535428936
0.96754488378213621
0.97267929124375774
0.97249309190201549
0.97195682154858187
0.96973658997303058
0.96627181227055869
0.96697742651490759
0.97118819848463189
0.96867280489973062
0.97294352458863587
0.97105189451323293
0.96812259035920556
0.96547563537523484
0.97221442177027395
0.96904286808130091
0.96992589899572856
0.97180830088464432
0.97151274752052208
0.96692239292303417
0.96550356428185713
0.96202520130486135
0.9672825107749532
0.96897287289756362
0.96998278876427857
0.96899493438300299
0.96569662550273072
0.96885740964979072
0.96901826814868652
0.97321858953733764
0.97415608485756111
0.96611898952462116
0.96419464651892406
0.96341898921292191
0.96257823896884043
0.9637496005148507
0.96798635560945168
0.96649787655184671
0.97021857776058373
0.96244506162514443
0.96354109006050592
0.96886035546790583
0.9663872078000928
0.96626654734960926
0.97044414405230883
0.96994155581222119
0.9698038965328758
0.97340982883936022
0.96932813000061069
0.96738700064216965
0.96538347882802222
0.96868378042423375
0.96965086760503005
0.96580163278732811
0.96959506137980644
0.96715061628698351
0.97105908396358465
0.96981839232508193
0.96524265660517961
0.96537348451954486
0.96085963560279763
0.96730223719122299
0.96709707420486379
0.96698179622530445
0.96605056745150542
0.96060816838795282
0.96286792201338012
0.96115953516649788
0.95948759805365147
0.96583425347972529
0.97082441626515925
0.97276312647988128
0.97082316121914336
0.97038476371110827
0.97405505730219721
0.97062950388283975
0.96789575865836408
0.96932168844227407
0.97127925074436738
0.97460753025264668
0.96908335595255446
0.9709295529923504
0.96900557038069168
0.96973069523810818
0.96942601636088821
0.96956989482801359
0.97273112384656624
0.97037725617912751
0.97474712161601162
0.97283800473072946
0.96663702264455287
0.96731782749572159
0.9674841671765998
0.96875754820441751
0.9682826017643702
0.96972237273667661
0.97508491585101442
0.97082732633750568
0.96615348163852821
0.9718574949894867
0.97006798198820021
0.96726465901314129
0.96430379666471155
0.96720907652896082
0.96675645533937093
0.96647079401914393
0.96570433940234068
0.97008997598313307
0.9697161683511033
0.96690099785519945
0.97203533722102498

