0.82790715275340465
0.81313387842848084
0.83941830833716491
0.83392903009977448
0.82572463234674398
0.82510646050200542
0.84119727676713141
0.83181766381074451
0.80914899455865785
0.77918647667106267
0.81293419831244373
0.84215170547681661
0.83045096810703034
0.83170260645523142
0.84116388698994027
0.83374229176168446
0.81737596694539949
0.82858960000814263
0.80531953977792736
0.83079472511875729
0.83539344160441942
0.82415601389615589
0.81928123312180601
0.82672997384086688
0.83502935336232742
0.82770704660837602
0.82614342570963351
0.8502714292832757
0.82231401149103578
0.8201121114915676
0.8224634003714254
0.82001963394593724
0.81937171091131922
0.83177367364545796
0.80230428198274217
0.82664840498505721
0.80626065463236052
0.8286301284756773
0.82741147849591057
0.81956266132745881
0.81984201438960658
0.80024992764341496
0.83645529808133157
0.79562330100367484
0.82727381810456324
0.81742555138546014
0.83133504552825976
0.82630822194261955
0.81196394660766247
0.82808832809831512
0.83752152153468662
0.83222937190878188
0.8288769787112038
0.82552574822167402
0.84304712056334596
0.83971382075668777
0.82598866322163578
0.84508566932639251
0.82610994816999517
0.79953938755513554
0.8317999676718022
0.82276001057134607
0.80908572831253811
0.83777595407186212
0.82522154580411189
0.81264638852723514
0.82780878907845468
0.82813579752141353
0.81535676394433221
0.84132782996992028
0.8208681611685138
0.82730509611433978
0.81358762995947431
0.82187021598609833
0.84217359172132567
0.83057239266765681
0.8175112642887834
0.82515991067519112
0.8353573818946618
0.8175616511199626
0.82210941277894933
0.82187064706831503
0.82437425104131246
0.82940506319345952
0.81657759153740117
0.83041852993680065
0.8343822780082365
0.81559208484123613
0.8285390412051149
0.82277863865936907
0.81914055249395346
0.81239250746088942
0.80745831166918114
0.81561699540814114
0.82576176282759706
0.8152230912688192
0.83003932468315922
0.83128237687949258
0.80649976465089068
0.82251226457864013
0.82601220713741341
0.83526717202168121
0.8313279567324684
0.82745976398236509
0.82985425401270063
0.83475075359069051
0.8190959542550923
0.83369530535551173
0.84298676889907742
0.81963355366727242
0.82297202100127576
0.82986956577289139
0.82542915688782459
0.83683424271058127
0.82044965756954813
0.81343130716422796
0.82744943016154127
0.83981999589571121
0.8241440634109064
0.82378052914393873
0.82777929692349028
0.82524037182630516
0.8317569366434181
0.83268923704841602
0.81992368758390688
0.82663433727905078
0.84247238216154152
0.83563917501242269
0.82593055457309272
0.82255811930231082
0.8264255518267104
0.82551789532745545
0.83135410580347058
0.82426482186415062
0.81981133649712024
0.83511948269985914
0.84079580891147865
0.82046785559508795
0.82769595245884442
0.82011917495124576
0.83979588794569027
0.83703671802118029
0.82403227358383979
0.81850410516656691
0.82495107195652373
0.83498984816459243
0.82572142575511864
0.82921622841159448
0.83508435156735561
0.82956637763192975
0.82495377102255441
0.84329498462389374
0.84521989543373277
0.80973005951858235
0.83849372094418217
0.82913702251198584
0.80851712718673596
0.83076129461330994
0.81455543600979929
0.8315173003460693
0.81639080516904772
0.84000364657672866
0.80594057592403945
0.83068785107732479
0.82563738755308336
0.81526016203587481
0.80003292854428321
0.82595440566445932
0.83426348362183034
0.82143656214435157
0.82033234330123606
0.84162957010857609
0.84148433952623103
0.82481651660687316
0.84297317414555539
0.83042083800826261
0.83467181776626831
0.81155150152454947
0.83962620100621232
0.83792713593515866
0.8386138016200938
0.82466762852725517
0.81079331234024432
0.82846392058939333
0.83409116514706805
0.82960297594699217
0.81234493799430374
0.83558505020175955
0.84259481352889831
0.82220672213936352
0.82146590968230326
0.81076057377475153
0.83527048817581417
0.83862235125778017
0.80730197895902001
0.82759235262230657
0.81842638053766181
0.8203602612978983
0.80578620195101325
0.84043970056508965
0.80133673049624277
0.83205963762001667

