0.81087411400870302
0.80636519960307385
0.82283227332787923
0.84241388359587277
0.83080774582601935
0.82824963233541793
0.82609744915197447
0.82032636322106611
0.84569324192455197
0.83115077793252989
0.82388962041283087
0.8017966796369369
0.83656796561953362
0.8298300182954379
0.83157836229621107
0.82151731584274079
0.8237369416167899
0.83750293441581292
0.82461061038920735
0.81467674880669427
0.83518610325165965
0.83084178962894162
0.82305836836326651
0.81805088607972731
0.84617668356115572
0.82682477410816213
0.83957466061520858
0.82205611145869051
0.82118135612224585
0.82864298516861179
0.83373543498172786
0.85060151898310743
0.81817873879094227
0.83028156715120616
0.83021567797087004
0.83356435309368093
0.84177857252739019
0.80188243935222858
0.83346213052802554
0.80150406831674437
0.82374876991228041
0.83730939575339047
0.80833758961339253
0.80559617908773218
0.81583213741379057
0.82598988475078516
0.82117760716707666
0.8345290016739686
0.8167561390414666
0.82893568154091435
0.82634334779085417
0.80959322625692043
0.82285042332485159
0.82431640015746022
0.84011174058975246
0.83158037206206858
0.83726084347707874
0.82593862329434142
0.83277669994405001
0.81865881586417499
0.83465585555429245
0.81432940703325485
0.82656919770422577
0.83001689951170887
0.847998889293058
0.81437066708198935
0.8194537011309867
0.81769963720696259
0.81951548160652776
0.82260157796114675
0.82815713804751545
0.81284467070103461
0.81488865774285291
0.81739043982585013
0.84015989798545176
0.82279588725944297
0.8186728733243146
0.82904346545466834
0.83236467858319041
0.82548562650176016
0.81889751675150058
0.83138132707293766
0.83439274714512046
0.82471909205429761
0.81440991496579807
0.82342313687135371
0.82872845977008147
0.82258144281819823
0.83555143515011887
0.82228695527911333
0.81715540402481868
0.82074456856357392
0.82897661620754004
0.81015060466072819
0.82172757735953417
0.81872726972925769
0.81603740033660521
0.81606752389592907
0.8372368453938801
0.83966896314657669
0.82686815389974788
0.82446232887392701
0.81836826100354476
0.82746346725369024
0.83098018895604542
0.8177678817693389
0.80941060871968185
0.83908127827563717
0.84211452980693979
0.82670551398376135
0.82246304243223578
0.82933994349444018
0.82515567168874748
0.82780107913578571
0.83544760269384055
0.82234094078537612
0.81385602638457755
0.80991301089416823
0.83459582134584576
0.81122735526474765
0.82174545713061575
0.8215910953019917
0.83503393733664633
0.83646217847851279
0.83141305271029253
0.82370105242288838
0.82409116115476544
0.82681513723671118
0.84086068680928305
0.82559906191433463
0.82609998650670169
0.8225645751638675
0.82305210033896459
0.82408232391009129
0.82362046024168478
0.81469800274756332
0.82954765406892417
0.83523615715430166
0.82192680737115553
0.80529924745698911
0.81123151320106346
0.8065570321287584
0.83696194866144535
0.83345785688076368
0.82452392541999087
0.83008320410642678
0.83713082821828222
0.83170912922319784
0.83433962651252058
0.84076756179394507
0.83200555427611933
0.81881289624690501
0.81870748461091392
0.84106018684821993
0.8205110651194476
0.82106081182113155
0.8310986585112492
0.84302491326599516
0.8207514538131111
0.82432934034362593
0.83551519714350386
0.81267294068383211
0.82642657400462538
0.83308557272124262
0.83121363263185066
0.81987469288798887
0.83410027206747572
0.82973712802843025
0.84187701682945393
0.82288216071253317
0.8405829654121395
0.82897971785986513
0.83657482164257213
0.82935865304744594
0.82484087687850227
0.81460292415885338
0.82382089534463843
0.81714023870320163
0.82434096695178127
0.83616286052615618
0.85198250230722861
0.82828164190276155
0.84344854628019561
0.82431262990927012
0.83553301821733039
0.83539172256362393
0.84057816767890414
0.82725249406920809
0.81856339439565817
0.82251894414272808
0.83735775084076713
0.83634225928308958
0.83309441966002273
0.83598780171309928
0.82556595204385474
0.83190338934363328
0.83061851522405583
0.81815493883193502
0.83594212047946748
0.82472649587133584
0.82496008650762587
0.81951650690902855

