0.81300868862783005
0.83166642014008019
0.83126388054433842
0.83913301957748476
0.83826635286810636
0.7968276870902159
0.77492712517524354
0.81513236878357409
0.83271241979988986
0.8219870444995816
0.80017966491500969
0.8261304126376714
0.7979081278710386
0.83509373535557152
0.81433059186194623
0.82090032593756679
0.82007071827543332
0.82901493814959215
0.8323541933997356
0.82963750694155114
0.83714006127545026
0.83069263785133884
0.84586979925098316
0.81687028318443988
0.82200015462956255
0.81516182495933354
0.82450960339618873
0.82880330329669194
0.82361597698991285
0.83284947446524615
0.83717269349169476
0.8265888755712274
0.83076585855899809
0.82676531473384163
0.81195644913382592
0.81371016984394073
0.81789988728100083
0.82776929918140174
0.81777729585369763
0.80794025799650193
0.82930600164673152
0.81611913268194125
0.81068137916132643
0.81864394441511534
0.82691462634965962
0.83981521147486338
0.83114420504730502
0.824609240196712
0.8493082217515191
0.82412126549976994
0.81543245287078259
0.82892729843415769
0.8259122592302427
0.83141498311602557
0.83123900076329638
0.81938874246561666
0.8213408780848942
0.82926591707275865
0.82612423431875581
0.82916312835603778
0.81088970209246491
0.81882376189180739
0.84320643101570458
0.82072372946953409
0.80680362687338303
0.83043291912530282
0.825079843422999
0.82112750292526149
0.83024396756745444
0.83113230223744738
0.81663067791530564
0.83103865871947291
0.82500373158030094
0.81214071168593815
0.82074797261516297
0.81770304340896405
0.81829624023242176
0.83691446082741328
0.80559744368223374
0.84499279736126154
0.82661653164574778
0.80942927344657944
0.82488321163851341
0.83085269652215588
0.83427850962460159
0.83927152405422245
0.84037867530213117
0.83089290318523079
0.81345205096641893
0.82338869490655453
0.83516944371949875
0.82562390967295307
0.83383273610641517
0.83210240867344532
0.82294042025349945
0.83202707006558252
0.79627619600803767
0.82678161662801963
0.8159487249381091
0.8203491151857788
0.83457752010398256
0.82246289767258485
0.81216527976911346
0.80903270455497445
0.83150047002218475
0.8072155291705374
0.81602965002095262
0.82519405262044987
0.81960742226920891
0.83379902126032468
0.83475334364722109
0.83585290734294815
0.82773690902846042
0.81778564107323837
0.83139230374705941
0.80550449321253759
0.8219544443059682
0.83294995496001623
0.82932030152955705
0.82469442275029226
0.82097281461391203
0.82593057927867852
0.8317277087953433
0.81014893823644363
0.8254341158387386
0.82925332614435443
0.81308360354929743
0.840030320743684
0.82276083474326389
0.83782847762530877
0.83264762974455564
0.79888094939010679
0.82130141515534905
0.81415519066761799
0.8458732931663524
0.82129856785996147
0.82154844932453785
0.81875576874959888
0.84402685684338008
0.82991649360655972
0.82100027084801563
0.79563138449128123
0.84857122902515025
0.82568969051159513
0.81846717121637114
0.83537551383367725
0.80124308096670172
0.83014330144074111
0.84005586305980873
0.82722947604091313
0.83588313744198461
0.83551377418030615
0.83126213984825692
0.83291474177035774
0.82416157661944878
0.82741551635303701
0.83746826381907513
0.82460390672463535
0.80940219247228917
0.82918181414320014
0.82544011161627961
0.83782953078074185
0.82865454523056725
0.8282445828009849
0.82783800366713722
0.82584022205559471
0.8237676659640446
0.82679178355101368
0.84543271326107083
0.79786480089375955
0.83341274840901225
0.82784058252942117
0.85169464823570695
0.83441540254881685
0.83040909322508683
0.81943356535980361
0.81199939267895482
0.82161452534157497
0.8113502921311061
0.83715115508034721
0.83613803373446505
0.82020413562088457
0.82675629067782208
0.83657945661091981
0.83980470496221593
0.81823609312588097
0.83186956334774054
0.81341640796582138
0.82464074870069259
0.8242675771552086
0.83919985696310373
0.82770618058507717
0.81232043125743236
0.82176436971685296
0.82894537452165318
0.82586295605275595
0.84159598844710548
0.83417881887120615
0.82230316841535422
0.83001953549781016
0.8280475965021622
0.82737951735028903

