0.75878309934216748
0.7760796917355498
0.78142253843999765
0.77465738479611423
0.74049386189454536
0.77855246026984537
0.75939487130722316
0.78744708580226708
0.77832015421262357
0.78096123550442542
0.78946428658088441
0.76534678182564386
0.7892913449738268
0.77528250629554896
0.77917137929650793
0.76387466914783131
0.78355947856334562
0.77766427873095734
0.79182867663591006
0.80137478231991788
0.78055393688755081
0.79026835728524969
0.77374399758429513
0.77876316094287135
0.79191130073121141
0.78421215838669533
0.7831033679822762
0.76121940986950209
0.78477697045553807
0.77862881216026159
0.78863137580000886
0.78442877357952068
0.78654079909299557
0.77593223350958307
0.78952417390682861
0.7954086652614345
0.76578416253999693
0.77196601358969019
0.76853869998118252
0.78681670382345992
0.774631696793465
0.77513681661114886
0.78248847443673686
0.78244388718325175
0.78596708270786919
0.78773787622591362
0.77093438137444137
0.77280520502429217
0.79527038753173329
0.78582194470163924
0.76896801543643034
0.76511728044824945
0.76808371562898015
0.77528870294674646
0.76522096701274367
0.78160319986236726
0.77304502577979539
0.76009817140223301
0.76778347656336576
0.78892936100018463
0.77906975615652441
0.79346282246190314
0.78244287819056824
0.75846547814225274
0.77971718140446278
0.78083433733614238
0.76753437865378138
0.78130676136386157
0.79025494865336776
0.79427689807831947
0.77262648570848913
0.78003036319901586
0.7776811026317384
0.77020146735324391
0.76055765802604403
0.77545825067162077
0.78548106239950011
0.80269121375413743
0.77029600916178698
0.7755578791299389
0.78667272179482028
0.78083142603525268
0.77356311618634654
0.77943002987386067
0.77405607619697259
0.78349230360534672
0.79350130606866431
0.76696472120168557
0.77581777606588886
0.79248836014408996
0.78054468965354407
0.79946674861823197
0.78022974527689426
0.78950007299436309
0.77197756813760587
0.7694017438715427
0.77110507385492377
0.78667232221000194
0.78333052093179412
0.78433183658711081
0.78365721969450108
0.78270961419955132
0.76964994805890974
0.77314164597890744
0.77400360786387901
0.79783704860597959
0.77995580059674463
0.78560728200001617
0.77215353189036429
0.76949129040192754
0.77372452680431603
0.77240073192001979
0.78093976907545692
0.77368477825940452
0.78027996281419698
0.77928713462453125
0.75207927357805171
0.77843319763840224
0.76963587741073702
0.77770544677627873
0.76374371593804691
0.76590959858172247
0.76992264401471755
0.76641751359309507
0.78908025968194984
0.79304989684525251
0.78888294341661047
0.79196533635372635
0.78226162419362855
0.77814998218665776
0.7837770540594422
0.76940687040325073
0.78255932572630604
0.78476927024431598
0.7645321471340486
0.73495980412049777
0.78077114119729063
0.7948463164816697
0.77864145474314361
0.77311525896498834
0.78963661371998195
0.79068961147334671
0.76041841966753976
0.76404919179142072
0.7699265713708584
0.79188908583132367
0.77702107407013687
0.77906628180034776
0.76852956752906409
0.76338542120375219
0.77684651149815853
0.76954576786492046
0.79463928451456978
0.75718687757412773
0.77705014359239044
0.77790970238480506
0.75794281008593878
0.78717513099482039
0.78463312742166769
0.78364907775618997
0.78380904878052837
0.76186876666352976
0.75867899338440448
0.76603573525834678
0.78218043430136996
0.76436254842159401
0.76930802179750557
0.77908054210079347
0.77411256965483222
0.76849202296510821
0.77297631342595463
0.78420982481549517
0.76211884431984955
0.7859995478493409
0.77439473088910615
0.76365170001995419
0.75927462980054317
0.78973197642698434
0.77748925846659711
0.7921385385247075
0.80177152355821912
0.77167992018802556
0.76492919563821338
0.78048734967729061
0.76229118514017513
0.77516749700991572
0.74729748148250685
0.77557063752282995
0.77301261476345784
0.76794856026137626
0.78653465920674337
0.76204713001284763
0.74163980144212005
0.7894437632014254
0.7877896235946249
0.78442133595609476
0.78846424995188436
0.76522989744385805
0.76822176176119961
0.77686690709853568
0.78993135903447442
0.76951590078397347

