0.78031146728876066
0.77530977024276315
0.7913883347092403
0.79006460128228784
0.78720576972659506
0.78238662851055241
0.77106544129851584
0.76773484252040625
0.76177503938961555
0.76959278179530932
0.78935398909195709
0.79176434422460285
0.78198228457661378
0.77924927472045369
0.78566108534812162
0.76248872423833058
0.77618070962893737
0.7715466177056971
0.76778924440199725
0.78211876338700281
0.79052674889708929
0.76405274101767617
0.78685637804492503
0.78358859448456164
0.77613194163509158
0.78463917966569008
0.77968875079378186
0.76915649723014101
0.78096522486517184
0.75527596995340329
0.78812228016233987
0.78630522292527849
0.76067893284150667
0.78548732421945489
0.79105240820369493
0.78276939967395265
0.79256304193420046
0.76127782643658282
0.78357905526854599
0.77208269079085856
0.79149374782328386
0.76700387561500838
0.7806061390370328
0.75927614092047058
0.77800576350453421
0.78768132505072885
0.7875672608364529
0.77979942086997867
0.76854771768351615
0.77346974337443819
0.78297010724518679
0.78902701271868969
0.79481429656868152
0.77639462318589958
0.76505500010276439
0.78228952328421131
0.77746191964218103
0.78588423060450596
0.78307780080990697
0.78572004041132637
0.77281600670281558
0.76702274550213889
0.7721999554388409
0.76887763827112698
0.76529817181147786
0.75112450674180231
0.79749067426328846
0.76856016055872101
0.79017460498165715
0.79330408838107191
0.76406984805442435
0.79062454702874974
0.7822863592751248
0.78075020077054691
0.7790790056471899
0.7915273822511607
0.76435496006204495
0.77955834875058305
0.77992793076020039
0.77006626207261231
0.76812701952645634
0.77970640381585499
0.78630905934391149
0.77842438994008711
0.78546609345986096
0.76785911746412439
0.74941272258059899
0.77132304280989672
0.78190794830930044
0.77554883807624364
0.77531990312742483
0.7823973343735422
0.78607737677738365
0.76416844331920486
0.78727151420244179
0.78475694610986391
0.75031197098803726
0.78195120501752657
0.7663852275291172
0.76974505820892913
0.77685761155308697
0.77444015962013646
0.77056733323955107
0.78982344051692144
0.7556433234254103
0.77292499500963263
0.77901700774384752
0.76302874935528819
0.75938783879310323
0.78498255134095352
0.77066937753276055
0.77455152394714444
0.80676769781888846
0.79325271054447677
0.78849550358817511
0.76869536840278796
0.78005539103944554
0.79089054723373065
0.78552091287469472
0.77253495897234314
0.78494063437122197
0.77654720460529092
0.77906912120637617
0.78145723799549383
0.75700260120314233
0.77065387771874128
0.78740738964779133
0.79758587519734114
0.75732446801947984
0.7625118792731187
0.76599712340502391
0.77086457342587678
0.78705923963391888
0.78929214068287379
0.77980943176445672
0.76402573840477317
0.75500627421741029
0.79748313722477282
0.79923294610474038
0.78379141712487077
0.76397725925170401
0.79293017200644467
0.76133259926239627
0.7836282784740034
0.7925003086094784
0.78232529128878958
0.78443858226491747
0.77595110602100059
0.7850675561362751
0.77153909962373379
0.7732365852023686
0.77409307337000988
0.79020013421867619
0.76531505149704582
0.7639862017282284
0.80031346069211462
0.76615068504360329
0.78385317264866106
0.77321602421925761
0.77278058942290151
0.78570475329844069
0.78402801346417272
0.78176712625740608
0.78593347111453693
0.78188985161387015
0.76677240911511413
0.75925332290610648
0.7850612877834473
0.78140199448895664
0.7853576357322255
0.78077510604619671
0.78852849978752959
0.78718435661709718
0.76660700821613759
0.78758771747555045
0.78917073205185106
0.77447436915879997
0.79099862155400569
0.79013464870629579
0.81082214255149698
0.79148497455188915
0.76949846104523867
0.773347355511255
0.78286947795097162
0.7815801561907284
0.76072019782085909
0.7938312863012289
0.76640346878157817
0.75196340244488158
0.78439228685000573
0.77800630483498034
0.78948113084210514
0.76451834076067615
0.77269748620516732
0.78658343160660105
0.77731119042950214
0.77573979347279487
0.78443873384163276
0.77007814034196365
0.78987484108424977
0.7411541024424807
0.77314627017420179

