0.77934007669306304
0.76960206320064428
0.78027376745444721
0.78994527448487195
0.78006564313771654
0.76733227571712914
0.78926481419178107
0.76304161548215899
0.77409720029520823
0.78973132251136158
0.78490309390560853
0.77891793381820773
0.77703066272719434
0.78242386461997726
0.76314309666528701
0.78815107529957273
0.79971157900195067
0.75608159821712073
0.76688334072176645
0.77881343904920819
0.76281230818949386
0.78042561287967072
0.77455112478197585
0.77437128090090257
0.77892578678667657
0.76695257215632506
0.75705013163050427
0.78534603818011595
0.75829584321413812
0.7762649719768252
0.78376127088695524
0.77606264516283963
0.77399532649331837
0.78412309147100212
0.78988305614107335
0.78098398296217164
0.77750453951407039
0.78608288752174138
0.78068538113798869
0.77922652713682006
0.78237717790003625
0.77313589959870022
0.79387427207495476
0.78830964455073671
0.78296781238458613
0.7715451459302326
0.77810021065522827
0.75584827558063306
0.79626643917260553
0.78475734489681637
0.78902897693989416
0.77877857562395092
0.78611329184958689
0.76154375666432728
0.77595395878466811
0.77944234069792739
0.77055050120508695
0.78114330612827265
0.74795926456677819
0.75462407812072874
0.78882437517526061
0.77484252997226777
0.79167633552997652
0.78444463914980245
0.79556702935061874
0.7933457105588726
0.77217824728404738
0.75952670438306358
0.7854688843255907
0.77883200453020096
0.7763257448301063
0.76970289668119884
0.77226166620207559
0.7770174885946135
0.78114136167626835
0.78080641882202162
0.77645619498025031
0.75905878133593063
0.76898586818784376
0.78681031899851783
0.77441961302029549
0.7957150526384319
0.77841457943614079
0.77926330289942425
0.78154613522944427
0.77342258386767171
0.77609562094246554
0.76288261062979801
0.79295395129256208
0.78008035259836872
0.76536620208234318
0.79942051932051628
0.78314929056242122
0.7719075426356532
0.77262778940891874
0.79423038671956658
0.79055312166130554
0.78910817288003421
0.77978856480120651
0.78378674500839052
0.74729261507108724
0.77718192466959179
0.760889443086888
0.79137542423681972
0.77348597754246884
0.78150163739236489
0.78067048372300329
0.78517847436737065
0.77503949622131985
0.77438290498554052
0.76569580918403135
0.79171994557373371
0.78964668344453293
0.7725860511671907
0.79641297228463392
0.77378210984187468
0.78709740139728668
0.78292266571725921
0.7895403008455476
0.78577886566985444
0.79311110835140675
0.80077956491585522
0.77882962924197563
0.7821221453220315
0.78830278572377477
0.77765034058570881
0.78643093125092112
0.78664812499627623
0.78721919671384111
0.76782832243244958
0.76951568648552438
0.77611049542716959
0.74919541398311706
0.76266721101710366
0.77538350963684266
0.78294885318921881
0.77342572706063939
0.77700252102897516
0.77689163650107185
0.77741248180198574
0.78697497439305841
0.79861655209427229
0.77657459055744127
0.77700165727676307
0.76989772525434386
0.76973950855965678
0.79676064385287848
0.76503077151075793
0.79293435877592855
0.78031227312154006
0.77411286169562377
0.7797174756292139
0.78309726817466296
0.78163245639832857
0.75557071837879319
0.7986014433047447
0.78505217988344111
0.76928809975970491
0.78288870180885151
0.76634468860711014
0.79679516920937776
0.7696195703251002
0.79294997857968297
0.78421930720596433
0.76194367620525705
0.77560507972321324
0.78615503607384629
0.78667220439345642
0.76426917124128524
0.7749477278704443
0.77930641239181742
0.78698680241797692
0.77599275362403863
0.79041779523776634
0.79541543507540735
0.78086751676986077
0.78669167242961846
0.76172852439043004
0.77510059554711397
0.77583283967773142
0.78553975739209425
0.79307236413244053
0.77229160264685415
0.79106464638453755
0.78928991522618608
0.7905428701097178
0.80068293782496924
0.78970227625526757
0.79160256878091673
0.77905944990280374
0.77897203964714645
0.78009173198313975
0.76715189692469876
0.76968142545083573
0.77252538106850976
0.76348527501063246
0.77273146306874763
0.77942002579563674
0.78125848623679095
0.74084602775999797
0.78309855792792826
0.77879386734728095

