0.79118836011954707
0.77559646352132328
0.78493169606269619
0.77989371709229027
0.77262395822557994
0.75532159223983975
0.78715864868201169
0.77751749037547091
0.783663860695748
0.78658180986694148
0.75975164541049756
0.79760633458060171
0.78678778200333011
0.7828604653851905
0.7817731160389243
0.78211816090184028
0.78834862340134826
0.78152494226464964
0.78754697359609127
0.77703174729632685
0.77979616139458363
0.76476660225615223
0.78509516408697
0.77124258953455471
0.77208736886980045
0.79891597138545367
0.77941401813038425
0.75548736563522179
0.77562925773405789
0.80156965053031981
0.76684400332536506
0.79526728597543872
0.77111934292087614
0.79881359459732459
0.77916627875584021
0.78316392770991994
0.77483367482701082
0.78597387469806412
0.78397750883319306
0.77735138827563299
0.78544281608009969
0.79024908395888072
0.77941413261793435
0.76906250927440634
0.77068479687829927
0.78048640023806393
0.78976954060462845
0.75224481197726989
0.77098192647993746
0.76857434151566406
0.78041503737407081
0.78038986804103305
0.75974810142800198
0.78596890900385763
0.77760411524846285
0.78163823056774018
0.77961355072386229
0.78855956352295975
0.78003014025821371
0.78866512813327516
0.76876026898798033
0.7825842385425803
0.77898065069539757
0.75429987944559662
0.78667358115786201
0.77784578272323146
0.77681682490281034
0.76773345875816901
0.76698662937731665
0.75563844493435028
0.77035176772553271
0.77089382304093357
0.78034979852011399
0.78577215280229973
0.77594297160016967
0.77297228101846582
0.77606297266550095
0.79634428061229978
0.7845166905691463
0.77447928522425225
0.77006157826622557
0.76869396623182851
0.77827866370175636
0.77786466212730365
0.78895226325009837
0.77135255803717773
0.78498085004714335
0.77854440612025844
0.78109136404231105
0.78738699971194748
0.78759676724352456
0.77438244610326123
0.78562126844485303
0.77753218256290291
0.77011139847363941
0.76761762408771284
0.78004313853385754
0.78229194205779085
0.78663326469271411
0.78940180130421689
0.78074139106969043
0.78760230390451069
0.76879647758244474
0.78496390014416284
0.78184744315157373
0.80359947435021983
0.78297427576482914
0.7864066483967892
0.80089915437756487
0.77633124668026654
0.77118182921306322
0.78295072209250349
0.79207460015722198
0.78852432468433098
0.78627929294648868
0.77277048619413213
0.78236134858637918
0.78467110324717049
0.78961339564566857
0.78091513028766835
0.77431918780846754
0.78351508539213433
0.78382145199813225
0.78778147638552642
0.75333958914014842
0.7689706635440241
0.77131686876181849
0.79418119990792269
0.77253611308769965
0.78792312423046595
0.79348073642668115
0.77652047737296004
0.76125183247827399
0.77703696547769607
0.76704233258573296
0.77936894719615135
0.76682185570349859
0.7772138083331851
0.79014658227501189
0.78309975427680412
0.77968687002265635
0.78301880522364176
0.77581595782770529
0.77084220047403829
0.78845204671337299
0.78043793352541868
0.76276709008767329
0.77729867428405586
0.7722545144837506
0.78921878565664749
0.77407536679701339
0.77747224413098281
0.78331040346951508
0.78783984744114999
0.77663958256601062
0.77934610305746799
0.80814126973429656
0.78200715116016994
0.77380298398323488
0.77045699399319723
0.78450415003644369
0.78774239278468194
0.77730955125923495
0.77817401097222061
0.77534401383278684
0.7812336268416723
0.77565442338870871
0.7901382060536839
0.79600890563465765
0.77354733064891845
0.80067433182450976
0.78398814170183195
0.76778347642005129
0.78885591176921355
0.78019914443191263
0.77044240656168284
0.77597778130332296
0.78003693617683312
0.75551595268011174
0.78344690990179877
0.78485035758278909
0.73748414825279163
0.76314545589398008
0.79131062293793231
0.78186860076281617
0.7559477093233673
0.76897136435890168
0.79742411043343953
0.7775437628759807
0.75823673052284712
0.77854985669277332
0.78221780946975139
0.78654288661736105
0.78295011412710702
0.76001180773396915
0.79210047164539787
0.76950843462987684
0.78447262494979453
0.76931942029443989
0.76405394846079611
0.77800558892415461
0.78835838219471488

