0.99965273586650094
0.99966989812229168
0.9997076220089498
0.99968667452184024
0.9996890136544111
0.99970069864973921
0.99960226622335457
0.99952738422472687
0.99964726391698266
0.99967524909119676
0.99966071848896521
0.99966116556129825
0.9996374957041001
0.99948459376446142
0.99961206497456145
0.99965694389119242
0.9996529144753149
0.99963657448109811
0.99964190485746085
0.99960939633762314
0.9995823873667754
0.9996417008118601
0.99964610588386382
0.99969947717136243
0.99965324016951362
0.99973414790415571
0.99969801742994746
0.99965656665798719
0.99964924157656632
0.99946880129309745
0.99945529659846832
0.99943738231381707
0.99962271004441106
0.99962934499409817
0.99960190535687432
0.99972072348136709
0.9996919217171375
0.99971968506834608
0.99970973165829924
0.99960263806929495
0.99945972118695237
0.99944918727140397
0.99953174504520703
0.99949341279869497
0.9995945978194003
0.99967007770428007
0.99964496486714394
0.99967497932332128
0.99964608287847379
0.99963642886178561
0.99965745614545098
0.99970011256673152
0.99960896607736183
0.99970167521590247
0.99968621502177757
0.99968854568063115
0.9996233149091347
0.99957168995150614
0.99959105683112515
0.99949964244731404
0.9995069717798355
0.99950713252594237
0.99956117116181076
0.99945522637178119
0.99943591995184533
0.99947372038903859
0.99937385600592932
0.9994376068385975
0.99945697671380185
0.99944767640280729
0.99948246770982763
0.99955326418513091
0.99949292649169863
0.9995221729611321
0.99952198693171235
0.99956155819104042
0.99951326801018603
0.99954725740239192
0.99962116858497008
0.99954778793421417
0.99962621271883112
0.99961294938632506
0.99966972124443132
0.99957685959191311
0.99958645549033098
0.99972072010554436
0.99975927404459342
0.99974988222800998
0.99971834948186866
0.99974464794122442
0.99973788698579324
0.99969649515812176
0.99974539092248416
0.99972346069225759
0.99967668507739593
0.99971548010535982
0.9997139516194522
0.99969735047207953
0.99971495032278102
0.99969624462112849
0.99975427157998975
0.99973818464050179
0.99977350524828712
0.99978441336951884
0.99979239629039918
0.9997531482847668
0.9996934136027209
0.9996669388132986
0.99958228664819782
0.99960836728452862
0.99956912124623576
0.99951959696383885
0.99950548732531319
0.99950370200175409
0.99958985031834091
0.99956616626318695
0.99963876254488193
0.99963531141313688
0.99967184182874136
0.99963877925836619
0.99969086060719914
0.99967192436470831
0.999630338083767
0.99967823346296536
0.99973531461343046
0.99968646259317406
0.99963062328305907
0.99958715278893617
0.99962152436014262
0.9995266070882235
0.99949517725419701
0.99950980132659761
0.99957615349108431
0.99955294059983901
0.99952859976673902
0.99941272077657339
0.99944687439625701
0.99945277419741174
0.99941335714228507
0.99938837482790543
0.99937283991395154
0.99938310240445793
0.99942049755746254
0.99948763804297203
0.99947137473367753
0.99951180284622554
0.999654049290438
0.99969301163359736
0.99974704043477414
0.99973615377404623
0.99973198482345205
0.99971180856248121
0.9997184808392332
0.99969986142269063
0.99967309702312224
0.99967874801539225
0.99965627358652465
0.99973374711720708
0.99970054465108471
0.99961963373687057
0.99964311965255215
0.99963214403950362
0.99960313353410712
0.99961907656199389
0.99968454994407219
0.99964932785648852
0.99953684711114432
0.99958221847496753
0.9995989369948739
0.99961803365749047
0.99957169806318291
0.99949180772871937
0.9996239596525095
0.9996809130007307
0.99971487148946492
0.99976691751886282
0.99976743183192429
0.99974865319558315
0.99977089039242084
0.99971905432004171
0.99973126342579
0.99973306976594689
0.99979364585657959
0.99973778896943344
0.99976563983949962
0.99967872267299207
0.99966147546702189
0.99971790751747325
0.99968721209830991
0.99966887473206778
0.99963772023630937
0.99959922073154961
0.99960609536093525
0.99956636699011225
0.9996451203619503
0.99968530014945334
0.99973527062049938
0.99971196455219113
0.99972441316255078
0.99965062921314229
0.99965898856619662
0.99961568067710227

