0.99958344687817047
0.99959787149196577
0.9995879739096547
0.99966317303007013
0.99956182514771685
0.99960736398655869
0.9995783626901199
0.99965748253602849
0.99964516777410706
0.99964023644917532
0.9996559281179711
0.99973119848671776
0.99965226683423769
0.99967746121911505
0.99969176552753647
0.99971666298918649
0.99970195574516085
0.99968418301836659
0.99976063605814525
0.99970829651570359
0.99971513739034146
0.99962461223910748
0.99963477485107988
0.99968012893886704
0.999694165909502
0.9997142859375151
0.99966098542869397
0.99963320104040321
0.99957468225659996
0.99966017446619582
0.99967775897936206
0.99970443480031101
0.99965315078494599
0.99961498221787881
0.99958022631921051
0.9996127857977728
0.99967030605300233
0.99976966528273437
0.99971977376247567
0.99976365469687101
0.99974763849371895
0.9997096862564363
0.99972076406678567
0.99969903707377994
0.99971615259321123
0.99979776758519412
0.99975473244422375
0.9997113851155186
0.99968714491938282
0.99969571243417465
0.99962438454338021
0.99969417206051137
0.99966058224783383
0.99972169094064922
0.99973291646435269
0.99963157177367878
0.99964560808968927
0.99961914111397099
0.99974375464784571
0.99966105155759599
0.99971077220756166
0.99973826593102533
0.99968280935370035
0.99970843240258789
0.99970990702055751
0.99975466672118996
0.99975009231913436
0.99979834929293887
0.99977758713430298
0.99971134225280989
0.99976037627562331
0.99976032040685292
0.99970776962395835
0.99964113006794453
0.99957006127328618
0.99967662427482618
0.99966621497207764
0.99964068047174537
0.99970782771649502
0.99976281447601523
0.99973548443216365
0.99975467826978925
0.99978966648871315
0.99978777272932451
0.99968719628279512
0.99971726025578078
0.99971953727647878
0.99980157670811287
0.99974893849273883
0.99979599910352468
0.99971339787302849
0.9997899374294571
0.99979545085276833
0.99977294244926962
0.99974656319907296
0.99973407638902068
0.99971057141719288
0.99971827887370623
0.99975002594397089
0.99972882375326844
0.99968464469579499
0.99970841996785964
0.99967624174990766
0.99975146959669203
0.99972053935670047
0.99976756833159108
0.99972114528270062
0.99972534926667656
0.99972326940342504
0.99973469011670624
0.99970479109509069
0.99974654615314296
0.9996739369430403
0.99958952783525357
0.99958220506696949
0.99969896933987101
0.99969328680057867
0.99972932461686281
0.99973560443441556
0.99971291671454598
0.99966332127001645
0.99971503942170015
0.9997170786486711
0.99974903866066089
0.99970511239104864
0.99973807306301044
0.99974962635517017
0.99970710538827612
0.99974510802903327
0.99978275779562142
0.99980762670397128
0.99973868670776511
0.99974948356344162
0.99974837184922949
0.99972332929398122
0.99967959852604449
0.99966868624281613
0.99963949232539462
0.99973350314249743
0.99975896091629768
0.99976424674627895
0.99967731147453298
0.99963317738604207
0.99970096423142729
0.99967097158270324
0.99969936804544179
0.99971123731540146
0.99970036681305963
0.99965478130412577
0.99958270314181852
0.99964180481736642
0.9995575653372808
0.99969163784580573
0.99966798661432532
0.99975953354926062
0.99974271397505643
0.99978937618147035
0.99976351331731839
0.99969797773241453
0.99974093910230044
0.99973006199915815
0.99969061563475559
0.99971803673570303
0.99973186279915804
0.99961339815581185
0.9995683904332674
0.99962858743783178
0.99957325689560961
0.99968741948577333
0.99957509339366057
0.99962589685588332
0.99971305394606136
0.99970160207576941
0.99965494073265193
0.99972710396786835
0.99974108643657777
0.99976395634974857
0.99970149913491735
0.99974304978741768
0.99971329855996305
0.99977473934169681
0.99963592270054191
0.99967143849655105
0.99956485278131413
0.99953080680130779
0.99956314313347361
0.99958169870640623
0.99962194089120859
0.99953343451323429
0.99961222440249287
0.99972466090605827
0.99973356510449651
0.99967294188265432
0.99964055903064042
0.99968870434076129
0.99966112516604588
0.99963973442749776
0.9997056911002058
0.99980011309862549
0.99977951620821481
0.99977763866146685
0.99976540407996306

