0.99972630181546707
0.99975606124026328
0.99972530649793889
0.99970163919266608
0.99973398056404694
0.9997959477597359
0.99982303055858446
0.9998173026028756
0.99982645114183055
0.99981589820274008
0.99974690737779504
0.99975772781083883
0.99972255623265727
0.99971874217695955
0.99977547432980274
0.99981443567771533
0.99984693991744655
0.99977696215692213
0.99977564221674153
0.99976505165849605
0.99975095580473139
0.99968475909484744
0.99976589777128011
0.99979094079311737
0.99971108421886479
0.99970328137198805
0.99978045198724275
0.99976115557097367
0.99977587714537253
0.99979541714674269
0.99974319256966993
0.99979072811068115
0.99979877997930611
0.99978020211404228
0.99979275558084846
0.99975556590714476
0.99975156441891677
0.9997682296231396
0.99982562042082723
0.9997981462181913
0.99982239534351347
0.99979614694878938
0.99974353026420715
0.99971657907345479
0.99964699277570401
0.99972764665233438
0.99977866087125367
0.99976281823764501
0.99971469340233521
0.99971227969749032
0.99964429284512024
0.99969536034173512
0.99964184570785175
0.99964173370845955
0.99974567007345716
0.99972873501611392
0.99965172777938349
0.99968737607303271
0.99973224933698845
0.99978688975582408
0.99973243659892919
0.99971562579301521
0.99964923292572927
0.99956404783798736
0.99960533670461271
0.9996267321361747
0.99964878649845701
0.99958730370086424
0.99959285399039888
0.99969182082052821
0.99976466982126488
0.99973420752269293
0.99979661456470836
0.99980617159161156
0.99977224584543134
0.99975953156896158
0.99973647817624123
0.99973686942481443
0.99971056166686578
0.99970541994223927
0.99966931773021384
0.99968059848414226
0.99961996037942225
0.99959506755673599
0.99949640314756127
0.99957072488044674
0.99960139163575523
0.99966785989768547
0.99970787752762558
0.99967102118800155
0.99968414603438738
0.99971310639833055
0.99966318370289631
0.99976076464894659
0.99974937014856624
0.99964255469975349
0.99958294708638973
0.99967779734751239
0.99963065072349577
0.99971736705020686
0.99977173901273297
0.99970598516613918
0.99972041799983391
0.99970812881418247
0.99973605124962195
0.99975288114355776
0.99968813351740526
0.99970493410180072
0.99963444567977577
0.9996706941920166
0.99967324046550987
0.99968106803578261
0.99969837490401503
0.99965800252848103
0.99968535310786955
0.99971400637246699
0.99964959733629544
0.99967395305596085
0.99965009227197665
0.99962074148378866
0.99964580937381209
0.99963792545635821
0.99961751273713761
0.99972675910086206
0.99971233334681397
0.9997341310413993
0.99973957656493684
0.99975089633508041
0.99973863566573973
0.99972663449544308
0.99976563095418147
0.99967584055958836
0.99967368924676825
0.99978015457876124
0.99975753669283884
0.99973960647748217
0.99976721521185807
0.99970628068904621
0.9996890281233175
0.99970742249591671
0.99969370825454085
0.99974443024327997
0.99970829462160959
0.99970085191582336
0.99975099516467769
0.99976660590875022
0.99972761546527233
0.99964437511450643
0.99961697574096553
0.99967546379496619
0.99964189664910985
0.9996934875685578
0.99966476340116295
0.99971726931946192
0.99971860083283925
0.99972050282933822
0.99969267112180582
0.99969284560380345
0.99973627195754811
0.99968440536542069
0.99967234371519098
0.99969954095487745
0.99951514273635855
0.99954062201752669
0.99944070199065882
0.99943535962260088
0.99953022245316492
0.99959072726773113
0.99963304282618659
0.99970258513467669
0.99967592147116557
0.9995908616605591
0.99961641408344604
0.99960991623525519
0.99955067155431043
0.99959656978808664
0.99953311999887873
0.99952549272418911
0.99942994661759144
0.99944954188146695
0.99950805478677007
0.9996637334065247
0.99971606950143477
0.99971369533789189
0.9996633481032049
0.99967077489281775
0.99974334638934004
0.99978770351634227
0.99980658974971726
0.9998361167258244
0.99982002336486608
0.99982964347785408
0.99982852037630887
0.99973381452408216
0.99978037569888245
0.99977867084308392
0.99976538895628753
0.99966588507926557
0.99967452082410813
0.99966145948604779
0.99963910795472499
0.99963901449702586

