0.73098329154392494
0.73624219955231418
0.74529138993270294
0.7391353211396785
0.73482233070347103
0.75230715485198796
0.73309547949938159
0.73647496729778994
0.74183258750740821
0.73895841110716443
0.74836553989104859
0.73820814495342901
0.72767049004064721
0.75072364362958677
0.73952803985688487
0.73623209783118626
0.76001219617636528
0.73084395864738017
0.74678276387250575
0.73627565528034067
0.75073790385173711
0.75078702823778665
0.74608557583123503
0.73187843171366873
0.72999654882119402
0.74173352824501493
0.75105168214789275
0.74933412944411937
0.73650630689661578
0.74490305751642982
0.74978368354408409
0.7313603281408666
0.73934000653398868
0.7258526721679277
0.7377493013901103
0.74600294669559386
0.74022826427626398
0.72963566000806501
0.74903444738357461
0.75095121552133903
0.74964865541524317
0.72783823008145376
0.73665467232788839
0.74543514106030617
0.75774101307234565
0.75427711505360873
0.74132706718172681
0.74672574139112313
0.73653343949670658
0.75075932646765686
0.74954237525847134
0.74535371988020449
0.74805928350893336
0.73898737130996173
0.73290905002295603
0.72583472131592519
0.74979293455590512
0.7416419157782681
0.73886312890850625
0.74792534796370935
0.7411667799366598
0.73364513993310809
0.73594101772625897
0.73178596057782974
0.7409814671076298
0.74901470290513361
0.73723358596730915
0.72207253234631008
0.74571764603247637
0.73636013372585751
0.75767807389648278
0.75142771545531739
0.73940393469795218
0.74377132867423956
0.72184632523695325
0.74567533734582581
0.73550015179827199
0.74424527655677564
0.74719794158274444
0.73677993871556524
0.74471754949004909
0.74179947738571295
0.72975195990624597
0.75519625294373582
0.72224345201677165
0.7150122461566123
0.74384701445742663
0.736681421308502
0.75088037843175404
0.74538968596225164
0.7319015833388457
0.73086578397419688
0.74202790771959648
0.71917202774279598
0.74789534707053829
0.73794224823028354
0.73711317682981248
0.7394718104175475
0.73030837799541326
0.74119519824967106
0.73359172378042814
0.75023713492216981
0.74927795421874921
0.72801527125187926
0.7484240897148583
0.73426615950067697
0.74675076071666502
0.73661838393636447
0.74853610591346265
0.74862586892774419
0.74332574832712484
0.7527770445097911
0.75184847605568728
0.74466207872536616
0.75471618053093004
0.73143471682310135
0.74592674747171039
0.73019924077522691
0.74542833377449336
0.7171505134578362
0.72777015621235663
0.72635360288234974
0.74291254338935253
0.74434000885141938
0.74777562561127287
0.73353077062817684
0.72080408265453833
0.75082264981404767
0.74124334899919786
0.74491531055786009
0.73468226686603366
0.73784511295068578
0.74964128781703598
0.74699108134285142
0.73453098041557796
0.73996946168166244
0.73896618064546049
0.72990575776104849
0.73146016869241171
0.74640420265394025
0.73088672023143619
0.73911481166458504
0.73743376795055282
0.7490495154167881
0.74356923256174867
0.74366197448371796
0.76126602806203958
0.73907293451377576
0.75378194787583364
0.74659149501819089
0.74305811552199752
0.75827441384437366
0.75116908980750674
0.74730084848422684
0.74264537922081963
0.74791238600537546
0.73842410534686687
0.73739045768972666
0.74009022316372175
0.75238995023284649
0.74452658172699382
0.74904256653077883
0.74397976518906161
0.74779946805164388
0.73825069640396268
0.73538722193805084
0.73175727140602398
0.72475713107901885
0.73864241321246882
0.74750979172266152
0.73647778065602243
0.7355414178251749
0.74276206385436838
0.75049246724724927
0.75252584047345483
0.75220552702238164
0.75225690224319697
0.74471765421125258
0.73622736335871053
0.73967596491309806
0.72441974969686995
0.74014017385142084
0.74817844373570219
0.72901521467228891
0.74099945280126811
0.74011330821967414
0.74979470474732379
0.74196642644020172
0.74408229051016717
0.75220401811236959
0.72963615757892308
0.74119745335874299
0.73044060960114299
0.73911483068414152
0.74462869957955546
0.75806964224833195
0.73591146719935818
0.73592205529642718
0.7435802641845074
0.73775347734313235
0.7294341516433499
0.73031474349127834

