0.745810243511007
0.71779604447010792
0.74507476982412824
0.74758811157954175
0.74540527453307937
0.7312888298060688
0.72931378200889951
0.75206895191469636
0.74277484362530843
0.74052392114267962
0.74807206515688673
0.75119452606278958
0.73132877187600309
0.73618857813144278
0.74690857516139275
0.75429497361389775
0.7475654281959131
0.73057664713890191
0.74893395611309499
0.75756066610643991
0.72372241286366645
0.74175037938999533
0.74514168601591224
0.73576779642170542
0.72650133682404749
0.73895679990282814
0.73396532757194366
0.75156359450134014
0.74775115935665193
0.74372652843904064
0.74175918731925883
0.71135964171467903
0.75852365781667686
0.73000267379460759
0.74093091106809272
0.72894220546044042
0.7357837721430851
0.74020632907573436
0.74529969010616115
0.73737796443587789
0.72717466298909761
0.73784602376958952
0.74410844879986637
0.72720140325525906
0.74353641351337296
0.73816000390516268
0.74205276132853437
0.74809849630477088
0.75196825306941117
0.74773829245560641
0.73920233714045136
0.75367894309950012
0.73623424246190183
0.74333040644444293
0.75196566702373302
0.73988740840449918
0.75020492671602834
0.73731750889835079
0.73600227981091437
0.76022107840954789
0.74586454091810206
0.72298777986761364
0.74030996598493715
0.75007645750607432
0.74076795242229887
0.74189662262943645
0.74735031497048521
0.73428049248053129
0.73736868405158607
0.74305129921512769
0.74900620019442365
0.7528730205107077
0.74814506424368887
0.73609251509457641
0.74553913886660195
0.75281062512457053
0.74094799175224113
0.74834654252819566
0.75509570991127895
0.75048655236900974
0.74044250722761573
0.7227001279135028
0.74861541486490235
0.74088865980260954
0.74395241358882902
0.74095814052619402
0.74009853749087584
0.74331163218583984
0.73782680834218139
0.7361571199358774
0.72408236907776258
0.74790090963715361
0.74615589061131693
0.73073622126477777
0.74166624475471754
0.74629751754750728
0.73620410856563667
0.72721040693009076
0.73565702518781872
0.75162769307684474
0.74606446053607478
0.74222819483992108
0.74064022992203182
0.7494354072153635
0.73956973669842851
0.74070161137002455
0.74266783280429105
0.74786686321737716
0.75465295661168275
0.74102350548022056
0.74789817786465773
0.73809066330637452
0.73986885255398149
0.74321069581280896
0.74035220007575364
0.7297484976198565
0.73548689836785197
0.73871251546769856
0.73720070526439385
0.7396169731006389
0.75847393768607463
0.74161458513594414
0.74586270422978485
0.75170074447966329
0.73875137096106391
0.74453921265834222
0.74551880903571843
0.75066102916869981
0.75193757679007178
0.74544891522053036
0.75437847458672591
0.75496969941529446
0.7379418138397168
0.73899586726272992
0.7289890179213927
0.73760321274305374
0.72666909635281585
0.71598462980129252
0.72805302523767657
0.74398811595590375
0.73732660537188521
0.74386772883024033
0.74056936745513902
0.7364766664393968
0.74858390365593008
0.73836647991423088
0.73512642026444319
0.74421993142176124
0.73654590325966007
0.74614131233308445
0.7324105270844985
0.72645455054744035
0.7285091707567064
0.740836026554206
0.73429348494227342
0.73197181602118033
0.74087460988443732
0.7370241532332219
0.74540744456836738
0.7508965292131291
0.73084797041406335
0.73886227752246558
0.72287004419259249
0.74569561266764683
0.74375448955909162
0.74008642187371732
0.73493555152641343
0.74374385417504396
0.7284516198683133
0.74300754073695829
0.74337233611784048
0.73571544710151826
0.74234501568110256
0.7490633902389835
0.72511519447079109
0.73945344137464586
0.72937038690555267
0.73183520812894476
0.73892593371436865
0.73658905080447368
0.75209231678548227
0.74402635446860577
0.73251988721815275
0.73489534477113083
0.73338575640338421
0.74015042640219364
0.73365681244325065
0.73615015486085111
0.73182620274468646
0.73672209036893554
0.76220079211888081
0.74458801212168124
0.74046217671046577
0.74844600015128371
0.75464842281199995
0.73952588776023287
0.74133593644039997
0.75490823028843423
0.74452208173266943
0.74178267377998164
0.75313863921604196
0.73920834326214613

