0.75478818057142882
0.75695585123503129
0.74889510526657277
0.72434635555716653
0.74649962194197195
0.73469014957059808
0.75666603906658736
0.73901791348949475
0.75226466239900569
0.74443817864738415
0.74177593648765794
0.72566186127779952
0.73676607950835105
0.740687519018703
0.74010231867009124
0.75154102268129785
0.74678385644465273
0.73507987823681742
0.7318680257764949
0.73990247622050564
0.74731737165583512
0.73591055583934628
0.74394281414539343
0.75448595515797634
0.74986539677342134
0.74488917672643951
0.74662462012449338
0.75050747705189536
0.7523442760566752
0.73825185638005875
0.75130320809808615
0.74852464052154888
0.74762226958439593
0.74429489171164442
0.74352683449779533
0.73753888765162634
0.75046018114651136
0.7478934296974874
0.74616283267135786
0.73407860283301007
0.73361840124475075
0.74615891904425824
0.73711815361038735
0.72277685558964844
0.72253467015389328
0.74561835254853026
0.71858918422502638
0.73898172255576033
0.75423450115257928
0.74479923129232739
0.722082117487444
0.74796731238087855
0.74365299870625035
0.74709700693768333
0.75314583795037815
0.73257142045349877
0.74281757371841439
0.72507406667881313
0.72486677723089354
0.74356462570869919
0.75897430453689185
0.72757787575963906
0.74092828867601357
0.74496685781205352
0.74503279528699373
0.74226926824422068
0.73806053751987466
0.74894873685064545
0.73415160524550016
0.74303217646566011
0.731946054477145
0.73998370636384925
0.7423058759538963
0.75312882959891847
0.75653551602389002
0.74428142716729739
0.75116354836406818
0.74211552193246499
0.74279045477617534
0.7486794925471707
0.7340934983869476
0.73670035785166665
0.73075824070526518
0.74472332917252393
0.74651797440329004
0.75579201826844467
0.72310718745861446
0.73292742956288004
0.7520754890726018
0.72920194658111526
0.73418794583184499
0.73191217120226759
0.74844692830233728
0.73034850244203842
0.73832217413311652
0.733210761257582
0.73859955763968976
0.72416715087570838
0.73419718155239055
0.73985520845613728
0.74012307178764991
0.7318272093156617
0.70001030967466082
0.74737819847483089
0.74870498052636891
0.73905183227828752
0.75127252678677436
0.74306573841438384
0.73206584499048988
0.74258868284491797
0.74057835468237609
0.73195337403914007
0.73397042623017195
0.73106298275810788
0.74356419776002058
0.75355493636041238
0.74065099741967999
0.74645822597883105
0.72074234893119582
0.74026396408349415
0.74656257054176867
0.74673429006083292
0.74658562205780743
0.74932623801411025
0.7533223161950594
0.73222634573403222
0.73980536782500128
0.74683371484723804
0.73333669885011898
0.73062182851986701
0.73874322569395801
0.74575540273874641
0.74389242078417028
0.73182307282603676
0.74680671714033464
0.74378547967697883
0.72435422353562462
0.74603524660403919
0.7342674787137532
0.73707923315213264
0.74819566897345091
0.73087246700896036
0.74619067455973787
0.75100051513214694
0.75361831761677944
0.73722418615021579
0.74471345411728995
0.75359586497186237
0.74934331973306723
0.75172967533419643
0.7477673349415388
0.75374010837016214
0.74983427666336522
0.75053948504781587
0.74187559954960058
0.72210629186289632
0.73244827796224354
0.73785186256160384
0.73382119572762572
0.74991129691871705
0.73971929604107411
0.73952756273983133
0.73047632476626101
0.72639341340611863
0.75750064566419728
0.73852535040073897
0.74514097932872025
0.72799635130846474
0.72938426969533321
0.73499119483279562
0.73236320974973579
0.75052754058182358
0.73304468262299716
0.74674244306819348
0.75288789242430998
0.73405923270550888
0.74669265245409555
0.74378000963471891
0.7459748334973153
0.73796118205251382
0.73942775287997586
0.73035216699222971
0.74028365129037421
0.73980310620959655
0.73850631163580571
0.74078183544721121
0.73254984023840586
0.73817084701615809
0.73913668195745519
0.73865036973949982
0.74180587325102532
0.73550509067641412
0.73723787834495236
0.7443763261807782
0.72993363954758994
0.74027034337495667
0.74001340662439874
0.74344705107185627
0.74575311207256079
0.73111704921260789
0.7447707571072707
0.74289135715592569

