0.74448310116787753
0.74556355332419355
0.72799668860347999
0.74756611606774359
0.75363486141997116
0.75343797837341686
0.75424440928545455
0.74980738675142367
0.74003349512718097
0.74989567664034162
0.74185858002577654
0.7301072822503536
0.74234657600722831
0.74434129301956509
0.75439337195189626
0.74529388798383112
0.74992374887161317
0.74959468636353754
0.74777790128305377
0.7413103124866377
0.74126661778856207
0.74155730604221481
0.72871738679038345
0.75389939909371306
0.73688272643811481
0.73879767537505681
0.74427623281250133
0.73286085610175977
0.738184914233048
0.73912804559675049
0.71510498704932213
0.74514699581947907
0.73825085611692265
0.73484137551528439
0.74285017695172073
0.73367937838688835
0.74600546621104125
0.73693413967620602
0.73668484069201934
0.74014837919245768
0.74028013139037385
0.75499134092954456
0.75111701879194259
0.72883009974397794
0.7487694246106722
0.74648841298600821
0.75356699962588614
0.72474527405941802
0.72802813649897691
0.72890930401697429
0.75024725629774447
0.76030908744496961
0.73733992713430174
0.73498006887297418
0.73472640339656836
0.74864784251461602
0.74819616379645904
0.73399338484922105
0.74652690550105882
0.73318628619693993
0.72845065818878618
0.72904440136934268
0.7440159265913604
0.7199371387830078
0.75260357001796918
0.73371003776370858
0.74314037734675154
0.74207850420517329
0.7271136184841388
0.72940921663430913
0.7439241185834613
0.74453804635558241
0.75328272488123449
0.73242937232717098
0.74560692014247565
0.73770515762164479
0.73175227261400067
0.74730569049309137
0.73585230415585667
0.72917905646126835
0.74114436898087166
0.74363663879899788
0.72987244749892499
0.73894611267553123
0.74269049791189112
0.73695331932770136
0.72087929564244335
0.74967726471845719
0.74061244316505892
0.75116789015739815
0.74954289272804697
0.75815407865057449
0.74194266112079577
0.74933090104933875
0.74458387092854217
0.74660415669192093
0.73701733325968244
0.7552897113905187
0.75278049363069954
0.73790524401101576
0.73479218205857499
0.74703516153016614
0.75026233521305341
0.75329562904049019
0.74692465089883697
0.74577663517841475
0.74204812367904582
0.74029235983652009
0.73491018844443445
0.74198914681465733
0.73678965401413632
0.72375939549618173
0.74218843795488754
0.74626778851539488
0.74418086021408625
0.73233924178899212
0.75592193177203104
0.74739065985496578
0.74809941937395952
0.74154987331571787
0.75100571293272045
0.74915951791363933
0.75758493685651462
0.75196136764886357
0.745223038908159
0.75707700208463291
0.73974311189586883
0.74879582474777684
0.73140569570921299
0.73132418668679322
0.73093369123514718
0.72221573836442254
0.75155008996297712
0.72585582191927345
0.74265211002511078
0.74078031547538603
0.75160406798858603
0.73020426752862488
0.7461061099070021
0.72600104330268034
0.72637035975194797
0.74883189859712718
0.74790378165184701
0.74430574015930206
0.74943995568110211
0.75140722025088214
0.75048122128963424
0.74867516481348551
0.73608804891893909
0.75110393194534553
0.74092619525791736
0.74440334910208406
0.73388056225168874
0.74665324200519634
0.75235707948499442
0.76658643089193579
0.73748026555680624
0.75617651085264359
0.74990683683283166
0.73630214683726369
0.73318298368712598
0.73367729572805573
0.75230337514873469
0.74187840340679478
0.72507182470041165
0.72426436324797538
0.74636463227691907
0.7607847304976828
0.74878734890650855
0.74460499781170519
0.75028721417394262
0.73996485018645231
0.75819508423429083
0.74722612735210014
0.73309923239397912
0.74819886331285557
0.73443906538862203
0.74198161449294819
0.72501782034000917
0.72911353782558519
0.75344107514406355
0.72135438804353325
0.74679830283692994
0.74217683464152029
0.73937386815143546
0.75136534290865176
0.73142491334417348
0.74634702998113545
0.73487151052255351
0.74876459754296065
0.75367332400321263
0.71741499088740257
0.73664908114291106
0.73488669278851271
0.72384162132194996
0.7409587022510582
0.74623467549323619
0.74543384273155611
0.72804247641789244
0.74197693497270656
0.73311256589836837
0.7385803780427832

