0.89637750677764105
0.900954053385015
0.89883696737628049
0.90480424939894621
0.90620655386924043
0.89830484946546596
0.90516221510084738
0.89772010088342646
0.89462551670860568
0.89646558814751154
0.89173769244281387
0.89364875090465778
0.89559813170739921
0.90290365507890213
0.89763479336047847
0.88858480726238631
0.88932081076885638
0.89756714646916547
0.89425552242847783
0.90352866975626556
0.90289611710892959
0.90094526381506668
0.8913468787498986
0.8987230519868139
0.90307572554281534
0.89636434464738357
0.89559739925073079
0.8999417036902333
0.90440583720751477
0.88684889288097135
0.88930227855774235
0.89533044039917165
0.89579126780297003
0.89443397469078567
0.89699581535474426
0.89798133125802015
0.9039291022097552
0.89805465913327431
0.90396477813911336
0.89173668564400832
0.89622436727771249
0.899219272801424
0.90322057065143724
0.90650245106332583
0.90030156093044755
0.89840431036349166
0.89845972789959894
0.89914666028252632
0.90307753602210539
0.89430620407940142
0.8940219070098725
0.88275547367434926
0.90171629798241915
0.90235600809733874
0.89950940339405205
0.90316603537741635
0.89738301421345523
0.90237695458680134
0.90191179954196254
0.90484360619699322
0.90680119270036397
0.89284503680323346
0.89913004471747704
0.89174691601220701
0.90223076473183283
0.89936158196163429
0.90171586471638754
0.9019796567501438
0.89912734260294491
0.89710734354282118
0.89042127881128319
0.90620825755195444
0.89561121057577542
0.89951642166946266
0.90121539465170464
0.90271615563534224
0.90472141792317096
0.90205548417175418
0.89760576623813759
0.89371607956528454
0.89827957156470661
0.89736488879829035
0.90249748873384317
0.90744341059034794
0.89063652008674521
0.9019525631806824
0.90703752765401813
0.89815526973279136
0.90134166532028848
0.90424852340945749
0.90545410968939155
0.9030920412173683
0.90142820831732628
0.89741870469769736
0.89848593074370686
0.89093612515146337
0.88186305666928855
0.89797949716215353
0.90215717275488383
0.89836913651540617
0.89319146629192392
0.89272421215969588
0.89892893132224583
0.90173256711327932
0.89851538222980887
0.90157566921674159
0.89523556356797396
0.89935980934994186
0.90507058642755256
0.89598828548364051
0.89430353287180597
0.89688498032357999
0.8984644479420667
0.89785412286154587
0.88378513124805658
0.90145595457052763
0.90234168711647311
0.90058532648014833
0.9003886835942605
0.90413687139400056
0.8990032797026708
0.9067860379399979
0.89760063080533181
0.89794602600708273
0.90382303358874694
0.89326258310681605
0.89945422228451521
0.90046830516456022
0.8869290173102079
0.89558723743920321
0.89610784280246403
0.8972525601641399
0.89704018189999979
0.89332686723199239
0.89022082060862706
0.89528133922527831
0.89133222198678719
0.90066112748696603
0.90344449552424699
0.90378214675255009
0.90182322448166985
0.8950453201646823
0.90249544870968024
0.89954678267406363
0.89203182835654327
0.89846746850551906
0.90186875227964014
0.89913106659997422
0.89999120759814921
0.89947053234215768
0.89942934840133582
0.90650940647828904
0.8967899017403439
0.89567781731648166
0.89358929706995149
0.90004235127305199
0.88734163635023477
0.89955194554425055
0.89819174283635561
0.90509680069562359
0.9053520855311108
0.90019465582250835
0.90209702145008197
0.90139354920455228
0.89159203127611686
0.89799489869957994
0.90167480397172184
0.89799383219897078
0.89724945175876414
0.90440186075660645
0.90160587352164556
0.89743251202470087
0.90248377338483532
0.8989033105384282
0.90225205316988266
0.90346596189459993
0.90492295264094691
0.88953147017403433
0.89534421996543434
0.90070037675468573
0.90757035746503234
0.89469791475630078
0.90196704598396549
0.89439205900498109
0.90116581397895179
0.89843060160079702
0.89747835580170221
0.90192240699332771
0.90105322989685455
0.89978847825794694
0.89676430469182133
0.90288194227208018
0.90147231244760384
0.89444235792269022
0.90505916557984289
0.90250688978527283
0.89790751596972673
0.90338775580343655
0.89756762306848714
0.8944754913261902
0.90138809853431556
0.8998592487069027

