0.89724688264130925
0.90649958315055856
0.90464208412583469
0.89890962411383635
0.9042354181243889
0.8963776160920669
0.9050990700090199
0.89936957254232963
0.90121655572010806
0.90738361930511124
0.89799171975081327
0.90513549439050733
0.89766443208831104
0.90387907272219448
0.9000320381451441
0.9032948132143801
0.90319130544762527
0.89922010643364569
0.90699952377538529
0.90130068278976083
0.89746359311953738
0.90210124169718897
0.91017007389321325
0.90155442675755226
0.90466619757071065
0.88776738190934179
0.89690804174005678
0.90692714240497774
0.9015185544877431
0.89889055533912776
0.90019962124308006
0.89835961043075596
0.90502124141386087
0.89614402823623496
0.89885661514403992
0.8942398004592379
0.87790987227961581
0.90024149530525066
0.9017059193499608
0.90104180360415931
0.90414430139484825
0.90446764985316053
0.9087700954114063
0.89983528977541671
0.90654643297217674
0.90564294491681541
0.88879064692894916
0.90059718381297627
0.90055896765821741
0.9005209287728112
0.90252681970977289
0.89744698496876918
0.90284014541338065
0.89427659217645261
0.90275624761168072
0.90874836817214699
0.90634837949366254
0.89375465532961162
0.90143311635311041
0.89588648490396128
0.90337046597505977
0.89881208906153609
0.89580878115678397
0.90104219227444471
0.89962344054028764
0.90027315322432488
0.90290947479426387
0.90778848940126022
0.90163941092098843
0.90121309483302081
0.90737508385754173
0.90818824362280015
0.89429438079130852
0.90719276407643534
0.90024733611400287
0.9020492736891198
0.90886684854708011
0.90680120808159093
0.90189777641046809
0.89793517713643334
0.90338580966633675
0.89415047614430976
0.89832988583370932
0.90387791788526994
0.8982682285774265
0.90537836689431428
0.90134307701852157
0.90141189405532141
0.90308275467156629
0.90129413723677487
0.90566494724985747
0.9031763730165876
0.8927452578382723
0.89846575823864705
0.89893281986118712
0.89912585164767955
0.9039521213192383
0.90134931352459313
0.89559262856547184
0.90194711175878606
0.89205031379670241
0.90266039600536141
0.9001583294888994
0.90418567976456776
0.90497103657252953
0.902775917821387
0.9028485514796023
0.90320134047610534
0.90475165287397741
0.89899371040494969
0.89920313037269484
0.90091121931903595
0.90087944932420982
0.89630652374087616
0.89416521966275686
0.89859229519585626
0.89846013539596747
0.89289911489816165
0.88767556727144747
0.89021931645737196
0.89883356771058009
0.89726234028298835
0.89769436974443073
0.90378262223162931
0.89479839117139282
0.90877259952494938
0.89873384156281577
0.89605347071738795
0.9058811096591648
0.89581066599733206
0.89609292999483836
0.89825604588708929
0.89308140181362539
0.90536966542630781
0.90087102747754289
0.90749784154692315
0.88951880042730169
0.89926882232546002
0.90589560677391934
0.90040436301134763
0.89869684065235844
0.90027360730965866
0.9007521153444511
0.90492048853690588
0.89503534588964273
0.90319267501331868
0.89616985222300882
0.89601160012928305
0.90554509808161943
0.9062005433446465
0.89964600327373279
0.89524323238402381
0.88679728476579756
0.90246242785053576
0.89381209990235122
0.90124683151309182
0.90112983055004037
0.89922768248141582
0.90136956843140914
0.90511162219844854
0.90294990753882443
0.89887361411351785
0.90081158683800744
0.89503178878650513
0.89653903304345284
0.9066031493957547
0.90430750847797958
0.90234095394714564
0.89956709602944807
0.90497517371362524
0.90663306290741663
0.90292608386292095
0.90586668692426919
0.90579306542887461
0.90461879539328438
0.90647086705111402
0.90309829741049519
0.90836715513263067
0.89783541558929136
0.90033205498245583
0.89702059631508912
0.89073139263364387
0.90005683259751579
0.89437799912320304
0.89913536804615235
0.89739448830645652
0.89984568029797152
0.89881911269508585
0.89220444006679411
0.89559443378181436
0.89589391131985086
0.90540042974145485
0.90505804741403784
0.90112059503972897
0.90223184319181227
0.89916852317290508
0.89430402234996853
0.90382615525061583
0.88832739862218435
0.89941251990932647
0.90309115639498494
0.89773336247182645

