0.85564610744390524
0.85580655977165943
0.8446457294473666
0.83900055965972031
0.8512401901502501
0.85314755741531978
0.85007252252647469
0.85411060314996023
0.86885984543127959
0.85319385349474219
0.85317660055943945
0.85007234476107429
0.85289328896218231
0.85470168886091591
0.85182055776183363
0.84258527301902675
0.83761247119950311
0.85704303280697813
0.84866565442245034
0.85984979279870644
0.84043693126846897
0.83877583662307109
0.85879597659668161
0.84379760662199976
0.85298004065647204
0.85053697233260916
0.85694799832352253
0.85840376869523571
0.85580790563129938
0.83494104483296372
0.83614881815360853
0.84428795159091696
0.85984800762203362
0.83977637467283694
0.84432119045083898
0.85491268046538027
0.84175518364838764
0.84562458386256523
0.8504315753600693
0.86322628748165375
0.86443456085127901
0.8490103827275608
0.85820781830984083
0.85597666387463089
0.84503094372525345
0.84789374759581815
0.85576417107695113
0.85524012900230695
0.85262628676545538
0.85925113957850541
0.86041674747295815
0.84915629601024112
0.85578650145221546
0.85782578938643406
0.84811787833508001
0.85809093997717578
0.85192697191592071
0.84573596429508258
0.84040575406685591
0.85597809920470558
0.84238831463168951
0.85828525393948663
0.85912405225225053
0.85030059555991622
0.84998625330825583
0.84132923084629296
0.85540206386086026
0.8572974991617125
0.86741140212988865
0.85987398172398544
0.84388934829478834
0.83545596318081705
0.85798796654664589
0.85810809258984599
0.86210978371207492
0.85513353906611622
0.86093397538348815
0.8530529809280688
0.85791717774954002
0.8450959578563042
0.84797842501797693
0.85455448667766809
0.84661149282506154
0.84844269089104929
0.84657258460415996
0.84468716828607338
0.84822823136180436
0.8624607193630488
0.85197786806785902
0.83053223246085706
0.85492519185798699
0.84692785513845159
0.85701594316234775
0.84992595415195005
0.84352504060626732
0.85242904866887137
0.85176424472338508
0.85274538273513634
0.86110895322580172
0.86635262827472848
0.86048125070066339
0.84315152730746812
0.86108472210422127
0.84452723737458535
0.85644953539293756
0.84506999806603145
0.85273713058792544
0.83566344753060007
0.8540376351020873
0.85447036535868648
0.85874610117715366
0.8494797813268492
0.85587147188943358
0.85701507750390737
0.84349043427931047
0.86345458056551339
0.86022403862275565
0.85989553658040641
0.85643330259320338
0.85059455969286779
0.8509803835648635
0.85659750479450558
0.85182479812707335
0.86518198810740476
0.86465074043036205
0.84676330125819876
0.85758783114927628
0.84705175782569886
0.86350781649238917
0.8545959084556034
0.84561096541053993
0.85721485373926176
0.85042259072813842
0.84884591624104777
0.8535119628601805
0.86621409560259788
0.85636889338312638
0.84572860600856836
0.85508733109542345
0.8619951430034295
0.85173964979632899
0.83643053819643221
0.84864599392059326
0.84624085255172576
0.85957416026128475
0.85033056465021051
0.85086445039588621
0.83368097340431602
0.85516622283670118
0.85241967661353468
0.84697605932506825
0.85839654931411447
0.84562622419978117
0.85333330570854871
0.8451306339159057
0.84121214074384598
0.85560439993424509
0.8476817078132961
0.86285667425591694
0.85048190051613126
0.85252584309002011
0.86033747450413889
0.84312099275702324
0.84192076387493675
0.84789514676970257
0.84819472583159172
0.86256066169994938
0.85840393739240628
0.85026147614029957
0.86646096064638323
0.85673122404375934
0.8525155305395502
0.84500434790294776
0.8436552070291552
0.85388488041452326
0.85980780270549317
0.85527804875193114
0.84140247528296119
0.84859592403536943
0.84783391401081643
0.85449558078583998
0.86336245457595784
0.85879311928330204
0.85224698987157776
0.84274171669241427
0.84432067393708277
0.86058466662917998
0.85411941178358408
0.86013370868987293
0.86051921330916326
0.8613785509464168
0.84636814930017057
0.85117658919021044
0.85004857849583393
0.85539289983276945
0.85962720054495279
0.85566618016739648
0.85024258918143603
0.86317832653166171
0.86121910874183172
0.85464198926152035
0.84945932943486024

