0.85149286326213003
0.83632720820735007
0.86178541293405131
0.84342818558795174
0.85717437661016194
0.85848330659865402
0.85882214281547742
0.85073235031121641
0.85337575455677239
0.85138459809432276
0.85487489787101645
0.85335091780123784
0.85371558827537419
0.85032935210889826
0.85248383517897997
0.85922558379377811
0.85869538109958576
0.85600285100171025
0.85330515106524452
0.86018541348662403
0.85741131060025833
0.85103435517078141
0.85101684801899946
0.83346844361403427
0.84662023364372507
0.85935077992505338
0.85029518433937468
0.85104315073327264
0.86419004756344509
0.85288181098654092
0.85496430645191557
0.86077169641287532
0.85660561886204978
0.84301274690573857
0.8569883864235337
0.85400499470573998
0.84017341546064617
0.85059043430520065
0.8518116264372988
0.86755290049103895
0.86300402935678189
0.86392478047081811
0.86512209704988796
0.84738156433824519
0.85287609483180493
0.853905777960001
0.85079125217930551
0.84696893370619264
0.86628780071728195
0.84803609749195141
0.85506458212462311
0.84553362093612838
0.85592941014161372
0.84597361662471926
0.85328974708604455
0.85612668529608715
0.86288391912877971
0.85556144391866151
0.84967406593104011
0.85098140239865461
0.85370202156113795
0.85502153489973687
0.84604542843259767
0.84758424402264854
0.8462615499830155
0.85274562741383297
0.86033404326952234
0.85764648031478852
0.84339306423570015
0.85226743147331907
0.84753663945076407
0.83737287441572583
0.84755549913794714
0.83928421993065894
0.85379302580950467
0.85333395144418178
0.85162123607032392
0.84402479018265864
0.85794603555798077
0.84229568776944974
0.84405221479031367
0.85260998583289249
0.85520755270907212
0.85312254232158014
0.85220485930007739
0.85540273565768488
0.86285255489905022
0.85259564601226634
0.86162645062121568
0.85231709398367383
0.85092646093705382
0.85054573161916591
0.85077506581145057
0.85326073161287397
0.84968257854281226
0.85307356194245665
0.86481426479351742
0.84632216894942092
0.84565019424066745
0.85295943986079981
0.85857113144915065
0.85675108024704227
0.85200387377202158
0.85559504153520216
0.85903845949629587
0.85206346570622526
0.86491195559655587
0.85158371991020909
0.83271195646660379
0.84868891477503972
0.85780720195548787
0.86371792653271107
0.84568758992757609
0.84863866491721962
0.8470039355888983
0.85578932927378382
0.84478701680274138
0.85900935775318643
0.85228591558630196
0.8479282642701379
0.85747200562742465
0.85859813255810591
0.86076546820021749
0.85488247115033111
0.85803654695642539
0.8545664445410005
0.86318794301749457
0.85883743700621495
0.85587712186520493
0.85778790388645576
0.84674746327434713
0.85502553501238954
0.85940177819655894
0.85762578519703103
0.8522189516737082
0.85878120085330145
0.8672988602574967
0.85555339907929062
0.85816441802895482
0.8479918490270375
0.82816798341464526
0.85321375286197809
0.85378244109403123
0.85936468382454356
0.85142353333627974
0.84831453998115536
0.86121285837550499
0.84551895358162288
0.84097873223420427
0.85585773074202987
0.85666385126547295
0.8443179888873571
0.84328806346617802
0.85614470688368738
0.84978752361417054
0.8585640656964848
0.85804910092950015
0.86212931397291748
0.85851667505346141
0.85486584921604758
0.84493460426303557
0.8384151069043827
0.85651012426839135
0.84948467989484699
0.84559558568892135
0.85774074704549308
0.86303952465370271
0.85050376981081399
0.84819170501079688
0.85034536798254134
0.85009807051969
0.85340675681532074
0.85723388040939563
0.85938972607938402
0.85381675486460074
0.8604949396691286
0.86061020554072354
0.84713638364172272
0.85002690055021501
0.83079896707913081
0.8489644720167725
0.86725714041863733
0.86003078059721672
0.85137083932206126
0.8456513187000877
0.85106320711964245
0.84763214356825023
0.86029597505469479
0.84878711542668261
0.84780625640801033
0.84412256152777732
0.84861903491686974
0.83537345890319803
0.85908452492506793
0.85803604309341885
0.85661980310259311
0.84726809127662772
0.86884459539597225
0.85124172241294205
0.84633317013334564
0.84191833590191001
0.8552893326606118

