0.58247440562492792
0.58967522011836826
0.59649528170849841
0.61253846501497378
0.5916669353298778
0.58238360588247373
0.61922902169479688
0.62329436160997731
0.63939347911500144
0.62270382606175179
0.62198913870087391
0.6011248376460121
0.60697799243509065
0.65320636713922597
0.62053072216105321
0.59818841268913725
0.52606814719835393
0.63181229475531775
0.58969708806456711
0.62345898558864687
0.5882056957120525
0.61355345064428735
0.61304212676005188
0.60714172683504641
0.61124671306676437
0.57137476043310775
0.59596859723949314
0.59400700962405462
0.56744556886472297
0.56510421887011442
0.53696256971465572
0.59440275985360613
0.62735674269118125
0.55980360189973188
0.59706292024697649
0.59477817121369569
0.61317556237676252
0.58188234959621354
0.58957136341708982
0.59600939991890078
0.6429158171673488
0.5994460038697712
0.58555269338984661
0.56931830512083903
0.59222245843431887
0.60717248136054347
0.62195101182813972
0.62040759320724337
0.57673239780072061
0.60826349528971435
0.60109603823892677
0.61585755195086045
0.62836789567508411
0.63424946752188083
0.60342035960534857
0.61219535658715163
0.55465034876952124
0.64200522076536948
0.63041994368318666
0.62944834532720584
0.61295492963125364
0.62073565869981284
0.64219845134111098
0.59209230163864723
0.62557720688408869
0.58871600759808218
0.60585096800643901
0.6006519380114973
0.62473255236253289
0.59173974556914555
0.59517213289560167
0.61843798381770498
0.58476622359598163
0.6208658980117937
0.63412911233840885
0.61504862333813215
0.59073450879657452
0.63246883548623822
0.60204365924821823
0.61757111929439834
0.58832202613738871
0.63263198868424353
0.65264136012864626
0.64459245618731831
0.61579607938936942
0.60925545165007
0.59415772449909598
0.61724943500761031
0.63781360348105931
0.57506312104475821
0.61209358611118736
0.61327811419135658
0.61659585947005502
0.59885684406044848
0.56859168263783721
0.60660584875504386
0.58082718397824684
0.61368603201762306
0.63089467606053595
0.62163430909284523
0.6119910714571356
0.59799866500389309
0.62494538427800828
0.61903181619497438
0.59327334978001112
0.57719745414602408
0.61794461159860337
0.62377815328614672
0.58499484223466436
0.60330894975694616
0.57760350816626382
0.63160607136628455
0.59160503225947847
0.54585972057093246
0.62697305237623369
0.59987115870291452
0.57626119899539585
0.58397468367299044
0.58869515044133069
0.60562718979244734
0.62450631594462536
0.61139859916322647
0.57648813912146324
0.62319718855551354
0.60265583867258843
0.60697217830956218
0.58944878323245453
0.59788993940594526
0.60889881063508389
0.62851868894381624
0.58753934094763938
0.62428462625524239
0.59593368391849111
0.61306645010451211
0.59581546251835782
0.63685042802466618
0.6152455386176795
0.60422306136319281
0.61088061052879428
0.6361170272475215
0.58230026170401972
0.58333196848393021
0.58884784702248927
0.58873402689616527
0.60393925372603585
0.58808214612433884
0.61980893498342537
0.62511885509188314
0.58916193038708708
0.56403727546532145
0.58681536128875034
0.59806903410360779
0.63784840514166097
0.58999328776583326
0.60299203794425682
0.60418947445536231
0.57605990714067512
0.59144939642952588
0.62917867143725725
0.62225141784632843
0.60321411552052595
0.60495454496684786
0.61318463298255255
0.61162875961437868
0.61664579085124949
0.62044098783807988
0.62660695483260287
0.61693195310611582
0.59967881641727105
0.6182973035967676
0.57125664730879133
0.62195846509952857
0.58833674143844583
0.62615826907603711
0.61514889393238081
0.58200608555571254
0.64786742757190741
0.63217952094211505
0.59470021971641551
0.59567780743998966
0.58951671647620341
0.55916682120469186
0.59191131439030398
0.58927876933464718
0.61658476466610235
0.61886001075685659
0.61481207551750405
0.63301255446748983
0.61633107142299615
0.58021075283979973
0.60148625691079127
0.63435586021072987
0.62576335165502739
0.61876722649633908
0.63844734926344016
0.59278554120820515
0.60636946157065508
0.62685915809088155
0.62378565105411721
0.61617981370407493
0.60853715936642638
0.59790885903218438

