0.5918522046700142
0.5949673950339569
0.63548333629597675
0.60414023146124363
0.64871215535985882
0.55943682709285858
0.64040447516253673
0.58797684513934712
0.59065866804075096
0.61462072470064399
0.60894542241329008
0.61801897044351528
0.64160487442529057
0.60652914522538515
0.62283029120722888
0.56114858975381365
0.55752882241354385
0.6113217388436003
0.60809609349623639
0.61397941575516923
0.59788563422431695
0.64161838910613844
0.63195171022427987
0.60014695780120475
0.63982967010777059
0.56677129895092737
0.61636739103644833
0.64291249626685787
0.59710924689963141
0.5974701812026062
0.61287263801316016
0.64037108441552626
0.60945820125403438
0.60226905051443069
0.61720086828895271
0.64692368046875015
0.62989742989690167
0.60839975393992585
0.61840788325896379
0.60938057588685535
0.59810687017491437
0.62837485881818445
0.6039680440647941
0.6330977639235319
0.61401948919218452
0.65269065016717243
0.60147554976995288
0.58258781498321621
0.49879336089832887
0.51417055615868701
0.56984443245227789
0.5860659326662877
0.59514338681344114
0.58899886134273749
0.57869163901384169
0.60697827640936453
0.63982566791832585
0.56461044632145951
0.63062157672682306
0.57055734739990072
0.60511870853172334
0.57321046492931316
0.64449482130529767
0.61778486618914463
0.60105533298725133
0.57272728972438869
0.63007741714967569
0.58458323813207635
0.56396368005366748
0.60828796238493588
0.57876260780021438
0.62916600009329227
0.55663798876441606
0.63788876136512329
0.62137655983011908
0.61059229538088544
0.57792900781490653
0.59375120966936634
0.62054778360773544
0.58497868282600052
0.63863375600288008
0.63316285808355888
0.5899653244089843
0.59395290752095531
0.60775824879388129
0.63713122452896087
0.60653731124868626
0.58480338969942536
0.60694026050868155
0.62559846821558163
0.62050031167482245
0.59441528169353031
0.59023865841132617
0.63981371111568519
0.62815449903985932
0.63069219939256638
0.61662772732092941
0.60531083400481878
0.62217611192521061
0.57744216926907643
0.63912241028136962
0.63956729379786281
0.60201221579308772
0.61772294767189628
0.64162283560886568
0.62381890410987517
0.59710993487901887
0.62163771296723325
0.61522734804803147
0.62686404853234223
0.64119376545943063
0.60566579642646479
0.60239500481497532
0.60717620048511645
0.595911915688211
0.56098187197963534
0.59624018274087298
0.58846605817482123
0.62623197433854916
0.64415537861854488
0.59795683724332094
0.63980168229722323
0.61231509873959189
0.57806038844309116
0.6102099393633853
0.59783573672177914
0.59882379899951188
0.55437549618794402
0.56905633899693775
0.63760253701095104
0.6313359926855262
0.60048308219421742
0.64173073826358695
0.6116141570893554
0.62652659673409539
0.59682018550934879
0.5655493942376224
0.59881538564288894
0.58951146836964519
0.62188427885586006
0.61861500908107547
0.61953574815836188
0.64419148828506123
0.58497266449158758
0.57637761811011679
0.63235688245562705
0.60048566618684651
0.60468853737873363
0.56731238862479505
0.62205978756199787
0.62232376743967732
0.59878570601822456
0.62204180372339379
0.61056200950260564
0.60821842755762334
0.62358258370982811
0.60725271682758297
0.60431102060073649
0.57049870160484561
0.6101168713921431
0.63310260970045162
0.59001708286895216
0.59314502588693574
0.62343592311375451
0.5666713433415036
0.60565088869628891
0.620462715248142
0.62139035180943147
0.63231151086424608
0.60061385475251416
0.61964680547015927
0.63104232141720296
0.61008324357425603
0.58294598758723359
0.61583432403142291
0.63926409031814246
0.58280499709596068
0.61596109006297284
0.56665578429708074
0.63037921947941056
0.60141079341903891
0.59956388632726265
0.6173440912020508
0.63084717571448923
0.63598561086286898
0.63926108523816016
0.62682462483467072
0.63479139327380507
0.57938969923939487
0.60279560653185427
0.58198799875877705
0.58968991594812981
0.61775097521053779
0.60877640185957538
0.61705652446524983
0.59570076598178667
0.60606986640567384
0.58490762676151575
0.59398278513408376
0.61173491320595386
0.60337962873475515
0.63293157705087366

