0.5731075925367588
0.627771360012504
0.59791047293000932
0.5818935726296719
0.61910813417271215
0.60839613311897889
0.59733185447475523
0.62859606144526925
0.62785025939586458
0.64225106784803199
0.62403458237775056
0.59846870750496117
0.62039891348383169
0.60442353331905863
0.58681472461884165
0.60005078575112436
0.62253988172898655
0.61883398671301137
0.61658714573928697
0.61311947194403871
0.62604950767827394
0.57758594203783409
0.59794638699212632
0.5993371165694209
0.56238297677103
0.56741340971134702
0.63839434487405067
0.61642938969592409
0.58469659483766057
0.55424396638781614
0.58182079208034376
0.6021583790884556
0.58020475685577777
0.58188866109332582
0.61324329855420379
0.59084926082749156
0.59453388743599889
0.6223940495946011
0.62474634618640668
0.602985377677274
0.61343953495943382
0.58638666544527129
0.62153411460893082
0.60508776794277863
0.61750505935648503
0.58073916883490084
0.55877283374686504
0.60827977573412306
0.5920226635040795
0.60891722140187854
0.65404032325956507
0.59949550163190213
0.64190922870537126
0.62898748824953699
0.60230852575275584
0.61910922877203722
0.66325462274925606
0.6124019935268743
0.62323051846311783
0.58879820460194676
0.63606820288059851
0.60733372985267897
0.55910147269467647
0.62389017048854178
0.61688705279150213
0.62058270518729086
0.63030793500660875
0.60337630600773706
0.62870492703160707
0.61884489633051598
0.60859271547567506
0.573149752943657
0.59630754539850594
0.62894741721474534
0.62248593164286048
0.60437864956256582
0.6208871965215097
0.61805496827927198
0.6198869971517601
0.63930090605102641
0.61630232426180909
0.62593866695006373
0.64585674816236849
0.58350366870184112
0.64503312774269239
0.60869487992402893
0.60653762425782398
0.63469065350079301
0.60616397555343693
0.60388661549259559
0.61357752340652505
0.6031351215265921
0.60826203679743529
0.64916221391583195
0.57107515989624247
0.59229488604236202
0.63559675160412121
0.61947587375178392
0.61400407369976806
0.57198196800051793
0.58805493834520672
0.60562722292630511
0.60744202477448428
0.57784434302872212
0.62397846323468353
0.60644143860681721
0.59684556900061347
0.62225671052849429
0.62540656398397587
0.6525977730384559
0.6406124738101
0.58786946487576219
0.62441060256032099
0.56377378229251551
0.61622718255091968
0.62434969036620214
0.58272107311347499
0.60869178313496553
0.60904788663040743
0.62513866697918885
0.60081838592687831
0.55138416786616484
0.613432363772071
0.62088490318372247
0.60627949126229097
0.60056584807019742
0.57536014347082076
0.58600848009851292
0.57133275272422557
0.53798492765968153
0.5722431783036902
0.61868415304566482
0.63527072545676988
0.61144088574478606
0.6029988061877728
0.6175785138695794
0.63360200995070526
0.62065122606846812
0.59767586940072026
0.61403227863991661
0.61980665685957292
0.64707433635076561
0.59603894948791225
0.61199629045827608
0.62729369553773895
0.60524446106611807
0.55834155454428835
0.59666840398015852
0.62335792318619188
0.62432637949155734
0.63928635208355666
0.64770257778639528
0.60773654457515836
0.60901600100942543
0.62811632692274222
0.59554839709616814
0.60888425441272387
0.61077229792129484
0.63997555243494142
0.61026982443240241
0.60433612853077845
0.58131501969369415
0.60533125072843719
0.61054072455189401
0.60485398839865423
0.58459141687514204
0.59054071375580719
0.61223055444538288
0.58264035947676784
0.63256352762381673
0.61589856267519683
0.5847732168035128
0.61520213055812689
0.61727419219930058
0.61501511215442384
0.56605804124406134
0.61236392393388495
0.58494024359676611
0.51354657981810792
0.55874186702943984
0.57173658965611018
0.61921949544354626
0.63604486959794593
0.58559912188214258
0.52954531211433631
0.59004311123943087
0.60323529238454132
0.62388371851583158
0.61553107783277761
0.61412835357997708
0.65173976623058405
0.64735297321666618
0.62721467503032302
0.61358942357513457
0.63701331580244469
0.56729511238883779
0.55634918806746625
0.61198262365813461
0.61923368930647982
0.62510057677343833
0.62326468146034264
0.61721717977748247

