0.55396921312967329
0.60884846240169543
0.58559855562007668
0.6199131808717645
0.60637540051048355
0.63308215820501978
0.6031768951477694
0.6018975237537354
0.62165723518331895
0.59918090114309108
0.60380220794539008
0.61542520894893027
0.62553755346812245
0.63106226472050586
0.58722261429263967
0.62749481305554644
0.62520328030491645
0.61171660476391387
0.61579764412588323
0.57374708939535324
0.61838759080098371
0.60688360697174559
0.60226151461492017
0.62852802781732287
0.58963915459475236
0.62344696729516691
0.63773521968964764
0.6150496686806799
0.62864178757261557
0.6406272395051783
0.60842609576671847
0.60247061925682477
0.59414538980074372
0.60786076005109835
0.64348003742651139
0.6024504668341355
0.62298280743065615
0.60750021720885816
0.62476064436332179
0.5696039477566055
0.59623452138362554
0.61122919141371412
0.59599724777316887
0.56932354758466042
0.61939472522566663
0.59604438563071738
0.63987858235134798
0.63258037637188491
0.55974786281804179
0.56808471639481439
0.60956042724820958
0.59190340173132427
0.63120395680449248
0.61154843274636472
0.59721036960866558
0.6060090821050268
0.60027445082193087
0.60884981775182956
0.59053477887672245
0.56477248845047134
0.57730101681716661
0.59068402947725474
0.58608708629794426
0.61621792088352956
0.6252047822318636
0.6432415796170412
0.61459223662789308
0.60586135683250752
0.62657537795268725
0.58094369930985046
0.61713110141398597
0.56447508043578454
0.61893489360165665
0.60333800672618121
0.62294292133900131
0.60827440470168181
0.60562812920779718
0.64080386502986386
0.59204908426068847
0.6093952401876741
0.60758861678274012
0.57318883804792431
0.60191906842161103
0.61631376157320372
0.60700537815071576
0.60875979949568537
0.62698073350587857
0.56211944847854012
0.61197643099849208
0.63652258844358045
0.62560869608522984
0.60304887798499962
0.61445378284686236
0.61180267246888076
0.60563391384944865
0.60577140250520511
0.61860483818143608
0.62816818671279429
0.57808292744530065
0.61365157602853504
0.61448451724747932
0.64442489300522943
0.60621480655601434
0.64198586183492412
0.58757306388676012
0.61220010678011583
0.59672071048835096
0.60023413176638307
0.55601444630362207
0.63974898467019459
0.5995658493364906
0.5628532336328389
0.59044115310496814
0.5896465035887466
0.61984907243385068
0.61164854052553919
0.58925120410495702
0.6021712400551178
0.60064156331912577
0.62817421911030547
0.62692378079555022
0.63537147802406946
0.63091492437696783
0.61466865809405835
0.59964445177123982
0.57068297568482951
0.60410780643369844
0.55900083893225017
0.60858939711292004
0.58582985250050235
0.52935465857123554
0.62307202591221289
0.63037884659289312
0.59721695818155851
0.61010191451726759
0.62088400835259072
0.57063249045028708
0.62552460980309377
0.60971375929073379
0.64543017060737284
0.6163024967283327
0.64865827075440641
0.58368154630170899
0.6056792183804478
0.61847587126863324
0.59374148713114483
0.56808468404094858
0.60399756539194083
0.59155950621341591
0.58114900964941307
0.58048098445553464
0.59362318687395621
0.56841914970913954
0.62744870595977031
0.5839388714875654
0.58766775671288685
0.59530576717718819
0.64302394983100175
0.58254346195231543
0.61540930497547641
0.62586580226207456
0.6061622569511993
0.6041718423825948
0.61007887470587274
0.61621309298529914
0.63791875728365832
0.63450733590018193
0.62639471630569354
0.57549758078283253
0.60106284436734037
0.5966402235337247
0.62655499875729037
0.57836164924336875
0.63682388033569293
0.61345496012333456
0.60908402024624086
0.62702938584474521
0.58946168709890334
0.60847576891975041
0.61109644228391624
0.59114514485225067
0.56956122376060259
0.63179929438878657
0.64472589309534334
0.56929088288994989
0.58435822379102542
0.61326977782925929
0.61155577051902499
0.63600235137670702
0.60163387225323406
0.62371937788107135
0.59528273826685485
0.62691112710516939
0.64033410088550813
0.62584764698443551
0.60722650717897519
0.56865459256051021
0.61385908625929175
0.57378890376185343
0.63248235437537348
0.6237256939795337
0.64843836790840192

