0.61693911031525339
0.54943934814765794
0.60475832375397076
0.6148095419664481
0.59645379841378765
0.59188239784477836
0.62720351538522789
0.62581964558947778
0.59025137019846741
0.59895570080554339
0.61352325949451281
0.60599448155003788
0.57487712479858799
0.59683461192730136
0.57903399916463827
0.57274953421272745
0.56751502569521639
0.59882235530222083
0.6259153549316121
0.59865586131616566
0.6139539677526904
0.61999039649837562
0.59002481902406212
0.58042057175085138
0.59226628805055681
0.62509941635711608
0.60714061626879423
0.60518957918868432
0.60538142167874054
0.60835189606798046
0.5942113283007151
0.64144594118902887
0.58363384409037433
0.60863884482530306
0.59780014133720183
0.64102613443756751
0.63158519170084959
0.64701703268387667
0.637459422868345
0.60157996514280654
0.59997501592945657
0.60911665782206714
0.6245958949765168
0.58422336956001075
0.55924233529359391
0.59543653456361745
0.60326702447418468
0.61262541819425831
0.61641412825421427
0.63690083354280957
0.58568776642267173
0.60944829974285419
0.58787201337177142
0.60096212077185884
0.54881651308658885
0.59926968074314679
0.57163705594031
0.65515375732395842
0.63225482865911575
0.61376075866028923
0.56612971036478899
0.59898737490921317
0.59269455619127409
0.61144806742454672
0.58541268561416182
0.62054765291215608
0.57836220987936415
0.55958818745879679
0.65756781433157774
0.60846357248814609
0.61383267346546566
0.58585202806135761
0.56908969290447486
0.62300636975689805
0.62560801484737227
0.59781198622693754
0.59302034958327998
0.53235685167140057
0.54310348636645811
0.59215116267026546
0.56240234464601147
0.56441586439089264
0.57814329762689831
0.54283660665585676
0.58706659986458554
0.59137705723050238
0.54319446304521735
0.62595883341585712
0.58276256031694063
0.64324874965658396
0.5716092288191712
0.61743677029933863
0.56873028607416831
0.60181447434574986
0.58508038682367525
0.62139924494903609
0.61272185073873053
0.61280055479279882
0.57322679528244724
0.56457111460076326
0.62644166353462771
0.61840736468115232
0.63370207668865086
0.58398454453245263
0.63031511339967017
0.61040066606802657
0.63730896764613731
0.58878096454445894
0.63843894290759828
0.57398095001101113
0.609995366084645
0.60048892186864411
0.60763970644150334
0.61784166241188687
0.5991790595850961
0.622090595385415
0.62356884952959757
0.59671818463151205
0.59195507752543164
0.63343500272317155
0.62039929728002308
0.64445325135396636
0.61185800731022721
0.60552189733567019
0.60289584238723581
0.56017041699418924
0.59932489625513496
0.63850009032209221
0.59910816085916163
0.59591763217289651
0.57989975836007646
0.60980491299139206
0.63166337362299041
0.6112734577638349
0.6028877448660005
0.63034602725395794
0.65517885496177408
0.59780725766598086
0.62392800085213274
0.59212932538562879
0.60354224888616115
0.56734880973015545
0.61059445670417645
0.58599884752175635
0.62061507267508031
0.62467633425325486
0.656932395970936
0.62580646787411998
0.62910943064660074
0.58382841208781278
0.59548699611336253
0.647979102345552
0.58586159675684146
0.61445908299116359
0.63024475581753991
0.5570796630128062
0.59776138322464578
0.60537992690727171
0.62971130554528687
0.60204934821561595
0.59241050831745856
0.58762725990037101
0.58525856847532109
0.59018275506190765
0.6012807107292697
0.61753458946898787
0.61654884233248819
0.61301753518094193
0.5885105978419447
0.61735198878136244
0.62022152958522803
0.58542141587556806
0.58780586499965537
0.58196617827302177
0.64758292398723227
0.64212292153494599
0.60668295781732329
0.58477367312699868
0.63757911169345072
0.62945970872331558
0.63610915544406421
0.63403171229625699
0.58892322121445362
0.60590710101969325
0.59881740882125156
0.59886672634825477
0.61659001120173862
0.63774956146123096
0.5994284148668233
0.58873169367478306
0.62627598391422279
0.6261624701709837
0.61241518112809845
0.61030319795793964
0.62291961904852866
0.59945272646473147
0.57607135989992597
0.59774722381685796
0.61879478410925481
0.60081498583925974
0.62102956676042365
0.61164566380612062

