0.79074303856482797
0.79916753229680781
0.81014898910804489
0.82147401511942841
0.81600726576626137
0.82260274808291522
0.8208835849610997
0.80881576903768848
0.81393756726766031
0.81256072840045823
0.82511610853541861
0.80018068141915555
0.81470188362615448
0.82425237845285904
0.81433042505865372
0.83042886415795858
0.81283678778714563
0.80182180094325084
0.79130358872915052
0.81573451152342935
0.82135448628814478
0.78893675077553194
0.81388405596665603
0.81792599701866109
0.79288411507037204
0.77451314243487923
0.82955409966118332
0.81537254117266789
0.80118584100233614
0.81485207215070787
0.79616260476645018
0.83424911281778402
0.81287241168460223
0.81071574454752382
0.81825257422679076
0.818030541390942
0.80784815859304404
0.83211011408653934
0.79734985470968744
0.81638558002282891
0.79530256735193794
0.7839542643860945
0.8024073717663136
0.78772857658991657
0.80258580330410145
0.82056312643837614
0.79173457337421915
0.8118849421275125
0.81091432852283951
0.80071214422388071
0.79899565201957423
0.79765878989815064
0.7983651452076963
0.79461838378641625
0.82387015147952813
0.81335910384710797
0.81624312392251086
0.7986897458727743
0.8154822550182943
0.81772046135459886
0.82134236647621539
0.80714668394142963
0.81537942847833544
0.80814679428310954
0.79782769913448603
0.78967096387219216
0.80730378228215227
0.8175330490478494
0.780546717304196
0.80728221258684663
0.8188196932675077
0.81817252614945724
0.81023489332297693
0.80335895549569603
0.82072379862691358
0.79172625348359327
0.80904555812400969
0.82536850516598248
0.80816129425829653
0.80851144694027877
0.84109842917831779
0.82211264438875498
0.78107645110877066
0.81888505612466211
0.81084841261139529
0.8115857052443165
0.81064222839462641
0.79265830584228736
0.81997925670694538
0.77410958978934974
0.80528425335017284
0.78712167958429868
0.78983609096472007
0.81372050839403576
0.81022101655707301
0.78115982336650092
0.81630723647597414
0.81034514289540382
0.80925216696379854
0.76122891083266087
0.78771422562803262
0.80590151072930172
0.80690754499728945
0.79648368167732986
0.80302228827510236
0.78381934183819857
0.8124601669047895
0.8255268913989785
0.80676263887444666
0.79916003004455283
0.80929268848126157
0.80560566185282145
0.80058995998548332
0.80563500363616325
0.7811573532314704
0.80999062660147836
0.81109323667340649
0.81416605595327041
0.81475492668177429
0.81571685437908648
0.7934667639005496
0.78198370894504554
0.7812940365385892
0.80891666650797434
0.76212553174571329
0.78393201431292092
0.78946037573061423
0.81765332753577957
0.81295554843547557
0.81154144050475763
0.81212506334197654
0.82860141922165897
0.78617107610492343
0.8007392293730049
0.79625708743701606
0.80842628395259564
0.81726251326824373
0.82435015966820036
0.82090864830285404
0.79553416029483603
0.79919768735556307
0.81719787187601045
0.82888309685094264
0.81479881595319237
0.82139421755392217
0.78447461991700396
0.80443372716100947
0.78665931780692522
0.78638738769723038
0.79108553079499233
0.7608087683992163
0.78466928258606172
0.81337939143392235
0.76243154098014387
0.80130399152295295
0.81226955339533091
0.82152817714400239
0.80840492984124701
0.80925977629729029
0.8035202554598776
0.77343680869644416
0.77916977459399728
0.78690459124848555
0.811918156408172
0.81553373823569619
0.8103994891930153
0.82298272519739146
0.80706893497936139
0.82468729794131068
0.82021491861879292
0.81595477816614648
0.79388229359573204
0.81074728326341139
0.79591617429053707
0.8084212532763293
0.82278001910436838
0.80100668491266958
0.80682432281280991
0.8023707901623589
0.79565746088710365
0.8238957721192145
0.81570699117973011
0.81532677114256191
0.80809421654450031
0.80402035348323864
0.80825185175038794
0.79839886477987765
0.79492812867461871
0.82115493793086958
0.81137520637204552
0.82270458481537445
0.81063943143044159
0.81951014260878186
0.82095959383236072
0.80573965993822061
0.8228529955368723
0.81446500565121527
0.81539575605880443
0.80269755687113753
0.78632658116938214
0.79475944109991414
0.78704141031793007

