0.78313304282274931
0.7929727729156526
0.80462253491946456
0.79673029728722555
0.77364699439577267
0.81612468362635615
0.79245475736053106
0.78296083312157316
0.73982802733008546
0.79273166736914513
0.79967331643027539
0.81756679010256461
0.80301200265316497
0.79913863516190886
0.81101400712380844
0.81294911038521678
0.75493249449183286
0.76561542464366117
0.76560093425979125
0.80208071761418731
0.81813972377663602
0.80847612786005008
0.82665901935904962
0.82195061269463721
0.82604837448940505
0.80835095293140646
0.76771839114899165
0.7909152328728658
0.7869944994497472
0.78930141960028166
0.80611477446235691
0.81253095735391112
0.81240623688565428
0.7947633101196524
0.79432965528577426
0.79824173015646704
0.81120067637234494
0.8149499660327254
0.81343450303189169
0.80806000043399107
0.79969028296491507
0.80096624966945296
0.79804599962984535
0.80255130037627553
0.79927189873134941
0.81707369764423399
0.82257536167150347
0.8167066863749981
0.78913460906363753
0.78836932189755404
0.80963658288781726
0.79932704654735243
0.80499029270590816
0.76810618109195894
0.78776885296156407
0.77181744248412198
0.81948321183713968
0.81181250456216358
0.82091318371000066
0.80969880721898024
0.79580437731799836
0.79941797820539728
0.81376629432630765
0.81663607173184016
0.8120563709113896
0.82164936528318488
0.80622332428364341
0.81429080982572177
0.80812785887880279
0.79500159687122063
0.80431317286700221
0.809226159687774
0.81875309963012077
0.80058262244568479
0.81878185933948999
0.81196911423896334
0.81101596076911819
0.81560623495890539
0.8173581043376863
0.80032000777951684
0.81352778882140508
0.8027758173630708
0.79816140167105298
0.79990128228636204
0.80753554599841593
0.79917647961934157
0.81702521215638824
0.83412777848446396
0.82420505571291069
0.80811873195984529
0.80956297318780279
0.81163090935401172
0.81510251652386267
0.8211188426325583
0.80428685145957823
0.80757351395279531
0.78424254367489288
0.79842351651883681
0.80528255228361101
0.81763755816366179
0.80485279326989134
0.81934938904677079
0.77700845717921019
0.80068534009859937
0.81998232430154294
0.81053814677226654
0.81823089285364081
0.81271583943381576
0.78210018995973474
0.81329732262668075
0.80741096340240193
0.77233156968265648
0.79355670025368164
0.77668747392904547
0.80559512767446728
0.80619460928892506
0.7969701335493401
0.80623580064569211
0.80238956507631087
0.80361454121102238
0.81300456090254924
0.81560556936564221
0.80973865316716964
0.79682821476327592
0.80773118277167122
0.77317818874632616
0.81381630628584978
0.78767013539271791
0.79450454215923794
0.79118826696213829
0.81598977363218994
0.80832427799110562
0.78248400725952183
0.8189483151614172
0.79293990909274059
0.75810998770211047
0.80235258834961221
0.76954029787055633
0.78310639230251555
0.78111241191209724
0.81333803469776911
0.78096304128356375
0.80153659350208872
0.79607533972754441
0.78635739610102562
0.77865703457261926
0.80950212942242628
0.79009739262856149
0.80915202739891667
0.79609435306307219
0.81172374039204187
0.79606602082773636
0.80639249637592636
0.80104205574791865
0.81274431806735226
0.81123002843016601
0.78863821506838871
0.80491873648145718
0.80346669658862291
0.81022749828651885
0.80386178546204767
0.81552294431794137
0.80229913817116483
0.83506592757839415
0.81591088543598467
0.80065811316773672
0.7792111129635314
0.79636963233753488
0.81474930785568667
0.80941418793396358
0.79936383524436394
0.79049795396563205
0.81024806229994772
0.79422319098276883
0.79791211848583254
0.80813505685076426
0.81519923586726228
0.79899336153906131
0.79740460224575394
0.82010575858688162
0.79924383102649887
0.81278186761302218
0.79230707708755554
0.74392540699883392
0.80488766847863658
0.79725370848822608
0.79538464066547887
0.7933661001018727
0.81247527243567097
0.7995538446166589
0.79140481300507415
0.77748550198141742
0.82252012422103482
0.78950425761588627
0.78208602478175038
0.81083343888390191
0.80015296784361389
0.78628905366717394
0.79640592587612813
0.79157286274398653
0.79641596796704517
0.7943260297797482

