0.81978518040098647
0.80311158561526541
0.83063957986170089
0.80932163420456593
0.7982420658083822
0.81490679142681544
0.83347320738329
0.81850014049280095
0.81741848432029063
0.8129438072704801
0.78724585050522766
0.79180664802637013
0.80358468129009764
0.79395137375222491
0.81270506969980294
0.79191245078703398
0.80525493187590902
0.82688424498958868
0.79103255977150133
0.79127873859318287
0.79037064668088608
0.77110014772473123
0.79308639424568383
0.81479633130454676
0.81267749178687598
0.8034100215344685
0.79368086597359799
0.78679568193209104
0.81064303922796377
0.80688828357858466
0.81961015984340246
0.81127974568281935
0.81721304270916195
0.80966604813531784
0.82079979295844352
0.81487040691083645
0.81166748748912276
0.80996917480971042
0.79226193165481251
0.78635519957244582
0.80821919011129473
0.80462355424821497
0.80132148172711493
0.80662372772106605
0.81287740710340972
0.81169781383811024
0.80595029030908305
0.82481145311666315
0.80729898411482293
0.80074960081191515
0.80915543419917557
0.79935512745129433
0.80351209903497722
0.80635812626631553
0.80048303488513617
0.79604729324422485
0.8165171868518486
0.80880718189125778
0.80687185577966924
0.80972303329938133
0.80779701274089488
0.80138933331580764
0.80179484147125035
0.79857820618416364
0.75802712627575841
0.78813898078514821
0.79745335649795479
0.78248903846882822
0.80047356248754897
0.79497151878476924
0.80798983299398408
0.80627217737233248
0.80969802926430501
0.81154458384874451
0.80525649803953425
0.80828873129347789
0.81931882001591227
0.80924828305270702
0.79384658389460805
0.74301476410520062
0.79084114609677802
0.79373334524388284
0.79482957902219031
0.82181149914785001
0.81033909898700274
0.81046829028346279
0.77571581921510291
0.81007125492182408
0.80176119707819526
0.80621480940156165
0.78907026617024134
0.81266013164657203
0.79722586827925057
0.78969300322043889
0.79508929969466124
0.78669418276799818
0.81159400545463301
0.80982823337394028
0.79337793697358538
0.81470164789123467
0.81747767332036358
0.75446732358692625
0.79798004865196803
0.79440440158219494
0.82645648912857006
0.82189970480539976
0.81672480168470796
0.7898620654964873
0.7934810098621522
0.81620743196594137
0.79144137087759925
0.80167887583552222
0.80417295050318616
0.79584941158902855
0.82168379885869158
0.7598847072294016
0.80799232319769398
0.81760610937837663
0.80522228482528502
0.81064903177673964
0.79331280591264175
0.8024815169721119
0.8142693679362214
0.80856548117891258
0.78185796584843659
0.78613540114163571
0.8120994255092725
0.81281356154319606
0.79613732957542971
0.80310451971109997
0.80481689561783953
0.7948172372653115
0.79399046007571916
0.76942058515377953
0.80019380105324767
0.80585380374128468
0.81227492575743077
0.79797147946402724
0.79977561893717963
0.80781163219380203
0.7954638842150169
0.79034360210840482
0.81976628418552178
0.79947356774825162
0.81072597132599256
0.80604497379998752
0.81318276791235877
0.79759304040255097
0.79531001297333237
0.78701620030584141
0.8114284929922333
0.81443333395134176
0.81933557818265124
0.81589162012167737
0.81466180453405812
0.7986034055966903
0.81048699809059177
0.80799817904962457
0.78578707801876269
0.81561904179016997
0.81047573076320811
0.8010770255325298
0.79658775686136707
0.79193609250430785
0.78353737460921424
0.81554477952900595
0.8121974849116288
0.77244878114791282
0.81255339324775844
0.81933290110841295
0.80601931589591425
0.80972221818958379
0.80440442377644927
0.81046414725421911
0.82344411778967364
0.81053331881939406
0.82097536359065859
0.80029273597231476
0.82704132349872916
0.81874376820925332
0.83373630348078853
0.8093228358409823
0.81605018006037289
0.78915077014429935
0.8058270993762634
0.81483686695036583
0.82552832321820091
0.82767915754965271
0.83238811119637879
0.83789400486186594
0.81599160260671721
0.82463773734198731
0.81470801878472532
0.80669461307888379
0.81759170175137263
0.80097580705070626
0.80566132036096449
0.81371608348018842
0.79494488359023763
0.81700173331859982
0.80545832952974838
0.80968124347526704

