0.91794176093610913
0.9236968137894298
0.89551799750025773
0.9187855960473692
0.90230569953916495
0.91439015839476301
0.90124237962527565
0.91173689763493582
0.89968557132529492
0.91124542907626338
0.90858782256401172
0.90502915637092907
0.90758292789876072
0.91180300037159878
0.90693861954503296
0.90599716140039144
0.91495499283957749
0.91712411396685734
0.90333942390064648
0.91549771049469975
0.91982306707018779
0.91481827966594309
0.91104708381704669
0.90115495497830378
0.90501500038197424
0.9158784413319111
0.90854963874544159
0.91886228480402843
0.91503661360347988
0.91050204177430327
0.91084197834300129
0.9065590198726361
0.90335309842865297
0.90990834966935619
0.92003875155201531
0.90387135084984704
0.90888984448765431
0.90507090253061018
0.91178905575911251
0.89983090902058682
0.91915482085341027
0.90904696430071374
0.91396823266260929
0.9081073039245301
0.91034786060308637
0.90813007500649923
0.90445017960458607
0.90632753380694941
0.90197917348718659
0.90420738157893965
0.9197114342452487
0.8951422529424824
0.90143586779035001
0.91234651229060226
0.91626363492762253
0.89974114363260205
0.90442452907437765
0.91655927012357674
0.91890321049608126
0.92407454888420792
0.91469641312638295
0.91527252481346411
0.91909645887928804
0.91086069293356908
0.91536064986959043
0.91337331383475473
0.90232707930376665
0.91337824502534648
0.90884994808965891
0.9101734814805319
0.90504602679333634
0.90385848409038716
0.90792734933137653
0.91011493671420862
0.89613607094911596
0.90660448080552791
0.90905451542265958
0.9146579935133774
0.91379196578937227
0.9187445283843233
0.90163052694406964
0.91425363044388863
0.91772812228897316
0.90365566130738562
0.91150899931177876
0.90881966221239763
0.9104290231547586
0.91385840869925772
0.91748443754590758
0.92250669274154107
0.90937202099258196
0.90924605779193446
0.91551212182601638
0.91597200190612993
0.89731424043864561
0.90481545424528154
0.89850147991653284
0.90748756568821543
0.90820584281424477
0.89524999728772015
0.91589641254138732
0.89964353512565087
0.91116633225953847
0.91391648024194483
0.90840791718558189
0.9246181446545183
0.92152001374466941
0.89704537510467808
0.91148372628522523
0.91193200731087976
0.92222500407850683
0.89929988690171658
0.91593089235128833
0.9077931367778137
0.91556204623932425
0.9175977313847683
0.91315406026433543
0.92058578961628557
0.90323283573397461
0.90897155955662889
0.89850887997358242
0.89589598057730147
0.90570098906423135
0.90780453991788701
0.90506877140194641
0.90076453363522624
0.91240633414513428
0.91880692180252133
0.90505804166575543
0.91020762838973601
0.91408064257077559
0.9031915835085913
0.91162885405001848
0.89948218391542989
0.90615834718631605
0.90768142359066395
0.90832494293524568
0.90887892728408426
0.90273926668761306
0.90213646856758267
0.89337838640206257
0.9156884167491961
0.90528412798889113
0.90554250523820534
0.91312292030346265
0.90865625198304878
0.90938590045645395
0.91282404353691593
0.89959212074888451
0.90877531194623484
0.90934877101795764
0.90576607057313296
0.91165657290488278
0.91294568080583893
0.90798070894451766
0.89773335983418556
0.91091823902048685
0.89916166830987476
0.90657266871960018
0.89411054991252303
0.90900194889713448
0.91659787892105737
0.9092205291356602
0.91687756737197801
0.90923046152450915
0.89509685924161131
0.91330590747700768
0.89668295085894301
0.91121591766401133
0.90606209027460483
0.92172576247032401
0.8973785096090231
0.9036007974991368
0.89955249135351101
0.90736269703237293
0.90062875066772363
0.91098894559795518
0.90364020793107058
0.9020767704955821
0.90739138203637237
0.89726778487832215
0.90880720746685861
0.91123248829912329
0.91203991230983528
0.91254292529076497
0.9143962161734982
0.915490834635863
0.91039236553910008
0.91137484094681864
0.8862964464590537
0.89956248428180474
0.91159599648308021
0.91620520819386064
0.91784582604622145
0.90267322986983256
0.89030307257941221
0.90697863629163955
0.88772685867333556
0.91278399878506267
0.89694373553983409
0.89005735253759255
0.92030212406018308

