0.90143335135322533
0.90086813404966637
0.91000785678853835
0.90249141329187388
0.90691790605591671
0.91902612292622032
0.91453717302888216
0.89997052090537288
0.91357917989791526
0.91319408783106781
0.91080642443674398
0.89332204911175206
0.90764594282610489
0.91098408209200343
0.91387952929755534
0.91130605573487655
0.90292637401226872
0.90931417023910888
0.9093833231936046
0.91159530122506593
0.90518995497409904
0.90354852963822296
0.89560706226057607
0.89726891369394468
0.91569624716050779
0.92093450827478429
0.90857881364483184
0.90557663375576891
0.9108516134994491
0.90806980110285485
0.90808612986763726
0.90875757518998557
0.90856684938383814
0.90810809651575597
0.9112599088029808
0.90770429571263123
0.90967785928125011
0.91003186862823071
0.89744097678301649
0.91415419638675466
0.90813009366124875
0.91475326626607645
0.8984462796473407
0.9083318533317456
0.9116019426752906
0.90989757463011223
0.90799084959715781
0.903936687715019
0.90664216313432622
0.89449213401519234
0.90269884135468215
0.91494392109832967
0.89874970520537356
0.9061360462875353
0.91687517892481207
0.90175877767724022
0.91676392672862528
0.9073639888616174
0.90350119318689004
0.90048640063232133
0.90504625401034844
0.91335927093583247
0.9052161849298862
0.91659939795925982
0.9080836244627819
0.90519985015194582
0.91596361196682707
0.90978592798234159
0.9137066162100167
0.90233968353968952
0.89903185927324769
0.91834516611338357
0.89384685842991896
0.91053993245149234
0.91284110337536328
0.9090260353123375
0.9120104155887393
0.90553846062918431
0.9098395555550568
0.89296526890100447
0.90675502186073231
0.9225664649173364
0.92613491341996168
0.90762583960218879
0.91036195949910792
0.91386957848013206
0.91132674732516916
0.90413991164593766
0.89858992476435384
0.91222731133829116
0.91719237940691623
0.91234967606381601
0.90483833079333009
0.91041999315651734
0.91151311278657032
0.9130883265339137
0.91966788754443762
0.90922332610010159
0.90948830802417202
0.9048309248596621
0.91310445808710416
0.90551304514129161
0.89445019078139487
0.91553173286829037
0.89698770246414061
0.91037245715559412
0.92034767657470096
0.90800384137298529
0.901268599721047
0.91120940430239605
0.92252010620797253
0.90810023787281013
0.90450747998154513
0.9017317650761808
0.90731241655413797
0.91703664716961331
0.90100679301589226
0.9098923679908576
0.9054418257702973
0.91631519273884066
0.9079741743645724
0.90555315519947344
0.90974421271546158
0.9114354131921103
0.90981375194815073
0.91989786902240123
0.90904932107578296
0.90001679824953562
0.91017628680603768
0.89465640273155544
0.91309640339969078
0.9110079911058041
0.90977283660256869
0.8993629814427635
0.89257764576424381
0.90878164625144697
0.90849022000584179
0.91242345570129679
0.90695817698657266
0.90173170091456434
0.90380654547736183
0.9238990429245485
0.90417702413418788
0.92008046037471736
0.89828319608410068
0.90926495732286294
0.90998359114855998
0.91462699261078884
0.90417922487120628
0.89929913576665155
0.91294511957317015
0.91446362981120888
0.91058597898077343
0.90520158940808804
0.91181300020446199
0.90661923579554393
0.91371815389679067
0.90743080097828577
0.90185633446574931
0.90199706136518765
0.91559343943377569
0.91302415665218883
0.91679944496288623
0.92523085700105723
0.91037172112687814
0.91131682399436709
0.9026114622333723
0.91241916199110107
0.9112998297278353
0.89509307689494733
0.89573667481881081
0.90387127186610927
0.90697672294555065
0.90654380007577406
0.91396235266365677
0.91039848323867678
0.92016896248302127
0.89562489619680241
0.90364712684615056
0.89788504674298131
0.89991659055669371
0.91542218929028785
0.91074384954244958
0.91246390605522565
0.91396528182023073
0.90438179328550083
0.90127472355128069
0.91548755885839506
0.90968137341551769
0.90640256318434553
0.90835354590122031
0.91690863417835411
0.91237196679165888
0.90652503293259024
0.90718024099373773
0.89896469237710441
0.90518188898092555
0.90777192663960538
0.91087271948633086
0.90834786693028069
0.91633808894118729
0.89484898536575197

