0.91458881313332174
0.90627477483550123
0.89520539909443064
0.90459103632969096
0.90483676074271868
0.91407587959969894
0.90857781132084514
0.90611212426055143
0.89301046456424404
0.90915108346546325
0.91640356007645873
0.90480573604760484
0.91414249799560099
0.90370583608131128
0.90805976803974664
0.91214708761339713
0.8998906134464032
0.90533646526409861
0.91018852569882502
0.90395228881420731
0.91312160006826704
0.90233181684608743
0.90351064998120345
0.91467168694266043
0.90611607679221495
0.9045128055207613
0.90313649519318506
0.91752370286361895
0.89624225271750912
0.89435114689547168
0.91216997859054205
0.91163437642340628
0.91224167180629578
0.90350857107679428
0.90261079823447588
0.91656484979642949
0.91162034562434602
0.90798233303090981
0.9186966617932093
0.90625604148453454
0.91332037997404369
0.90760058684662825
0.91168989099804165
0.90719006903994703
0.9084696516305486
0.90888928607475572
0.92285466518146597
0.91377719448605987
0.91803194402428312
0.89927402349521524
0.90970944390769293
0.91235368968504749
0.90959386248678531
0.92046804720141651
0.90207796264514428
0.90436104272113571
0.90486442912718912
0.91427691898297658
0.90173281780922299
0.91597605726058839
0.90019336176830367
0.90910672294014305
0.91518744720790235
0.89713843633299917
0.91883923730979167
0.9055994917751351
0.90833098099084864
0.92079756207665675
0.92106216274722619
0.90789880183244676
0.91942623346888275
0.90927126681002057
0.9018154403255193
0.91677046916617688
0.907831292644807
0.90807690140496977
0.90369270650143707
0.91013125327572375
0.90939129610283764
0.91025892431504152
0.90374597240616628
0.90939389345144372
0.91281919350997509
0.91056449063074063
0.90832259820607431
0.90089676595887314
0.90535674863839721
0.91675435089622137
0.91755520179693462
0.90189352449303473
0.903187169857257
0.90752668645748213
0.90975674550926977
0.89240951882121433
0.91480374177297852
0.89650623179802469
0.91731604833426783
0.90448813365859027
0.89880373816788295
0.89790480988897214
0.8979086040634161
0.91570295918679634
0.91626738241413119
0.9113200665359884
0.9175409794956797
0.91007584027320909
0.91195820523580606
0.90386814735638077
0.91387472013035154
0.9154667252796389
0.91981551761732616
0.91081033954328094
0.91445646916362655
0.91322141028795722
0.91269389659192302
0.90503721470116982
0.90980240741628193
0.90824865376402797
0.90295392775222816
0.91639735421741386
0.91233530047050326
0.90488335158224353
0.91403620960996879
0.9028644490927269
0.92371339630457239
0.91177099922841487
0.91425612190768768
0.91055766731990195
0.91013367623927444
0.92068574371441436
0.91034908957905214
0.91064594053107228
0.91151447753340309
0.90818671220365743
0.91400728610907811
0.917187450572297
0.89728526747498749
0.91541087281498712
0.91177725195363246
0.91570400527019213
0.91798448695640089
0.91660137899379157
0.91935156056558331
0.91665134175355945
0.91717351232820121
0.91065894323853391
0.89666330926311599
0.90672537614922721
0.90355715510341683
0.91393401006871922
0.91521763157550851
0.9047747095958607
0.90866644641107475
0.91699105809256876
0.90971061554845101
0.90883858995788802
0.91886415617503814
0.9109418931746428
0.91842753211748118
0.91230149066730593
0.91804066558829245
0.89986436780398782
0.90325528397994903
0.90884458851329808
0.89657131338996021
0.91230798976644123
0.9157364729924492
0.90893711795172794
0.90858103258758327
0.89212808586385672
0.89908111399379265
0.89208307136823195
0.91059292035356454
0.91208983741384653
0.90724482295696474
0.91603292806287673
0.89081889750268517
0.91307376811102814
0.91227524781836922
0.91068278436933203
0.89957589211955824
0.91174001567524121
0.91240642736310351
0.90900712268845596
0.90372864632718775
0.89918548263121534
0.9122542568773947
0.91132672291991645
0.9051275425364953
0.9120251164011447
0.90168320366704346
0.91148578621445742
0.89700295437920519
0.90606942628183484
0.91764505678966746
0.91115346322054169
0.90627396834218432
0.91474603395565479
0.90927126270585468
0.91454836539860973
0.91964689195412663
0.89889840950307476

