0.83015100753224624
0.81963870695769458
0.82927979029652665
0.82758379250955094
0.8119400780464584
0.81536463537579185
0.81394917518518062
0.81907125815817416
0.81712697944457535
0.82288944690980625
0.81900128447966403
0.80527102910686987
0.81959544617493829
0.82174750746506786
0.83097073108436015
0.81213875433088267
0.80811140805327364
0.81224525741349551
0.8093865060695703
0.81430204128141559
0.81665309297800692
0.81538840838302051
0.82000027514532814
0.81838233450592568
0.82593440134361307
0.80584071075773889
0.81289502655954859
0.80881520081321112
0.81632716343253586
0.81373901277109573
0.82977373447515401
0.81747835348827147
0.82354737509584242
0.80734611791464173
0.82025888562007487
0.82809093177434501
0.82124795694875119
0.81768579827625509
0.81642934064117045
0.82563110890124181
0.8209420993070683
0.82859115982137421
0.82152401392468422
0.81630521899257336
0.80245587401392504
0.79090077216034016
0.82064595097373527
0.81854080099674686
0.81572076608303101
0.82730458066952817
0.81565026966022314
0.82381967758713526
0.82257876057158985
0.81616676140109901
0.81842195489316039
0.82359554726021755
0.82171998195151075
0.82809195805445079
0.81827873900130066
0.81031728335710485
0.82640002990848604
0.82243379420356144
0.81567537024922421
0.81558287179662192
0.8228500868350529
0.83194389567410332
0.81307434683618418
0.81710184153722465
0.81986981987904228
0.828352700490809
0.83082510433603474
0.82322020935175599
0.82366791027999031
0.82384027838725926
0.8223170602540717
0.82303133176118115
0.8011083980821021
0.80723108856529058
0.81585467218805985
0.80681183477610863
0.79848767039321922
0.81212925661315183
0.82667964867940857
0.8203148442834437
0.81692568639598429
0.82128891969898576
0.82035706020454369
0.81336527306567497
0.8179611041343029
0.80816135968901137
0.81747582522024798
0.82891326154847311
0.82206686536012663
0.81637158634745111
0.82635150590912587
0.81010723425032805
0.81794681832551253
0.8193274152983735
0.82203128876801235
0.82064367801988958
0.82056039039605444
0.82569381659836583
0.82075367684126244
0.8200034802049454
0.81201471612300513
0.82446200211279863
0.81605091793491968
0.81953254610716852
0.82395571603258766
0.81566712269832042
0.81120191888194981
0.81738035462364511
0.81752360246890532
0.82588707755178037
0.81461178425759118
0.82457042218202625
0.82601018083492272
0.81612611203646312
0.81066765393810114
0.7938033309142517
0.80989319932227377
0.81829210621382698
0.80119379915859312
0.82219665331389846
0.82008051678300864
0.80614473986471447
0.81802057729990785
0.82724949344890353
0.81721714223323028
0.82175817024948516
0.82573784571210052
0.80490906238953563
0.8245324030817448
0.82171428007483849
0.82156328334395778
0.82335880647829918
0.82348855842634727
0.82190950280708486
0.81887266419160643
0.80845241488843833
0.82071113285233366
0.8174119909316423
0.81610679432869004
0.82015852190483418
0.81178724884069053
0.82023038211829569
0.82812561254503936
0.82222914590028195
0.81797374874518225
0.81485822129016494
0.82048821178399567
0.82289105121844597
0.81940124761068611
0.8232588468563411
0.81495596676199378
0.82253082659270216
0.8168509326557023
0.82199982149040918
0.82074491386003123
0.80863357853404538
0.81776750410428212
0.82635665790580148
0.81011597352933662
0.82370444789870545
0.82396759273631814
0.82130457787500732
0.81265212514209573
0.82133701442666296
0.827224282154711
0.82594707896102171
0.82010167527971456
0.82512720342587631
0.82124632935353692
0.82202609555945172
0.81386526762901423
0.81895776317683067
0.82362313136740894
0.82653576964738473
0.81541166992753078
0.81979608584459174
0.825978714577144
0.81899663031478898
0.81675724796159754
0.82310136767629394
0.82336421095936796
0.82129513052159397
0.82629124824600275
0.81863288784212118
0.82297584994160777
0.824464915597933
0.81983532537169423
0.81008619727622611
0.82489830945758358
0.82287691268552965
0.82522234474010137
0.80620388524422393
0.80915309645359901
0.82154729981612751
0.82623013379964816
0.8092710854827212
0.82534187639054746
0.81452948968918293

