0.82646395194148048
0.81865866042198643
0.81089073785248977
0.8200361752799098
0.817856870607369
0.82712935308445679
0.82042799286469958
0.8157386142692854
0.82523535672309545
0.81939099902196533
0.81438896188236531
0.82546979419430755
0.8192604118706267
0.81239823363810659
0.82524898949482284
0.8232254179350128
0.81379226496870649
0.82117821132267876
0.82534953252533949
0.82336853273759891
0.82464543382230815
0.81550677198762256
0.82338915281651948
0.81860892169034039
0.82111371461340221
0.82452950954995063
0.80558318737303336
0.82117002882786594
0.8202857362904411
0.82948381486830436
0.82510809114950268
0.82718350199979351
0.82452172170213334
0.81901813732872208
0.81985221476290004
0.81900012590148008
0.81793176844933146
0.82309465601843768
0.82250062002527502
0.82472442159665815
0.82213809486669653
0.82182164628275456
0.8203895561082204
0.81820172569914862
0.82459011449768749
0.82436732165908488
0.82600207600732745
0.82638865001520789
0.82421344979323907
0.82611005576616514
0.81519213022129333
0.81808372131232521
0.82416266021429296
0.82615964686279775
0.81823738327772633
0.819418406539279
0.81475541396130191
0.81757757878823933
0.82323090009172184
0.8078123463539707
0.81705489311921908
0.81493419141868206
0.8062916965213186
0.82042839389142275
0.80723234871896998
0.81503001882895332
0.81797232211767557
0.8132600568410393
0.82547522151890074
0.81238132571465194
0.82519471769783981
0.81556186445099044
0.81857962200292034
0.81837817630763809
0.81094965193630253
0.82172378317639971
0.81854237105136918
0.81460333887353398
0.81547689577260796
0.81515287119675461
0.81955605143428312
0.81569672690295292
0.82275939673737131
0.81497945299568708
0.8228211559398465
0.82145998140447374
0.83023411143971604
0.82310212689996343
0.81371768917957066
0.81658016589158777
0.83082272875697316
0.8162260869925716
0.82332314218117031
0.81610447837822409
0.82518487937189011
0.83008494815303213
0.81465780440669033
0.81831554744061308
0.81808043115471551
0.81673384917445191
0.83060458258924774
0.81638196988820377
0.8221405011673647
0.81882855393951171
0.81464112405787925
0.81218337175189814
0.82086847420356768
0.82452444755445642
0.82824162806776036
0.81265171739187181
0.81930031195898412
0.82003438923755612
0.81494596776574113
0.82260921236223339
0.82728825296119268
0.82080992730398117
0.82593415638644574
0.81823119078140394
0.81444244455544879
0.81783294353034741
0.82131287195222968
0.81814508143957654
0.82457147823521093
0.80373383379382879
0.83216824843970094
0.82453330346593312
0.8246812126032339
0.8100289667134869
0.81386635095945525
0.82471705155870367
0.81488016206650182
0.82703935642303594
0.82643383082382205
0.81355898778617053
0.82538214762127748
0.82564464919260117
0.82013707853960294
0.82287021262162707
0.81837248014786601
0.81820162000064312
0.82386218846146353
0.81163954880953637
0.82491863515429265
0.82063214895499281
0.79012323325799705
0.82374034816910069
0.82125892783922383
0.82740188159441208
0.8246532236551074
0.82321512587255763
0.82022066487136702
0.82279304691906541
0.82309746548991736
0.81937691010269298
0.8231242737286969
0.81799197557861159
0.82262925063945391
0.8201127274580039
0.82602145714542985
0.82046027434293867
0.82902546010349809
0.81992986198383822
0.80712595343316718
0.81053987009717587
0.82980800427261525
0.81815973861015767
0.82330364470526229
0.81496194666543287
0.81817480398548181
0.82750144782305768
0.82429159477579295
0.81923020700830596
0.81360526886457163
0.82101295282816322
0.82396527352915139
0.81602766093238355
0.83053863189397248
0.82050387912539713
0.82356626661415833
0.82762428487526252
0.82228649244603658
0.81081125786431274
0.80914626401899203
0.81621010841697117
0.81328132919334695
0.81888992351757361
0.82165448248407569
0.80918593886534007
0.82312141951255702
0.81236736253836539
0.82300467761456964
0.81456293120126688
0.82158319176588013
0.81813830295120205
0.82313776960839613
0.83032802394459027
0.81528519471298611
0.822080161098665
0.81115681523813388
0.821386169251067
0.82658241464788307
0.82634416159534563

