0.80989787417672898
0.82143282620798741
0.82092541356674975
0.8198450273779343
0.81425463901710693
0.82131461092450952
0.81694981957907453
0.82387030438196796
0.8124910603222254
0.82336402584455382
0.82054023429684098
0.81919126679954513
0.82700916657564782
0.81800682623762411
0.82030926232455192
0.82032968948356322
0.81635284653720397
0.81704921938516317
0.82067326906594429
0.82893955237495132
0.81062678543751898
0.82282559158347257
0.82456906602441493
0.80878535325176748
0.81260981872821492
0.81969801064651171
0.82675111139656055
0.81374345080955202
0.81838317673864613
0.81674167599030334
0.82603786342233454
0.82714022794744413
0.82231434387414071
0.82278035368677949
0.81107597689490307
0.80796945112747987
0.81859994080671417
0.81985791025900334
0.82379806466184424
0.81981218340198214
0.81774449095959512
0.82286831919586867
0.82432858820556576
0.82870180520632708
0.81828036354548517
0.81741430209072741
0.81605352036201173
0.81816569925474802
0.82456266710485437
0.81479047020676765
0.8210687830986283
0.81846268455898985
0.82293359798660426
0.81483564244673568
0.82033538694734331
0.82244149687586032
0.82874519929927271
0.81804701466670149
0.82149372682517108
0.82102939617782322
0.81906314281600545
0.82124671441009311
0.82957928281495874
0.82729474889531418
0.81123032573391807
0.82823120986221421
0.8262128056762662
0.82640207701557844
0.82415533422288267
0.82207762592699041
0.82153227328907796
0.82272249676799492
0.81631891191734818
0.81585239257811859
0.82189959311059024
0.80363915600875846
0.81909889589418694
0.81985816661178068
0.82378263710216582
0.82178516016393022
0.81342351756433562
0.81366604303739165
0.8270337542400833
0.82056552877248568
0.82330531494990389
0.81588848331505726
0.82448450441555488
0.81813833763283761
0.82578994109556547
0.81417171939009547
0.81814243141792975
0.82075979081354467
0.81749602264819909
0.82574238673277556
0.82200387187185142
0.80483042436152685
0.81705138467228045
0.82277884911610222
0.80110502386756033
0.81497511382072363
0.79094651294511154
0.81600723068338921
0.82712417901930724
0.82481884120077964
0.82382950368871988
0.81326578625029411
0.81453849491761066
0.82152570402426128
0.82272544650787294
0.80587210047956959
0.80794968713116699
0.82133882773987155
0.82275246513859435
0.82365572043320545
0.81164996470961204
0.82385070014468209
0.82621436863504427
0.8288297758902573
0.80872862980272764
0.82474795658254541
0.82851406780814185
0.82031170597133762
0.81762860473904109
0.82265581235277374
0.8206116735867085
0.81709594378232864
0.82817527286637305
0.81742695055000025
0.81469375507162578
0.81686857033948646
0.82392513495590358
0.81012560284511193
0.81645053326058648
0.82472708921714022
0.82195125112029388
0.82831325413337042
0.82805585296092232
0.83000034244685228
0.81151241397500995
0.82672769446833438
0.80735766377178431
0.82272055180722237
0.81869214837676285
0.81219285554938259
0.81382931429897376
0.82772677006132467
0.82107454294297966
0.82044705877101121
0.82069032289318988
0.82835456221454062
0.81733447214597621
0.80710094894198725
0.82254463018532087
0.82905196330094733
0.81338701836376293
0.82169492716009496
0.82735317907729111
0.81642258503781018
0.82111407044039852
0.81448218219623769
0.82015112860536576
0.8232388771932988
0.82145684487797488
0.82892948300393554
0.82039859754762123
0.81768088878465528
0.82046057864599053
0.82811866211288898
0.82381222669323484
0.82338765605487474
0.82103191903082917
0.81118713408330145
0.81320545948030798
0.81905625869118537
0.82279049640747948
0.81787744838400245
0.82672890407658284
0.82661936672629388
0.82634525768516587
0.82356061698790817
0.81457565077290661
0.81896964424617258
0.81497999458717485
0.81987290994969542
0.82338923637140993
0.8139715357133942
0.81945859391663955
0.81698432421046163
0.8213684584347114
0.81081319807092689
0.80740886866630834
0.81337676522842561
0.82009381651301549
0.81372441742161605
0.80461602278718758
0.82557163959973545
0.80696071287342264
0.81571335378747434
0.82430301785527826
0.82051633572150051
0.8135229535623274
0.81467319373277047

