0.90254795386617237
0.90973451191734045
0.90477710072322315
0.90291644607467203
0.91277844601623814
0.91703197532962111
0.90573147948323107
0.91356204652886974
0.91681861356632455
0.91408855874204331
0.90796630404873757
0.91305593468789281
0.91054840395205261
0.9120079162456417
0.91067873895061913
0.91485326381096888
0.90051471216785084
0.90733882234071273
0.91181041048502287
0.914697111859334
0.9129028890448444
0.91134044348560195
0.91273153281927955
0.91262679031402449
0.908499972156252
0.9106132729119617
0.91272914201880939
0.91281297183342003
0.91035870790040185
0.91050699728147633
0.90985083646779341
0.91247484288906366
0.90999623350091974
0.91217580961662803
0.91100030914784114
0.90516693782501023
0.92044069885592883
0.91302025953327048
0.91213471401387392
0.91011597409069211
0.90902438858955992
0.91496375724552581
0.91664871775009216
0.91520517606128315
0.91533366127502092
0.91444126698453243
0.91569893664855562
0.91873762777195456
0.91572262320114395
0.90994144611221139
0.91211949569654738
0.90893160470151135
0.91280880207350068
0.91430835871486982
0.9089522603952741
0.90698691193693404
0.91174908382719511
0.90988984761420477
0.90591945839113208
0.90571986588283693
0.91816583125972417
0.91934544155132569
0.91308922730356257
0.91622740335585418
0.9174620247170252
0.91823330771132128
0.91398483479285664
0.91489403704175531
0.91638086519573148
0.90830252103120124
0.91021348944848202
0.91268193772002104
0.91192238969718076
0.91047171221166812
0.91591344533602415
0.90973511642324323
0.90772971677588576
0.90500433372953837
0.91226446135391137
0.90608638274658126
0.91854664903685546
0.91017795829344372
0.91876587108192831
0.90801832660037929
0.91493446492809438
0.91377280500620195
0.91270064075885415
0.91917409562287189
0.91556059206861562
0.91150015966490239
0.91531455029981545
0.91057136266198946
0.91513181895562357
0.91136933750344229
0.9103425014455816
0.90890757730184035
0.916259895739995
0.91211399479779154
0.91117093451628972
0.91134495838414287
0.91108411518078103
0.91015435556405833
0.91584020944756894
0.90906642431118956
0.91168962998460201
0.91197250478336334
0.91533878817034353
0.91458186728749058
0.9105206096181242
0.90748485036402271
0.91741844148436713
0.91065277350672424
0.91419760152531382
0.90428841176662156
0.90286383322825936
0.91203348808135665
0.90570176951758374
0.90784254552894583
0.90969345493067411
0.91596607791391904
0.90721203768098546
0.9157760420650537
0.90976818391154568
0.91326306205914953
0.90912274360770073
0.90766235484785363
0.90849589364051353
0.90706087488082154
0.91276133003235971
0.91304942767825259
0.9151655864941074
0.90976477919983179
0.90467226480059548
0.90264239458257134
0.90662804293832633
0.90633194502930758
0.90494109817323365
0.91266161222154962
0.91549418655080694
0.90671293857290536
0.91326685980083355
0.91393946446836438
0.91212960022671419
0.91336774835680079
0.91092043260682698
0.91435047928020019
0.91569878842715813
0.91311273412266092
0.91520959116038214
0.91082693064692166
0.90978092415005407
0.91131412121704625
0.91598324416097576
0.91003197770910238
0.90429309338055763
0.91648901901320046
0.91269939286963975
0.91301707137016919
0.91030022939144517
0.90706467343649044
0.90927498814684748
0.90287276917948533
0.91262025746879827
0.90454632505351151
0.91208881809302533
0.91647728149299967
0.91138578512540258
0.91567667829100918
0.90595929525445607
0.91424163518957979
0.91596665548248524
0.91317931808488373
0.91346937990228683
0.9113875262389598
0.91030772327214116
0.90578958301031898
0.91238184653585774
0.91139223050247731
0.90931302676599113
0.9138120947968047
0.91614707222854541
0.90904282840167738
0.91765179215295833
0.90760246478296491
0.90763032905654351
0.91113501077678649
0.90565218109767143
0.91445778649556231
0.91130380122490029
0.90911842770729911
0.90760520258152644
0.91725965239625429
0.91584447356360421
0.91182031958457677
0.91532425693239672
0.9095094157101653
0.91106174387412908
0.90430750897855006
0.91221499744054513
0.9078806562251921
0.90231422478777668
0.90910310621055013

