0.91217920766773264
0.91400392532406693
0.90787835962032659
0.90295759211650739
0.9072916385673343
0.91551148297132789
0.91557789247833044
0.91250431097958207
0.91391973546617933
0.89758427683252373
0.91207785420368193
0.91289621125700582
0.91220759171975951
0.90446590551573935
0.91188768543884191
0.91328306610801901
0.91007693167419346
0.90720947603879409
0.91301786787821226
0.91530766452150913
0.91383882824467355
0.90968612575223717
0.90643223734079814
0.90741340670409998
0.91424946460696921
0.91644613992666202
0.90352223727087022
0.91475967520138157
0.9145083580825738
0.91044690192506783
0.91382471391924314
0.91133450027766161
0.91239266335164759
0.9154369047515204
0.90644143412874068
0.91199657352743624
0.91387738506327076
0.91041160663479603
0.91175180037313674
0.91405834068966507
0.90978229114179587
0.9119164804060591
0.92199245162538701
0.91184662425565988
0.91489765025801861
0.91201859548162156
0.91452101060743729
0.91503692820803484
0.91741664003552426
0.91091727812515044
0.91630865205699197
0.91053020185728639
0.91064570971238934
0.91256263607396759
0.90959067996158016
0.91330910151641842
0.91390624283384847
0.91274743858088703
0.9087358761077482
0.90984799445843434
0.90462676230895345
0.90897886261741712
0.91785063974356684
0.91337809062596709
0.91651481304280247
0.91334217156258013
0.91387166781011731
0.91488579323336505
0.91265897108269212
0.90826824894679958
0.91588975312048226
0.91324291268460522
0.91534412509014584
0.91661794542941366
0.89738844992978684
0.90985587539198287
0.91702497052715826
0.90587334548453302
0.91302386103819033
0.90999258296947416
0.91102666820227196
0.91341470031330685
0.91351466201008713
0.91359965621960193
0.91209440791062479
0.9069960326901082
0.91125896223183556
0.91344229278407141
0.9099329375137406
0.89846705798245519
0.9161983907909288
0.9139967422954719
0.91443171006117518
0.90911304815093197
0.90042042843650139
0.90877565741455146
0.91445138330886144
0.910947330910581
0.90981828581026436
0.91053834755503271
0.91634428957692071
0.91316458736745276
0.9133869003022862
0.91081648694942485
0.91224683158790043
0.90152037176615407
0.90810178878320136
0.91312844232884582
0.90988908738265672
0.91064841541338126
0.90246370951100197
0.91315139159477099
0.91724313288915593
0.91133215495059539
0.91122011778345835
0.90146015332218599
0.89611037920505698
0.89596167719024944
0.90646555282974983
0.90590214361671939
0.91362130487775761
0.91628764840195698
0.90860026016592255
0.89835926359355667
0.91233936912728397
0.9136361601016052
0.91760589237179802
0.91058984170243829
0.90954730065725886
0.91498544862125342
0.9103487859151046
0.90919092436747295
0.91542089732144061
0.90766968955729421
0.9063773332095918
0.90878586953638552
0.91235704013281771
0.90638213132959167
0.90200904503845236
0.88905130604692451
0.91153229043073125
0.91527922007086215
0.90784272901445973
0.91165997481646632
0.91438033078452041
0.91696591320757725
0.91315222543945462
0.91216128243003536
0.90089393424059894
0.90865912605370824
0.91658899815196915
0.90890651078930818
0.91373288579132828
0.91137121553023337
0.90842789803106661
0.91106831050549431
0.90965205478188349
0.91262383728500596
0.90529114997598881
0.90636106507260905
0.9039467753600321
0.91537102215703936
0.91153159895410452
0.9037142682717928
0.90777092309391039
0.91105209888235039
0.91536649911517143
0.91369598329871271
0.91371519665939771
0.9106097222443974
0.90334945582726045
0.90958439166164817
0.90580381716931013
0.90721224447152393
0.90488432798060681
0.90592217857239732
0.90819755708169303
0.91428870544707497
0.9116308343441295
0.9165350439347888
0.91033396409156642
0.90687731192325449
0.91560762199508305
0.91706808073628276
0.90801342099134685
0.90965673924980905
0.91390834948305943
0.91232003016792163
0.90817432887148331
0.91319310243002372
0.91043195724462467
0.90528120265852774
0.91486680859161329
0.91248041248379541
0.90725980678207996
0.91039699892294468
0.91039474738281223
0.91334655976045953
0.90824753705511607
0.90917894461385196
0.91389984741441044
0.91334238290025405

