0.91007707739728438
0.9056553494900238
0.90541905392545741
0.90718326433627527
0.90799752583096838
0.91596700936984021
0.90506616293083475
0.90873305279309846
0.9113988615804034
0.89581659508915634
0.91202414078912863
0.91350306403572978
0.90866307562462645
0.90919986317679446
0.91135883818697094
0.91373903766105824
0.91829958667221923
0.91225422641008136
0.90751618937425227
0.91130366717221722
0.9079840654555682
0.91416222249563761
0.91150127296159356
0.91640979640713927
0.91164227183078861
0.91106235644080336
0.91196847998166042
0.90710575638371593
0.90523418429182123
0.91476989557014876
0.91032179672060265
0.89965809623611537
0.91769581226279184
0.91377822228758088
0.90995180150766442
0.90739494586561475
0.90938164809815691
0.90414309760790512
0.90582997414475819
0.91572187502615632
0.91234092098049058
0.91317070397780908
0.90676266783134218
0.90455650663910669
0.90467065025292581
0.91761533830542974
0.91568057021148308
0.91995120008142839
0.91405593093562099
0.90981626278472594
0.91218127154135453
0.91430394234756018
0.91262444642481544
0.90368326743063609
0.9157171833053368
0.91590574838647709
0.91542174171351376
0.90993158173732991
0.91545070977632748
0.91320877695710978
0.90925280609959569
0.91040178899227908
0.91538624962056636
0.91317027198163059
0.9124487121352487
0.90754154922671892
0.91113971891255097
0.9139935073925245
0.91120183153842271
0.90778037958847424
0.91500829577958753
0.91598863752751869
0.91380767999959156
0.91446356994869649
0.90765986453960601
0.90805039802147647
0.9131534895654736
0.91286128466319705
0.91086171808691907
0.91777754301564674
0.90335233348546473
0.91028559739515225
0.90900670110978132
0.91391882979454286
0.91024230234937631
0.91363022460563015
0.9137849139426073
0.90650511335952455
0.89998275739949796
0.91304661471289716
0.91304266774497067
0.91200290473903756
0.91284171352056254
0.90925297359125279
0.91145151333740781
0.91162906155587564
0.91177473417063482
0.91148236745924194
0.91116285287958554
0.91298956913426232
0.91282393282829843
0.91452834307832176
0.91355095116458762
0.91403469785488622
0.90711548707822043
0.90891929566029006
0.91556412984425128
0.91227460773382574
0.9079973260435793
0.91170256681622719
0.91776448645068909
0.91558477360754742
0.90048018488864878
0.90478363068262779
0.9187415509183926
0.90941752489289329
0.91935981790585397
0.90626217253526176
0.91503418804417513
0.91085397167004056
0.9126280532525245
0.9149863750762649
0.90925637259287106
0.91208007554326009
0.91392327537751405
0.90805946039758967
0.90851975175536615
0.91277626629371156
0.91168855331326315
0.90637970786856858
0.90892430380900135
0.90873061950191991
0.90852334245959043
0.91583161175037464
0.91509270235993911
0.91225733392902109
0.91247198314316957
0.91069335498759396
0.91127487772798743
0.90094508762809089
0.91198117156982783
0.91212604159935828
0.91476955836227825
0.9114540183950558
0.91338469492610463
0.9144301664695863
0.91458867030611668
0.90809533281984589
0.91181980197991508
0.91015951988098631
0.91864796476683985
0.90365463642133814
0.91581859058659099
0.91419216043351492
0.91636155927241958
0.91147929244425407
0.90102607317031691
0.91537946675629955
0.91225293094980975
0.91146353296503857
0.90677463082124865
0.90817098138716146
0.9150542974038729
0.9133862667886038
0.91498372735958045
0.91932808766997098
0.91554679558789787
0.90847905331032408
0.91238325799718178
0.91488878076045543
0.90658065190155968
0.90673539651080914
0.91530974716896185
0.91111473576286139
0.90550184198511385
0.91125797264563801
0.90539280866270599
0.90634708077209147
0.91091861939153029
0.91540865630656088
0.91145761163540306
0.9115926534383848
0.91116781732829721
0.91154640565879985
0.91021576756514733
0.91063736843974918
0.91295355675541245
0.90740716062442661
0.91141734771987026
0.90921313087784172
0.91066345904660184
0.9053539052272439
0.90714180260960009
0.90884907090404499
0.91754885107268946
0.90961277557521758
0.91546634252228598
0.91187929804014134
0.91299165886771094
0.9118632162578495
0.90805792575374888
0.90872846798093054

