0.90945068168534982
0.91215563043242232
0.91410954841149583
0.9148001783362496
0.91564425447917097
0.90831253031498582
0.91154923776553787
0.90938508286462727
0.91012115012278605
0.90841142999320368
0.91746523493563426
0.91062609947933248
0.9151433661761168
0.9138757663376369
0.91067215896474107
0.90609733488220168
0.91111520553336345
0.90665033784872706
0.91252609733844481
0.91100189990822289
0.91348533387360153
0.91114872855653883
0.90894222925286472
0.91306846604733072
0.91757333377658035
0.91731708836059611
0.91099427683007561
0.90789201615877269
0.90938182881459484
0.91407409014607466
0.91424294146917617
0.91553303038820366
0.91310468290714875
0.91036412071124362
0.90537696941059842
0.9077549245273373
0.91446061080320129
0.91060920283144919
0.91171031278055736
0.9075751359951848
0.91458411386377225
0.90922664551232368
0.90878965632579578
0.91408940175017084
0.91837844783014322
0.91734488635969758
0.91271914927490094
0.90576288122063342
0.90410956631350148
0.90803143656806296
0.91339931603718527
0.91385656229540002
0.91461978258219367
0.91181309046253112
0.91943631271645232
0.9114089842468901
0.91374236954238663
0.91029633667762144
0.91668910036214246
0.91733383472896102
0.91587585219065337
0.91566423331149993
0.91116038529728582
0.91344228307815978
0.91696400656594734
0.91329404011293758
0.9097180834485068
0.91101368350929479
0.90910001594854017
0.9103958287399283
0.91412505274015088
0.91379506229074514
0.91635594276050958
0.91511551323315621
0.91490807725093704
0.91838259571776804
0.9037682529243537
0.92021620440369356
0.91589768117354975
0.91484209710765896
0.91346422610200162
0.91378241328860299
0.90837793185491922
0.9150438794777509
0.90968694123732441
0.91574679038821138
0.91527349180674211
0.91680052900691544
0.91837777040434732
0.90377908505829663
0.91466108474476149
0.91265422207837188
0.91447998798295582
0.91655422932745989
0.91285254103558044
0.90905468951432733
0.9130687591157638
0.91623351255879404
0.90459145067757085
0.91484565307729615
0.90846409680512108
0.91764484089678167
0.91560178998661323
0.91280019572941362
0.91450280182147703
0.91039764934022183
0.90858737142816914
0.91479957509463217
0.91537930995720052
0.90873173472894786
0.91502952577846308
0.89923882428156232
0.91199077672813567
0.90899388705705941
0.91520869080669676
0.90604602423198743
0.90996049487242925
0.91373694417584894
0.91103542801324688
0.90931885165961557
0.90862800713257819
0.91780502110290663
0.91282477904736492
0.91192891707779666
0.91513677974368057
0.90949799390604291
0.90911974126104822
0.90915585160190382
0.91621105248155821
0.91349718026627302
0.91445175756752506
0.91217826019995618
0.91189529179838524
0.91955523311807119
0.9060521092953383
0.91246268359918137
0.91205431673899262
0.91972086817983834
0.91018257458887608
0.91441925369190047
0.91262869507523359
0.9123470421401737
0.91126186895537709
0.91893443664537389
0.90101428853430965
0.90869765546654069
0.91103255477113243
0.92092145187873886
0.91062416587317663
0.90822385686624507
0.91502659795687402
0.91150274315546576
0.912900065759774
0.91059290993584596
0.91032128414148317
0.90340644616406252
0.90851490874567442
0.91504014008312951
0.90899205166987895
0.90902584373584949
0.9106562068804519
0.91089545263958083
0.91358983237567704
0.91068425844718215
0.90823058468156093
0.91029187064425143
0.91506145011038043
0.9088811392634234
0.9066567733191917
0.90322462206000764
0.91165342761143819
0.9081095558403971
0.91051808162715775
0.91392943734094911
0.91368257742330206
0.90585841831399438
0.91018332222015152
0.90813744689757736
0.91539229441274539
0.91064648886802713
0.91380152544310589
0.91070180617755347
0.91008023368949764
0.91366885694479028
0.90995067244858419
0.9153063421492118
0.91067289228391968
0.91930462929951406
0.91192176624086352
0.91475456472791405
0.909449857558431
0.91128930598003277
0.91430332930035274
0.90918640219261027
0.91533638040344467
0.91426065968151149
0.90550449753062046
0.91298021275952512
0.91575972067028977
0.91843555059040261
0.9151000212650291
0.9107953620917032

