0.91298987136209619
0.91041100883216408
0.91012037596160733
0.90940559777574581
0.90875128643095282
0.9132967905933167
0.91421047215647266
0.91850186268150713
0.91266144950853556
0.90519803846676039
0.90716072738512821
0.91036344525312018
0.90801041675851268
0.91064727229618714
0.91197389277741414
0.9103620355519747
0.91318756562686587
0.91476693762695005
0.90991878753259814
0.91519874914930988
0.90915793833647296
0.90776280865558101
0.90930131641105516
0.9115261051892759
0.91004553737259386
0.91146417021816739
0.90848957680806952
0.90761780276675119
0.91244550916532008
0.9148166084104411
0.91107568741504719
0.9156441739627158
0.92080319359496032
0.91196696034356839
0.91194951955108883
0.90316606817627731
0.91387375469526744
0.91221032891641818
0.91965560856641593
0.91477332226257269
0.91340493402264333
0.91306754256915745
0.91261399095786933
0.90822406897037611
0.91149895108888634
0.90783132171395642
0.91493800809857184
0.90934280090614117
0.91977491873949457
0.91385686501970065
0.91410780262527747
0.91027175727021059
0.91255472317164221
0.91695616677763903
0.9111670845572758
0.90761899603499863
0.91309865923701494
0.90934693191605587
0.91400030174091018
0.9157021522598221
0.90947658503633821
0.90896601342880168
0.91908769412534785
0.91347706894383129
0.90602730885290272
0.9143542390787639
0.91393199324185559
0.91635090542207132
0.91013769209057505
0.90936236086799693
0.91132967713810631
0.91551543030929561
0.89810354984183915
0.9102560333747215
0.91242845631817537
0.91361707228104594
0.91265906506276917
0.90399183594264476
0.90673723994622257
0.90994630500726792
0.91212080959870834
0.90482425167516889
0.91412038568352105
0.91209628928942998
0.90805881362540863
0.89637969560991182
0.90344057835293845
0.9085974274263644
0.91065015142685313
0.91820829543686477
0.91425789188297013
0.91379194042926803
0.91191972549988043
0.91396001088911871
0.91009102494383298
0.91022559721231255
0.9042690776163631
0.89678011587576478
0.90931007629848704
0.91448236041270148
0.91221272453153401
0.90902610086067004
0.91483382263444868
0.91137783584933885
0.90786460983349848
0.91791254285595669
0.91501943056090373
0.91682626381580279
0.91764691716671665
0.91408192762149021
0.91545559817111599
0.90489536258845127
0.90834383974706545
0.91237497340280815
0.90990233525712105
0.91703559626755626
0.90887497694731667
0.90909982452113258
0.90724483357346031
0.90837152322963799
0.91527110315269999
0.91636207829075955
0.90244543998601678
0.90665113965662569
0.91210490890132645
0.91040940763196354
0.91573088215724052
0.90762836227915999
0.91196791633244845
0.91855452096569712
0.90491997902953947
0.91087690325811255
0.9163220487972269
0.90476872257461827
0.91039229442981984
0.91322550661118296
0.90486321954103366
0.91373205138730518
0.9134046026350866
0.91288694565667161
0.91337006560069678
0.91061275472568015
0.9108767784685351
0.91122940026551857
0.91577167028772832
0.91158272001208485
0.90549215664389027
0.91111214547077013
0.90707487532982367
0.9051132466050239
0.91072963802051377
0.91335942025173433
0.91424501064201213
0.90478940145714826
0.91259697948078
0.91435679938185366
0.91183465364297189
0.91094459886519019
0.9109490210669583
0.91186226769784318
0.91416639040384351
0.9108648456100128
0.91090705848081044
0.9172963620035075
0.91110356876065191
0.91723994380419538
0.90874739101413815
0.91129892349675801
0.91179414750975085
0.908415308104363
0.90831517759188918
0.91147140572591578
0.9026510392417324
0.91350047079845753
0.9192823348707041
0.9167077481217456
0.90774705028712743
0.91683981095096367
0.90697852238744348
0.9073285616458221
0.91197926064690893
0.91490175029058318
0.90960438039260494
0.91258315790771494
0.91843581364408156
0.91582147930443381
0.91198887612211521
0.91652597937752855
0.91554234479588481
0.90734955227848646
0.91211919826140953
0.91434643097094936
0.91084834258345193
0.90555464475507041
0.91445229607644973
0.9172038512377727
0.90838764945317962
0.915735449537179
0.91839353123678236
0.91350510181070865
0.90982763806866351
0.90780154901211918

