0.96311016218412238
0.96791004493070576
0.97359366866468822
0.9646593317307891
0.96670758471370721
0.96735411787146797
0.96457564397542184
0.96861884206819004
0.9680575612681922
0.97278629244382198
0.96187706333123346
0.96643793917865783
0.96557331928605183
0.97244419299488583
0.96487668441656227
0.96446046423807563
0.97086473031967557
0.96523923395263855
0.96538054103860982
0.95706556913359409
0.95761963180790843
0.95598205033055406
0.96240837601778817
0.96408818663416751
0.95876941012558459
0.96098846643325253
0.96587373834512991
0.96520900996088055
0.96988697562896309
0.96916379887881721
0.96959672394396612
0.97016112276830879
0.97034112894502644
0.96497688503044021
0.96721157741254571
0.96784198685554823
0.96698174949630378
0.96318009052866138
0.96618212313785601
0.96188717631416643
0.96343289253993247
0.96224672898205055
0.96451901200837598
0.96375940929914894
0.96821612546369129
0.96713808337473073
0.96488230359272698
0.96579243889914368
0.96689385934713945
0.96691019122080557
0.96816856783970073
0.97183978922015979
0.97007368041871533
0.96566297168750925
0.96571317766466658
0.96498226582441959
0.96239887265599833
0.96884122099164649
0.96711231311654877
0.96912030862707832
0.97195248085831354
0.96753290028504368
0.97174385625604609
0.96553024411149102
0.96767001018303789
0.96360045447634091
0.96778590696656153
0.96750763416772212
0.9676008932304192
0.96908730758133355
0.9673375661109096
0.96664086482629652
0.95936396035079619
0.96964890758682998
0.96662906751779654
0.96881541785818548
0.96310101887684296
0.96561980487592947
0.96413116919992148
0.96800567533468684
0.96479624262871466
0.96516343472901578
0.96543782960639457
0.96837760617009683
0.96178248088210616
0.96320129938785426
0.96731256599109483
0.96395328363677046
0.96959556987707796
0.96988892126941539
0.96785193999604913
0.97017630015845513
0.96523078397389739
0.96797561799168397
0.97147783804627141
0.96931741495730417
0.96872255354771086
0.96699916487675142
0.96689859326437155
0.96064389608342171
0.96389118404958585
0.96343256333977401
0.96795893975005431
0.96972669927569077
0.96283469504925046
0.96858893572878735
0.96561515965482636
0.96942130361877321
0.97215276600375011
0.96868995869757502
0.9669494930829351
0.97169798869021662
0.96416988050617625
0.96929404708149447
0.96937805738062977
0.96283319563268477
0.96527695803168023
0.96646320858789692
0.97061988879445149
0.96445593584142297
0.96325988312065269
0.96662450102652575
0.96384603623066201
0.97082568649971734
0.97036049446268025
0.96615210258514206
0.96952242162339597
0.96475831997957495
0.96136077704260758
0.96757047539298702
0.96769961293714601
0.9710045886781854
0.96312138530669356
0.96825047830657363
0.96856707011382492
0.97028979665580695
0.96964454374621201
0.96626162817952155
0.96336325791537158
0.96043170987016602
0.96725865030228331
0.96927957651759922
0.96295809456486392
0.96695997479891005
0.9659180807046347
0.96421649148061217
0.96741836627799516
0.96630357944819778
0.96776332672399823
0.97222643377983842
0.96746331676808184
0.96737201382644222
0.96425139351615574
0.96867762048614015
0.96717017277271211
0.97205768709902729
0.96602531533218294
0.9682177904561593
0.96201838167403109
0.96425591369873065
0.96449986068556448
0.96658875444212988
0.96812592757649074
0.96484149873050462
0.96689631279197141
0.9646056220833672
0.96227379919834821
0.96262227940775213
0.97210774388259436
0.97157354240097482
0.97135100247143935
0.96815029360301996
0.96514608720952944
0.97023783031431898
0.97066274532493735
0.9670681997302133
0.9678142905713768
0.96694188772779255
0.96276137195073108
0.96296078198110402
0.96236632962975577
0.96062476083546777
0.96236624035961571
0.97127696498518246
0.96669120628627236
0.96718850908285625
0.96388000232108784
0.9625912352982231
0.96384204339613222
0.96432074766159304
0.96266237525001763
0.96493281714646073
0.96543999601629304
0.96459980988856409
0.96815324777114109
0.9705838039963719
0.96514252377669429
0.96865074139780061
0.96840015925455536
0.96692976528666319
0.96562317759484195
0.96199625973712477

