0.97229308651767121
0.96896472636126596
0.96617303265423915
0.96909865951510443
0.97021906650463441
0.96525050416321956
0.96307348672779258
0.95968887974135908
0.96932332627850804
0.96830626685025334
0.96041009791161069
0.96150998422082257
0.96772431394955249
0.96953607022744059
0.96744792228757681
0.96593746858158314
0.97237102634901096
0.96568793191264912
0.9638160341644032
0.96256984573142212
0.96344833779552619
0.96980165542848362
0.96227948809538999
0.9645320079844556
0.97033860165498953
0.97140423619670258
0.96736660641077543
0.96289219939331161
0.96733566809556137
0.96688312461524495
0.96276179542842744
0.96752079855257112
0.96351202132831348
0.96122648220983842
0.96421787903267131
0.9671140772117226
0.96854896720755701
0.96583518785167177
0.95502101419065011
0.97136845860311705
0.97049491257450027
0.968286720140623
0.96372486870398777
0.9697802662372379
0.9670139974502554
0.96796436344772163
0.96558887544281635
0.96423577051082299
0.9700356153102383
0.96500248280421619
0.96908671863720852
0.96688433173454802
0.96750514677358868
0.96685448095435655
0.96774598939678702
0.97058748446479748
0.96691986756590331
0.96916608516067415
0.96379979772681557
0.96506568105498558
0.96300383918295629
0.96591954344048103
0.96985860880293384
0.96454257210692307
0.96348543854509294
0.96954563105224023
0.96868507592531272
0.96566983069984746
0.96714645437471169
0.96610251757895538
0.96207647571543775
0.96828146041834995
0.97165724135273757
0.96834328829698846
0.96834667888397419
0.96358221743642547
0.96116362995661664
0.95740924175108144
0.96837566641621808
0.97101417617623187
0.96810179672075314
0.96522930243940641
0.96854172613759071
0.96887140113985637
0.96874836801485287
0.97043414212673451
0.96330375475220786
0.96060504816671821
0.96785631524653859
0.96734626042410232
0.96924265544842125
0.96829482521775834
0.96618241283250239
0.97001896631537254
0.97080597625945375
0.96597521134431674
0.96586474959798641
0.96235646349819359
0.9680630192992703
0.96714337715353149
0.96629491704493553
0.96399725844278028
0.9688555646436886
0.96863092778991866
0.95847803003004206
0.96170211882075962
0.96465297221760815
0.97043037830617962
0.96592975147989668
0.96137774882231242
0.96623731593255557
0.96587018867218188
0.96073765333962369
0.97077556918226826
0.96609620845714828
0.96623803583802292
0.96585044607346338
0.96948238697145828
0.96895616871454759
0.96517237805924871
0.96607738205857119
0.96887176315345169
0.96553545019625153
0.96871672548896814
0.96585426630748827
0.96670253314169219
0.96899000486692755
0.96976482183068891
0.97264200118558886
0.96953225448674873
0.96506587721093084
0.96452025696094956
0.96718956406476575
0.96980272019049507
0.9685231210570695
0.9674889083003152
0.96624097714186574
0.96333064021907511
0.96054850812123505
0.96645871620249557
0.95959310885765559
0.97216308321142997
0.97037425185130011
0.96814494852585553
0.97185237000072089
0.96269967966362979
0.96762146863924803
0.96577703642601731
0.96746715089332191
0.96646884043638348
0.96878865802369729
0.97024251818126417
0.96621738508488286
0.96954000975424992
0.96755219569027284
0.96905358202027869
0.97093131101255958
0.96934099856616318
0.96621976017976563
0.96566683239306594
0.96907616259752416
0.97300602360933219
0.96554010969465798
0.96672571350036318
0.96151392803199776
0.95530991228415818
0.96391160400569453
0.96864423151535106
0.96473960373437617
0.96745118227825644
0.97115556832525951
0.96848477133119593
0.9675891902449586
0.96636940846022101
0.96885740659505448
0.96665036629957646
0.96551865350084143
0.96954834895494635
0.96413602209658356
0.96267605511935195
0.95635512855883331
0.965313448551538
0.96923938213644312
0.9703752270557563
0.96852001279125466
0.97095382519397233
0.96340558477670646
0.96348322820965493
0.97005599377606155
0.96784142916299365
0.96747681472643376
0.95514691313682143
0.96977604018453645
0.97098626342717986
0.95543874851173272
0.96366558920022394
0.96693124610143266
0.96772655862106338
0.96689244002119235
0.95885084604199755
0.9666740190066927
0.96683654570475563

