0.96654856091818675
0.96707255456256958
0.96817733790342331
0.96760357402646269
0.96467405317673216
0.96565445517475734
0.96718210363731727
0.96513784008282555
0.96934082217631268
0.9683801054910649
0.96863374781865752
0.96771221647758621
0.96532918884672592
0.97013510923630841
0.96385485633578882
0.95954296552553442
0.96856547636164692
0.9715163838818357
0.96698912308879048
0.96875747687620528
0.96732973708718129
0.96209133590365248
0.96238470912177765
0.97184470868197448
0.97051346440333253
0.97089398342288502
0.96911852444287194
0.96874315028849078
0.96433350206042956
0.96677667660339461
0.96423151962882847
0.96594423318751788
0.96880211390002169
0.96507482026430957
0.96746231032422891
0.96448214844119373
0.96673431418610645
0.96774234847926033
0.96283974242620374
0.96899444697845671
0.96299523634426554
0.96696733812262181
0.96596291224362496
0.96977517473647179
0.96567271577780056
0.96428535200119891
0.96731607511010131
0.96438126321515016
0.96521013365961272
0.96293169938395107
0.97168637690632886
0.96769417438169913
0.96145447036235321
0.96942413844127018
0.96753243620898166
0.96220394611665949
0.96431501919816809
0.96856806415846874
0.96777834416095487
0.96685778289674684
0.96907222755751377
0.96853362789679132
0.9652668821892173
0.96368966823654834
0.96580569146576922
0.9665117407940047
0.96867680970549797
0.96433512117211806
0.96798012488361651
0.95909071248310906
0.9646569338575548
0.97228019947743083
0.97181566604865077
0.97205482009955757
0.96378550390000983
0.96454520329242666
0.96373546109477415
0.96575579790401356
0.96387673525989592
0.97051784823882192
0.96668633621636524
0.96423601809301873
0.96301167032317914
0.96608082786987748
0.9679294861884491
0.96156782878580505
0.96894693800241927
0.97154779284937709
0.97022050159803508
0.9666202750332954
0.96203927083266161
0.96542427505822737
0.955562959204032
0.95941843691309259
0.96702545516189975
0.9616408308949228
0.96331211637333747
0.96233148305315608
0.96055515619859977
0.96889907507839645
0.97012773001878871
0.96813112653735789
0.96879387715664267
0.97157650693846309
0.96532617462442472
0.96727348045900574
0.9675764805572642
0.96842321677797605
0.96862424452924034
0.96697591149286399
0.96859861566548844
0.9686224978614183
0.96836143678587616
0.9643767408131444
0.95407197956023548
0.95569112121989475
0.97270953282950579
0.96692506387783794
0.96552794869674685
0.96764502092663329
0.97128846097840904
0.96649032057360662
0.97036230372513721
0.96562059137298217
0.96977800684171434
0.96665642151060882
0.9698386801238118
0.9688077562634998
0.96615292065661507
0.97041034081668209
0.96962076855345558
0.96820319076931194
0.96770789823000269
0.96632503862545516
0.96799190458609474
0.96687745698915717
0.96546854587387598
0.96322910240566118
0.97016902951656037
0.96969313642865129
0.96871272075776815
0.96632442796284612
0.96517025575636262
0.96657485409160737
0.9688077512441774
0.97012817460122303
0.96625288343036442
0.97083826458473388
0.9665328638809132
0.97191062916853843
0.96729450020132346
0.97119419956711228
0.96845605564958503
0.96929220959203033
0.96511243019594506
0.96905758906449835
0.96656584279480451
0.9650328009194431
0.96974551072363024
0.96396696637085377
0.96835631548105006
0.9682809430598549
0.97154926774941053
0.96821511925504722
0.967787846395045
0.96985738740587524
0.96781543284436489
0.9708889183109678
0.96548269774200124
0.97080158682558937
0.969519445941742
0.96385798021260294
0.96772170492138387
0.96411542794016625
0.96817593611995389
0.96995522981134574
0.96918101771401788
0.96632911761440876
0.96878237974817116
0.96834216357855096
0.96651745141950518
0.96639429464978488
0.96226083921683325
0.96813751767437362
0.96843488665067023
0.96513258064054852
0.96948661554281745
0.96790887962262506
0.96878849397520839
0.97168743202249441
0.96781330662227749
0.96720294216727332
0.96545819207020911
0.96983973408492563
0.96632741489503537
0.96691254423636985
0.96698122370545903
0.96323198051135306
0.96411791606827613
0.9699545709800943
0.96999663594891972
0.96823367129023696

