0.96780403088413547
0.96202271421792707
0.96473095057542113
0.97006330339558744
0.96534450863907351
0.96641964865591701
0.96533948132465375
0.96500202910232202
0.96684199184295738
0.96374737167957347
0.96591069498912552
0.96655378873696418
0.96413512119498823
0.96552240950988355
0.96834176219268886
0.96500923961957952
0.9694014959437256
0.96423092816407652
0.96860073049014539
0.96925171014132472
0.96571513253272745
0.96950282055637693
0.96460678107503961
0.96838600783928663
0.96979667435681838
0.96665287144914958
0.96629829554833413
0.96533197037352214
0.969261901046922
0.97053292205082176
0.96456933742627415
0.96576290577282209
0.96648148874114181
0.96650113025508155
0.97055715453361646
0.96940590185691533
0.96642246778412466
0.97169925509656208
0.96874327063297583
0.96772823672771258
0.96601182041058375
0.96565694094492893
0.96867681586810217
0.96514785688561233
0.97091917937572847
0.9608760517891588
0.96598252467960333
0.96365853788898348
0.97060427098403002
0.96549487202384876
0.96609454544040552
0.96931962573120534
0.96486786555258364
0.9658972369762906
0.96747172046889118
0.96777540238729309
0.96375785158139249
0.96778135228592144
0.96972537031981776
0.96503263073661427
0.96926671878002768
0.96780318475676119
0.9679871238929334
0.96456021471842657
0.972469397485478
0.96268001254461566
0.96579085398479048
0.96571477334930256
0.96893027877240023
0.96497717675597305
0.9723803936331642
0.97105641677030186
0.97005381154150816
0.96810570181668609
0.96981485293400627
0.97123504821313655
0.9716312721387157
0.97177413362514642
0.96730749427138552
0.97022824460943113
0.96648925278175601
0.96421121423472644
0.96573522803412459
0.96593425455518689
0.97127618180800201
0.96883078992519556
0.966368654911125
0.96950885218038352
0.96755594753830276
0.97339982526851643
0.97152117164995955
0.9645874246926267
0.96940797780447296
0.97213506670270233
0.96763055000841547
0.96928590140138837
0.96800480704131409
0.9684849618524406
0.96674397770558718
0.96644586555630052
0.95928640826543821
0.97019254373187414
0.96176009730450629
0.96988061680809112
0.96794542596821875
0.96923473539215332
0.96933252971664563
0.96786112972860983
0.96955493759561173
0.96444787332846649
0.96204447882072064
0.96962028863048988
0.97026769700485882
0.96350480109996361
0.96906916777849084
0.9689442274665282
0.96518969960389012
0.97018357759816787
0.97138465764299509
0.96663571289272254
0.9692507253499606
0.97046597911634114
0.96808433647376491
0.96214321105162093
0.96171284195321016
0.96566018708243262
0.96723794126799756
0.96838809544261262
0.96711484805388448
0.96596640510179932
0.9690275076495225
0.96785058372995691
0.96212550012366471
0.9657538241560879
0.96590502882563822
0.96954843774799637
0.96608929989294734
0.9710981191486745
0.96486569323654381
0.9695034998002432
0.96632444446349208
0.96528680576853532
0.96736437565862443
0.9652977224423076
0.96847004329613096
0.96508415359865707
0.9649653964358047
0.9701539420276396
0.96932659051346848
0.96606836681256714
0.97074712954470954
0.96848280537042331
0.9713069601020865
0.96763775878265523
0.96725057856178931
0.96991314325846212
0.96304820806538449
0.96638041395284413
0.96405150885202884
0.96574984659310648
0.96577031912139077
0.96515485266965984
0.96976807688772837
0.96759977287106269
0.9696041486170025
0.96668797463078615
0.96713351933268077
0.97026196589207636
0.96928609866398152
0.96080882688159219
0.96910743440087266
0.97161087950309122
0.96971931803516631
0.96748368191599465
0.96088223681545393
0.96788619091078509
0.96343454202385037
0.96448678706586433
0.96579769356679557
0.96744685131316721
0.96170154971827015
0.967545493896247
0.96152749451926123
0.97232070732682629
0.96653769300198222
0.96255621992919393
0.96690960387788782
0.96848044513994402
0.96851881581040256
0.96690641044600012
0.97073046207901348
0.96642102274992236
0.96809854178993082
0.96727625667131811
0.96929995340899522
0.96007027619147289
0.96539593927312828
0.9705272737652173
0.96405775577411412
0.96537799999777252
0.96719103190972611
0.96239093028515077

