0.67686189515452222
0.60443210318983509
0.59736060909947208
0.66220509918213455
0.69875393970799893
0.70506539419104508
0.72385238181652323
0.68843796314837535
0.63934212038610616
0.48514532362609408
0.50469636328704348
0.4840659285782099
0.5881580722501919
0.61548728696280286
0.71543246311805686
0.69050260353621273
0.72015758905757521
0.67497947431797412
0.64008847476085751
0.67293367835790907
0.6712749198504484
0.65251594213893027
0.66222896420891542
0.67537255489628523
0.67098394866810718
0.66149897920553413
0.63780069046622978
0.67406058015004211
0.72386266692393042
0.69055122864879848
0.65966184165842134
0.67947199270465586
0.650605385903269
0.61885004378956132
0.63524908979135863
0.63684979002032105
0.65789434933193569
0.60561528383723784
0.58692629183856204
0.58742453706751663
0.64810131040169527
0.56211745980198102
0.5223241935620675
0.59617472611081224
0.65659948139596669
0.64665068885706778
0.66846872145133462
0.64405168403259994
0.63987698409417593
0.68663056883992235
0.62513748046897788
0.67478958641711173
0.68610669407881386
0.65963473740808265
0.70570949671132555
0.6913763746585162
0.63683455571642711
0.63956099547097633
0.62451836051757847
0.56567169052749988
0.56871945938119461
0.6169740663289025
0.66917155390374372
0.69089957754039877
0.72017637115747035
0.7089602038267494
0.70061643037255228
0.64959385520618207
0.62134846958246415
0.59829511438534488
0.59642905471901453
0.63550555551322441
0.65335962119983981
0.68200090941435731
0.67421069630725194
0.71424240413212159
0.72204694746900533
0.6939520793240026
0.66721818236924724
0.65067736039898028
0.66982388384166458
0.65481406791340924
0.67725281675669802
0.67569748266950513
0.67963005052455439
0.62561101231830307
0.59901492328777661
0.62309269924741395
0.57968904967904811
0.56186117518860734
0.5700719269194835
0.59500587606876065
0.64795388394622777
0.64702007670700223
0.59647689897807876
0.65850128973196242
0.67750162553544435
0.67277952932941532
0.6806163601772518
0.63341342812169521
0.58760368925833728
0.58907372345108444
0.60669575814445542
0.6340406867533992
0.62283498539612436
0.61152881637799239
0.68235836840306663
0.67423539448735736
0.67439816421811216
0.69685200648698731
0.70062644169172661
0.65158364062748086
0.61720781323474661
0.63063162009192197
0.61461587450496102
0.61777373141280556
0.6918747258576009
0.69778044493121405
0.64286407131684942
0.63869030619083444
0.64671268087361788
0.63829352251680471
0.59165603979033932
0.47243845597263873
0.45771695464767492
0.46464270560090387
0.44139251030068616
0.45729242426659167
0.44681310252742562
0.41829257891554866
0.35220827237260494
0.35484432320866205
0.48927323252087263
0.59390381142064741
0.64410020243650212
0.61526920676095798
0.55177465973351791
0.51670471621361613
0.53191659734046748
0.49368332692491923
0.5106616545932291
0.48846004950672844
0.52184873507062957
0.57375812996621756
0.67968098156693546
0.65104612306436582
0.65293253887373548
0.61703590272786435
0.64265992795894444
0.59524391393521559
0.57293555784620265
0.52528479601385447
0.50168904086530419
0.50797866370520695
0.46703435969080564
0.46466047392602916
0.40069643473665939
0.21967188904474358
0.12663683162297623
0.063397088534492607
0.097524510898518477
0.032243546233320694
0.031870633005642024
0.082167053501223497
0.11101985399664559
0.065295705290202594
0.13467661237662859
0.068077630813155307
0.082637195909185127
0.085026862374728882
0.083842854876086795
0.069114158868083114
0.048135572864530518
0.10984985921933221
0.18734746910152697
0.25692131642253352
0.18303209503856463
0.17505800948476036
0.15967127936401826
0.37175666602089003
0.50701838810270927
0.59026796390134617
0.6199546397532042
0.67736478631973862
0.69194337959643959
0.70118573572387233
0.67183797121527455
0.63277747108893456
0.54156299250524631
0.54668004294675054
0.50957386018375228
0.69029859904657154
0.66601462715073634
0.65513954399462326
0.66035645190062575
0.69591351514785704
0.67484587864917267
0.68995994981624276
0.70449138753602525
0.63762033683944197
0.57608339925262864
0.60952260373138434

