0.66194450391660864
0.65162286021599192
0.65572314588024105
0.66492902380961638
0.71770508524197907
0.72680408670399332
0.70099854129130501
0.67600716349170886
0.64946134982463521
0.63224160591191902
0.63327623387396415
0.61805095094773943
0.5693396978142089
0.62610228967131887
0.67634369729584587
0.64981329791800257
0.67103438615333011
0.65658409105923266
0.66579571054934861
0.68080706882952446
0.63382407971710619
0.69085131272451528
0.69789398326365215
0.6807971914933364
0.66739015392068712
0.64573843927091912
0.59922400305200851
0.54619104417135855
0.52745752601892792
0.64348586900428084
0.71042997365503502
0.64728707041781375
0.64810457408277233
0.65596821236008829
0.68120947524718045
0.63420297354103117
0.52926859705938167
0.49778831118263023
0.49658836654212407
0.43353208737669197
0.45323927312442192
0.47340943274620106
0.55822991977265968
0.50875973638182759
0.61783510880098891
0.66232713530386089
0.65720333013323295
0.66418165085025438
0.64369260245204918
0.55239120290851562
0.57087316693712487
0.49035018340114578
0.35023999557759983
0.38442002650617751
0.43727664742437722
0.43555724439570304
0.52980403983780544
0.42207053920957766
0.44499964129777014
0.38710168853435817
0.38037044996945546
0.37364914377295744
0.39018026260400307
0.28991736892420633
0.22115914596162789
0.26133602841133113
0.21769442570860645
0.27973245072412944
0.32943179953958263
0.32100339082782686
0.28408342268665615
0.25549265662298587
0.30046993309272518
0.27945327069437159
0.23865431797344996
0.29922081574059306
0.3611647166850096
0.39663985662956486
0.29463971164243219
0.27069602784026137
0.37197584899900116
0.37169784987129145
0.409041448717059
0.47609983879797602
0.35712363417560866
0.27026270481559611
0.14394485841942409
0.18106703867422358
0.28623010863175691
0.41749733315754828
0.51016992704375219
0.43392549512201467
0.43739543646406026
0.51504409748174751
0.52237475619251728
0.51909067326012526
0.50011332895997496
0.50664920135472213
0.4505122205941362
0.43070759828274491
0.37201473744393826
0.33127105746912988
0.33427692924744179
0.44498165064682055
0.47903258166696971
0.38780942840002269
0.38019692799476118
0.33035805209101105
0.4058479810811616
0.43144057787102064
0.38234449938190668
0.50167055819175477
0.577285179201521
0.59700225239474014
0.64333584311191316
0.65648358386903671
0.63360648755029769
0.67844268176207956
0.64389368266741731
0.64558288972232236
0.58701580247074492
0.53410413505136489
0.54079340247851981
0.52419395091336785
0.57884494527716146
0.60348248128958171
0.58795941454621758
0.53044616481099049
0.53581260621890547
0.56781828495124198
0.67058043574545556
0.61755708757843464
0.6459720281240785
0.66144430450600267
0.69478711902027146
0.6741737278670179
0.64394309002258787
0.61272418451477906
0.58029289348961988
0.60015109737982797
0.60735285240189762
0.55104287628190673
0.57094219616978936
0.61287503745849614
0.64156842574167416
0.63132515047662918
0.68518505429751808
0.64364532351148351
0.61623583518204716
0.58286583923492696
0.60571004135241813
0.59007307893669569
0.61588944344375074
0.60280231730084211
0.57015805393704511
0.61928498278066191
0.55707556058165741
0.48592483216661742
0.57924772967133786
0.58658577549933
0.59174341914871975
0.63017603696514335
0.58829485126887726
0.54358510357595291
0.54963749454568278
0.59700105277466653
0.56738071936548595
0.53219386232764598
0.628290176243954
0.55728745263594004
0.60965811709671103
0.62433633540338018
0.61309944620929369
0.61989297083593908
0.65161535296255058
0.64260137592047706
0.65388425856487642
0.6069390312836066
0.59199475700115112
0.46081942800383535
0.39825532992683321
0.4071132278486132
0.37017802500243896
0.39976983124140758
0.47581681800831982
0.49726695309628771
0.56111367595381423
0.54418349071593686
0.55546055501154035
0.6563011067612744
0.63723969459554031
0.66465672705901713
0.67925764998273153
0.65136908810930427
0.66782034274251079
0.65215521365737594
0.63704491613672276
0.64051885417801668
0.59399053859347439
0.59468093774310737
0.65861576399660138
0.67824220899992171

