0.71877806184676729
0.72076305115710981
0.67829654320911814
0.65406572273991459
0.65185200157655854
0.63636420274646832
0.67087069474603778
0.6175003928406817
0.66389208942592448
0.6731861258272861
0.67419515549562115
0.68490230763003335
0.68360153574110294
0.71767486255951596
0.64758244415357646
0.70701607506597108
0.72502040346596008
0.63748634652020664
0.61116911129485196
0.65381665498688546
0.6272293940427317
0.66205519240677768
0.66240753378760031
0.68058186195501458
0.65532129203376999
0.6745944810447192
0.66182351684243335
0.65514920545297517
0.59526100801220905
0.66194704080884115
0.6312837046229246
0.64310828556565947
0.67728298828488032
0.66083378105896518
0.67725478381516957
0.6144622486707827
0.64573794589004851
0.55648552017715103
0.5300382979563445
0.49919666436667698
0.57583483824689108
0.62715506650106012
0.64944088429456415
0.69987686867581378
0.71456689381169947
0.7008976359329907
0.68011752816074544
0.67738813861928726
0.72632566329915338
0.70808811188418896
0.71965741816213447
0.64329145768023621
0.7005642922725398
0.6728088015483934
0.58193516021211611
0.66166720357624165
0.69751500232561603
0.69040423698027165
0.65741954122824409
0.71455261122454161
0.70586750456390845
0.69099247125968366
0.68325233789269135
0.65744594315678051
0.64228958108339107
0.63398097640795936
0.6107534869663912
0.5628470821767817
0.57463600975238061
0.6137877922171957
0.60733712303900078
0.56956234865498467
0.58324388076799583
0.58445524814143368
0.56512556428449634
0.61734106337008887
0.64543984035841717
0.69849235120576336
0.68847592168929239
0.6999051172169739
0.63820910447032264
0.63696720875599155
0.58609753394602682
0.58121551186737741
0.55041793271305406
0.58552990223468837
0.60438666646582972
0.59380131148221271
0.62671162998477259
0.6375305928164573
0.63081643477424776
0.64533604664001876
0.61513957631823157
0.62745937506693805
0.65425762044063529
0.66574374755430787
0.62752889611104035
0.63230702655110171
0.63016057055957864
0.61818777620935494
0.58950489013685559
0.60106549482989036
0.61449306258014347
0.62836047464406408
0.58774536092817731
0.57077929936390404
0.60296210331667799
0.574678671361882
0.57110270120487971
0.52800408441157776
0.56237661758916591
0.61048635845782073
0.59407416967723115
0.65685769699412011
0.68312321391360142
0.58289142729915433
0.61609049981272224
0.6074519164915998
0.54775308491760788
0.52387595857773017
0.53615163212103856
0.56120564440556731
0.52643376627673621
0.49233970069764715
0.61774225831995244
0.67850989046047283
0.65583314032192874
0.66425134872600577
0.69153922981041316
0.68787701542109825
0.66984638922719064
0.5823634462995283
0.55262166228443821
0.59623984272043984
0.59293100023201561
0.58742491251917717
0.61762194121757152
0.59331219825940129
0.56914201555518984
0.49460858640727323
0.55041966004488985
0.48260230221736239
0.42050405495331278
0.4052298224705807
0.45406946317530011
0.46922217118706255
0.50203626007936264
0.55970610313369862
0.61209226963173902
0.63763898472491554
0.55965958520256753
0.55185964278424104
0.57321268666828717
0.60996267066523779
0.60562165142833457
0.58385179799822962
0.57072409532527113
0.56502439440569197
0.61844291553862918
0.67967920980523777
0.67784933317093454
0.71537550155536256
0.70509532706272116
0.69402176878044319
0.66896040137687585
0.61855827921628592
0.54726005459524019
0.57552086241970057
0.65157878856047746
0.65967811531537768
0.64998946632409993
0.63678665150112868
0.61054707761533367
0.60650832305896829
0.66555186058870575
0.70767263582319551
0.66190223573538931
0.62892689304981531
0.65512031216463873
0.64579224612649921
0.66896406073534109
0.69097802132919417
0.68817085696431346
0.68571356524777283
0.68356268004253562
0.69804101046220046
0.65484400645303298
0.66722646895023985
0.6523278649027312
0.71105899226543778
0.70766770292748071
0.67805885018428402
0.59619560632398638
0.55896833681119407
0.5301635117973218
0.56617328372186659
0.54616758673463395
0.54562206013125703
0.60751660251888151
0.60211648826899877
0.59823742713239036
0.58857090050657301

