0.90494544323614368
0.90558137803851713
0.86290618261471064
0.90495176866808902
0.89113087258895274
0.88437143512023442
0.89426949601987626
0.88505115890225639
0.90003716319423532
0.89395124578472651
0.90470728727585814
0.91144073660655678
0.90797927576441329
0.90465479110631941
0.89995334759877244
0.89210962452695919
0.88626280974417471
0.90784606530614087
0.90399805717820736
0.8982713661105457
0.90147743127900637
0.89546953851932609
0.88901362090738811
0.89144620530746876
0.89753306541404609
0.89549811124811862
0.90706043068682318
0.90294934498564094
0.89016091303076905
0.90241351925297919
0.90620081696667354
0.89472516295825155
0.90689890038039733
0.89011290906919349
0.90125991330772248
0.90569416366952038
0.9114440134998093
0.90357157487345463
0.91497883308623906
0.90109948206107526
0.89417600674907061
0.90389527201374031
0.90248854238098353
0.91061474470526804
0.89420431315969706
0.89642380640225094
0.89741202676309151
0.8985020356011626
0.90479317161182815
0.89902354802192352
0.90490478926249174
0.88930202537394376
0.89558741819778109
0.90795166835503649
0.91159842588486617
0.90292415547063221
0.89929396675479811
0.90767327164815659
0.87852321180452575
0.91422737469328974
0.90721565575393603
0.88236602904872308
0.89764062996920191
0.90498428903838357
0.91010705570745265
0.91332252239476019
0.90665570793403338
0.89712690341920009
0.90365860512972374
0.89012986882097977
0.90899523860888687
0.8895344475662027
0.8990258127246189
0.90459680234709672
0.90428050960609663
0.91676487177260002
0.90624790284581047
0.90589256646219429
0.9002747076550488
0.90768971731366166
0.8978616290506124
0.90910205755871687
0.89815820182361039
0.91073597272015672
0.90111208837665735
0.90124189007364419
0.90034028757435991
0.90711487114743494
0.90086539752407258
0.89855222612800534
0.90265269097252443
0.90090748835811929
0.89870400345225476
0.9090779404354008
0.91235462947814749
0.90218773707003408
0.89835075312395096
0.90472089964466262
0.90454130092782681
0.90080113770329506
0.89090252382422286
0.90145262105614976
0.89685642498160956
0.91861402234483969
0.89879592172503808
0.91331104911223426
0.90456679848380983
0.89956917246080148
0.90018106078465598
0.89408687754335914
0.91047178516869076
0.89491807603850593
0.88144684837526655
0.90586748603102074
0.88953741390703545
0.90042611722713828
0.89628038620768469
0.90432771567746606
0.90421819083610622
0.90078614743286578
0.88818046495258629
0.90723894282105533
0.90921377276741877
0.89440652253828046
0.90231759818823409
0.88579556451179975
0.89842120977397555
0.90553024514767444
0.9176133302518813
0.91082967771467416
0.91065652642891615
0.90643556429543071
0.91347007524616719
0.90224882567694331
0.89760356192534307
0.89830734831596071
0.89956780139958314
0.91163230267542172
0.89892366099552234
0.89649419738828873
0.90736768647312505
0.89953916450966198
0.89425327087571382
0.88586904611492057
0.8933307301459853
0.90044792998837453
0.89305540139351414
0.89130681643771836
0.89550483121627422
0.89235046892233283
0.90373706279242028
0.90583312025291474
0.88809189387463627
0.89766550474886408
0.90502905083950302
0.89452162883861774
0.89499391407754292
0.89943026854157404
0.90251793455541363
0.90659730794529469
0.90314221733467703
0.91164635824047113
0.90245641828523548
0.90431741724180614
0.89436677965960787
0.8894165512043174
0.8938022336827891
0.89091445228267641
0.90772838374600295
0.90485732197966218
0.90746118173167156
0.9053968773489125
0.90474406961825138
0.90283806619484863
0.90359092398708851
0.90513806310662093
0.9062858785599146
0.90496731440869671
0.9019646577217324
0.89819974426098703
0.89087032550668188
0.90273331090750086
0.90721175501641793
0.90647916436203335
0.9086043920783079
0.90187645814946837
0.90288784039492331
0.89040537175936119
0.89763841551575951
0.88907288067578549
0.88358742999163287
0.89804985308472596
0.90584629114465365
0.90223749843679635
0.90003779796079708
0.90122002352381236
0.90959687496460273
0.91104094593238505
0.90452240813508966
0.89038304869411655
0.90364276411967337
0.90638980557267346

