0.89259362384652374
0.90845177846593139
0.90626020001588936
0.90135592317764035
0.89454330695434559
0.89826381178497572
0.91053812118774513
0.90398316828246039
0.89739695991117008
0.91553891057062842
0.89872558086967946
0.91198738557270109
0.91125032484894453
0.88669617069032391
0.90993298781794785
0.88477639669934915
0.89248377488332453
0.89707103256137433
0.90725805650323454
0.89550625268372952
0.89880145997014116
0.89591102120617827
0.90878784549543212
0.89927944879727884
0.89807459963861791
0.90748579885134162
0.90489479377397353
0.89055620871746177
0.89428352844167025
0.90348779181408845
0.90056909907379201
0.9082409537144821
0.90187305550709174
0.89520656840772983
0.90013472921934623
0.89636332503973093
0.90554871502698819
0.90766365624870404
0.90436828062425045
0.90324873086586333
0.90697178091405439
0.90555739246542932
0.90186199344181328
0.88687740408290805
0.90052655034732687
0.91147904398816215
0.89702577563222274
0.90291486077080774
0.90425841963208087
0.89297560562230383
0.90828691158764019
0.90692451239977789
0.89168622586456248
0.90004490695688699
0.89918879066520163
0.90711585597811795
0.91089816688776903
0.87595903435264078
0.90443583098113856
0.89449177114723077
0.88775759971480495
0.89582050985407691
0.90572959373755113
0.90088357158965848
0.90274754917627276
0.90952524526637946
0.89527873914555689
0.89322029038175388
0.90825450395585039
0.91502134811865665
0.89082337651202215
0.90789257928005329
0.90911659180719917
0.91571639445709574
0.90536926161040543
0.90600926690596328
0.90276248527424441
0.89647252512902342
0.90645067554628311
0.90584211631886702
0.89329158825499499
0.90748664589405859
0.89560491762325989
0.90626785875823512
0.90061912504090047
0.90271226938480276
0.89571392287550489
0.90697409882639501
0.89957055719755097
0.89618293575273511
0.90183131660950622
0.89874187801674676
0.90254758399012591
0.89964747232320352
0.90022662214268823
0.88957533071258599
0.89376283665275336
0.90483306506053263
0.90198902148949178
0.89884738202012016
0.90974254980396141
0.89032610445075022
0.90818381256654945
0.90530122136185676
0.90624935283228703
0.90053469841763589
0.90175977542648622
0.90384019404301197
0.90040216892048652
0.89014803899161177
0.89611820626678051
0.89991558625155066
0.89919209848781456
0.90191932792262652
0.90467473415061106
0.9000292766944219
0.897675563700291
0.90075551295564305
0.91366799106629992
0.90791720486643046
0.90889927181327057
0.90729931975050171
0.90751285669744819
0.90724993418486155
0.8939241164605245
0.89119675591554415
0.90974717786103254
0.90773582639781625
0.90218678584690115
0.9073975332813573
0.88668869164726405
0.90947312557885129
0.88866050546075104
0.91259464376714516
0.90236346123433919
0.91318728212155176
0.90064247441089307
0.88060633128111399
0.90200763772374937
0.9061435798322619
0.91573553804716867
0.90654814427936581
0.9007609987962989
0.90161594510025145
0.89630430024970698
0.90264693235369009
0.90739158502845074
0.89767244949995462
0.88208828981836962
0.88370355900918363
0.89198025173370787
0.91213024908165197
0.89567801439085126
0.89159041549889162
0.91123154812401519
0.90156053324706031
0.89576433519664145
0.89715629759984417
0.89411155150737343
0.89415589620093883
0.91256472124913079
0.90521133208997739
0.89912387647770542
0.89450382835559683
0.89750269718135478
0.91035101240110083
0.90554367749534515
0.90076102558419491
0.90615027920674462
0.91098647092907414
0.90588490631445717
0.89357261651771391
0.90624747159842589
0.9066694179849325
0.90218867302145545
0.90005437006525058
0.90330932686400589
0.90811472978171059
0.90627934466980786
0.90340713581523657
0.90149226492255274
0.89344257534553562
0.88225693228556412
0.89854504908273869
0.90310634014451718
0.90454581397032274
0.900090692339794
0.89478376650331171
0.91100975542611851
0.89962639179183501
0.89977755098198287
0.91468585189357632
0.89968065666280972
0.90642266761449497
0.89307703331375443
0.90301383331623486
0.89597552222107346
0.89853457086071897
0.89602559647205826
0.90543134896132305
0.8962171757470192
0.89317769458720386

