0.8830611198499021
0.90296690973696581
0.89963105530136578
0.89741957665457162
0.89577945929966352
0.90901039777404169
0.89340019239736124
0.90062342703676712
0.90378648690135188
0.91516229065269539
0.90579964617731112
0.90175312556173837
0.90475621527775918
0.88720544001596413
0.90757244323509101
0.90454940517801541
0.90867865319745911
0.89838224651390908
0.89405222696913234
0.90615958616709824
0.90200139567390014
0.87913953283886492
0.90764496045644127
0.9049097977692987
0.89988827611128674
0.908588191923694
0.90036600936944788
0.9058354085263719
0.9102818357668705
0.90414933783464024
0.8961728876628412
0.90200081172283986
0.88834072279788889
0.91851417902875321
0.89025075107264762
0.90631589401504364
0.90037253760267988
0.89741682993741367
0.90728389297551626
0.90372508045712108
0.90316747617267767
0.90862922488594999
0.89949913163052786
0.89835323460556527
0.89720195669432756
0.89874695175799391
0.88423145965644434
0.89518567399568205
0.89097360783415191
0.89380837357452614
0.89025709316399992
0.91045364976632082
0.90406947180267649
0.89743774865555848
0.89959177430699167
0.90633791336488922
0.90148393790974857
0.90348590560693776
0.89054348504308134
0.89443262818764335
0.91265563896713897
0.89443174210286469
0.91201799250885041
0.90392786395073754
0.90236750892562512
0.88869012826232863
0.90983585925981914
0.90793114108635042
0.90529810165853275
0.89619443826013789
0.90470924453852586
0.89554295367088155
0.90751383806934516
0.89387266595124626
0.90700641299720242
0.90515471686493798
0.91010068067691774
0.90269345546124258
0.90216506529534479
0.90341161212220622
0.89979664700842099
0.90854957177365991
0.89355393975868846
0.89228282671995129
0.90378875300266426
0.90513885429510987
0.90855519047508326
0.8935323758203747
0.90290084280822003
0.88226151956588894
0.90320322624564897
0.88642879800327967
0.90190955345934565
0.8992533267340681
0.89584488321332489
0.89675765619906544
0.89240178434546136
0.89927056925304805
0.90498774097785839
0.900131657885756
0.91295515217306311
0.91076243580282046
0.89543390079245277
0.89500085299756216
0.89469265006907062
0.8966990206832971
0.9026576542448348
0.91185251535598355
0.91309752942257694
0.90036870731147023
0.90767748544463855
0.90143207308458928
0.89949547210470382
0.89357435961830078
0.88873670830203944
0.90168498854518053
0.90633809189623649
0.89613068164902709
0.90956496739948478
0.90286905676757823
0.90751686859281766
0.90985697935273913
0.89156044043229921
0.91363709320000452
0.91256967402204126
0.91382970926073592
0.91579039822889563
0.89406373805764128
0.91104157321620327
0.91420880275239302
0.90244621758984456
0.90354069157882499
0.90280799870176642
0.90173378847048202
0.90847342966384137
0.90395425670653018
0.9126860844248712
0.91119993706675795
0.89208983282061693
0.90889080847813586
0.90140970835276402
0.88592256443782036
0.88884588820436494
0.90929534687037117
0.88953858188227375
0.90021687275513551
0.90430714248004151
0.90329918132247078
0.90194451311520618
0.91192682179539075
0.88887028355008513
0.90364296017542245
0.90022787024896478
0.89283185745636251
0.89209474357336016
0.90339531985294519
0.90280688022339584
0.90508211595380983
0.8942074664001417
0.9044734059305809
0.89726775855165819
0.90674334820075408
0.89948639244949513
0.90339112399905142
0.90831898706242076
0.89976631160161713
0.90348378610943347
0.90732129512148452
0.90497384148207582
0.9141799538554205
0.90236832093248265
0.9114469307872306
0.89381016732190466
0.8897966024407763
0.90357365760672703
0.90255539270731888
0.90263741564113154
0.87623696363655279
0.90587452473710528
0.90846974494839328
0.89801185777167714
0.9054654385890617
0.90406605704180654
0.90424270201342127
0.89696676404328113
0.90572445984340111
0.90604249230787925
0.91156183830982229
0.89620311001495878
0.90786136934980788
0.90143208345572323
0.90542361015395445
0.91392187490234611
0.90421182918038157
0.89188228595971564
0.89359729046111847
0.90237797602639991
0.90270243465626598
0.9068739172867607
0.89578861764342899
0.90914609741397678
0.90847743021656224

