0.82330641833941443
0.81970195156194614
0.82149418526002649
0.80328152047694412
0.83231066874034232
0.80328304661385197
0.81499448541027453
0.80362589457867117
0.81466710594899927
0.82786271833488156
0.80329772689013612
0.81541395668688754
0.80624451259747654
0.83286123430575354
0.81229177868755997
0.79580183320908959
0.80498474533044617
0.7794777975096947
0.8155281322034158
0.81380534176381292
0.82265631092931035
0.82629995378625487
0.84751088973765387
0.82861698207158541
0.8260381443815622
0.84093049631974004
0.82577219773606714
0.81817058258262376
0.83150902135081517
0.80297984863989191
0.80247876491770187
0.81211109274131699
0.83034219769952222
0.80961820484586222
0.79630424194384042
0.81209564154381364
0.81591669476790585
0.81463333074179867
0.80128024634272355
0.82713858571772125
0.80816652469060779
0.83134045760107234
0.82607717499716915
0.82767349833617687
0.80512687772142255
0.82016530706888824
0.82483805862499893
0.82540715749126869
0.82837432018699519
0.79236185440676898
0.80549907446512459
0.8203427099548557
0.81954066238073642
0.79495253042576541
0.79154632081978038
0.78178572009071334
0.81878997358948491
0.81193891577353172
0.79528542559216076
0.79943814925236578
0.83408161805125425
0.83179701903905823
0.81357746551141596
0.81027008318496996
0.838145173767463
0.80472657370915801
0.8024235810177256
0.80909425821397762
0.81999376486048181
0.83660314302482985
0.79371627290286872
0.81204162034108684
0.80959124849493369
0.8168879771983627
0.7963124588774857
0.81353262188872333
0.8355220100644305
0.80512809431536259
0.8019023104980465
0.82125182787746198
0.80515689414689473
0.81997790869631837
0.80853655205373121
0.82879379454031199
0.82023762946658529
0.79535045277465144
0.82475882252810451
0.81800625194341969
0.82737854078124073
0.80760619815588397
0.81818415267054767
0.8275836733699824
0.82517423495761522
0.80837065176918377
0.79005687123989321
0.80289930558740696
0.80610841650901222
0.83541919337917059
0.81682024234586759
0.81895190131393292
0.8138842656540699
0.81758517738788117
0.8162428890773481
0.81680704978635266
0.82712414104985388
0.77193751244808961
0.81564922894265801
0.77721164228698481
0.83754015903029011
0.79815773471219986
0.81979166028566075
0.81072684353549473
0.82468561719579903
0.81463533980722636
0.79022668475522329
0.81468272893320737
0.80954900114219841
0.79522998317373617
0.79865538493221222
0.81819010938303505
0.83007391262624497
0.81382959231524277
0.80390701473717774
0.79778869858043444
0.81038183609939507
0.82313093785193336
0.80426314233032914
0.82923694422220073
0.82737374263347674
0.8306360879363206
0.80625656059021977
0.81147285550523129
0.81869556446343505
0.79227544632230251
0.82507558143449578
0.84272629790514653
0.83642805873490766
0.81968373191715926
0.8024571568381067
0.79709069440270641
0.81954590599796995
0.81741640011539229
0.8213755021400525
0.81184675429760012
0.81465326197819965
0.81223306778271731
0.78758405452930158
0.81352101175925418
0.83165291319466883
0.80026019556181793
0.81895386560828221
0.81147604011172425
0.83612552618298552
0.81712241012500897
0.81670891757629616
0.81862524138107862
0.81674798039946683
0.78909561224935421
0.81530102980589847
0.83187346870524803
0.80784541344041294
0.81575964851022942
0.82777143369999062
0.808082462817447
0.82005877307801045
0.83368287596630641
0.81952860617182133
0.82590764895015911
0.79835202558611151
0.80754841243756126
0.80768302785799062
0.78493142666435067
0.81021907897241463
0.80006276376555741
0.81874422139160863
0.8265056416131169
0.81146114690695947
0.81617224615038875
0.81420017974124415
0.806328210187505
0.79704322954002649
0.82353923537275153
0.83701877912487777
0.81634793846056808
0.81663090938383986
0.82694132294523748
0.83756385645185749
0.8299522158580086
0.81687087235947398
0.82718127608984005
0.83942529977665536
0.81183999717115152
0.80527125809121769
0.80816975933921931
0.81929206718952707
0.82554532539352565
0.82020986709084598
0.81554561925284463
0.81270422470034598
0.82477199606496499
0.82775186124308664
0.8304851600448363

