0.82887877288904932
0.84074882724492139
0.8198137942532896
0.81881202295159472
0.82280539729326307
0.83806812609638059
0.82147361222490667
0.81583139835519347
0.82232240725091943
0.82495214857741594
0.80470276034053445
0.79635501711593226
0.7975786851353186
0.8029796032602452
0.80992720268959106
0.808693182628616
0.82869511791735273
0.82603211227699647
0.81013135978740203
0.82499227015287413
0.8145764095433996
0.80789281160666571
0.82037118969247391
0.83019460150077551
0.80947266578640453
0.8288168160408721
0.80293776167863218
0.83085761976647232
0.81283756283432806
0.80668236126186077
0.79443305519279528
0.78043175776202911
0.77358428980549354
0.79920257703125197
0.81295082705591748
0.81576641739437161
0.78673013097268185
0.814360634692743
0.80890935843098577
0.83166800484679371
0.77489435349175984
0.79233165936295402
0.80682399330545163
0.81403712858587074
0.8258973437809094
0.81294777329623313
0.82288369926506899
0.82263720945017449
0.82118957748541466
0.83489579350583398
0.79817601922498072
0.816198741910934
0.81027741342584469
0.81926296149086386
0.83402066523829366
0.82647132735100404
0.82419085832584005
0.81896353159554003
0.8118644340448995
0.83289653774894801
0.81532968787086324
0.82342394190076762
0.82416204228762924
0.80923962606819111
0.81422386042714989
0.81839621062575663
0.81774785993788612
0.8078055332159646
0.80345941716755931
0.80334058591978708
0.81331126278471411
0.8140373081689779
0.78124155130776629
0.82875737002833372
0.82377805924099179
0.82480292221959173
0.8195003881774019
0.81118748700853738
0.84043038752322885
0.82568486161185028
0.80216047964764869
0.82958781494712774
0.80450339633024215
0.80184564869960018
0.80894188316837312
0.81228600637737736
0.81477607544473574
0.82106378340466679
0.83005746316855533
0.82578605988375609
0.83010608412058184
0.82376926426527075
0.82419996200294388
0.82522853388095685
0.83047408465121919
0.83641608707271364
0.8267004670703707
0.82639904608269654
0.83084969848970314
0.82813383630501214
0.82819109641518152
0.81878962718605997
0.82180344080131418
0.84271346941049619
0.82967466279254998
0.83909415921040842
0.82820318308241836
0.82670610417683588
0.83325341526809849
0.83768308286853044
0.82421954161962496
0.81060599498386532
0.82110406112759471
0.81625321192741862
0.81135207205705429
0.83648398698035731
0.82032157352475965
0.82249827706071021
0.81245098946987371
0.84100851441508817
0.81931588212820239
0.80731891291944513
0.81083014738680692
0.81746185286433393
0.80686180446802058
0.78862340229845251
0.81583324594068618
0.82234704800250191
0.77732128814565471
0.78771693431420831
0.80260860753405427
0.82466309914544644
0.82949664788453281
0.830787462656569
0.84080936866239575
0.83403090218443043
0.8435361958345029
0.81825816507942051
0.81722083517846067
0.81463860454568449
0.82047383710338784
0.79770355291826922
0.82784580883645142
0.81256861170945405
0.83116157334271146
0.81223418285650117
0.80989402428405022
0.81069970991743545
0.83580932184059598
0.77299436628140972
0.80597537808430009
0.78902987380958212
0.79209205696624641
0.81095128450122422
0.82969433860914976
0.81726171850176466
0.81371683090131119
0.8272905452705327
0.81243108651449447
0.82098368206887096
0.81157111437649387
0.80237984407892637
0.81713070100363216
0.80051752776935203
0.81137377266076416
0.78889491960202796
0.794595908537441
0.77186081067602308
0.81757116691010545
0.78483044442370964
0.80821639366561115
0.81713649576645431
0.79757109028453432
0.83821845903523862
0.83969901205406261
0.81170419901875823
0.82666742211934474
0.81200894287162562
0.82451258388963644
0.82458801676821147
0.83014314426852043
0.79092295656503231
0.80710019650608111
0.81026237969192028
0.76936610229638458
0.79160470931340243
0.81964966048292398
0.80497135382685292
0.76697621753472678
0.82570553177702311
0.82175381908333145
0.80491201745374863
0.8180146299553398
0.80939940612854666
0.82808767972177977
0.80914883896383805
0.82268904903449813
0.81186045856597944
0.81490643858057787
0.81438561888954564
0.82013819067211968
0.80817416933246222

