0.81617449666921171
0.81078961471364352
0.82577239687480353
0.80890154960343275
0.82827876480960472
0.82668864871349934
0.82501679149087259
0.83379125490555894
0.83092905818078877
0.8039380686825699
0.77268551881846081
0.77468875470325826
0.79723188120033961
0.80010059776002107
0.79121043094272792
0.83178594202573375
0.82573176910782753
0.81136446469666379
0.82946441980010233
0.81383546059828327
0.81418685325921725
0.7909030997558868
0.80702243949064689
0.81843832939069916
0.7978012293564648
0.81216454489104473
0.81597251580865804
0.80013552700528345
0.81943521109290929
0.8243730531264446
0.81493721392002239
0.81833863714169086
0.8271132316970865
0.81451081551818083
0.80144123908686227
0.82193333492816667
0.79943881290903718
0.82734359761106824
0.8263794524826592
0.82333333319929702
0.82889575586883613
0.82202993422161008
0.80194258017111397
0.82687420297854664
0.82188741107046193
0.82776238987029427
0.82100962185323745
0.82643014542633297
0.84118933650210559
0.83049432691125269
0.83632340216325696
0.83057003461086287
0.82097722156570307
0.83051875297665678
0.81159263311992758
0.82186542532081497
0.82729031287017085
0.81749463055010196
0.82773671485013789
0.81939850964843641
0.81467074774907389
0.81109196229862623
0.81122217110738104
0.8203924969098616
0.82739989368935063
0.83526750295387509
0.81257895663992807
0.81672052331994893
0.80497996848735298
0.80874270156037897
0.81634810096564969
0.80608693501308404
0.8169744415891963
0.81559339580923029
0.80638116281842775
0.81926908729974968
0.82911487790432814
0.81029487779047649
0.81040044916986975
0.82154220564099967
0.81543252867702343
0.79447592373793829
0.81893428603789908
0.80703517177225381
0.83088499728500798
0.80775349318679868
0.81410749268181204
0.80832286199872116
0.82392618005200557
0.81550227664123354
0.82113115330101216
0.82014341054002071
0.81603732589233757
0.81004740677739195
0.82488499466262366
0.81404658548302244
0.78892612622209157
0.81374276171384019
0.82945856046826172
0.83239885102642674
0.81493614179891272
0.82547218204219586
0.81579548026710758
0.82050965757194161
0.83262068894366414
0.84578748719149932
0.81966354157873156
0.77385649681712854
0.80840148374510312
0.81616131562926908
0.83114869216393727
0.82875491482663399
0.8222276039311619
0.8279719344031734
0.81350615581351271
0.80354837853615324
0.84502650442572447
0.82961497030524534
0.81852336143508519
0.79866154404241463
0.81804026864285384
0.77257813025416922
0.81301252730141926
0.8209210498980466
0.82891555754017399
0.81812487467050055
0.83388079929494541
0.82943900975615337
0.82309621909891506
0.82902108634916971
0.80113308576654274
0.82350183529731791
0.8262922932421195
0.81698328949210486
0.81672036724825836
0.83406839867103921
0.80786873353530497
0.8186485692947929
0.80783196271267066
0.81658945054753584
0.80875264331490082
0.80686530555107916
0.83194942856757137
0.82567749038389648
0.82905150204458855
0.83485571472344766
0.80967079138373921
0.82328762989275206
0.82702977730831739
0.82936203106886552
0.80210756977277331
0.82417223896530145
0.81914390354680144
0.8229259686555247
0.81257249796757502
0.83291886474570376
0.82090916862669816
0.82009580682227712
0.81054071524655646
0.80319689356626101
0.81206036712506291
0.81556562424008616
0.81107509071690254
0.80499923654521843
0.83428229451396929
0.80595737291254788
0.83025972642557511
0.81623833517949551
0.81100221046168708
0.81194705049347504
0.80487985105947824
0.82029598246508051
0.79474920940689264
0.82196041114053053
0.82019170343130487
0.83598660039343109
0.80087346772308321
0.81202830925626357
0.80140578414335706
0.78178081891353401
0.82696023766003723
0.80848788252229686
0.82424975073177131
0.81487432349997124
0.81701497590616412
0.83369595292164544
0.82786274423244333
0.81839539145713858
0.81516539513682384
0.81417765137943143
0.80533827514491696
0.80540283005789148
0.82748840587662309
0.81409265834465683
0.83271765766681238
0.82985435036777921
0.82260262459315436
0.82247237006962837
0.80852532136157484
0.80606077671640175
0.82912832029451755
0.82330736405414395

