0.8306434180074761
0.82988824222837521
0.8255730492474852
0.82186671415843549
0.81176745684977036
0.79495425789014584
0.82260899601330939
0.79883446035390859
0.81212690582947578
0.82184335665232688
0.80602982161187975
0.8103579146704184
0.82133795011037092
0.81512811597565615
0.82383902663838993
0.82598219390004868
0.81806479506926533
0.82414246549729275
0.81702399631564149
0.83297392434019668
0.83921874899253945
0.81717568684220565
0.82090306149168757
0.82361135553282572
0.80768336012575104
0.82797251927776105
0.81421155132327894
0.8156504374938337
0.82906612042239591
0.79838940864404273
0.80984558540541229
0.82185704490890199
0.82306444220900687
0.82790198612146915
0.79951680427307659
0.81268116797118528
0.81759011248782931
0.81954908482857192
0.82604130412146737
0.79081272910041545
0.81641192172252164
0.84153534336448732
0.80427727782682867
0.79387348511877542
0.79793582659326212
0.8085813460909842
0.80913964159071483
0.81228335002228813
0.82459875916186454
0.82295317690823078
0.83632528143699714
0.80943602317758789
0.82226541867978453
0.7865517616497788
0.79010596375490028
0.82441160946695213
0.81027235474940573
0.81932113292653397
0.81583398244036687
0.81676557583102827
0.81131453275452348
0.80951850494638133
0.81449839698313042
0.83415600574353821
0.83681145139263591
0.82384537425048499
0.79016547494943057
0.82305563255513958
0.82724840143418399
0.79506813149016109
0.78844733757655849
0.81006189430917774
0.8193794095494531
0.80350978436218479
0.8319455602173037
0.81230886755342024
0.81527349695219742
0.81185972745364776
0.82767221106069433
0.81510537675079564
0.82543092433902998
0.83356370370765331
0.84266545373712476
0.82536336599709137
0.83261987070901755
0.82079617303533725
0.82089404145940448
0.8159818439618538
0.82209630996901117
0.83669677129902031
0.8047965345373157
0.81150155332201546
0.80954476263965758
0.81988532102677536
0.81500437135872084
0.82937323057875012
0.80900950256653026
0.81387348467650522
0.80640324607458669
0.81275012423141713
0.81288513641960103
0.81286387945318794
0.82490825638633059
0.81844589605111451
0.80982821473597832
0.81750200653083283
0.83369200442085445
0.82443614552983702
0.80593560578829915
0.83693789185404865
0.82248487302995998
0.82408264948306076
0.81031428333459388
0.82395151627103025
0.83108408500148512
0.82769265872008602
0.85300965374922699
0.84077049258614522
0.81705747420141139
0.80435571855958177
0.80312140678454225
0.81312492444568452
0.82110316708666176
0.81661739736448347
0.83514725088348674
0.80619523744003851
0.83104986993541552
0.8277261789987147
0.83434816984459648
0.82653383103882072
0.8261420093778975
0.78882912580739561
0.83344399431202609
0.83650129923839234
0.82594677031032682
0.81515550991144536
0.80977557709114045
0.81595188230874971
0.80300867726544523
0.81667839560261501
0.83784542497457759
0.83064035217965604
0.82837520966815859
0.83810296345209545
0.83252314818083928
0.79890906428515518
0.82292645189152125
0.81890956628156442
0.80651780244555182
0.81334145632374855
0.81487969927840365
0.82306597145602867
0.81972172563468482
0.82931176250611127
0.81375223092514959
0.802848137181704
0.83460163713513247
0.81548376597837957
0.82771650797235152
0.81219721583520743
0.81620510682890057
0.8292006773448507
0.80546333260330294
0.83481527579645842
0.82400546832078569
0.84681410199952534
0.82913059052286331
0.83142891340504121
0.83991462627151547
0.81551166622497095
0.81047525440551282
0.81779109152912999
0.83452446701079142
0.84570767524032708
0.82194043648585957
0.81446720007529527
0.82446860118026644
0.8278544716850762
0.82876118928226306
0.83000402334950696
0.8295958094509932
0.82402970993095426
0.81582834857469599
0.80170663289191879
0.80802443318184958
0.81279554472037407
0.82511930999758498
0.82598464679772421
0.81937608613152513
0.81782509293634398
0.81278038984336798
0.81665801842539243
0.83192438598646001
0.79762766332110391
0.84584677580106382
0.83406540550941333
0.77544973707353715
0.80265837268496842
0.81717575272659237
0.78813373827034272
0.81722387611813974
0.81517997704179312

