0.82945680647175879
0.82711846933001942
0.820584994368601
0.83478853540338427
0.82794128453091065
0.82908657476502112
0.82760446326980841
0.8218623549953793
0.82853492137703189
0.84568402378181218
0.8217287007408004
0.82425654977106499
0.81997422894805405
0.83325040922902005
0.82767740541030443
0.81930470253096921
0.82109401158124107
0.81534186372973816
0.81470765311100424
0.81853425168860716
0.7935110321497173
0.8115653673195965
0.83536120405932957
0.8195164946766923
0.82282522696260896
0.81056510380809366
0.83494957180700424
0.82384483449661805
0.81506938305216381
0.83662726006003718
0.81547911038494736
0.8213841155791809
0.84653814026072705
0.83808102604148937
0.81486387647905623
0.80944980715817338
0.83610815087812695
0.82366203844400809
0.84232754610831528
0.81896432663216878
0.82981133019735076
0.82973962366479026
0.84870581880284157
0.81673954951195549
0.83716221832540172
0.824593374995086
0.83177671069515235
0.8296881930657557
0.83540478990760059
0.79846236071818122
0.82536328711941231
0.79791021235342263
0.8155454952922716
0.83337760445630127
0.82513889578351296
0.81532644623063866
0.8112025693650291
0.84024978745761558
0.79210118058311563
0.79172590882517313
0.79256339160637646
0.80892540055291073
0.81966174801809799
0.81999736078020102
0.80495042757509705
0.8138355253315952
0.80569105229999116
0.82799957219832987
0.82590293453303276
0.79065340521510707
0.81841427769297748
0.82064444182206586
0.79351960613577566
0.81737990143381911
0.81017825498042562
0.80732432577048341
0.80639046447030016
0.8166647101818354
0.81607080279345379
0.82435367093351852
0.80283817647282096
0.82169829207636769
0.78959857968236569
0.82093462705649767
0.82535825157116816
0.81484480302823947
0.81276282976363357
0.82566405332414516
0.83205855875366963
0.8035572828807428
0.82689407976702312
0.83190755322181009
0.81860410145599116
0.82667209454092627
0.83182908507468756
0.83672119523702415
0.8152500365591403
0.82476237462827173
0.79162972125360209
0.80891969323560831
0.81427116067265859
0.79748329599621992
0.80152890131463028
0.82172052650994898
0.80225050791684283
0.82489174433209589
0.81435143869416315
0.80483921089061072
0.78881654995492478
0.80107528559225272
0.81791882454589337
0.81326816271465674
0.83081900810375175
0.8023745186359178
0.81797301817869117
0.79671334518782344
0.83476732932485542
0.82161972782661341
0.81617216567367656
0.8189818212246045
0.82396339892858061
0.80916513034201654
0.81777649007678921
0.80952652388431878
0.81572834911654868
0.82715673048659133
0.79650983400162312
0.8247976644392303
0.82724849073102569
0.80310364548784352
0.84180622454222764
0.81953643223401496
0.812430769151959
0.82511645735929795
0.82357523322750115
0.81963412815246217
0.83463553399957802
0.82189916525925655
0.82812036017611002
0.81392012555728144
0.81394472142410235
0.82737393815376625
0.82154255274381527
0.83362178561612976
0.82312332746391048
0.82487822069992423
0.81999515872496165
0.81694083061933642
0.82046505119462698
0.81115276137635506
0.82405962339780803
0.80274744709144963
0.82182333464311741
0.79661956262737921
0.82345179471607566
0.81977448306742295
0.80697917296328325
0.80299361587886864
0.83482374226452116
0.81253629359454438
0.83074778714741659
0.81672261880692987
0.80859297484315262
0.82189410991940337
0.81712357752108433
0.79889648636371624
0.80080753851855424
0.82174391397432101
0.80410420869339905
0.80070594347222268
0.8325774002105204
0.82585369178493551
0.80679626400042637
0.82898533900767357
0.79334797648207389
0.83620937683928476
0.82528024405947642
0.79248932376029058
0.81911363702156104
0.81105548799223692
0.81945062836159477
0.80369778684026649
0.78986286703621045
0.82194671401519737
0.83305744015688399
0.82260213197624776
0.79218251220479985
0.81954660070759511
0.81752040473408238
0.81914076637200206
0.81592605118464101
0.82603658700695659
0.82303439718648164
0.81570501482627444
0.80876100270404083
0.80316238884517976
0.82137810527341593
0.81518700382324105
0.81057595964012574
0.78611630158751977
0.77232873795596224
0.82257427668261307

