0.91700821021588119
0.92733638718451339
0.92648773464116385
0.91994866395917063
0.9214357484852741
0.93089557971330272
0.93097706734311536
0.92127436152290898
0.91866410594114889
0.92251473811264884
0.92712556603643392
0.92461012437421619
0.91483108437591731
0.93108960386338824
0.93657433648837274
0.94083273305523307
0.93228595548049742
0.94137585164837145
0.92903698748993013
0.91481430314844592
0.92319704207738085
0.91256927373490637
0.92623351640057183
0.92117743734435931
0.91901274392282928
0.9204558283709845
0.91103179868145501
0.9205399945793854
0.91140422920722175
0.92950209747134382
0.9231326914580692
0.92176998193361526
0.92006732620678511
0.91798933601015642
0.91689128690938904
0.93393049423007934
0.93607661152952748
0.92650134802021122
0.94346576129283644
0.93024845141891255
0.9342708416393064
0.90709719449553516
0.90888409652816537
0.92833908522910291
0.92206770770210211
0.91872016037882132
0.90763664077385453
0.89459159858596271
0.89772130354523816
0.90021245941856665
0.91475418526877217
0.91513453509122422
0.93054149259467411
0.91714630430884447
0.92604806601932099
0.92204442676449938
0.92446623795715188
0.90581503838053157
0.94114499266139018
0.92773060315346312
0.92511656545898213
0.92490095386098414
0.91817963545752612
0.92575074549439762
0.92289305475577588
0.91718877723064463
0.93165838246551813
0.91309116879132557
0.93012209772681298
0.93289060547358815
0.93214432505895406
0.92690009306246524
0.93613436581905152
0.91831572558003471
0.91474012573309138
0.91059964560797146
0.92704853306007251
0.92335219477027752
0.92759860342586642
0.92386360716448057
0.9129846907674698
0.9304433812653059
0.92133480352060015
0.92931218756503597
0.91491205779183404
0.9247706176467243
0.92702101976704288
0.93501934718763269
0.9356615545019149
0.93274833002117863
0.92697589157001503
0.91867961501736661
0.91636899370933811
0.91989437569397259
0.89977455639103876
0.90696838900928678
0.92521214782237726
0.92187214423518893
0.92808645826523384
0.9138989196320626
0.91047415285635103
0.92101818551232295
0.93660206376878585
0.90624857842499063
0.90983455411093261
0.92349270971729513
0.92912822157019215
0.91984586784732014
0.92399374395934197
0.91866780522941216
0.91099188606303438
0.92922610607036904
0.92412560765248786
0.92410792211498449
0.92525113563447547
0.92098053297727589
0.92023523698616005
0.92845120148379401
0.93130418979508978
0.92088136692748535
0.91805441738055105
0.93367252427662228
0.91750238959402863
0.9248916405674078
0.92190975814302734
0.93130569369699523
0.91555018712480152
0.92187856339252339
0.92816845130790482
0.92447139076564566
0.93134410914773713
0.93205604842580458
0.92989723845879824
0.91216936838740093
0.91948065055117256
0.90199484048922729
0.93140718969072556
0.93312130560071982
0.93397095067861458
0.93366921339811915
0.9215460646933169
0.92716460626919461
0.9121888259088532
0.91384810515928083
0.92540466016030731
0.91853794113849441
0.93038277668168778
0.92426246820850555
0.94045272512398448
0.9276068613921602
0.91952153735077014
0.92479007185344764
0.90923059091693748
0.93440783051051635
0.92578941757944233
0.92250056694671212
0.92472448864418266
0.92026968719653357
0.91296896380186354
0.91207389756271318
0.91788408956351142
0.91740674474382378
0.92393126440041007
0.91699187299780749
0.92250220284488726
0.9278221357839026
0.929863870675395
0.93497343991316284
0.92629677479015415
0.92435153018164351
0.92300552444899264
0.92926105300031214
0.92883129103707796
0.92241218877827924
0.92524495821061692
0.91071559851042339
0.93765725410238743
0.92023737490150903
0.92483844436262896
0.9236953839053349
0.92329455900832713
0.92257572696352297
0.91492375823152539
0.92278091781780203
0.92750409303991588
0.91694816530229628
0.91851940666005771
0.91742739383465477
0.92500939369473811
0.93446747609968661
0.92445427334329455
0.93091361901325143
0.93678304857039307
0.91866438021697572
0.9256048984742189
0.92441848153379647
0.92244034803754649
0.92612932621237587
0.91828857485754667
0.92751650147537679
0.91751930960626271
0.91505532750431162

