0.9274514959265584
0.93470593318937212
0.93452818913946445
0.93718093000661273
0.92156023904174289
0.92760962980126116
0.92079756783630717
0.91165148726854284
0.93033266555924188
0.91038509378619792
0.92759611005979248
0.93386314153141259
0.91303589447378919
0.91521417926320636
0.92164455914647425
0.9240531500818957
0.93628369642092868
0.93653499623974901
0.92461944743759028
0.93239379697394098
0.93338616267057817
0.93734724313677098
0.92895362622739963
0.93316594831358224
0.92108620178020562
0.92317369626420631
0.92048372870170303
0.92680202588356198
0.92479802220758389
0.9160377252667441
0.92671268547283592
0.92605041603757443
0.92009103032147632
0.9215531207414791
0.93069263113207845
0.92976277799031415
0.92495860597443669
0.93793323414893159
0.91637124894017097
0.91630638179649293
0.92556815623322053
0.92746187882319064
0.93213139081663243
0.93361476611329808
0.92364549620505965
0.92693278219636344
0.92507026485261867
0.92025456425679208
0.92832084659237324
0.92504580440099105
0.91920529400103268
0.92885164379974128
0.9242238910257855
0.91670134640272993
0.92824422542215534
0.93103595082767698
0.92014758802918728
0.92231988004016552
0.91529914637045084
0.92201906607457607
0.92829106548050211
0.9208541841270903
0.90179878612137221
0.92106545974402743
0.92502352280527844
0.93706743532225611
0.92572296225869932
0.92364620607171677
0.93827092526613598
0.9220582290526993
0.92737926961889139
0.92502747786362238
0.93199808825379193
0.92143730857424033
0.9313126738204871
0.92461412040718594
0.91589501619929681
0.92202406089056976
0.92349393995244444
0.91991579756055109
0.92074003475623734
0.92430971946920071
0.90750571489848519
0.9164118579771201
0.92541216225845535
0.91076788889145321
0.89956528086086585
0.92917414459126291
0.91780842212946634
0.92999565541015616
0.91262808987662913
0.91561641100845814
0.93007844627395264
0.93328511301600448
0.93257384546997901
0.92993461490579965
0.91861073111867009
0.91997319388561538
0.92033923694286446
0.91279433751095074
0.9232702117124868
0.93676952381325929
0.93102128698110864
0.91562532210371195
0.9269512650445656
0.93016575088318576
0.92396847808947258
0.92223860217727427
0.91195239477253986
0.92275093583492362
0.92288795678209901
0.90687544875741866
0.94194964979809137
0.91942650925472924
0.91540316796646382
0.91961806520882561
0.94061995504042373
0.93216221368022822
0.92792206162978996
0.91810159092798693
0.92361598752550611
0.92841625898029245
0.91579242090482538
0.92492576332378162
0.92868897671891926
0.93595426043818486
0.93562933259379122
0.92979561952563261
0.9239423085872539
0.9220252401760044
0.91596128123597231
0.93077159341928961
0.89708555291400205
0.92625337675639785
0.91840959064610028
0.9284159860352833
0.93684179188343497
0.94137251377490438
0.92499964051364447
0.92832106670713499
0.9194783982621062
0.93385832325931517
0.92199133401028033
0.93013769866056839
0.92389263094614893
0.92205995703749444
0.92059622759359694
0.92552730933547056
0.9366907923275607
0.93328037018399956
0.92765343960680025
0.93337360187719831
0.92873708998667626
0.91946811275420304
0.93134696862031607
0.92837795758252861
0.92406660697788523
0.92742707958428194
0.93384746378236827
0.9372014259887127
0.92682774325004924
0.92940931443296448
0.92131847104174136
0.92185804224646484
0.90974272377133647
0.92510029312888142
0.93988494656284793
0.92293599949357419
0.92629796863586245
0.93266230357077795
0.92474318515114506
0.91961428381115651
0.9106233079210222
0.93106123412886588
0.92590373670776782
0.93278305334371647
0.92920127298731925
0.92686481878593996
0.92960050229854252
0.94077034398925774
0.9404713582035753
0.93480089388621768
0.91643393160187125
0.92026723025432988
0.92165113528239506
0.92949625236540911
0.92314309249957227
0.92377905897381829
0.92148881794074922
0.91134197028421349
0.90370998711505912
0.92669259964010164
0.92832213098952632
0.92384959093104801
0.939711712324105
0.93109039002496985
0.9293662755836839
0.9229355126795864
0.92147130551749379
0.90048646882138639
0.93236381319211192
0.92294329632311856

