0.93400626998777991
0.91532223791461342
0.93134369409075857
0.9214767878082557
0.92944912436496574
0.91214492063268315
0.92349635966493271
0.92444475838956408
0.93267614430585677
0.9233529360121554
0.93430495873696906
0.92871061020262335
0.94074052898856719
0.9257206245891193
0.90982207229417367
0.92642903626259465
0.93732461255487476
0.92909480217313201
0.92678217602126545
0.91556365275912344
0.91768417915624467
0.92138206769929087
0.91932565142720846
0.93482161974957256
0.91583059303414749
0.91919961024466834
0.9244495070191574
0.91989983098793449
0.92127372329765911
0.91729259162462617
0.93738348689258777
0.92296472565538334
0.91859121652809772
0.92126339922800338
0.93749764606084973
0.92274154843899037
0.91884904302262627
0.92848054604636321
0.92822171983997748
0.92398023892683379
0.91953823279160773
0.91933282202899569
0.89688879644904451
0.93619487472446061
0.93059308765981952
0.93678538458992844
0.91664914141660647
0.92591375584364366
0.9263588925413937
0.9219669656016054
0.92926917185986524
0.92016642972898544
0.93372153344029452
0.93348892136008532
0.92321629298027208
0.92734480943793751
0.92142012647333205
0.91966281518118564
0.92650472333085188
0.92994850448387378
0.92308525185533907
0.93038537578995884
0.92777585575996235
0.92098204174185105
0.91870301527256204
0.92648421486627763
0.93085593889456975
0.91902144912794625
0.93454768958191237
0.92431102973153501
0.92058776278217047
0.92239602039300772
0.91733195382384858
0.91866931892874681
0.92837630874189714
0.9270100612532941
0.93571521116661216
0.91795195541442132
0.91045649457243061
0.91835860689992077
0.91425578270342911
0.92794098069016462
0.91669563256604969
0.93258342273376582
0.91760110630111014
0.91902749109882065
0.92633178577147557
0.92151737796533439
0.9212967813636308
0.91165618589212383
0.91895742794767832
0.92751341743080296
0.92612671290850479
0.92149683260812432
0.93232633348172256
0.91705075545097736
0.93101752163835338
0.9277595705168129
0.93784473463793083
0.93462441300701482
0.92465031754198246
0.92939936942203816
0.92741707145298002
0.91922239809210726
0.92211311760638281
0.92988325393679572
0.91263824164237861
0.92366798744094747
0.9168408947593063
0.93328634460699944
0.93190923467540321
0.93414151637510934
0.92839115450557386
0.92213834619204704
0.92416049984516824
0.9202760058441658
0.92982873149936951
0.92042494066034486
0.93848192605668712
0.91934530364078237
0.91178934510880261
0.93090216198251208
0.92124062356041181
0.93001884797307643
0.93157032299113163
0.93165856042910367
0.93341533911899277
0.92470003711127768
0.92516903654888638
0.91892539555636299
0.91900252216084388
0.93063880758130635
0.9257848052162535
0.91680570961204522
0.92983622146846356
0.91716508712360656
0.92625740500700982
0.92562275118545789
0.93385222702078285
0.93081200484301818
0.92656756442547505
0.92651039016486503
0.92390799764932641
0.92640545729176604
0.92265284191141328
0.9321475866777702
0.92910349963754102
0.91607004324870622
0.91986539061840533
0.92253648158939405
0.93036587953672589
0.93609895347842598
0.92169386978370238
0.92558141235283387
0.93146591699305548
0.92321940135977409
0.93234623607368539
0.93110062399008942
0.92538333225503711
0.93767362131112764
0.92375582838099213
0.92547384320016401
0.91845022548700428
0.92210598387434273
0.91920840760031564
0.9243404264372822
0.93320550356889631
0.91403175778094581
0.92675855159804499
0.91915325859880959
0.9270231491137807
0.93827820084083424
0.92550762213882543
0.92989629129713813
0.91993537355038391
0.92376899760513043
0.91992726823662585
0.91353793883706791
0.92891814689720742
0.92454703082113487
0.92871049767257907
0.92914161444316923
0.91852716547937274
0.93790085118021282
0.93283386741088836
0.92846769514545635
0.91478070703755909
0.93124366663703884
0.92607788024243942
0.92892382754412872
0.9261588117730597
0.91376455135607026
0.92600102099735893
0.92075190110240845
0.92299278091215764
0.91840059512350125
0.91479597655827383
0.93732618853556726
0.9237872214224605
0.93081027742891864
0.92315911290545827
0.92904002159471155

