0.87007087674663797
0.87074568583939804
0.87226409053825604
0.87259529275515724
0.87636646051621825
0.8658099889603077
0.87519803571773391
0.86112820250709521
0.86879544181308455
0.87248253899552131
0.8677952984200582
0.86695181128213206
0.87517551050910825
0.87367664252058497
0.87101767681704745
0.87727413083484806
0.85689556754886664
0.86120768206812803
0.86823848939038406
0.87647372472966645
0.8721085596119722
0.87317307923860676
0.87247682356647871
0.87018345169655276
0.87614918059300806
0.87087378927555814
0.86392203385478095
0.86104985148186475
0.86799386393480005
0.86969948293776722
0.86560460937284267
0.85869930026470853
0.87520645082380255
0.86303138671289226
0.8587813321549489
0.86996955334055037
0.87342052778320289
0.86460623925798419
0.87519375559921253
0.8721469810495559
0.87458229543523591
0.85316336987915198
0.86345913855717771
0.87563198260412156
0.86713784948212225
0.87212773974894653
0.87322956141442942
0.87465252410017125
0.86762580786039067
0.87249456316569696
0.86863371833713787
0.88000383975383834
0.87109572395047397
0.8667351542248829
0.87332168698641488
0.87470370627017113
0.86977895402259142
0.86817065613563582
0.86807775443528012
0.87127641211957896
0.87007734587255148
0.86445512784964873
0.86508732083818785
0.86871950900317252
0.86925125270847481
0.87282397472289774
0.87041888829526615
0.87271616233722404
0.85955830681741885
0.86643199842989038
0.87091554668997906
0.87399808991117944
0.87273092977059408
0.87492031653618896
0.88193883874675116
0.87116322079014985
0.87557237470705718
0.86492546487047761
0.8578309121276867
0.87577709214336663
0.86915222776988876
0.87266404796572805
0.87097305631578126
0.87042694755965111
0.87365676781185142
0.86837060497955243
0.86824187709794665
0.87692959540352677
0.86672725425526564
0.86588378951058598
0.86556899008040955
0.86709630972177809
0.8693828594134474
0.86929770112547455
0.86833531092356953
0.86423780242105441
0.86799878953692489
0.86888967800691985
0.85922552135778874
0.87592967300314328
0.87456939702005809
0.87322713390851114
0.86947921244650572
0.87004536191503057
0.87518914681559823
0.87675483125372133
0.87134579743493012
0.88011205374295975
0.86418469722023561
0.87528199334783563
0.86952348546814928
0.87295445640578662
0.86181106101486549
0.86963586607021193
0.8660430057261056
0.88000400453646177
0.85844647357587434
0.86243545876045136
0.87486593221023612
0.86579053289858876
0.86653586433074514
0.86860807537697859
0.87418516501702348
0.87021458624272263
0.86712323486952814
0.87265488860143769
0.85589690998024037
0.87898875919005282
0.86478138995346909
0.87114374371636527
0.87176079099774151
0.87426481216504315
0.86754621572125112
0.86728557521949534
0.85904714877800759
0.87334605315491665
0.86776136686652916
0.86769611746973363
0.87418935648223384
0.86805132320637934
0.86100222876186039
0.86216842935580584
0.87917514941589625
0.87120622412253679
0.87755412350488671
0.86803231643452261
0.87621521072491837
0.85838233174186385
0.86615137194541814
0.86659301681540668
0.87276460775318476
0.86674414410200151
0.86229530385303832
0.87389222160897218
0.8711574469652924
0.87695807018461513
0.87350354054098966
0.87216233943481491
0.87785790378833328
0.87423566417739962
0.8761876831120704
0.86999328914241125
0.85977024990892437
0.86048073717026274
0.87241481894678763
0.86063962657698723
0.86873956752064785
0.86971682892763669
0.87294595249659934
0.87857262340382802
0.86932011406144705
0.87423533195017089
0.87429521029207513
0.86945951593427473
0.86581858181789673
0.87619533323705623
0.8726191687497814
0.86789545339425689
0.87054088989614098
0.87859767833625513
0.86598349543450914
0.87242435437225951
0.87096717202150664
0.86727499979725786
0.86118111382172091
0.86982725285485951
0.87692396812144879
0.83950669104183739
0.85991465315765536
0.86580648034166097
0.86797883857595581
0.85085149034200347
0.87049055387044183
0.86587909386137296
0.86757705383350014
0.87112662423447962
0.86471057492344938
0.87840364559133255
0.87752998071445176
0.86602884107726441
0.87400694453617211
0.86806158806669709

