0.87056404362529594
0.86749293836538521
0.86815521516975691
0.87852861692622175
0.87920374748019148
0.87169865219510934
0.86739876814948347
0.87582334942631046
0.88116417623337229
0.87268421062097024
0.87146916859496215
0.87641602030557497
0.8738487152469846
0.87441545387983222
0.86829644086575952
0.87147872744869026
0.87014121638225306
0.86879273707634685
0.87324291155992328
0.86748759255448538
0.87054171187940255
0.86784111741419334
0.87405612751290085
0.87374231310542028
0.87573172325393667
0.86019750101280501
0.87368867255459848
0.87368437446748082
0.87194008667887324
0.86981900907751475
0.87029583519177411
0.85358731184314762
0.8755683827760099
0.86775223690468262
0.86670062655022295
0.87093962831342386
0.87413116766081211
0.87301053315110011
0.87550503949111536
0.86468285759974772
0.87579369871950641
0.87582813291705808
0.87513449257682729
0.86560649751578622
0.87800441458604261
0.86877838866770751
0.86044472707239772
0.85911749450966379
0.87364497314018397
0.86337515713576118
0.86645303270211715
0.87333319938513665
0.86218101741100373
0.87343055061317743
0.87939349522412036
0.86194834295194422
0.86117346916191762
0.87106866839162289
0.87230451149352639
0.86508151323628413
0.86484865277410317
0.87584715099885824
0.87237407641446163
0.86442361141891677
0.8698851686118555
0.87179750997665084
0.87585583121602473
0.8634633255947789
0.87368978743405035
0.87101228381538831
0.85728448144156089
0.87679911547551115
0.86280447667050775
0.87509702810286705
0.86617064480498351
0.86749609411759709
0.86680217259505155
0.87897941794910917
0.87369273610378995
0.86689775979281092
0.86905148233768348
0.86833134363064679
0.86374368894800735
0.87661128727205118
0.87112630869542507
0.87657618698768092
0.87453468986246796
0.86981512360081725
0.86872394656299368
0.86393966215053919
0.87713226469586258
0.86290750965334095
0.86707559345023533
0.87278689428280598
0.86556145385908401
0.8666343162818011
0.8641170585118948
0.87064591323686735
0.85761807314523986
0.87723921910393698
0.87444539646300912
0.87744191643048475
0.86789474963501079
0.87275434506991989
0.88108019244325375
0.8719602369813535
0.87617235054855835
0.87356141199761439
0.8563910069162346
0.87844824210170014
0.86449908253170282
0.87856046707810831
0.87414360692909032
0.87692542431974763
0.86389876268831001
0.87077189337412275
0.86761706683633855
0.86688039401520678
0.8782667918508823
0.86442016323911564
0.87088284446323527
0.87178136851928045
0.87266049771544429
0.87698011684197374
0.86475473551398518
0.87000147409286122
0.86733829101492821
0.86876830251898995
0.84215686383242294
0.86459473712442014
0.87022994122594877
0.87304114404536126
0.86374063937934464
0.87586816719057858
0.87003819540959049
0.87152601047058686
0.87389820164513532
0.87049534559332498
0.86493535114517239
0.86176520030187198
0.87555444292302476
0.87437805589831419
0.86573356552012171
0.87362596550802918
0.87359236674823193
0.87101704399549762
0.86878749956575008
0.87208353409789063
0.87102770547038855
0.87418889836783975
0.87220782549010933
0.86599778210960543
0.87769240607587973
0.87148049870436406
0.8800241830326786
0.86222915197632455
0.87072205853537699
0.87895959515183975
0.86732069847978033
0.87249980585348452
0.87485154128731724
0.8712191216576407
0.87175496223678306
0.87511490067783815
0.87898333525718653
0.88206325948880149
0.87415476532901448
0.87313852309422069
0.8706262984282036
0.87337806167557153
0.86620869058605343
0.86778810304491827
0.87134071345398445
0.87544374180064199
0.87377607467548002
0.87353071041846464
0.8737092924622557
0.87626535221240187
0.87748425853603451
0.8633810871566947
0.87900241446530913
0.87482720872886122
0.87245594781138758
0.87115355956794971
0.8690817880728281
0.87272094244924892
0.87286796939863176
0.86712980303471443
0.86901031438348575
0.86798854952841409
0.87139569716856224
0.87403162141957613
0.87269580841244243
0.87594729118767656
0.87282682013396251
0.86905528168198909
0.8763267313028531
0.85625851508313422
0.8713261775281459
0.86173838093401756
0.87634546922931567
0.8781085600898807

