0.87056300407624254
0.87872080993740276
0.87748765495046477
0.87584746473172992
0.87938669156024574
0.87242708012742287
0.87407179913699617
0.86751091268703751
0.87720426948310748
0.86878970737780414
0.87322722264451391
0.86860943155275538
0.86729856404743377
0.87196131757957196
0.8744886429116524
0.86678988388013023
0.8759019180170754
0.87900400149754887
0.8800322708946885
0.87725617924678245
0.8692617435943053
0.873081972049772
0.87059999036052071
0.86830795131030869
0.86959809658655685
0.86481966182252556
0.8761190890262478
0.86445697471337357
0.87008257775625197
0.86743769414192384
0.86507115828209491
0.87609364409740265
0.87143396946390073
0.86873262338040314
0.86783440520358768
0.85399599693805217
0.8720274893696589
0.86410865714686991
0.87665728364519757
0.86648269267905065
0.87000010538581107
0.86651295442716003
0.86689083438483372
0.87306459194691766
0.86737251435277762
0.86827023449934915
0.86530035739899069
0.87689290043680623
0.86103574785390924
0.86686985703026731
0.87750311502964318
0.87936102560031637
0.87228567333687346
0.85570595260102045
0.85435726380021015
0.86738035731193963
0.86165181886251441
0.87550202858236859
0.87341668272377759
0.86743431073324406
0.86984698946986672
0.87411287852448827
0.86873128743764638
0.87646699288120977
0.86828910360143474
0.86924132341863336
0.87411743012012588
0.86958854478504755
0.87448106048349095
0.86959485386009738
0.87117314131701584
0.85933725623718138
0.86839958098367409
0.87187523869736028
0.86843858071162994
0.87109703810981831
0.87307604998857713
0.86716347436356944
0.88082644591399928
0.87309215807340856
0.87052399158081828
0.86748907727199176
0.87239707575293146
0.87045806561975747
0.87177238535218926
0.87499402341549959
0.86762884877779745
0.86902220791138518
0.86990889858146947
0.86340849903473504
0.87494517726638765
0.87054636638310523
0.8685018581041507
0.87088713644333149
0.880891638858185
0.87255776403377672
0.86970961034213712
0.87821830318888527
0.86989620680703172
0.86858507683906871
0.86053364269271992
0.86937404659613704
0.85577712731895794
0.86678261949041036
0.87234273292312292
0.86732476692292082
0.87046639075834165
0.87914685528350112
0.87501247255583903
0.8722974895191774
0.86872136734981842
0.86743472240483155
0.87179623567189501
0.87178412325562848
0.85482804776067001
0.87484399264778678
0.87473432254710559
0.8746415662304039
0.8718804135964574
0.86475044718695671
0.87636516280978516
0.87728448884144583
0.87394232762506363
0.87189502077309955
0.86698368047328822
0.86700466028617207
0.87069493673646625
0.87356889761687939
0.87673863319488499
0.87294751176830265
0.86569996528672088
0.86877219613230106
0.8729111074572673
0.86402322000178322
0.87378493410994229
0.87325319112614797
0.87481604028586235
0.86692947056706349
0.87378153213340237
0.86782368301259183
0.87346174821584965
0.86298337040536122
0.87394195826706167
0.8669875755901475
0.87413408976181839
0.87691987385112224
0.8646848619331291
0.87781274347894434
0.87781176851477338
0.87675237570709974
0.8674678558043375
0.86871500653587164
0.8699045593398127
0.8738267800239703
0.86405045633209743
0.86928156800942313
0.87065011819145344
0.87041839429892764
0.87889529367066432
0.87849925588636391
0.86380760875473073
0.87037925818628337
0.8717397417049535
0.87523955666512421
0.87283303428874581
0.87180618795306497
0.86914733864709115
0.87304463270734711
0.87624168580711259
0.87471728202656673
0.87600195383806445
0.86642505376662515
0.87734883675771835
0.87314171158362452
0.87259355973731245
0.86629477717423975
0.87737552962590581
0.87345255569106384
0.8691433997128174
0.8596204458141824
0.87623439810751513
0.86611078814244258
0.87714933432486453
0.86919793895286956
0.86419999543115256
0.87176020745295357
0.86134350170575735
0.86547297722236094
0.86737319055156104
0.86882956550359669
0.86953636585917626
0.87214789196728359
0.87641704371166318
0.87530260230471002
0.87362191487011442
0.87531244093654637
0.86208776968282352
0.86282617149615226
0.85965155824228534
0.87222441157909447
0.86713551822489998
0.86616576062769568

