0.80018662179495359
0.81243951079267263
0.80930161049324334
0.79555024104135608
0.80299415704488186
0.8132347894765013
0.80797387859051439
0.79884254187991555
0.79437690871426048
0.80800860472234659
0.80949697473126758
0.81876689231094923
0.80461126582085185
0.81365213267066294
0.81448953609673558
0.81827949841392544
0.81279541421425017
0.81929532353273837
0.82043275582933906
0.81373116646887433
0.81172783571506435
0.82104134754030322
0.80027225943212665
0.8259687918316776
0.78555827857609228
0.78815053022127701
0.79819072274006908
0.80823179250036681
0.80388867287824872
0.81870290364069642
0.79851837397899494
0.80215959072896492
0.8230179748970341
0.7861825664787867
0.80886810801667264
0.78877258365838598
0.80626465131298386
0.81938491415833192
0.78420825917719317
0.82856601498487603
0.78716128542495967
0.82324176529331861
0.8143155357248838
0.80767212000039601
0.80056011802083138
0.78024806065514696
0.79138973403640056
0.81054515936896998
0.80749347883743683
0.78381214484917139
0.81091167346895798
0.81494863584937938
0.80189740968511813
0.80241563612684863
0.80804579576532443
0.8140091738460622
0.8121807838557209
0.79933895211734107
0.81201601053776551
0.79842414743104573
0.81750360604770911
0.8052973912476219
0.80088305767251611
0.81329046150913187
0.81824058939698985
0.7951181536931049
0.78498722796117837
0.81885494977351647
0.76097588905606772
0.79241926291738807
0.81859217280790242
0.80976164461345201
0.78833658316465038
0.81070203326075563
0.80945998292877297
0.81159231524090203
0.80803404026782732
0.8112497462979934
0.80075984260453448
0.82436046875216951
0.77098657798399162
0.79111710791003931
0.7564781579585359
0.77051233250792883
0.81153813285825405
0.81158613127343859
0.79861933498358839
0.79619602958724711
0.81031075147661036
0.7882711574796718
0.81341882584253278
0.80597893011566246
0.83436602601392762
0.78849520545997176
0.81520914591296834
0.81334743743398152
0.84092318930212062
0.81443796892862941
0.81793958094816943
0.80437294672932091
0.77880100046203937
0.81281153973900266
0.80457344212188187
0.80298468096105458
0.81404738727335935
0.7808279152947738
0.80603618217954187
0.81688474085212404
0.80938073532563082
0.80957495443884975
0.7913988801241042
0.82036483068998167
0.83142378646334236
0.80987684560906781
0.82489477131893707
0.8281854759869266
0.81044887934108989
0.83621787838615913
0.82559981618508316
0.82384940194371525
0.81352588652966351
0.78880729051837084
0.82858590308583435
0.81948618463086076
0.81138535393519151
0.81263289439828934
0.81720190838102491
0.80777389969453728
0.80795294822248143
0.82211485997977973
0.8195271809437088
0.81609985589158984
0.81876731943114089
0.80925026641164099
0.81300309612201482
0.81533246621430511
0.83175872358593828
0.81560769373859965
0.79676535517487335
0.81358521459826427
0.82645344606801696
0.80831980596907316
0.80879795822972567
0.8255149167754211
0.81601144600562658
0.82676891742096459
0.79290918846594904
0.80769430216397331
0.76713415586470257
0.81338868065179126
0.79591620661188334
0.78621688901615161
0.79218239259823708
0.80870802840843503
0.79964536613573223
0.79580063943639845
0.78203707877070505
0.8147683274631955
0.79025553206219668
0.82073383608704809
0.79895105205689154
0.76351495117777468
0.80267768655064164
0.81752076044094857
0.81287960320030184
0.81286731103300225
0.78243486753892233
0.8070074873201607
0.79488669187350747
0.822204812150515
0.81460375275982966
0.81457431722000517
0.80557796500650969
0.81119695280516435
0.8156503513645611
0.8120757548771762
0.79653435305826514
0.81484500938962001
0.81001361200807243
0.80476034142337105
0.81719387812485744
0.82306907031027332
0.80490423673830902
0.81640145462568126
0.77657324990612908
0.8007651810650922
0.80818468362005913
0.8254743029470194
0.81464588762690249
0.81847125478287974
0.7990917698682104
0.79814703039013768
0.80571343195961131
0.82080439950380657
0.80960133216049024
0.83624285484353489
0.82013113333114496
0.81664528118021551
0.79468505096595299
0.82141081470597532
0.81304088911799111
0.79142920850692899

