0.81679621722480045
0.82402862542889976
0.82295590166176369
0.806004110209671
0.82009967401100825
0.81680729068074209
0.81593864702971308
0.78879216446093248
0.8017618757013022
0.81640756429601891
0.76918336621071648
0.80007846496480395
0.80374909842650955
0.79538964299759229
0.79844085022062072
0.79395728983795089
0.80469122404278126
0.82086748260054299
0.81703443328718528
0.81105887616820982
0.80885026114115044
0.79782925830451656
0.76168459389827103
0.81232483208879624
0.8065907923621638
0.79840579423397617
0.80465023046150241
0.80786059236572627
0.8151643488172664
0.81216083651585991
0.81391922768830982
0.82530144381197723
0.7708106618826206
0.77757151548057291
0.79418373483914417
0.77517077027705883
0.80511023945902838
0.81065060294793034
0.80919807592054049
0.80870625596968815
0.81054578716077363
0.80871231403316512
0.81100752921966768
0.77747828742182101
0.80576391306591277
0.80145909464005005
0.82718159242237288
0.81526937778409014
0.8100827882322964
0.82199260870969859
0.82793934593042984
0.82260224544302973
0.83893544530988928
0.82586896757467976
0.82208481003884604
0.8263714078149107
0.82225059256074362
0.80836562876315177
0.8194644954819793
0.81570932954857034
0.8047683545056451
0.81186435672629653
0.81517933633520678
0.81577015948861187
0.81201705983639538
0.81302912348903889
0.81201065351519397
0.82095944988974168
0.78773409569878061
0.78325420973110216
0.80148033183740996
0.81618149585913446
0.81683842367659409
0.81317906058834
0.81135361429321196
0.80642580513272311
0.82269778959453121
0.79888590903570311
0.81692838268852064
0.81220089331350909
0.82634326849657158
0.80847497033546056
0.80371304136110744
0.83548779454621414
0.79685499335350363
0.77472939991336043
0.80870159469440683
0.80889045434027418
0.82038890828698396
0.80847642700420441
0.79221850315445674
0.82485084543832143
0.82737087009214083
0.83269471256364991
0.81765641753510121
0.81411414293877238
0.80944041424581825
0.80974497631539422
0.81052478489759827
0.82924687414021137
0.82751495693389732
0.8207167340465763
0.81730967805258459
0.8240800134022962
0.81709951027017147
0.81348596201872314
0.81694824470095817
0.82152425068258872
0.79972696943652499
0.80895166090443937
0.81737751381240253
0.81700537236872817
0.81616551227328871
0.80602076652692956
0.82340524001852444
0.82364750344288351
0.79397125631909871
0.80954856989119495
0.81119058103153863
0.81236506998609181
0.82412557800549591
0.82435418028205076
0.80838482259880529
0.83298298150191186
0.81959501564178217
0.82211088992710712
0.80513637257203707
0.79090316824515483
0.79396236813084842
0.78935681953594161
0.82336257471187169
0.82167610884145659
0.82519917178958413
0.82216839436300782
0.8301753859255514
0.79756130446016804
0.80594479715760659
0.82388414746760485
0.80991577815636429
0.80191475109567212
0.78669991462360178
0.81524400081866666
0.80029649313680762
0.80085149079741713
0.80989863739132339
0.82761167763794974
0.80754426144937941
0.82206383635221225
0.79263491214855275
0.81416942156558292
0.83039815369360637
0.8197876565716693
0.80259175779569147
0.81260971374178548
0.80750931487642796
0.82562685230751887
0.81722736346847702
0.80465608822093115
0.81808173710759124
0.80302045783114195
0.80393663040485452
0.77941854270422928
0.75500245386920117
0.7789988863572922
0.80155940768342548
0.81009979910170116
0.80763518429807957
0.82570972875250903
0.81160248355150255
0.82678889307514414
0.82544307940398576
0.80998802453805374
0.79466005500792569
0.80993803883593085
0.80845174195399661
0.80788719843950196
0.8162511792239906
0.80889341641239754
0.80839145733812789
0.81890546564228039
0.79774556751080961
0.81348621226473861
0.78011434906880761
0.80994971796884541
0.82328649599209913
0.80481359899065696
0.81265880351777797
0.81425436361013204
0.81691271360123174
0.79527215306963395
0.7901672816761488
0.81091814705772702
0.82140175105199387
0.8346848418891254
0.82237190949556804
0.8027729293572603
0.82007787426633472
0.79634703836126974
0.79496996292796906
0.8120596184144464
0.7922964116389557
0.8269777705379957

