0.81540383422815943
0.81239170531239502
0.7905125492078281
0.81407210647544281
0.79654159398610425
0.78531768510084998
0.81431190255397434
0.81264498816005581
0.80093258564443559
0.81589133160683569
0.8346219003365476
0.80372095884368655
0.82489692825805472
0.84033746136095266
0.83893476697343439
0.79001411704397051
0.81845849550883953
0.81673855843953003
0.81004272939144062
0.81813997346644718
0.81628099711507174
0.81409236132506468
0.81106018071638164
0.80726984303485516
0.80148698085242387
0.81669660841488101
0.79704294724163582
0.7938169294058246
0.81628147659306427
0.80266458943070995
0.80012647625826583
0.81635439855910508
0.80817102137737162
0.82246404341265733
0.82926685428478064
0.80315114152063305
0.79616085595045749
0.82080118222619924
0.79688399240862873
0.81791665748851006
0.81605679203907178
0.81313586078762146
0.82844537510072813
0.81285423976919235
0.82523153127582505
0.82425567609350425
0.81807658908871461
0.79173457025209204
0.80241165440637208
0.80665224370412192
0.81433471049551243
0.79215116754414383
0.81672255926978832
0.81854705955187967
0.83180299417288006
0.80661720033918705
0.78255256875951729
0.81500795776567847
0.82203873528280846
0.78394468177591159
0.82570280225516002
0.80829093836090415
0.82456333170579243
0.78403515240588917
0.80172125839797292
0.81665901565644961
0.81888506794110516
0.81292200006601945
0.80805571357447614
0.80125266660656491
0.78839170492520783
0.78948883501266376
0.81045546899496268
0.81578378003106622
0.83376374500027706
0.78409570320552535
0.80637694346988675
0.82630999736935873
0.80317057658049429
0.80511638857013434
0.79660813124193164
0.81653271873671718
0.82224762315985866
0.81552286025518672
0.80974378594209828
0.81642789783942249
0.78714385034839129
0.83123012430741039
0.81464566467698329
0.8238997311144115
0.83104355589744794
0.82837907572964298
0.80435423007591111
0.81435812861402745
0.81005549022365841
0.82592949202127441
0.78087320004789329
0.8197741366470207
0.81977788887911029
0.81536376540887601
0.80528954599385139
0.82278256984407239
0.8254367742748896
0.82843561749168293
0.82142145851229886
0.78660817681592377
0.81006267970426904
0.8147804340855932
0.81044473433159969
0.80498845076372449
0.82582632677136714
0.81833382855804271
0.80647178035017941
0.79784101452807221
0.81457226463336863
0.80665853276813937
0.80449902429224529
0.80890216159132811
0.79850019923258231
0.81082606853631534
0.8091789681232584
0.8165566553549628
0.81392775619493152
0.7923168643939682
0.80994674427432656
0.80443188130279586
0.8175313886499318
0.8074466488482217
0.83168182531792767
0.8178417532547787
0.81190373868225718
0.82457539793331935
0.77596979182520864
0.79688776341294354
0.80547012201732338
0.81097432804594216
0.82174656711203264
0.80207536325528017
0.78655015717752497
0.80799654724511827
0.79833635123625679
0.8078168704638502
0.82059562106620321
0.81173765186194202
0.78312805155306042
0.79898274761755061
0.77718669911299076
0.79776038543096317
0.79281577636418421
0.80237316264415937
0.81999722133856034
0.82607154058044274
0.78356951385682283
0.78346483710438575
0.81402012905048882
0.80905665415030814
0.79853649925240788
0.80883723043824085
0.79475709031437303
0.82703065878375781
0.83307872263009708
0.81718347161873539
0.78887901303669383
0.8109567664219488
0.81133955161585214
0.79522132397201073
0.8258326435993415
0.80163121957509675
0.81262805642749902
0.81313109191063726
0.81369839684173761
0.78878440492234514
0.77505844046075578
0.80299146666377286
0.78359475297137149
0.80164414094050673
0.79602191674576583
0.81002709719804733
0.79676660485904027
0.81487431956295076
0.79109944840053248
0.8044745647521454
0.81339641008762031
0.80957052881804314
0.81606937243941802
0.82095979384363826
0.80722044470285603
0.79561407005892604
0.80512428887164933
0.79092985785775238
0.82237452566763447
0.82537219348495272
0.76669895542893141
0.78451831463173827
0.78705838783805415
0.80762678415637812
0.81078484451823662
0.82941147756921862
0.82978036015414192
0.81701851802817693
0.80354347217711597
0.81071642605975136

