0.81100405329922109
0.79267681771801335
0.79933512169912324
0.80074278178818004
0.81896364827282186
0.80330391910163956
0.80023323463804141
0.80152588717565232
0.79901328854728748
0.81776512321441508
0.80237136372642159
0.8057867362229445
0.80338940118624813
0.80991514113049912
0.78770256666428518
0.78995154397166467
0.79380740175544839
0.81350549055065469
0.80582277475667807
0.81635173784202231
0.81505851878355162
0.79558783974102754
0.76437465157236384
0.83053049057221784
0.80937246936002416
0.82000723996912062
0.81832027384478645
0.79773674384283777
0.81461280765469113
0.82402713382599968
0.80899420185794879
0.80540016498077971
0.80009928689205667
0.8117135907425862
0.80892195743715112
0.78958849915239815
0.81229259532472453
0.81234275308554538
0.80130924615430477
0.8117894763023572
0.81468223866926015
0.79598974426099744
0.81437297092910543
0.81891041113034702
0.80482543871662771
0.79659615756952562
0.80901824619880724
0.80246734583686985
0.82809182382802671
0.820723624566426
0.81331151844881644
0.80012153053771096
0.79139277616397163
0.80944889885251359
0.81294837757843352
0.80828748929299987
0.81869009387635605
0.80976436587342904
0.80932753879501029
0.80205703197156419
0.79654021222167182
0.78940501991269718
0.81360768920108384
0.81202586689784306
0.81357976142394794
0.83573440954224409
0.8091835414119819
0.80879872090862526
0.80165936586898101
0.83146633354785582
0.81225197829698659
0.79771959193104336
0.76079297515700484
0.79565162301972869
0.79645274723485293
0.82491750258815211
0.81126055104725525
0.80237092486018036
0.78479122247113065
0.79685762560821682
0.80535289562866974
0.80766643485537848
0.78749285560845239
0.80383471679890572
0.80942400474798837
0.80855719033305751
0.8188030519340086
0.78981069045764984
0.81286568275045401
0.81076779417228739
0.80196190408115042
0.81503011358705679
0.81779494785621021
0.7981164136192791
0.81338320681923626
0.79367793554432264
0.81727017516108169
0.80896739773854554
0.83395403484813846
0.80110652002715177
0.80975288403741252
0.79816572781881268
0.81138501691216613
0.80879802895016262
0.83082740370410535
0.81121798345313889
0.81335118222706038
0.82874248478213808
0.83046883793286785
0.82479205961729329
0.82370732362142107
0.80388191629973449
0.80696753505359831
0.80960384728464074
0.78425082828854298
0.81948324577807097
0.79844194096992094
0.79950086897597572
0.82634309284569585
0.789372943475116
0.8109686500333122
0.79211608785427279
0.81590912955941108
0.79474819747244563
0.81565308548013815
0.80144589027250057
0.78673956657511068
0.81761392255925691
0.80185094047543548
0.82455551749267886
0.83025043344731964
0.82319438003994549
0.82195783287275681
0.78714171716949033
0.80098005274518924
0.79774279558155536
0.77740678241732297
0.81881032364655648
0.80623217487670429
0.80425735215154981
0.81584501324176206
0.82386742856489814
0.81026800680802269
0.81954790674266798
0.78136708328459414
0.78043110717935182
0.81878733242288237
0.81628719905221936
0.7940975695939988
0.80423004237025597
0.7805196907257872
0.82228292411179094
0.8150138688863342
0.80448331094097014
0.8078314765226271
0.81069664117395557
0.81677316860943039
0.79933952905429684
0.81976266739508852
0.79309486316749644
0.80575578968984118
0.81207105230690446
0.81617534308298367
0.81756185438140871
0.8195211412569513
0.81029304234724375
0.8012873071591109
0.82757933505960368
0.78317821978921831
0.78842448449517233
0.8204626903710065
0.78479291831375642
0.80832690230379356
0.81490613919168775
0.81425847961396047
0.77296308475223929
0.78267307677503828
0.79906297740691656
0.79944281019836005
0.80081384943387801
0.81030489637455938
0.81553529648543022
0.81524027330020432
0.81188413931749792
0.80074940341461187
0.79051493778270387
0.82226218959382524
0.8181443890643032
0.82951694136698195
0.80206218531580475
0.77632821906604399
0.80655755299515375
0.80844512001037028
0.81602643565696042
0.8330941715576976
0.81253935958761925
0.83307431327381787
0.8063363070479147
0.80438209604159416
0.80050809253674293
0.81234708436436853
0.78344942064053924

