0.98040311078132603
0.98516026823420877
0.98138405791768857
0.97865317020785614
0.98221922601699951
0.98541051565581506
0.98175171804432115
0.98247674302109977
0.98288386854560483
0.98329932947136367
0.98380702306487566
0.9827515768476911
0.98192091582883101
0.9800546795356706
0.98069737880328522
0.98123889582670987
0.98309071683587446
0.98463582612489886
0.98291118269755251
0.98461468827083864
0.9822175852851347
0.98182490402347589
0.9813624072977889
0.98043920154640563
0.98062683416673002
0.98111415762970899
0.98107284930140981
0.97645912543571534
0.97772357424525169
0.98027215505450405
0.98243461160529133
0.98124480928250091
0.98220815020725005
0.9839097384062544
0.98500756886550045
0.98384613672964405
0.98275018020559768
0.98540890319453633
0.98361285164524581
0.98626654472561137
0.9811482056950388
0.98509006112217401
0.98116388248177944
0.97905362786372796
0.98246615997332432
0.98372806076068986
0.98516314562867291
0.98075366807317288
0.98088283688947142
0.97898551784263621
0.98101087802780373
0.98077759220939476
0.98404551611891244
0.98458232489305009
0.98459763958175173
0.98556099964936661
0.98218616878894138
0.98400369012871869
0.98405896089128597
0.98278455745107873
0.9841220382578133
0.98190430392240247
0.98463440964012938
0.9835216312994286
0.98352742218553313
0.98510970735815573
0.98433370390592001
0.98320925904767564
0.98156501108411121
0.98358359812354113
0.98558781780363591
0.9824359995586105
0.9848433222776557
0.98423125867229888
0.98482895829627692
0.98376789407772403
0.98273973711693119
0.98324139611237382
0.98398868638251813
0.98366464158277989
0.98285703735641172
0.98260862648767033
0.98224779070428425
0.98539317369244483
0.98218501150432147
0.98346986587744456
0.98615059515491155
0.98140643170695874
0.98035630712462807
0.98214658615816552
0.983698141491964
0.97982410519684071
0.9829768512327397
0.98327223578045986
0.98449058794704269
0.98024825477858479
0.98331229097091633
0.98137669774019409
0.98022382524802176
0.9805065016877893
0.97990731093460826
0.9810826665571637
0.98414872818474897
0.98270258386911091
0.98297586426640549
0.98323172937166614
0.98038652381088032
0.9823332273462243
0.98206724450919436
0.9813762554181914
0.98242892041968799
0.98239218801990658
0.98173501707241828
0.98404513725552345
0.98397148615636965
0.98536957928602376
0.98476005326713234
0.98506148206915478
0.98300619907930453
0.98184259964600695
0.98675123082568261
0.98435669529065006
0.98210935058089688
0.9819681704249128
0.98439813295631107
0.98241455164042313
0.98329393213248717
0.98337588217778027
0.98644553455161188
0.98419104869301943
0.98292274849983463
0.98436793824021784
0.98065806061926353
0.98358401966374265
0.98432502218939533
0.98367965783514411
0.98222445384965307
0.98123531666595021
0.98516428947649193
0.98270554131730192
0.97905042317207747
0.98411278397557289
0.9836430101357081
0.98265701043987608
0.98486011588790756
0.98458320466502003
0.98303428348385147
0.98276655590928852
0.98284535109612459
0.9837182577197302
0.98489711623662268
0.98358841782217554
0.98201556417250935
0.98312236921435547
0.9836436520308145
0.98026441347408033
0.97888852820812755
0.98072674558085549
0.98165257149127461
0.98093454724585882
0.98404470244055775
0.98519790901630222
0.98384772914106178
0.98050736909186054
0.98081653111844547
0.98275819609685999
0.98337485580490325
0.98405405565427628
0.98318218982823014
0.98362728373591646
0.98513258440455542
0.98400894075647571
0.97913169408264167
0.98175825861224397
0.98319004783810127
0.98411048594064843
0.98400336300026503
0.98396885745295792
0.98058069703772666
0.98376908615581948
0.98501966449409417
0.9828907652536325
0.98529189094879221
0.98209900154441843
0.98334131858195695
0.98496625594968823
0.98392768299999522
0.9836859846753242
0.98316405405378204
0.98378603143526855
0.98397030437977562
0.98149584375814203
0.9821666538740893
0.97917525015126095
0.97947040990389522
0.98264301935234843
0.98277043697074895
0.97978967943306405
0.9805828627304537
0.98284578770554254
0.98048844034913973
0.98390952375792629

