0.98244823535663284
0.9829264735447677
0.98208423323356275
0.9839885260972544
0.98469388063352703
0.98395346957448726
0.98363522300025907
0.98381184979668201
0.98260686674812769
0.98520568008194809
0.98492002479609386
0.98379828219552601
0.97937429862320124
0.98263869245511726
0.98458816485035605
0.98609353939826516
0.98277823994115099
0.9845998344910023
0.98284658060932573
0.98469861590304342
0.98281290815448097
0.98288496823743665
0.98423190412210071
0.97892116726825817
0.98233368431890244
0.98313301789743968
0.98292681034521923
0.98403107958492453
0.9847510258602864
0.98517416643493039
0.98024584600913989
0.98240629923760814
0.98556742997853197
0.9835036550805758
0.98118553286472254
0.98281857405817485
0.98415915366758655
0.97956459956804764
0.98312047390612667
0.98377443903072481
0.98435229978070415
0.97981633460963558
0.98373266667253145
0.98286471544382303
0.98267579819429207
0.98005331270803508
0.98088220994534792
0.98427487795311674
0.98372457961575599
0.98292193202512912
0.98135892111544565
0.98268798524123768
0.98410526374433005
0.98300412322535069
0.98190475157947466
0.98124377820461095
0.98189930423220462
0.98220372179220539
0.98189956731940575
0.97987259862206366
0.98006781662729792
0.98248540002272311
0.98330405052411662
0.98400119295916999
0.98276490282686857
0.9838107765867069
0.9825284865140379
0.98512438812232395
0.98385396298433681
0.98496143187695206
0.98290624755102896
0.98306216429087967
0.98325042424867037
0.9819024470387766
0.98310801208714926
0.98082096860927159
0.9816178150955942
0.9838303640028484
0.98155775118513455
0.98282940318458656
0.98346337921367999
0.9838492777581006
0.98171481169831665
0.9833279541197385
0.98471189209982102
0.98230309719255304
0.98363805980113272
0.98122732130721857
0.98481541008882134
0.98308263427344023
0.98333198931010035
0.98379422264842853
0.9807677178955847
0.98442397740518328
0.98278872366100245
0.98552996437909079
0.98293583454675615
0.98548809010321814
0.9833853380634715
0.98361204886145293
0.98473634462580883
0.98381907895458898
0.98415197247738984
0.98485877571080405
0.98157066823731975
0.98361401718384123
0.98425583867786526
0.98419334060387842
0.98288303545567557
0.98522129671260561
0.98198077681667795
0.9791167855319195
0.98532028192671384
0.98419316208895957
0.97992920948640716
0.98079750159771628
0.98544450155616869
0.98651642532309924
0.98181754168013236
0.98484988647139138
0.98434514766273651
0.98292930400918255
0.98435528090834756
0.98373186237270593
0.9833466569863456
0.98348835223057529
0.98147066082652867
0.98324552889840078
0.98416465348081705
0.98416069126059391
0.98306207281514812
0.98391182926306775
0.98332170650478767
0.98360096809814435
0.98150262190193971
0.98203866082395852
0.98320732098433883
0.98406987515265554
0.98362688774741958
0.98481740869837897
0.98328925060389749
0.98282494589988278
0.98233048705753756
0.98229400556855517
0.98508064627942415
0.9826941840554505
0.98415731910331861
0.98211679805943197
0.98170002041333793
0.98139228390796718
0.98295564129251378
0.98410767979684732
0.98364175482069116
0.98395673315961163
0.98469835749320811
0.98181859147640405
0.97883428066182421
0.97969360026811991
0.98099230164517559
0.98243255828237674
0.98216503750963513
0.98366929920212742
0.98355178205674954
0.9838297699531362
0.98291869921602049
0.98095287986095814
0.9851868450015695
0.98492326386814999
0.98376835551426478
0.98419829334441855
0.98351452000341222
0.98281897083345804
0.98453456315035093
0.98172128759332367
0.98356797849112854
0.98583061144434203
0.98527671800801286
0.98388201729401414
0.9837730206127151
0.9816948710582224
0.98018497766038859
0.98133243435109252
0.98130303120350337
0.98342639714153524
0.98411520056694624
0.9847614682202549
0.98395153455237949
0.98107084639794373
0.98189224115876272
0.98238312135620431
0.98332617577505377
0.98502705717945527
0.9797380580182049
0.97932009555137289
0.97457277398334463
0.97605809916795383
0.98141059197402614
0.98494639734917977
0.98450150238019518
0.98521077462476425
0.98152973815292277
0.98091707275830065

