0.97968994257412667
0.9780529136221443
0.97494676887308029
0.97754974048184262
0.97902929028033714
0.96885448115819817
0.96977008910989138
0.97494038780679482
0.97872989725722415
0.97808865971720083
0.97986357805163948
0.97935114130887679
0.98072521446083549
0.97935956827911097
0.97221597672358773
0.97484500686376963
0.97873007059136774
0.97630024033015561
0.98133090312983751
0.97982306573999745
0.97596763524629349
0.97934235269162007
0.97480080674599878
0.97420020700776255
0.97442260321927332
0.97366312620334294
0.97105594274847329
0.97153346430312304
0.97995160431437156
0.9814955629755957
0.98318855216571011
0.97849651370268043
0.97837298651329496
0.97478975558194048
0.97513468353517918
0.97062441515241626
0.97747425989958092
0.9758417733260083
0.97777701132410622
0.97807707962023249
0.98260728193754632
0.98202572195595228
0.9794935805692051
0.97977651717247427
0.97532727738883662
0.97600325538410992
0.97519254204611461
0.97635946420818231
0.97662750526742859
0.98102285668592892
0.97282586482341837
0.97734869845378369
0.98047779944090696
0.97936910785813724
0.97996342346492626
0.97897404715425329
0.97861312082028817
0.97075991663035122
0.98261794526528534
0.98342364062026177
0.97411970813958326
0.97029397783122873
0.97293195288619971
0.98023718800692439
0.9751064371230268
0.97753418182151175
0.97825410124833168
0.97663313970197374
0.97493239238261786
0.97782816590236055
0.97222026850573273
0.97996205557494154
0.97860493114115954
0.98035359141755085
0.97815120941197908
0.97557922395909691
0.97998963831298436
0.98103312398648346
0.98154427818234735
0.97819861155171006
0.98259085961712389
0.97900768151330986
0.9800513558975007
0.97805280472989586
0.981772342526532
0.98107875764757846
0.97746840641965627
0.97622535176940661
0.9838712964636086
0.97387570144453262
0.97458631731689438
0.96783590251617946
0.98205421579960395
0.97742474952034142
0.97773400554283996
0.98397291847588786
0.98138898371065331
0.97087555941687209
0.96787227653936014
0.97450815509159616
0.97966907734466624
0.97522763118557731
0.97945281388617034
0.97565502833630735
0.96985023617360089
0.97568742024606947
0.97194658633843012
0.96915432086152342
0.98023398837309506
0.97471113190169678
0.98146757692456488
0.98215564380816234
0.98208594970596974
0.98346694149190439
0.97930161566981788
0.98040399626016717
0.98176893575280444
0.98176296223473081
0.97983569363924894
0.9817782570014022
0.98570523312002867
0.98066916507790947
0.98130447827330336
0.98465826091364028
0.98422888671343212
0.9812465330879302
0.98143398089002898
0.98095508802822073
0.97942094586709882
0.98480402257545985
0.98616975170330512
0.98147858588640957
0.98326110166533831
0.98246507642110315
0.97899433218097676
0.98364281368997053
0.98245113098735337
0.98130372355203532
0.98483573826783688
0.98189103099046304
0.97951084248604703
0.97994951910960981
0.98012414875603315
0.97888611694741745
0.97992721403572358
0.9729418970327619
0.9744543566356525
0.97945238745461738
0.97741334337269892
0.97644323575592695
0.98191581616367218
0.97680712762885624
0.98391963733776255
0.97775209340558733
0.97842816892841178
0.97700359737968501
0.96628106895329069
0.97366579608343762
0.97764025148431855
0.97880662431724808
0.97487409021833893
0.97290126734122762
0.97735547266443945
0.98422894737797595
0.9769439953859792
0.97359947950348913
0.97687228840860252
0.97595481856667732
0.98190686885034162
0.97622903208955925
0.97765283024027028
0.97634514183889243
0.97711628180694821
0.97554181566268061
0.97523273465851057
0.97795154873704704
0.97339811926082986
0.97839809824415602
0.97817490583569711
0.97581496000209789
0.98201706480536155
0.97839857414150833
0.97236509957908834
0.97513538257417831
0.97891341883950744
0.97884744816713953
0.97320156061458007
0.97299511945101291
0.97340983140934145
0.97864675636135023
0.97632893310559477
0.97965256236326481
0.97559026806286764
0.97632416540734512
0.97812054666159287
0.98080320355370043
0.97943140282181484
0.97902048519967133
0.98128525303631609
0.98315577838132573
0.98032608683827804
0.98300475663462428

