0.97695771695085043
0.97355765659164006
0.98072561968406158
0.97457029029899545
0.97681327829372611
0.97762027113478223
0.98304341659017991
0.98137844829811405
0.98344140706352912
0.98029239111659183
0.97827335995224785
0.98110812153473126
0.98171335351862676
0.98377349454168195
0.979674589552327
0.98293931976082449
0.97864579154927556
0.98162509765341632
0.98019055097511754
0.97712569683771566
0.97963228481377018
0.98412182089911993
0.98321593369363514
0.98278816333487873
0.97973970251940623
0.97996563186363217
0.9715305616757568
0.96313413157897976
0.9759177638758445
0.97949400587364277
0.97884658666076529
0.98588865006952442
0.98074418785017037
0.97706175393068406
0.9814012211095734
0.98068740250914366
0.97797361364590851
0.98076970481643044
0.98314113947829274
0.98222789076269912
0.97911764663103462
0.98417497785707497
0.98195202262520154
0.97835864280926499
0.97759016667962495
0.97938678425893089
0.98121222151490228
0.98200538007589944
0.98230293515536116
0.98151754859439355
0.97759409077434745
0.98230817964315909
0.98070218966394529
0.98119329218840357
0.98246446771693441
0.98243394404089501
0.98283287334314762
0.98157611524222133
0.9776047024068204
0.98002975508425239
0.97481717753088715
0.98013416335928549
0.98306072789224297
0.98067562970769739
0.97432961579121347
0.97659351684131601
0.97840481301066018
0.97878292108856157
0.97946317522826731
0.97703672361939409
0.97621810581433677
0.98232243442141631
0.97967155980183485
0.98009953628159496
0.97883939373124429
0.97656363526527767
0.97564493253175077
0.97539656737824187
0.97589351123891022
0.97904753480852691
0.98218148451480003
0.98312059797544649
0.97876824205044277
0.97483495422032229
0.97301808977774851
0.97494877557760662
0.97666953105179666
0.97204166241379864
0.98311662305787817
0.97886291298381112
0.97843556621132199
0.97775938530352413
0.97216298488677189
0.97886532002819227
0.97409316318581607
0.97745221539413341
0.97523151830132893
0.97857097605747811
0.98189831094531299
0.98129959957050883
0.97929847372278511
0.98024444374110553
0.97433864905519452
0.97960857380822741
0.97669442755090308
0.97677230908692481
0.9819428101572123
0.97864928942632867
0.97230803710513258
0.96625581373859115
0.9763989882613926
0.97945084855055176
0.97680307036244118
0.97710095120075857
0.98538448940521461
0.9831510953049083
0.9799913472588585
0.98027335738499177
0.97342758312305189
0.97628672799641358
0.97766657344540953
0.97940101584959038
0.98129007109183497
0.97503740126601157
0.98204705551727667
0.97351862678806877
0.98158650929389557
0.97665902309973673
0.98157213109387187
0.97488925889833156
0.97982225719306126
0.97780139088019247
0.97651935376312116
0.9803849199164627
0.98170721379370196
0.97825984940004218
0.97958313836309752
0.98341319644617009
0.97760901102860931
0.97812309817534671
0.97923110170057726
0.97706699050476986
0.97826252414517134
0.98248970051781459
0.98095188233240438
0.98230410915501887
0.97470127213587254
0.97776035557955632
0.98107543251398632
0.97465185366889473
0.98061095538649012
0.97700124352914086
0.98079358404216066
0.97915406708549879
0.97851600280756168
0.97946395798361297
0.98164126451047318
0.9815206051043236
0.98253211291424714
0.97974796654364271
0.98034349145376065
0.97681606186551795
0.97727215400670531
0.98055290954455221
0.98213579099030002
0.97197157736825279
0.98352180630010011
0.98090362796537478
0.97511093009775951
0.97678016553648139
0.97280261111302602
0.97035683165911657
0.97282552316192705
0.97781128309880561
0.97126621574956651
0.97915564965113344
0.97309890819887612
0.98285746980342181
0.9764343030984074
0.97556249754383872
0.97673962209390053
0.98114940928149819
0.97870812276298569
0.98134146915408194
0.98165340899993181
0.97744041427582817
0.97438837944611179
0.97529849151051895
0.97960472356648476
0.98042750444985716
0.98075690838096952
0.97906697000375242
0.98402726936940266
0.98292294283965731
0.9825300007885408
0.9794517703221387
0.98348749346907338
0.98150187630408547
0.9818635711136241
0.98207633840892694
0.97969400262037143
0.98323131266821318

