0.99866467998026731
0.9986864212358918
0.99880750156673526
0.99879899564579788
0.99869811772095163
0.99892313694031376
0.99885899012862411
0.99897552641610277
0.99896141354543022
0.99879518402332368
0.99886571616595488
0.99880257211791379
0.99866951197259402
0.99864795926250427
0.99873391455845562
0.9986784879093964
0.99888160082897093
0.99882654484650446
0.99863597083010136
0.99849830794944905
0.99858179602521013
0.99848131742195079
0.99878459216255111
0.99874799950470927
0.99880493414293392
0.99890001560145913
0.99886154290430507
0.99883754180740825
0.9987238993966373
0.99892014781580574
0.99885701284107375
0.99879125883900388
0.99880567227928108
0.99874590765078819
0.99878816573702078
0.99884174843992446
0.99883436157253924
0.99877976701477988
0.99871401958927564
0.99875363538142736
0.99890214818376843
0.99880578712574253
0.99867508867855281
0.99871690201148067
0.9986751325587977
0.9987468185135866
0.99881798298867785
0.9986396071665683
0.99869505388268998
0.99880926617302912
0.99870499184353723
0.99872008934020384
0.99878989025146692
0.99879700764285317
0.99866952547239674
0.99860216924652201
0.99881874123162351
0.9987359937975514
0.99870140182125944
0.99875794372627091
0.99876236449831646
0.99868770806429907
0.99872914709050953
0.99851495814823432
0.99875886170625094
0.99889040274035445
0.99848723909367032
0.99846656645072773
0.99884558025818215
0.99890598456515944
0.99890914390789465
0.99883654058245086
0.99891426540794825
0.99881918357655775
0.99868143515158081
0.99875477645136668
0.99848319618222847
0.99871827396790591
0.99875581686427573
0.99869686250608147
0.9988351759401326
0.99881278006007868
0.99878147915904614
0.99880775273763878
0.99862590165804421
0.99883991605356204
0.99897366678158483
0.99886602136835423
0.99875764521927135
0.99858809519028979
0.99852615201672756
0.99840261107162198
0.99850308735279847
0.99827531336315123
0.9987476366774195
0.99870077277252312
0.99872452972618497
0.99867655814378764
0.99855286466611881
0.99867108901183754
0.99877479043262063
0.99884394011913613
0.99880138452133815
0.99860908089413403
0.99837165631433178
0.99854249767419612
0.99859617277923229
0.99853046972377846
0.99866995845460893
0.99884333173243223
0.99884420470040725
0.99856227400544306
0.99893059213045288
0.99872030126501432
0.99872494990321015
0.99874053434933197
0.99892878686534936
0.99886574539707451
0.99876370996791186
0.99876328486959542
0.99873381157108976
0.99871204382548873
0.99891203568562248
0.99874533861992842
0.99875603277296809
0.99884187705686733
0.99884947787137945
0.99882206085080238
0.99882817279046221
0.9987270175351648
0.9987121122725473
0.99872411346058176
0.99874850476944299
0.99871270717115979
0.99861774666384362
0.99872470840457606
0.99880687486746711
0.99859988508252318
0.9987918864715698
0.99877936944302148
0.99886073443681611
0.99884001845427839
0.99872330376357932
0.99868975210139499
0.99864895662138375
0.99873135941002822
0.99885235382362569
0.99881325474790528
0.99859765022850155
0.9987641483680888
0.99880940530368245
0.99872887001408184
0.99873433014749913
0.99854438211640617
0.99889509469440485
0.99871976909752536
0.99864984841471316
0.9987905996302211
0.99874315165352268
0.99874303644573315
0.99857586726985059
0.99850263486332269
0.99873678912693786
0.9987005921120794
0.99879024573328434
0.99893923178081301
0.99869993819187364
0.99886305196326286
0.99874734580882263
0.99884246904922025
0.9988910492075106
0.99880700107115217
0.99864921335387202
0.99884181311559395
0.99874369722642276
0.99875566062246179
0.99882555661944439
0.99873273846631927
0.99886564333630967
0.99879408059975927
0.99883616736393777
0.99895821330771195
0.99879475637351411
0.99879488047504783
0.99871140933630997
0.99864738978762957
0.99874739817058489
0.99874345362393313
0.9987234329295881
0.99875041530320852
0.99877801445587688
0.99887777821636647
0.99879572430849284
0.99866398830925263
0.99882280838997328
0.99889641598436063
0.99877767908062143
0.99889854724339566
0.9988720245473236
0.99895086790281507
0.99889732757284555
0.99877890032824557

