0.9989192785870098
0.99889191845702507
0.99901939090511926
0.99856490120835351
0.99863807843165109
0.99867031005876772
0.99889194786929714
0.99876585267177176
0.99890943271172539
0.99897203197316353
0.99892331869248263
0.99880702835569468
0.9986733022431209
0.9985266503847634
0.99867357682109426
0.99859333360078439
0.99886085575251649
0.998759400078024
0.99885035163508951
0.99878943794554165
0.99877029586748955
0.99866371775631524
0.99876095571310397
0.99875785639188541
0.99872774095907024
0.99883813281965794
0.99860619581529508
0.99871303264216138
0.99860151168871714
0.99879164842549639
0.9989320805962596
0.99862969252029943
0.99866093749575802
0.99888402476358362
0.99888812472049182
0.99861199727254413
0.99879550961421903
0.99869867568870718
0.99888713757351999
0.99886554239357861
0.99888803171162854
0.99896209368269362
0.99871853286354451
0.99851028126511487
0.99872574563776095
0.99852117835037779
0.99872020401181105
0.99888153981385874
0.99873664178987731
0.99846982564663445
0.99860223431165362
0.99862490799713732
0.99859237696402048
0.99880855771284549
0.99876486214103877
0.99885326577803557
0.99885052166140076
0.99861526272416323
0.99856441655367423
0.99886732286233282
0.99883550949873634
0.99850730779407637
0.99873164807980441
0.99875475442464501
0.99837025473878438
0.99863890736850147
0.99879168134121621
0.99887999469430322
0.9988327397218244
0.99888837681706355
0.99870603634748101
0.9987501788068982
0.99868321183841635
0.9987977230714451
0.99889504240932125
0.99883328016163431
0.99889714806223728
0.99890469790762892
0.99884175203625558
0.99883261595633199
0.99889363886262594
0.99891152610426104
0.99868580080686797
0.99887921027716342
0.99871953471193997
0.99870197983397535
0.9988653270136536
0.99880166698080097
0.9986911739340596
0.99874243964817699
0.99880340553069802
0.99868693563223832
0.99877974240721845
0.99874467293857194
0.99860762013649673
0.99868530061040506
0.99860270597591871
0.99862065158762625
0.9987507980316761
0.99889693645089628
0.99887670216620594
0.99877035116953272
0.99882039904519926
0.9988115843649541
0.99888595579837514
0.99887923999066264
0.99885134570470224
0.99879303234507477
0.99873486092992791
0.99882308902162276
0.99879574881094624
0.99884751921295944
0.99838279160459653
0.99876162643230837
0.99882099153101345
0.99884329502167313
0.99880184674275685
0.99874970000819585
0.99879366746610587
0.99879137323897738
0.99875918073400816
0.99880482796480341
0.99892458418407648
0.99871249755145852
0.99860076090520755
0.99880290082023182
0.99880766011052169
0.99869514638800994
0.99871484106346597
0.99875918949242182
0.99888353206394775
0.99873286155344265
0.99876866997245017
0.99878562625147838
0.99889487129633503
0.99896895384105411
0.9987724949236334
0.99880018035104345
0.9987532371364175
0.99876451110093944
0.99878632753155061
0.99880558745646608
0.99873506985754246
0.99870867015399156
0.99886754323179194
0.99880981128115609
0.99846971377788518
0.99881367231311557
0.99873109226122003
0.99885091740004517
0.99879704051690821
0.99875240931969678
0.99891698729006462
0.9986732017126484
0.9988364248158228
0.99882604968875688
0.99880484370971323
0.99886160111171551
0.99881635618574816
0.99889281177002331
0.99887395651513333
0.99885656203074147
0.99882479135104174
0.99884111917793494
0.99872587896814446
0.99878196505575889
0.9988317312918239
0.99879784942076988
0.99881165439201713
0.99886230289278655
0.99868813223209008
0.99883201596427584
0.99865636412735104
0.9987511580011037
0.99882694547525364
0.99883370130225635
0.9988200862254214
0.99868844817573654
0.99878600796382033
0.99896385517921027
0.99878617153805083
0.99878786877246661
0.99884058128870168
0.99886190806787367
0.99886417433470243
0.99882603313331653
0.99878859746599624
0.99888718498288365
0.99854272081358131
0.99864231526360925
0.99873260081092163
0.9987267436392594
0.99886033852640532
0.99867596406826398
0.99875598826086598
0.99880362068010908
0.99886195565425162
0.99873066175298197
0.99874750336258122
0.99878831283817959
0.99884541666788407
0.99880684320753632

