0.99884414796496812
0.99878692145719195
0.9984471875086135
0.99836987900920338
0.99823509304905256
0.99870050629297735
0.99873835442525816
0.99868609586235402
0.99869794363609321
0.99858245175149252
0.99870338946619375
0.99894725794629924
0.998915328633324
0.99889122937852004
0.99866622852195863
0.99883625890396288
0.99873506781124077
0.99881620917513203
0.99871840060040185
0.99898556146078588
0.99890301296317519
0.99872623109743408
0.99890199592400208
0.99877977163368581
0.99889037487033272
0.9988060517350954
0.99890037644529472
0.99888399351073487
0.99880234218320074
0.99882965489542375
0.9988442213205716
0.99880044772400245
0.99880569436092725
0.99873378085804854
0.99874623483786573
0.99878278608840199
0.99882136345282202
0.99876381687382243
0.99848843034989321
0.99865076925614005
0.99886708377750077
0.99875140812407992
0.9987342720369532
0.99878709324471049
0.99855377218479702
0.99872211814992407
0.99880367782644086
0.99875213545563268
0.99857933838861457
0.99880456281421837
0.99880341007483653
0.99849661612925089
0.99836352010343021
0.99882170441656903
0.99865871825320307
0.99847548503604511
0.9985945107701687
0.99882696107426483
0.99875639517168768
0.99892871438517927
0.99877145629662378
0.99850082824251118
0.99880343459104437
0.99885837648504772
0.99882321604387769
0.99889293706146698
0.99885854338880065
0.99885662196647007
0.99881963196053625
0.99891243099079019
0.99886460424544998
0.99879537698570664
0.99891201379090921
0.99881474075715793
0.99874460189570458
0.99872977555264397
0.9988404038943236
0.99883988057403128
0.9985820845808937
0.99858241776013124
0.99828098299489054
0.99853463015234822
0.99848031290731354
0.99861901851369794
0.99888019268165207
0.99890175643202095
0.99883883312031363
0.99870279447329746
0.99860329832647809
0.99883577676762969
0.99880242109158668
0.99879762212961976
0.99880067563780928
0.99877186583052724
0.99878558403735984
0.99872354310600486
0.99877229234744203
0.99866493810124091
0.99870489065608381
0.99855771897645995
0.99878498347815514
0.99877814915056096
0.99861544551381831
0.99862995650303565
0.99877027829533593
0.99874801772058319
0.99877333333998353
0.99872098105249763
0.99879576693543404
0.99870788178326664
0.99872678433498419
0.99887623936847669
0.99867012769903907
0.99858553351219659
0.99880428566250512
0.9989207666299269
0.99883869180370477
0.99898243324172231
0.99894285236879099
0.99886631429911477
0.9988863199947865
0.99872208665064
0.99856976631472449
0.99863604509326276
0.9987746115408549
0.99865256059972196
0.99872436185860469
0.99880034819936947
0.99888538144077266
0.99877436386548646
0.99854666694107019
0.99890965926474162
0.99881393982545186
0.9989081194184487
0.99884110740444199
0.99887841094816221
0.99872941232386114
0.99873710281826644
0.99886741417315505
0.99896746430250916
0.99887157148187566
0.99883172871866377
0.99891063427858606
0.99894497545584593
0.99892729548944414
0.99893529604193221
0.99891471243504171
0.99885102627938616
0.99888541958852983
0.99873207258578234
0.99875357974339196
0.99880886054072715
0.99882551148213605
0.99867185044947937
0.9987845452907631
0.99866607183137723
0.99889225989890085
0.99899019820093227
0.99863332424485973
0.99874231339265096
0.99882285956453054
0.99887419724505677
0.99874843182864781
0.99884122194294345
0.99870037681241375
0.99883656272123322
0.99875794248387961
0.99864145638606405
0.99877543308616679
0.99893338692791578
0.99899718456864794
0.99887282320434934
0.99891259468309757
0.99887363783577809
0.99887460004273887
0.99874881922488512
0.99895431609069341
0.99880153050396536
0.99895773206916449
0.99882540004838583
0.99886559917994266
0.99888573992765484
0.99882950143874427
0.99890470653814145
0.99893428651455418
0.99891387576964208
0.99877497574775675
0.99881317903715261
0.99867672688630538
0.9988452504172356
0.99886157844746781
0.99878101098181671
0.9988674627058074
0.99874283125923047
0.99888115018837387
0.99896889762851704
0.99877026164199623
0.99877684964829871
0.99876987805739714
0.99873485836207943
0.99876200623437339
0.99881065942795011

