0.76123226151734968
0.76267356392650554
0.77034671443120772
0.74366347496747975
0.76707259991276844
0.68094407047769334
0.66315183012621448
0.73395718436742519
0.76114641574112629
0.78423980010568839
0.78489087520878942
0.76355392128586064
0.80637746421044987
0.71888317196296081
0.7555835069230783
0.77502232137906635
0.79314949525834944
0.76814066879643139
0.78452738827807067
0.70791621722109443
0.74815262126435322
0.74880308595372724
0.77636658520143742
0.74549454335072762
0.79822770790788722
0.76343357397071232
0.78636625495563917
0.75731382104175848
0.77613565501560988
0.77889411113535234
0.76804148618740897
0.75999432613206264
0.74292268789237581
0.75362126094602822
0.76099275145352319
0.72235080101447735
0.76778040873021258
0.72027613002212099
0.74611678814212712
0.70760565646399698
0.73912326996125788
0.73832510961190778
0.74910833616124095
0.76160355777892175
0.77929263024787632
0.74586511169273118
0.76717092970223999
0.73307380803853184
0.73188229643687097
0.73720847035919412
0.75996944931847121
0.75671008056143285
0.79646927454236482
0.75875753842871785
0.79988571940058029
0.73429652552753566
0.77552508691799227
0.76246055042429906
0.77350514953625249
0.74438031009002537
0.80737314870691601
0.78099076420999569
0.79231070514948454
0.79526326370330447
0.79049647961831582
0.76747328845381246
0.77576217058713981
0.80003430145089982
0.77754088354564188
0.75999302349985254
0.74061176763677661
0.73539892798457507
0.72748107291995001
0.73911751924377955
0.74966568929320287
0.77412606681640761
0.77378852670239218
0.7648922485168268
0.72428776421693897
0.74850683644165128
0.74017395304983036
0.77150838556216017
0.77728783589123362
0.7354508715824839
0.75158667801720391
0.76261613938195716
0.733159318753829
0.78746852331222894
0.76727635553989382
0.78522085757882876
0.77268197830893737
0.77287964725220482
0.73258836563031626
0.74396909039588721
0.73873867001653071
0.75458179819111604
0.76906604751934937
0.71419481915371563
0.78404015540958361
0.75121772855781954
0.75153790080945948
0.74466707090347517
0.76013303242466812
0.76635914266675575
0.78900906820130756
0.79574152864350955
0.76903597560800241
0.7379765269438554
0.77609620725390338
0.73061397458822819
0.71786925548049285
0.77893209188753632
0.74504647591383177
0.71758075194945115
0.77429765538375828
0.77221648157070799
0.75768260543454879
0.79563724582460971
0.74548987830443925
0.71977679609170186
0.76961793944316415
0.78987798004780552
0.72654639250763764
0.70247667148624382
0.74938627105061617
0.72060974160694358
0.75950868427577045
0.70853270915076216
0.75134922236158497
0.77461180756117587
0.76208389775817165
0.74885913448115582
0.77082745195078239
0.74944189186281485
0.77875499336460918
0.76612534113631903
0.70623839425881985
0.68034131168742473
0.73525763234956276
0.76332036172741358
0.77739902701122332
0.77430440222260755
0.77009125837192882
0.76200288826269125
0.73604545652743913
0.76564765842628235
0.75066542842114858
0.76160725950902997
0.74396996569352181
0.7378796587751576
0.74696672579088463
0.71150444460735929
0.7261747797113477
0.7035245714710282
0.75754057598623126
0.76116578723467709
0.76825710173119754
0.74128886975722108
0.76099764122498348
0.76590156505065854
0.74717175146336201
0.73716102659818006
0.74933680220124965
0.74665475353074406
0.72144725165032575
0.72234296121800301
0.7133585427475666
0.71735975639809613
0.75823237851654568
0.770042556478027
0.77070241406517648
0.76522184342848176
0.77994790788077639
0.78288077726234429
0.75167424505948577
0.77590963981193739
0.7843139525661057
0.77592521969533068
0.78770117093541869
0.79419846261490568
0.79090385752450032
0.75403036448300964
0.74197401575205568
0.76901912669708661
0.78350832801335268
0.78100333491477303
0.77219124566014019
0.76531389368966163
0.74753886410348191
0.74143515356238698
0.76255152412573768
0.78503220862209044
0.77913222205948551
0.79767346693949015
0.77807871571583254
0.77727277586906363
0.74962985373970148
0.75071492196781764
0.79989905199890798
0.76695825190152045
0.75613169001950542
0.77239704308059698

