0.78373470124300915
0.77548432420145119
0.75384567408053771
0.7746383177798678
0.78617050649957843
0.76701595580850435
0.78003121757938121
0.7253888007534508
0.75084657253770337
0.76524046440324012
0.77288547886505399
0.76771979420418668
0.80121571926282564
0.77452026426574982
0.79563288225894047
0.7781723665897099
0.76014218473902206
0.72312679677075653
0.77322121052968706
0.76983680251049591
0.73685940185480359
0.72423553579281119
0.78911311239608117
0.7609824699358998
0.73876830945301519
0.77435676494729477
0.73922267778880224
0.76081962808907377
0.76249534183775214
0.78806196013919372
0.78165179926851802
0.74932698690136734
0.77485493775250303
0.7906110353087944
0.76627743582026908
0.76886668242502942
0.73914897778589861
0.78044152675789857
0.77116807380384811
0.78245675722484276
0.77944162060959121
0.75989382966359853
0.73867547109071841
0.7193597551659322
0.7552375726774071
0.7396404154697005
0.76960069177896195
0.72104909294108599
0.76332894378695426
0.731359529763838
0.75409691468741613
0.77699131910803787
0.7729781013670376
0.75632801398684057
0.7417418876167774
0.76176259260157075
0.77400074102235306
0.73816499011453995
0.7488436765680978
0.75792210499877388
0.72501707163319129
0.72549038928257514
0.77180198830787428
0.78116705209154025
0.75447511258908251
0.75674440722046721
0.75837381519103775
0.75794106348797941
0.76693662353149672
0.76117814933014283
0.75388051370828846
0.7451958181576378
0.76854581712619663
0.77617045297408138
0.78458686614994377
0.76391512223426916
0.78747067990319597
0.77386364988832268
0.73948594085296437
0.78444524670483673
0.79484675680639616
0.77891875995470838
0.79133766201372591
0.77873277152465681
0.77422754731920373
0.77531320356325084
0.75200047408590809
0.78585436919854024
0.77129374503239145
0.79186118690156038
0.77081613627117396
0.76707366451798065
0.77036276263380377
0.76274249863212218
0.77169705351873663
0.73195967637254944
0.75566397542946107
0.74385375329008341
0.73888009678245303
0.73429255857524822
0.73976357576536378
0.75984397428581929
0.78093232130825285
0.75436875126376823
0.73629568870298867
0.77568949078331539
0.73406362668352809
0.74501733116556246
0.75847351293916365
0.76512626170926867
0.77672746808774995
0.78692709495735003
0.76394100403455267
0.71301370731576086
0.75578176079507164
0.73337630318938885
0.79194512647886584
0.76203866448172919
0.77296273347374189
0.7421890580740752
0.76756649937959409
0.76243784741428022
0.78241453870434174
0.76817568582568452
0.68210575568287724
0.77057794232554599
0.74964977896116614
0.74121892487191421
0.72586890336181031
0.72540008502274256
0.77124954579039018
0.76220646212713783
0.76240305421851762
0.72792506451110028
0.72802102561094528
0.77694117189016176
0.76395752333304145
0.72564754226915718
0.7694365067016038
0.75299811567742891
0.74739009482167063
0.76735449750373785
0.78084085906914691
0.75739269176939317
0.78181361128341509
0.79386785114718461
0.81226450611532164
0.78571679930770366
0.77106174868639332
0.79912205544646187
0.80782344218850288
0.78247840623208575
0.79213326633369108
0.77105911311355557
0.76719554306702265
0.76502641132632265
0.75853382315332574
0.77128631608989251
0.78717220651757625
0.75797995405820284
0.75929501971475577
0.72124492186593769
0.71640300659780631
0.76182980054686911
0.74987244985240442
0.76303728880922506
0.73425164974328982
0.73734711199761782
0.72964226583750535
0.74403369490246052
0.74106860577382661
0.71686051231781034
0.76470103202702222
0.75428015093133871
0.77200429809331717
0.77786674056561778
0.76294512700427342
0.76054659576153083
0.75420138991274421
0.74012416572571327
0.73906328493481388
0.73601632980049603
0.7419269459540464
0.77936204832112976
0.76355583641348679
0.76937860674843261
0.73862100811741083
0.75710374882229026
0.79212224403186116
0.77979829930383959
0.73968948218445074
0.70740012132393459
0.76353970410835492
0.77229881199113837
0.77123906877774528
0.7758295707436611
0.7529865025776612
0.75922867846270159
0.76956220762528116
0.77119737232856977
0.75837274260823051
0.75919480780573323

