0.76228983452477672
0.75860464626615332
0.74199236381462652
0.75938823567840374
0.77662089819004154
0.71168209713546726
0.71524326592220133
0.75335242186024343
0.73859607906262958
0.75690136924019913
0.63761886590651062
0.75010379746312517
0.74179595120706843
0.77011737210044329
0.77231510886198251
0.75210615146944892
0.76997661543708362
0.731714132749954
0.71904996946092636
0.73787190104339673
0.74428774919571061
0.73224550884536732
0.70558348332497833
0.76191240404429006
0.76194091522121077
0.74288972677051002
0.75323771580273124
0.76344340479206729
0.71850104936010317
0.75079266051190585
0.78291431973168968
0.77417756970783347
0.78563058433357158
0.76484949461969598
0.78483156819752486
0.7406688717622838
0.77509002191047727
0.7671954937862373
0.72749193646427457
0.77365870826895344
0.73660225082040542
0.73076371576244881
0.78191116622067369
0.71248458371303414
0.76324008270968347
0.7721440418503166
0.76857271407041727
0.74551988122233759
0.76918050154781181
0.77174440956748558
0.76111065707738956
0.78906463153366291
0.7592838955348552
0.71278397601063126
0.76485026245301524
0.78860237134381939
0.76507347399671399
0.73057650227695725
0.75760172328518161
0.76657031427760203
0.72949081931068671
0.694935374799175
0.78156699811442842
0.77867017615662226
0.79400033513062518
0.78636557535811302
0.72975169313952626
0.75556099638109842
0.77606800249064789
0.77052157594168869
0.78283209614188187
0.78560920571849302
0.77494175526311637
0.77269595736539021
0.78237486655740573
0.78549770515951789
0.74947055251541594
0.75174740353504366
0.77029611463323255
0.71542580095639852
0.77103291096059523
0.77936026440995299
0.78023918232159539
0.77051401182579082
0.72376606430756463
0.73790158571853848
0.76692386465417162
0.76600525783472229
0.78646792465218252
0.79223763796338809
0.79752481214892279
0.74402112585649027
0.67891160512748472
0.77006751991876488
0.74817392871666744
0.76780833815220495
0.77468472202133942
0.73717029044211257
0.78781848734137372
0.78993389443408479
0.74408518914361765
0.78035781495865286
0.80322300812546821
0.78308860319812623
0.76860337815214697
0.78472203675481356
0.79550133776798548
0.79159203648107013
0.77823050049298126
0.75878378595384466
0.79057075612542627
0.77946940729040415
0.73929302305384481
0.7984326298547082
0.78016275754870457
0.79866391757039201
0.78355695421008054
0.76379106180625256
0.75907872734734727
0.7549733588462102
0.73734139437918911
0.776574854913332
0.74304455617566256
0.73485232570626113
0.77199674324318568
0.77058116880429317
0.76763875393309389
0.75293123821675467
0.76285740538661329
0.77797385631802574
0.75984108182038834
0.78389911271777646
0.79157138050482578
0.76692263298871555
0.76424222434400901
0.73469779322617157
0.6758532349349633
0.77779066202945313
0.76620308304770945
0.77312111641099512
0.76643075672987671
0.78377195163266689
0.78022978956417099
0.76848407572514832
0.78734368112727315
0.78443313428010986
0.76607048228572694
0.77099988660447927
0.77675558442128823
0.77549271560649802
0.77703171725949693
0.77672972778156779
0.77340649722307997
0.78253085006003431
0.79496390736405198
0.76130361519118694
0.75321726052281135
0.75422912315560198
0.77775942268738063
0.74631310915255988
0.7591929529682474
0.75741099404418832
0.77097054105621377
0.72945010205624483
0.75314983882379161
0.71832126010547148
0.73065929966231302
0.73632587374447012
0.72377546395853087
0.72681087103817976
0.79014785809996746
0.76336247348086939
0.72502369901379937
0.74656392070170552
0.75913434676605507
0.75699062625222147
0.76108006442440179
0.75884839405825777
0.76023835143889029
0.75521265068452947
0.7484790294672643
0.74529375368107997
0.75032981146664246
0.75007929111795191
0.73047102505939898
0.73698771923922868
0.72658346230001758
0.77331424586846653
0.77374489877801256
0.70844821517910994
0.71694924457472731
0.72528516020404366
0.73086249939405989
0.73181488303422615
0.74015926616017969
0.77305948359367227
0.74591728251071188
0.7428923416409241
0.76356799739187997
0.76534985988454229
0.77367302691549344
0.76732981136447564

