0.66306430086925972
0.71980872006174468
0.66693524405739768
0.64288666793527993
0.63293849109159472
0.67910000010633498
0.67209447677372736
0.66917109366581617
0.69246874084477217
0.71148678774783425
0.72199522193478227
0.67672783863467467
0.69901400376378708
0.63983695191144796
0.73846956564215438
0.75153860601913491
0.70548046699209221
0.72857397566131898
0.73355298708975936
0.68609433778924056
0.65471223297963876
0.72148621764840004
0.73373939535465071
0.71224355802966766
0.65067096821636183
0.65170983701657437
0.67379687375605168
0.6489238013405958
0.68599963630040772
0.72826794652450033
0.72587548331119478
0.71320318783124648
0.67073821637553277
0.73067191399997866
0.6243011668392402
0.71481042060334576
0.63794313142022607
0.62532531932365676
0.59149659218804407
0.63862660086654721
0.5796304025459933
0.70695557513929519
0.68259039663403909
0.65872790303493167
0.69832918692704093
0.67806139620703965
0.7274260033657417
0.66506541572209399
0.70287251351471547
0.68876101992835048
0.71276831297245635
0.66124476586651126
0.71148862032857485
0.6304345935270248
0.70111395139700861
0.68612902598165071
0.74585440447757634
0.71155792615195868
0.69458156909832103
0.72397358186620786
0.67781120697602493
0.69494360843344161
0.71649387797256647
0.69217195372776918
0.67517744923434098
0.65286224759542744
0.66741352742659044
0.6400967210365871
0.69218272533946901
0.66305301366846547
0.6740864724652289
0.66640858406671855
0.62647467101933429
0.69384719668514883
0.709920419775669
0.68948143574340959
0.60257352681076537
0.68988057084181142
0.6635942945463339
0.72323849182909794
0.70365813207289873
0.66835321526181957
0.69402899105377069
0.70396532314821247
0.69214545772717739
0.67277366769136193
0.70018607526676857
0.63368511046350107
0.63862662800849801
0.71932474277492431
0.68196564736546583
0.73259181846524701
0.75179778313100798
0.67968672638192751
0.75078064314413995
0.71601258436512238
0.70869021511742747
0.74043541676540225
0.67719654834538268
0.74234994688136124
0.69089014072194344
0.66966596830093217
0.59009146601484042
0.656528832356711
0.72847382665580429
0.70593351474920696
0.62486082469216597
0.71688195025511725
0.66498058099863577
0.70670947101486137
0.65998360674271606
0.72803896487034214
0.64476845770824343
0.5562979236488379
0.70993673050043837
0.71055414552563834
0.61931870501160313
0.70092413742601412
0.66693479619642193
0.52695448243304044
0.63828799176802375
0.67830955125114512
0.69091415775242548
0.67866773131924418
0.69199461325161438
0.60555691904201669
0.71220958382359523
0.70203003728334235
0.68718527012354724
0.69680969850506103
0.63363261054640474
0.65219053054288945
0.65350872228171553
0.726557523430159
0.72437794876326955
0.67158595947742172
0.71116317504460091
0.66495297581155566
0.6484013443029133
0.72329342965618659
0.73391544679980569
0.70940084817878157
0.67303475450228634
0.7575334579299241
0.71926729147251245
0.70579442302650197
0.72194111613855616
0.7192612563614923
0.5998560638453373
0.69893706432160929
0.71373053374994133
0.71225316030183194
0.68620530053797002
0.62247175074496264
0.62902057751303497
0.62991630310320523
0.63350581450012766
0.68696900558796048
0.70200026425017059
0.72328944009797902
0.68437453145044891
0.65035647219854709
0.62053178399085707
0.69115387738075096
0.60221454619899661
0.66576218520598085
0.60846060417820058
0.55608928106478028
0.6358945453169389
0.6756408112967025
0.67546874841412885
0.69736023747426412
0.67577876561717753
0.64932425785736891
0.61375431405031555
0.67703864314329354
0.65823161358950899
0.69093267442939443
0.69814428763742842
0.6636692362237353
0.74882892016704405
0.72805447451877303
0.68655572726340841
0.70958495284311296
0.69929095810957287
0.69852633413506371
0.67357396321967899
0.6878799895473342
0.68797427085054241
0.69548151338698105
0.70846516079531585
0.68528938925106275
0.66180486102783387
0.67896478792000015
0.68458421848480844
0.68693241552266526
0.73626056822758434
0.68069417959616996
0.72843176024744805
0.69521329908548302
0.71630894390733202
0.67527187474663752

