0.62813735844536311
0.73636791585105565
0.64238502957756405
0.69839264876009266
0.68761575886054838
0.7367800175075726
0.7220581477223561
0.65755512438968222
0.73912668605703868
0.69891101359784114
0.67364558222422521
0.71622594964484121
0.68016926902606334
0.66349604567264142
0.65770953739691473
0.62753503054652526
0.70840182072922553
0.66858951234007691
0.72316935115694014
0.71334724918252235
0.75344389199599682
0.74581301481451656
0.75448140546499809
0.70001600931514152
0.72742662450350792
0.73195182550323201
0.69672511918647684
0.67785010085657127
0.62850809724741841
0.72238349893099352
0.69920235500665051
0.65690733123646305
0.67591644167698339
0.67429934639786582
0.58435249854314364
0.64113916765458001
0.68059854077804305
0.66507923029772797
0.7210659809142177
0.68289655087518042
0.65873384433478799
0.63148118817574417
0.71899371117403221
0.69074812493700466
0.69142538397504139
0.71596105521297304
0.65225360498662299
0.70907870036550824
0.71371568951680553
0.68423594900590157
0.6894162524290014
0.70844526543066166
0.62259543432664544
0.69834038701333223
0.70089774778598046
0.71079561674152281
0.67818298844050207
0.6950203185932643
0.7117047311535678
0.67733150547311494
0.65677050503181233
0.65819186678228903
0.69215084047434661
0.71862531494480963
0.71756606566900782
0.68496002048936089
0.63675897811393833
0.61986321563703761
0.66163806520154267
0.68200887240947838
0.71926959172397809
0.6889792786502551
0.6979940134075302
0.71108618226610787
0.71436818326648865
0.66709777226203237
0.60871522236673703
0.66462173350552245
0.63045893123732011
0.64376676677331846
0.63846698386843048
0.7250508306875989
0.69907950293744725
0.69501946336895437
0.75154689774096284
0.71292299303125151
0.66551369419594864
0.70482504778394417
0.69894183126797338
0.69736168418285649
0.67960965505684767
0.58926462627031817
0.58504427228162059
0.71930455105876456
0.68873737128214774
0.67196225543208954
0.63950845310170523
0.59932507469268304
0.68023531584562225
0.60640815720253127
0.64200929328162581
0.58694709678373247
0.59105318570666809
0.64305218445955281
0.68156859845143036
0.69127968156727526
0.60483719352162657
0.66570341020383517
0.63282532692266602
0.71958514717438915
0.70511646304701381
0.6545726414435703
0.67143812882690501
0.71819159299242163
0.70945802015121362
0.72074367108318349
0.6816621805918438
0.57685006494018576
0.69646621251015262
0.70754346386731604
0.68937066304937711
0.68860967072488166
0.70330389319665276
0.64538521405924909
0.67530187077389892
0.65615590751969455
0.58383465480951413
0.70408407914565052
0.70048045511453449
0.6716606017365695
0.67830764138500999
0.61831046663723954
0.68671893629477998
0.61297716027616156
0.68142826592102068
0.6270029590210231
0.62576826093094207
0.67270045903885678
0.7172388700700949
0.68855203329955406
0.64011552967034946
0.68393328366516015
0.57762132138132738
0.67902783426289137
0.65783552494416897
0.71433182451795607
0.70432742305736251
0.69636666880398113
0.69384535442938911
0.66933652095713014
0.65032704525378926
0.6385803096460797
0.67217364989577566
0.69542547172160496
0.7120264014246338
0.71596571806503984
0.71439998252358838
0.71626182242437741
0.72071457137018191
0.7025069353542498
0.73372590098899382
0.68281881332306416
0.67311094927247039
0.64963660966870795
0.69135454734490021
0.71333097585258021
0.63277422522804327
0.71826224383206727
0.68258450954201977
0.68362024133268706
0.69095628077473192
0.73232282061429788
0.71454567622273768
0.73035486053188936
0.70161290730604098
0.72202344826114695
0.73445315145986911
0.75517415447616709
0.73458289837962831
0.70797379298737118
0.73870204260137029
0.71058989927255489
0.73851246012234562
0.69394237168371642
0.69519243018671828
0.58477876280127894
0.6583582973961426
0.63325558774777302
0.64480278194056029
0.69238194056911506
0.69172418474525943
0.65201632934651543
0.68625268673926731
0.64068155718465647
0.66406666839604578
0.58625252477572654
0.65632084388615464
0.65344157549073878
0.62856200234580539
0.61712345662535462
0.55847413465579265
0.62802872242263896

