0.70038814536447991
0.68446619770689254
0.62043077052722717
0.66391374808040327
0.6935207397873423
0.71255279422878404
0.68209297335068197
0.67915086095615607
0.7032621727381565
0.74616901205278319
0.72551554226671222
0.67612422430102204
0.6970289329845335
0.70016063978951226
0.71630466207597854
0.68683356686453245
0.68206835692245227
0.67585358528555184
0.72114800955756497
0.69416707652513365
0.74245067057391867
0.74931695468401327
0.71060483312764577
0.69661448731908526
0.7290945174765443
0.68807750653179123
0.71208417073435371
0.7084792217847482
0.69343158545552397
0.62775861445845682
0.62063062936923952
0.68132146773112567
0.65045935991248172
0.67720964256261962
0.70854520185934633
0.70708182673573516
0.67601679969406125
0.65825692546829695
0.6339204827253575
0.62822875443802417
0.65572682786963232
0.6491589567212015
0.68093134420102097
0.66986749238078036
0.7369215508466187
0.68969913197817234
0.64269481254373373
0.64631063538321265
0.66472361732320862
0.72833871670213679
0.6601670803113463
0.68064163089191532
0.59381161199646892
0.67004031868135006
0.55767293430487119
0.63393272824252123
0.66232346435505796
0.6970549325062787
0.73219340490379858
0.65093446691702328
0.6917691350608709
0.72908582437131186
0.71569454410307398
0.72661922774909948
0.74954113750064022
0.74631593148122255
0.62798453515101826
0.67094192905314698
0.70877124032960825
0.61499467623492032
0.6847767492053094
0.65490363049529932
0.64393684954186925
0.55684227593918501
0.62844621776438125
0.70274830739113936
0.70133703776661915
0.6588657050346739
0.61367538936392874
0.6908608482366223
0.66315368205778658
0.64394725747469428
0.68408009825855443
0.67422656753026933
0.73838951490466331
0.62477145970455106
0.61342406480915002
0.59687026934250353
0.62549754990211892
0.6695732890178514
0.66090457725038798
0.68246384014752315
0.69615430587729088
0.71345471823689088
0.71915761417743906
0.70443205043291435
0.68347854604938874
0.68671796718346112
0.67322770433856727
0.71166604925509569
0.67305593654559381
0.70760303056962881
0.64123538942502245
0.69854413287131834
0.71494412546311381
0.71106918174459444
0.70364253451318282
0.72459843087899534
0.63949202751530321
0.6808035620646552
0.69628238660960817
0.68822846640501445
0.7333655512045637
0.73806437961216997
0.73910949450104002
0.68602053619522929
0.6867980303735417
0.6966456355585221
0.66660834654899737
0.65916381163436488
0.69329367482057991
0.68340965709502399
0.65267011324059698
0.68471283437459229
0.65380567048762839
0.72925734931169361
0.68120352678489615
0.67860427630759834
0.65312423556371135
0.67491672831186322
0.68795470734034692
0.65332401679216412
0.65314907684966894
0.61026000746484288
0.62319241392207314
0.60425549683795965
0.67728066788684393
0.68100551176074875
0.62019606878177946
0.65160461198693087
0.70000211507806021
0.72779036708836942
0.68554711782307998
0.71951833256317121
0.63930298774423366
0.68823274870429596
0.64198558691196173
0.6458865658895665
0.69400122619899551
0.67242640909313334
0.67436292916081986
0.66087550877113332
0.6288273414738299
0.63649685058411876
0.65250751690316788
0.70661393665399486
0.71317695515160584
0.70258522624568009
0.70737488155654027
0.66183284630913386
0.64663895668168581
0.69903966118967753
0.64010334148601822
0.62255322027986415
0.61170541196384909
0.64638251674414726
0.70262561434520054
0.60516846940263636
0.6618945432742892
0.63973856309932264
0.66042358134178447
0.69027062640720493
0.59897439736873059
0.53904730484158714
0.6719647539931316
0.71107380847645729
0.68933490670416653
0.67148407021332612
0.67104169175848261
0.69051668283171841
0.69560710261517589
0.67405682511946718
0.62148208725942777
0.65455073828921595
0.67213816544489191
0.63482707370590818
0.70531878734116349
0.69646144347654904
0.64200559007463698
0.63160789998833244
0.64288103139229291
0.64466978405826747
0.67779706189909228
0.6595765005699421
0.61581862399306964
0.70204949972037889
0.65680868640409806
0.65487209782873979
0.6597542649284055
0.6837943921548445
0.68509791615154725
0.65701377541176986

