0.79879421446598353
0.83960158981477129
0.79237553352967938
0.82792925796338268
0.83328904144317728
0.81381302943162426
0.86165721569811971
0.86287840974306496
0.83640023615578396
0.85858264242641968
0.86290430134503937
0.85776561215361113
0.8666082071114537
0.87710733405630292
0.87649256521055474
0.87608770065514763
0.86959389994032121
0.87691207053049347
0.88347057196522949
0.86994810420079538
0.83838572418334334
0.84431039323098356
0.82217589875919805
0.86477576229084074
0.86442908568698118
0.85542605622991319
0.8449730896105947
0.87113266213352303
0.84676553801154897
0.87341441802419995
0.82848209705970222
0.84868519455831992
0.8367831663728319
0.86532614917696582
0.80043748332745712
0.7631798378002862
0.83607048465501232
0.85842703165139911
0.87655418360171278
0.83825936005646806
0.85119430123272399
0.83416953570082031
0.84061780055817992
0.8572133027640636
0.86472133439937304
0.86958820695924288
0.86946761229323954
0.86017316458932291
0.87163708661986306
0.86857543477821553
0.79606328530739601
0.82982054424536145
0.8357002979339706
0.84640694975877273
0.85590633901726332
0.86574710639629471
0.86425957053143609
0.8441578931182665
0.87269090720137366
0.85790157106721343
0.81761324187891604
0.86088112401309769
0.83461356192256031
0.84114437432958444
0.84978325916183406
0.81306979481549657
0.82186458986130329
0.84388445287315683
0.84416147904929917
0.85929794384043168
0.83681724990943818
0.84563043513312874
0.84581433243591009
0.88043127665710363
0.85789045872001735
0.84213980889149542
0.86288119401103125
0.84288455938781726
0.85103574474268162
0.86148627603320527
0.85961370543658999
0.86590387378307931
0.8404839574932822
0.82583787924187946
0.85729557975275794
0.867784270998322
0.82466966328714053
0.84745686994211555
0.87155874160341629
0.86606932569017081
0.86959593360479459
0.88365618627278097
0.86311077566599059
0.84956010117487335
0.87555444371971092
0.86639999170502602
0.8375612951812067
0.86142895811328701
0.85022419375845326
0.80383946513493265
0.84375229659308615
0.86821921593248297
0.86372827430553334
0.87935418583027469
0.85868775180490209
0.86276709176856992
0.88296337507811451
0.88179687896865555
0.88748961233757695
0.86199538122479735
0.8781701559236188
0.87404471368306602
0.86759357817653004
0.86004661854718822
0.85793901695515262
0.85342863043082284
0.85084205478611419
0.8499532611023346
0.85144395762445457
0.85436018918397483
0.85229669818243214
0.84152072668541222
0.82859591125575471
0.84099868862161464
0.85977144498065983
0.82396307023895266
0.84487064750815843
0.86271544857664428
0.86082115356740685
0.85022837946554908
0.87473880477473542
0.84997920274686312
0.86473556721972189
0.86509739774519856
0.86240802426971541
0.8275313791171256
0.83580039833669029
0.80795156273728441
0.8162383857011728
0.87874345576290247
0.85215699960746272
0.83376036526013886
0.88167476228969699
0.84346766691851105
0.80337781509259698
0.82082407632861398
0.83679298701011973
0.8789412738376613
0.86131186629993184
0.86077733882511898
0.86772728537428367
0.84281643908345349
0.84673698362668759
0.82791169244383855
0.84940441038040371
0.8459310187217276
0.85579162916526552
0.86397299583786691
0.84458061542837393
0.8674819354366522
0.85473719971401307
0.87633911896880812
0.86328896481362349
0.85163243970337643
0.83899927094899029
0.83945722350147656
0.86510740566777355
0.85621550713402073
0.84043147824329389
0.8432911484069503
0.80793919564671524
0.83814377209932356
0.85917720978853285
0.86433778508276737
0.80607885088591891
0.83538809162351602
0.84855208424975626
0.83252181960324934
0.86423772849879898
0.83889648720988441
0.85822160645935541
0.87080380290565951
0.84730632802594297
0.86140171690468903
0.86234290142647052
0.85954200599454667
0.8398824523121069
0.84599212861093909
0.82387432385714832
0.82990368952726745
0.88325213219339005
0.85670298001252365
0.83919682187132538
0.83940765023733399
0.83676218052826901
0.87110958297203955
0.82274383429783693
0.84368496602001253
0.8507242728900275
0.84073301118335275
0.87010362434746291
0.84773286148152804

