0.86174827273937293
0.87937477317289303
0.8355867828352942
0.83080261403973399
0.83657443852950231
0.86908399917775847
0.82919402533294184
0.86087082046678043
0.85518055952912453
0.8285405987548945
0.82605407885734161
0.82747136958468037
0.83510772520011756
0.79014940286517354
0.83500006294343099
0.84032640803590308
0.82727637315239444
0.80164637655341886
0.86654169013040117
0.83471743453441916
0.83628215227260416
0.81848898724146213
0.83391809245346449
0.86899118952332988
0.85580094221480685
0.83517862025625389
0.84809449909259138
0.8701803213072058
0.86169398756106996
0.85853042414572867
0.87255669621892218
0.85612561917785168
0.8719577944278224
0.82582373883804427
0.85577863644004515
0.87449834205943167
0.84930270397972585
0.84841664745058132
0.84180555073253271
0.85448074106340866
0.85556974730988411
0.86039981032486312
0.86762730443408831
0.87431641473574406
0.87937932692968623
0.84865245608481377
0.85254849076504258
0.84106504260685067
0.85371035442903676
0.82412627074531708
0.84877953471499568
0.86053530067929485
0.8758543062800862
0.8725440294399891
0.85488436371446752
0.85848384685921053
0.86877913085666358
0.83647170848294805
0.86577285093579193
0.84225878646803143
0.81995177074287218
0.86516368115077358
0.87136810720115221
0.88268156120854191
0.88248946034860543
0.86270384585714344
0.85528243563236128
0.84149830965214678
0.86786481825282868
0.86885451922557289
0.84396153774377913
0.84364046051640718
0.84404371617510354
0.85097606100961465
0.88536692845923803
0.87111018382667726
0.83948464263810907
0.86788745375511644
0.8653439383298599
0.85403226487151518
0.87063225159331414
0.86945716642875936
0.86209353193195082
0.8819954166790146
0.85926447875970324
0.86340893120315854
0.84847975116154295
0.84515856816767942
0.85949926555291734
0.84394226904464065
0.81482334124880873
0.79624957020678444
0.82635082177109564
0.84968134305930965
0.86963644413494345
0.85076226306484615
0.83853598634220028
0.81808074089214011
0.818812595682198
0.86272611077530137
0.85792461582033686
0.86132288036133364
0.87687623165161244
0.85701409024181174
0.85043798129227044
0.85676541998970324
0.86093928113048879
0.8511651083042473
0.87400455228362883
0.86684210629955216
0.88048032030465861
0.86046102488145604
0.86918697732232542
0.88278292301741856
0.85930761083336493
0.85504813078205244
0.86634421645961412
0.8703477564377744
0.85419374866981745
0.86225267337007372
0.83213505739234517
0.85000633912763846
0.85221746951132693
0.84710801460944463
0.85946163396525133
0.84666141859252741
0.84576270930122421
0.85087384723863624
0.85788537245728347
0.87488632354673368
0.85397202797027238
0.82470101450345967
0.84297167371982218
0.87358213366231841
0.87653443666214204
0.85623346900031738
0.88023614802211148
0.85843165495257645
0.87098582480824294
0.85268438445584149
0.86353341027080244
0.87983345608084662
0.84382040486175913
0.86724437955345302
0.86278057866447955
0.85094699931325857
0.82791848301398085
0.869516437917775
0.87162755246255275
0.8605938873879857
0.87539305209783236
0.84565016988388053
0.85409440421608041
0.84830132179633555
0.85064002010925255
0.823373475117405
0.83472007393537451
0.84661273011157745
0.83381525070282692
0.83471416533364884
0.85579810777800414
0.84947913044803991
0.8621635253020743
0.86979688329551819
0.87102069403902715
0.86293252842266943
0.86138922688334119
0.88554187007323815
0.85635552778020674
0.83324284845104135
0.85872466236442879
0.86079773488858269
0.85960816834412079
0.86228513291173303
0.86322981351123018
0.84568497149130617
0.85389943718590899
0.84711340807091129
0.84169841342718732
0.85740138559871992
0.78808545288554488
0.85833963195689045
0.87740403300909175
0.86016118281912624
0.84890385900998522
0.85238826878448837
0.87167483834649195
0.88859771418751277
0.86566192050681789
0.87944963925900921
0.8610091986242927
0.86154281780394137
0.85692313898658656
0.87289184878410309
0.85927947690058659
0.84877700890275476
0.87702648456884924
0.83748735397210816
0.8567559523336733
0.83945113563185736
0.83439038525869491
0.85300310586351069

