0.84832202031581794
0.81779481836027834
0.84883783127600321
0.83598461924938294
0.86568324315616407
0.84197797614253866
0.85758569189455269
0.85533398926504545
0.85560481675301692
0.86343668383619276
0.85259310098676455
0.81457700702481772
0.79679733706666855
0.82438085366226932
0.85614904462033048
0.85383868153634979
0.84467195640738679
0.83752525121573995
0.85107405336769271
0.85021045599804213
0.8527129758276667
0.85086644783154719
0.87857366409999083
0.85933301051361599
0.84230391296618279
0.85454334490005812
0.85844011703831258
0.85011157626553868
0.85109481477419213
0.83782380164630565
0.8388491191326537
0.83188154978949336
0.82191378645082769
0.83946475768803996
0.87480369135207181
0.8425719693325544
0.85873646795926717
0.84956720260037188
0.85394707477427634
0.85402985157947886
0.85408358617141233
0.85472588110657799
0.8486700554231259
0.8402983108989277
0.85612825305439866
0.84724691041591038
0.84877029236246726
0.86162297889923056
0.84776404043590059
0.84201836470878944
0.83754931875773608
0.84342422624299851
0.85374396891364679
0.85923312741319124
0.84554625061132582
0.83925886754511736
0.83002425742247121
0.85265593296211517
0.86534572168214907
0.87136693012908362
0.87119665674851676
0.83369204647616268
0.84279446071103048
0.86470301434072105
0.86645882625681558
0.83457887849810208
0.86309884144180538
0.8621536792874992
0.86124412020590635
0.83983964534701638
0.86198943123127814
0.85384845567651568
0.86239511753206544
0.84669471466165958
0.86873003647147107
0.87697545978027847
0.86489463664875255
0.86631325213514854
0.85635219588101275
0.87001378743617708
0.85513104644175308
0.84950175657716753
0.85254942432733138
0.83554176988433704
0.87048444579430617
0.83925685695095054
0.82072029009328185
0.84962734063172585
0.86489751925023806
0.85099795946528323
0.82557682336350158
0.85796742232585044
0.83641084247314101
0.85753791619571207
0.85508671441193784
0.84078183217650593
0.84043308081569812
0.83736444812812816
0.86362742727127384
0.87498518593902463
0.87514056100447202
0.85940775185183638
0.86935206615015659
0.86930781435950166
0.85034554682195174
0.85564466879154821
0.83547243056051235
0.84866923996800658
0.8822491105396385
0.86050516433572355
0.82381836559135457
0.85922244617438537
0.87010390854587338
0.87063851051509022
0.82581291845613181
0.81867985720007741
0.86955570139245419
0.84191774405497266
0.84557224114819884
0.85612404243617723
0.82746750977718708
0.85703367349906434
0.85317010931580317
0.86749127966566697
0.86672855839075935
0.86777963798772528
0.85543508357559894
0.85429971245587966
0.8528623304074382
0.84353409278439773
0.87256100158104832
0.8437361178122168
0.83552305488620326
0.86083239471083639
0.8457391263889289
0.86566700836792421
0.88263707342066144
0.84817203283533826
0.8428940259862221
0.83996544893217806
0.86582660610349649
0.84306478769520043
0.86425852070159259
0.87187532197955575
0.88205839757363402
0.84226874564898124
0.88575263115305458
0.85418439724416428
0.85802200640950521
0.82657400190059882
0.85592720196952976
0.80130999130363223
0.84131177997896134
0.81034833408607643
0.82692290178310079
0.84611951857529877
0.83962904642382585
0.88300552389987652
0.84648263849349559
0.84608201824598894
0.85995958303353748
0.86168044577801017
0.88030869019041968
0.84591881121264856
0.86025061099416944
0.83650811090956623
0.85764568537242902
0.84562099656323364
0.86523197626949522
0.86309343243790393
0.82568164919596465
0.84338637426391461
0.81718592300412585
0.86217525686090557
0.83957800012703876
0.81518559329661444
0.88040469949495925
0.87191463090173937
0.866147491181674
0.86898926883321392
0.81413578164320322
0.84488129869209683
0.85824106001937006
0.82778271675445525
0.81177687003942023
0.85518721979588908
0.84113990005153449
0.83086280057714679
0.82197354242358889
0.82121699577546814
0.8353411518189312
0.8475031275858993
0.8422348272633402
0.88093665048515601
0.8475363177188151
0.82774120039907861
0.84931566876721354
0.85977876372234607
0.84114511138754178
0.82593873246178628
0.8418442546087691
0.86092465383420391

