0.99980265217620801
0.99979700018219497
0.99977550782645186
0.99972014118409647
0.99972818753758563
0.99972497452394304
0.99973876319582011
0.99969986579185255
0.99979594554258133
0.99976589290770157
0.99974943156953322
0.99973984303648711
0.99973026342619853
0.99967401799684275
0.99970396844338971
0.99965838655206762
0.99962209591768558
0.99965322000200052
0.99968185440463175
0.99966309983076562
0.99967578764451215
0.99967786085804378
0.9997264292422563
0.99982620496273722
0.99982694856654897
0.99978901063457815
0.99973926688191395
0.99977785351402559
0.99972559120734983
0.99975398196871312
0.99980820887219335
0.99980483311345747
0.99980606109319714
0.99974715677001436
0.99979653666064638
0.99977052918059106
0.99978569572589504
0.99978652844095761
0.99974095375760863
0.99980204246369819
0.99977117143296723
0.99982302609072171
0.9997734937806646
0.99976597130455735
0.99974275043942573
0.99968755141150567
0.99969863535246106
0.99962471659740082
0.99971248608194141
0.99975929020375842
0.99984794290987711
0.99980820445205754
0.99979591877035556
0.99974223890964542
0.999807367126052
0.99981330300400761
0.99980006446565217
0.99984942511229835
0.99983607265705643
0.99975345868258503
0.99981104590720893
0.99977477056868735
0.99976599929660526
0.99973490000222132
0.99971110384872774
0.99969535683221522
0.99970681350494894
0.99967136726316019
0.99961834265675087
0.99965306780120466
0.99962598957948268
0.99959426801386608
0.99966500347652554
0.99965918823162836
0.99975567769614804
0.99974715668824987
0.9997525982966331
0.99977127498811669
0.99978288648695401
0.99978442088678277
0.99981260325925803
0.99980031234047828
0.99976952589119661
0.99976203149767273
0.99980993575283006
0.99973575591088193
0.99967698070229516
0.99964192799155072
0.99974440362601658
0.99974423008169711
0.99977433731288223
0.99971456170044781
0.9996921596272802
0.99970807312500765
0.99976022468596437
0.9997499370708256
0.99979521050461062
0.99973999936649194
0.99980093569998718
0.99978833638818687
0.99979226394697462
0.99977207627368347
0.99978253322748034
0.9998141506047854
0.99982655381452656
0.99982269708478333
0.99980725508463708
0.99977553466884839
0.99976506958057965
0.999776921210067
0.99979894320281482
0.99982184484854708
0.99977077323314734
0.99974212475370638
0.99972104970278575
0.99974098064256001
0.99968116591735989
0.99970794461147983
0.99961366964759235
0.99968030001517783
0.99971693318322086
0.99975598867938331
0.99971217360949727
0.99972454596905969
0.99973009392719769
0.9997075067775375
0.99972332908173089
0.99973911162396079
0.99977662132978085
0.99973738661609934
0.99976147348830624
0.99978100625027055
0.99980611022082422
0.99975351755305897
0.99971996410074337
0.99978966107426948
0.99977015082448784
0.99975863066311621
0.99981033447267198
0.99977749194088994
0.9997738340940574
0.99980261865068942
0.99970479284238156
0.99973181464938365
0.99975517114445411
0.99973057872280113
0.99980241367393674
0.9997409127173138
0.9997089524616658
0.99973775946049914
0.99973964902097245
0.99971876590821762
0.99971960712922014
0.99963863473407721
0.99967048385564183
0.99971528127197495
0.99981909335206243
0.99983416914134315
0.99984017079499576
0.99980994350221808
0.9997656616246221
0.99978384237976448
0.99974754940527111
0.99977954608571795
0.99975996583416205
0.99978610415892966
0.9997997293171178
0.99973208716537987
0.99980921438192438
0.99973407374039913
0.9996636349784096
0.99970796055373357
0.99972571719477077
0.99977801910051189
0.99974985723957732
0.99970372246352801
0.99973112885998128
0.99974594750712209
0.99976970326503489
0.99975947903606088
0.99980344935995724
0.99980821976867107
0.99970708368301431
0.99975790096470385
0.9998005069843422
0.9998010678638487
0.99980181031289495
0.99979457798909488
0.9997765551942055
0.9997606065932263
0.9997312097433636
0.99975496168349975
0.99977237795929375
0.99977452469349537
0.99978917502666687
0.9997895287677171
0.99979406384717562
0.99978635398433213
0.99979391021574315
0.9997778406787442
0.99974004645781767
0.99971962996043029

