0.99973174935892706
0.99970805056771272
0.9997792386402059
0.99976444946729615
0.99962604764287333
0.99968960265833851
0.99976400590613546
0.99976202663351776
0.99976938022865269
0.9996841366733239
0.99962081208905895
0.99965992054495434
0.9996972911101486
0.99974188836322531
0.99974600671003466
0.99974108977537035
0.99975776932385696
0.99977103011346635
0.99973075479013473
0.99974710276295442
0.99973318083192431
0.99974305365375904
0.99982183448664252
0.99979382873425882
0.99979584495409812
0.99974800939783448
0.99978729917451314
0.99977537836192754
0.99970766220251395
0.99966728429409235
0.99961854175475273
0.99966044778562257
0.99977113515218619
0.99976523673721218
0.99973657238126623
0.9997255846897638
0.99974691557838857
0.99975071992219466
0.99972650584555089
0.9997842838015143
0.99977840079551772
0.999715259665378
0.9997184334042527
0.99965152598629159
0.99969556224670986
0.99969453554202159
0.99969009003876363
0.99966930662179454
0.99969219013051192
0.99970348233543294
0.99966726589709676
0.99967775114276347
0.99966626575146134
0.99968689114765463
0.9998111009740327
0.99980470113375919
0.99979713614527854
0.99979653817017611
0.99976004599043478
0.99973551032165286
0.99975464207215725
0.99978400545465096
0.99979313858435193
0.99981044681946207
0.99973293039395739
0.99978498748746214
0.99976000217937289
0.9996838602121848
0.99975882038024522
0.99972300765500899
0.99964930270450458
0.99975566947198813
0.99977945556771164
0.99975114455661496
0.99979282233457811
0.9997568742397055
0.99977517959558515
0.99978426529298903
0.99975588332268561
0.99978360650612685
0.99969865108666534
0.9997073730529985
0.99974399470345976
0.99972833885417378
0.99979924410305876
0.9998035872156148
0.99978444774112218
0.99978196504182326
0.99977326588332516
0.99975233200374969
0.99976655337105325
0.99980792831149434
0.99976939228404604
0.99983938973795328
0.99982130926966672
0.99979074194195228
0.99978109237912149
0.99969601547739695
0.99971005440681937
0.99972639327907875
0.99977991932544674
0.9998035398027616
0.99978374316655672
0.99979434090669328
0.9997931355619909
0.99976290155146208
0.99978732763447353
0.99979948557165588
0.99975077422235437
0.99968566693265015
0.99974044844222898
0.99967450339424024
0.99965006873264306
0.99962033944180895
0.99957665733953849
0.99965600127398624
0.99977282552587887
0.99970815327694196
0.9997919033035283
0.99975108668768153
0.99980520773758286
0.9997676169366142
0.99980151903518788
0.9997622095070976
0.99975387975612529
0.99977665616310663
0.99974104713681655
0.99979971065141415
0.99981354398915523
0.99975924188636367
0.99973719760855073
0.9997453777787999
0.999706314883962
0.9996998683224535
0.99970107791536689
0.99970742963627801
0.9996812933668211
0.99972689265091152
0.99974754098013152
0.99980013529908218
0.99978057423681188
0.99977138370903096
0.99974969470462371
0.99976295414824579
0.99976390113090408
0.99982299711332634
0.99976506671166598
0.99970721684173625
0.99975689900146669
0.99964542838132076
0.99976047385343869
0.9997559734756658
0.99980961954833791
0.99974999493000138
0.99979655396558487
0.99979642971174665
0.99981788439156738
0.99980327232701061
0.99976143010566154
0.99974849327772619
0.99976624520205515
0.99974140890107677
0.99974563403755035
0.99978792700353891
0.9997949877083856
0.99981525901029622
0.99978980965525432
0.99978588649662359
0.99980268413901763
0.99978863089084469
0.99974995361440211
0.99977225395821712
0.99978191667612315
0.99977260193005124
0.99979679486400552
0.99975848277418189
0.99978327038662151
0.99975126536171388
0.99969745684156508
0.99972170004446348
0.99972943192236152
0.99975382571819915
0.99976532480668878
0.99972399217161434
0.99969897453303891
0.99980424712219418
0.99974910621511759
0.99975228967501473
0.99974601775764871
0.99974160660577349
0.99971387275231827
0.99977316310673148
0.99980668144153917
0.99972205848137696
0.99970177838592356
0.99970709563412341
0.99975634201046515
0.99974692060063808
0.99975202441936994
0.99973020280433045
0.99975810936253318
0.9997133866584903

