0.78418301632357423
0.79353999822014087
0.80853061702892137
0.80988401158241108
0.79366806986631078
0.8379803697660011
0.83093836423864631
0.80541751625880897
0.8282940687996202
0.81869640826715029
0.80434186872900981
0.76756536254260377
0.7824874338277612
0.78031817458886954
0.76182808895550658
0.80511229920883498
0.8113105884035845
0.82462354480172506
0.82227015217824329
0.77378027087792245
0.76552395920117033
0.79614422359972459
0.78638973171160476
0.80830685882320974
0.74788982503578483
0.73482453606812626
0.74942967880834099
0.79957480220528199
0.81112641683300069
0.82113480939144601
0.84546213088787259
0.83968839021187147
0.80447290494277635
0.80954614704016425
0.82504583534615239
0.81900451119289208
0.80945828146325993
0.79229245744342791
0.82472819076957948
0.79383112382050225
0.80867284130887873
0.8388753508286908
0.83015714405200025
0.8351650642294064
0.8305178703593048
0.76569345261769139
0.76612394799437211
0.80447624249132732
0.75088635919351476
0.75354517863596449
0.81258547348449994
0.83888226193202442
0.83386822926343163
0.83331904649562105
0.81199279214546272
0.84125526689286145
0.79826826948137708
0.8180152030735075
0.78975056474556549
0.80738034167757811
0.83222315133299751
0.85903442844062194
0.83554037152551874
0.83631507478046052
0.8494347216667929
0.83652851932853589
0.77071554754815996
0.80240837885417571
0.81343934537341156
0.83906531032328013
0.79913381852657672
0.75471305429756907
0.78270075477656076
0.82893230089613579
0.81027252027375851
0.79802261731610946
0.82241918128029035
0.81108969495689054
0.80537690597673661
0.82885594808750018
0.81911381405237083
0.76808232015579869
0.71792480381183466
0.75569584956779856
0.7693975337411022
0.81498793951743653
0.80668233605956419
0.80066189928894704
0.81342637876314783
0.82780076530100677
0.80103499886343943
0.80235979919727485
0.81918386988749736
0.84928360738533082
0.7892358881902467
0.79867882743749441
0.78166017044275127
0.80248890935738759
0.83006412763244541
0.83186404141426606
0.82147829138647932
0.78815546363406797
0.79230180527311556
0.83893789711154343
0.81658539414374343
0.80741664234430033
0.79489992689486944
0.76859227228555582
0.78484676362877048
0.80488307048572061
0.79184931526454128
0.79396898018400985
0.79380290554820399
0.77776639314913332
0.80841765147942313
0.7575310550660922
0.77166740927881761
0.77456050815270749
0.80651182965176149
0.78233607787678128
0.81837141322791596
0.77031194133717984
0.82716854864741607
0.81480276202657809
0.77814653875279527
0.75290619851974261
0.7669499814271088
0.72895632513067166
0.73124259859615548
0.77795793133150037
0.78550505862568898
0.77930797776225602
0.74756437119450414
0.78935804369424534
0.77154508087451201
0.7586928647725808
0.77951291853838123
0.77410552535750587
0.76806576173196839
0.77892428504214517
0.78384160397359737
0.76504881956972237
0.80662151685516137
0.82262668073122058
0.7806358892512345
0.78641313305387217
0.79744430179052106
0.74212385189903052
0.7999911179703395
0.84736393472335858
0.75908873943098709
0.79944543761639764
0.80223945468088209
0.80736551188414218
0.74610914397505868
0.81278623241430459
0.80293002225369381
0.79087181636852721
0.77360180593107608
0.79862536720050659
0.80936067383891375
0.82668735869492183
0.80530347786133893
0.77587157812500296
0.7593444628923941
0.80340371902326913
0.82421275262550842
0.81351169466150586
0.81184374492214817
0.76998574113073759
0.76138875646221504
0.78971210845138839
0.76406024603569656
0.76108585751927982
0.76681433525684617
0.80947499999676509
0.80516936182829468
0.80614979411417675
0.752666124285433
0.78889942541757185
0.84101641386890824
0.81337534636141928
0.81810971424693801
0.83653896822280394
0.81241705344256643
0.7867821085453548
0.79401429065520024
0.77280148916615299
0.72647804046547892
0.77569253245858183
0.74912128275237788
0.72099064571757765
0.77190259469607359
0.73698142265099575
0.74954212605331294
0.70204271698054732
0.75335896121126689
0.71818856905876516
0.70254658865209929
0.71034482036255364
0.65780203402476023
0.71721455793801359

