0.8393155452496911
0.81181204631053772
0.8063873789233339
0.81722144597533863
0.81262730724640464
0.82301668481748924
0.83661137789698525
0.85751463298325681
0.84501618565311454
0.85662674209085621
0.83325898426747724
0.81426237083411923
0.79975977253155828
0.81940490882298744
0.81524921287719887
0.81219268204937733
0.81958321935963929
0.81094497333253956
0.7561805235103719
0.75215076315777729
0.74400659249352608
0.7712749428071225
0.81166190347680611
0.75064458611783325
0.75832744092592874
0.78515454504910098
0.8099170234396641
0.78678724080363938
0.7575671158031172
0.75719516070278459
0.76007282051579206
0.78568804667401848
0.79821223409180198
0.80557062080063668
0.82680259186581362
0.81954086639736301
0.81443639604959317
0.81439037412345316
0.82877013248785947
0.78770875006434571
0.73686174178760722
0.79735147266220308
0.77820251166082721
0.72632972381841032
0.76033062818317709
0.75268698073735285
0.78910438085030654
0.78135097061016889
0.79298179889537468
0.79727207014781842
0.77473275774474015
0.75392523685165613
0.80045734077996233
0.79993326375858009
0.7483794061040191
0.7926994860450004
0.75586868379990091
0.66344814274038255
0.64111802283220631
0.66764897316495342
0.72360090438039726
0.78900499461035833
0.81938252574843651
0.79521303310012703
0.81964231418967004
0.82608866559517191
0.830197091090487
0.8026869961598897
0.82831131764245691
0.82816524237440414
0.78245452480560695
0.79216076743368891
0.81207516429803517
0.77494142832380164
0.76039714133625425
0.82595388038263184
0.80874592392249101
0.78411393660682538
0.82251127139216496
0.82207436478656792
0.8132045660829621
0.75791199983675839
0.79586800476493347
0.80399040154928758
0.74420908811699238
0.79192457976176323
0.80852773846660542
0.76887959246784243
0.77367994483462776
0.8546929871830693
0.82786054306103229
0.84551115368017049
0.84316901566109392
0.81613586191242993
0.83447475983667319
0.78336296429395191
0.75673300864138759
0.7985491565761268
0.78514480889187643
0.82275035259232487
0.75631025006086527
0.79445264848779773
0.76105450731167101
0.81488401059913673
0.75956581402347123
0.77361631616592053
0.80408804527631994
0.80601418956866167
0.85454778784959351
0.86485586654878177
0.84497509399674731
0.80007322473039377
0.82152189248889163
0.8226849802317745
0.82264718596022945
0.76889800963724564
0.76189529450778237
0.71187189015587882
0.74495053756716212
0.74273652060020101
0.76491916381663683
0.78279705876041317
0.78466601968972016
0.76291459932972105
0.72752671339527275
0.73058728774449888
0.77083483968670607
0.8055280142955622
0.83176185207120523
0.81600937479122282
0.80267172987379054
0.82793021458480598
0.78770433651392491
0.79945292427417713
0.74417504296944026
0.74632012661191416
0.79959278164152436
0.77065980619897512
0.80995459049772844
0.74993097476197002
0.7327945119486603
0.73205388170964447
0.73717103386044258
0.76951799312255942
0.76942655042721697
0.78733162122552891
0.76566901137048715
0.77513513326225059
0.7974950511229929
0.78001149311280982
0.71062635372388261
0.83683199387694462
0.82104694155425484
0.80671081171772308
0.83884826258128253
0.76970544631524829
0.76181775846140876
0.78764201776974885
0.78222235498465431
0.80828016719739781
0.80826683285795442
0.79987280851055476
0.79136828339454646
0.82391301360196945
0.81004290107869314
0.81373815540999261
0.79451571627851469
0.72592141318930692
0.79551816099865957
0.80653168193702052
0.82629375063389598
0.78991371682420941
0.78057018640324938
0.83361528052564837
0.80052132515971897
0.80747740173046434
0.78698342359568341
0.79608896444622224
0.82013436612118829
0.8311313063642336
0.82213806259220168
0.81255024600345871
0.75038172343343945
0.70353808652881167
0.75625856600353902
0.7427442688620054
0.79238693399166105
0.76012117100588616
0.76810987615725301
0.80937930317803353
0.78506380121657315
0.81733385391727631
0.8060495781148348
0.79626291189029208
0.77745635025139392
0.81161802074346245
0.78185852228654484
0.7908701349362065
0.82252395678490331
0.8114867062217459
0.8025110589938943
0.77605747260991353

