0.80155514520540339
0.79482575082519469
0.81336593829181147
0.81840395706577584
0.81400190824219254
0.81690579487344761
0.84503385705579237
0.792645099858587
0.7766004530801931
0.75250707540419548
0.78806688521536516
0.74541653121469553
0.71364340593529396
0.78689014315862882
0.7513685914412479
0.81880290530162991
0.85552084449727184
0.83666645220221547
0.80868180695979197
0.75636352790980765
0.84181854720366434
0.83334523802230964
0.86065048383455212
0.84383406731978439
0.7707564948427531
0.80722792758886974
0.80592277096484832
0.76703105908820135
0.78940756159263725
0.78765694967394406
0.77402897178482943
0.77142190087807627
0.74330101766889589
0.75334852791469864
0.76280059694883362
0.78186603377726216
0.76429983897993659
0.71328172268131518
0.73852733722175667
0.79198996139091571
0.75412884580124162
0.78404553627461626
0.77494057436158248
0.79632187944098121
0.81588063707974112
0.77937023244837245
0.77035136524565795
0.77821061050969809
0.71254826662844573
0.70388878266861976
0.82285610164167267
0.82457502530087434
0.81521701275740432
0.83670728606884603
0.85225963621396261
0.84386308385547915
0.82019227301461239
0.79371863427170619
0.76320089367162802
0.74415791520218688
0.74978986074221676
0.71062511182186494
0.69644772452712389
0.70102468907222815
0.75174530883474888
0.7972247371703014
0.74784602507225784
0.78076958154133269
0.74167172434963824
0.74780572539757562
0.78283919264135271
0.78559981425862568
0.77424627704411586
0.78734401990274894
0.77331203940174709
0.7965039420331389
0.77124672666866212
0.82329125638607348
0.83642345278519292
0.83184726406030518
0.82286870415460456
0.81178449645644923
0.81944650875316782
0.83582802957155355
0.81479494466144475
0.82909968918119747
0.7946074822708713
0.82658425187828422
0.77780224165360934
0.78237760961618918
0.80572325110554999
0.77389840299167012
0.80493599044550956
0.82479552953301494
0.7925305727693821
0.8297646029731246
0.86807143739061199
0.8340999762412532
0.83675832692349827
0.82762632661332713
0.82657787532524118
0.83405576340242293
0.85017756883479967
0.82208331423085901
0.79818851705239802
0.79522528593044239
0.86192260024977252
0.78018647210140812
0.78937640467468995
0.78698798126658143
0.81228999918046596
0.77699305543276476
0.77114289195607033
0.76790277081734115
0.76879596029042074
0.80530911280374373
0.73789860795839723
0.78360726688270876
0.81218991554711228
0.8192847504290246
0.83634339806926605
0.80498959412839299
0.77285295416191702
0.79087345577893786
0.79157852030103615
0.81662961170568782
0.85041443198719469
0.80400335107143017
0.75371518586145503
0.77878578421905298
0.7969886170054834
0.76523580888284781
0.69003083039900726
0.65797622844305537
0.71247264075540062
0.78561814015663289
0.77897258782406553
0.83505129888892782
0.83602720597079838
0.82110713592503071
0.81749588772032489
0.79450585673433083
0.79679336166783865
0.7929112678225354
0.82214624184067286
0.79769681244472612
0.75327409819993363
0.72235778403288209
0.77170603928586623
0.74874967085150235
0.77943053179398825
0.80694585933008189
0.80239867536985032
0.81402211487094989
0.76820200479429634
0.78209555520211405
0.73387209476783688
0.73484769815243589
0.72199357271549258
0.7474833004274537
0.6746677255918675
0.73324034526301651
0.70597610857187088
0.69178482592368162
0.65774588152865998
0.63129965180854375
0.65062198732272047
0.68781813521390678
0.70384254297385351
0.73180857474159333
0.70851318465017032
0.6455870420782901
0.52187448543968673
0.62815181998455394
0.5840319801884426
0.57851452750656696
0.5709165362772346
0.59454951212239737
0.6799659894692841
0.75915768520846139
0.75941224433686705
0.73054917315583823
0.76693775899380312
0.73574784189036191
0.75975550690620242
0.75456471348468657
0.8099369299937339
0.77405461655008456
0.78515952752634122
0.75827426842792855
0.77989612180601842
0.77032710661661108
0.83091481067766948
0.81427315863501148
0.7773980248463761
0.73088011560847421
0.78282740085209213
0.78561733104629139
0.82107185494379675
0.77526348629502473
0.79641610493232562
0.8329225014670768

