0.92366547410704092
0.92363603418907569
0.92493257328026512
0.92137935466991916
0.91829719320651404
0.92252399115412709
0.92663184350026329
0.91474496399378713
0.92871521784218936
0.92906025836311346
0.92327106882678722
0.91117747365569313
0.9211330387901
0.92903035954605595
0.92243849321968219
0.92497380222306091
0.92354104195827647
0.91874115096447206
0.91010175171131846
0.91600054684585153
0.9116689672839231
0.91300289042603211
0.92685660828108607
0.91199756048541969
0.91209536163125915
0.91777083737886855
0.92058816705294
0.9147067167329147
0.91590715736036288
0.9196962510414286
0.91853977915294338
0.91915735183838188
0.92069944375414681
0.92012128026895201
0.92376650833227225
0.91239367075492805
0.9223113011459636
0.92309772039894722
0.92068674573971065
0.92440046507467022
0.92199498924154177
0.9180350574517514
0.91903895843605399
0.91647804751991579
0.92387145810088189
0.91820482242140089
0.926273950991369
0.91700480943272267
0.92174076460574217
0.91906927850100084
0.92312233935258159
0.92071781442444411
0.91782048588283616
0.92215857493396802
0.9158835962357148
0.91254205398066734
0.90372824270740082
0.91226450364787892
0.91976064767833277
0.91855749409988008
0.92484627482351955
0.91678681411211893
0.91676895472052455
0.91598770846577371
0.92168947337319729
0.9118201625330119
0.92365981199771363
0.92111348169693563
0.91315640314983559
0.91793035846017101
0.92462403150072359
0.92398608167470253
0.92337426186949612
0.91633801334222242
0.91447660773834494
0.92531337914956269
0.91256486531185887
0.90725431085196073
0.91781976104940721
0.92102038072994219
0.92048341399396338
0.92059300465580096
0.91872895820185996
0.91684966854351713
0.91912943938992964
0.92096599572644344
0.91873457261407454
0.92399466589928614
0.92366962237179639
0.91950783708456152
0.91932713388141041
0.92400091465663159
0.91592327097146331
0.91944053428145256
0.9200146829975141
0.9178779481434266
0.92281091870115217
0.91862538771342839
0.92265103856149266
0.92157302738315339
0.92128674182184134
0.91197363773161499
0.910458280623067
0.92293223955326886
0.92816206691213488
0.91718056438501416
0.91850980129728532
0.91338526407737675
0.91692481881183241
0.91792118184157467
0.91617740021594518
0.90384196277141093
0.91565058926353249
0.92186668898795809
0.92386066040962389
0.92549501945036683
0.92253143032524554
0.91744585819405611
0.92527196329886963
0.91551769889860657
0.927223167600989
0.91851205256630475
0.91276059878906224
0.91645448037984845
0.91585792741674432
0.92642003494482517
0.91631259408222243
0.91837715731102532
0.92588481325821914
0.92460463329545783
0.91339682716523385
0.92165014572602066
0.91995491451008871
0.92430049467561504
0.92371737217435401
0.92036073301585408
0.9317267323299574
0.92231363596445171
0.9090469867946378
0.92636663973525957
0.92744979428775476
0.92796481138604081
0.92368521495360256
0.92893781108899054
0.92172294503313701
0.91726218188316233
0.92153024818696061
0.92281129003679341
0.91785459993230289
0.92529350182315973
0.9177167766887383
0.92078860630839787
0.92018600128743078
0.92232551576682886
0.91806464978972302
0.91382745764351747
0.92090368641201581
0.92097135609540837
0.92471826203678287
0.91551203073184428
0.92110768351511874
0.92877271074096124
0.92217290445800582
0.91850532502597004
0.91314194192269438
0.9186353376999884
0.91467640548010631
0.9209450363827919
0.92502329340489309
0.91816845837577998
0.92740400564416148
0.91822381936734421
0.91617190705106588
0.92424791126103001
0.914877713722132
0.91910351194908013
0.92314100194626469
0.91617825354853066
0.91122974311622651
0.91252227523911644
0.91244866028481297
0.91547481455271607
0.91393312591773301
0.91962083415882756
0.90392465841018321
0.9153630349104741
0.9108847403481658
0.91754504876806686
0.91265405708003799
0.923654102043173
0.92075511869208737
0.91923460229328424
0.92265880378816101
0.92778328277707756
0.92172804256754448
0.91929723277836239
0.92406161812775678
0.91447622075359158
0.9274852240337208
0.92688016540153817
0.92122166348963785
0.92204333907822367

