0.92387360655057016
0.92572989899267333
0.9201928975355147
0.92129498809867705
0.91088763145024321
0.92011914173775144
0.92194435541108888
0.92506983336555637
0.92267182335463815
0.9142013647250079
0.91860631944713256
0.92296296760092467
0.90883041560920186
0.91164193990201248
0.91989064739981719
0.91928878638037881
0.91835935189566231
0.91365617932730192
0.92645886660217447
0.9201816241149412
0.91805755933716526
0.91754176570679391
0.91947768766588511
0.91452304973790721
0.91003639085810129
0.90869280014038967
0.91311585009285356
0.91306842639426455
0.92173400525152771
0.92299812718796959
0.91454561626936715
0.91283823018971999
0.92133113506484254
0.9082480293001407
0.91848937035325295
0.91926099145371887
0.91382538628480625
0.91588195898184077
0.92503816862475974
0.92297250252088003
0.92284192708369051
0.91426699107177323
0.91903587731314818
0.91866022867521435
0.92317806561258198
0.92953949185976725
0.92655511285522341
0.91028164426434122
0.91582865302915895
0.92939365749874225
0.92238623534764408
0.92035459123586527
0.92011131674455238
0.91479065941751503
0.92381431423656002
0.9226394935524006
0.92501587704466337
0.91398829922441061
0.92430036765507273
0.91649414939457796
0.92335742089980088
0.91893121240215769
0.9164425942256853
0.91673353537472946
0.91806894995813138
0.91408011216930496
0.91556453782865355
0.92407377750542263
0.92681815511651811
0.9215410568250102
0.92058341954425482
0.92846407102829942
0.92394911838268401
0.91416061029161522
0.91262382715008594
0.91811074352470445
0.90833225351161617
0.92363211047346194
0.92206419192136757
0.91125961641113995
0.91567185850369071
0.91167660915824056
0.9224651327173673
0.92784807976032013
0.92564538279715725
0.92316153547423663
0.91760473027929335
0.90186582441315566
0.91305586272995598
0.92697161275299267
0.92255861939210371
0.92719726883767428
0.91775130962205731
0.9215235527341552
0.9210179110407346
0.92161072475798156
0.92322944228447767
0.92252935174959305
0.91888593474400992
0.9223425514591802
0.92661468334479724
0.91946291164975724
0.919965733505967
0.91732964101022674
0.92280171844571535
0.91401772506478784
0.92055547826822381
0.91457989308100052
0.92432613821068088
0.91841355440911832
0.91855041854330455
0.91243128861773248
0.91998401474135316
0.91853594858397136
0.91958572726705734
0.91259178175710054
0.92242526781125311
0.92359040615197585
0.92610285238382906
0.91690636435608219
0.91369744159794519
0.91946671642462818
0.91413188481122509
0.91946148311898568
0.91978343457611667
0.91084771436402212
0.90474678868445224
0.91251221442612063
0.90738425251733779
0.91026250424531951
0.91404920892617891
0.92347692104877788
0.92512308533432885
0.92620998830970935
0.92026458468596806
0.91325626907518109
0.90554559548842894
0.91915458907324676
0.91929777326802153
0.91596419867697343
0.92545446696001554
0.92160508941289776
0.91596647131115227
0.91792518239821086
0.91567707049125102
0.92488946068108868
0.92329735282987602
0.92231858244799558
0.92327502275064421
0.91090821061755833
0.91244463514331464
0.92880538502861953
0.92227496035716616
0.92565896564665351
0.92610219740623811
0.92880764732961585
0.92117840560572339
0.92253570630100523
0.92174797727270086
0.92502480424515787
0.92634275631286844
0.92529121074667042
0.92498932133593936
0.92611831972042047
0.90715771967137637
0.9178706577586826
0.91178540532106556
0.9242916285319871
0.92106532359603721
0.91762911173996886
0.92139327330110188
0.92360591285157156
0.92352625094817309
0.92103216154231848
0.92984671454126966
0.91552524205935037
0.92396331761659078
0.92023957803695244
0.91108299953695915
0.91519547482417019
0.92380609833764926
0.92288086965682181
0.91968106557550899
0.92094752328292473
0.92589893307154325
0.9204054012256857
0.91799763035392734
0.9247139378956013
0.90272422558846965
0.91866242759366723
0.91470450610335885
0.91916622188533204
0.92180426799018811
0.92472460859547978
0.91234502106491711
0.9177894809308238
0.92233122658308697
0.92121260609605338
0.91720507862321399
0.92302757459660678
0.92115194936596057
0.91738572886110892

