0.91270434121324384
0.91419261755957115
0.92334349291683082
0.92031291815284655
0.91982792127852742
0.90093522050077268
0.90169043467677201
0.90683997793049942
0.91288958743438575
0.92664270902803136
0.91969411808432722
0.9205562683351981
0.91414302278307857
0.92595055885166899
0.92531239831108747
0.92116820272289668
0.91284002654269691
0.92111723299834103
0.91750799681993189
0.91325535454429807
0.91839679740725688
0.92206254402556242
0.91795338360316547
0.92721570242002105
0.91966429856711795
0.91640756747741059
0.91386082751176334
0.91714345028636146
0.92494989210585032
0.92077845882448284
0.91250437782801186
0.9201825760710961
0.90765702086585665
0.91177927747193444
0.923479865146421
0.91713740195084359
0.91565466363237114
0.92456599520647254
0.92078072051773352
0.91754615017853092
0.90650675473341924
0.9208882158089573
0.92439017652509436
0.92365865022080507
0.91881603214758201
0.9209519561293722
0.91777721500370546
0.92370189576073225
0.91806430211007484
0.9169642015658297
0.9136772707242321
0.92088358313603669
0.92122074151217603
0.90902191878810046
0.93030436944553685
0.92148904206746651
0.92089940812130044
0.91555631607337629
0.9194337135161893
0.92004546046336744
0.9300384946149165
0.92116384928382267
0.90540292355074437
0.91842752375018033
0.92182823216669629
0.92215907068570524
0.9192999178671124
0.9199171744346325
0.91709363186699921
0.92103059776520291
0.92341256250093806
0.91447544781760626
0.92216763536656732
0.92329200099598063
0.91725404832839397
0.92170761492776643
0.92127478716961075
0.91699199862988601
0.92118337959686514
0.92320849657948101
0.92044996171318161
0.92291500851329566
0.92005094812024024
0.92056224757344873
0.91774790240488779
0.91096533909557587
0.91269250689748782
0.92397835700274922
0.92598975492931568
0.9250509982135009
0.92390408298109927
0.91426597238857787
0.91879348199310995
0.92149715769278551
0.9235739742250062
0.92150278094114413
0.91646438062632885
0.92759282670863497
0.91237031883478603
0.91553187889828325
0.92365540882558628
0.91101440417874446
0.91904931874200357
0.92191661156525506
0.91905448900910103
0.92125920570975417
0.92560779219728662
0.92504803052935092
0.91630720555970713
0.91650532354231973
0.92106022219961958
0.92344704240428299
0.91675719256154953
0.91650438948716018
0.92281627263505772
0.9281131533239928
0.91988359540534959
0.91995684670842726
0.91814395291965289
0.9174546422007025
0.92238657961583526
0.9192652082892756
0.90504014914954278
0.92766401112746799
0.92109992163718668
0.92398112686949563
0.9132985875257591
0.90997059175519435
0.92431152070930189
0.91854696872098129
0.92580207554457128
0.91556010807536381
0.91585444797161464
0.92254150079469066
0.91505558927293518
0.91620035583931836
0.91758577766886529
0.91251002129676106
0.92053482631997097
0.91481854997348699
0.91982782477181102
0.91823889826810612
0.91866858040233246
0.91971802814875203
0.92130125470059587
0.92330639941613191
0.924842648956402
0.91933040718080528
0.92012457785373647
0.92994200187850229
0.9137481629897628
0.91837908030334869
0.92169528233950004
0.92567729029505585
0.92435472881642122
0.91212278896752264
0.91054235264084415
0.91766960442388346
0.91705037471627915
0.92449159778728962
0.91261452229798123
0.91457852877378287
0.90828447498579912
0.91755657551287462
0.91835514196454404
0.92450141608980363
0.92040117978096481
0.91545924921915411
0.92091060092844035
0.91823435130410325
0.92553263657218676
0.92091815962266466
0.92315192241242694
0.91867757701444153
0.92393313252701337
0.92127135440429819
0.92621359535293857
0.92330766166424838
0.92475885332417829
0.91865976652015446
0.91885750950812617
0.91403090111841745
0.9132640414855987
0.91791547067573953
0.92200074157246825
0.92071809099084234
0.91574554087528504
0.9132589140404207
0.91911945328306621
0.90398743903402379
0.91268075300729812
0.92183423969640432
0.9221621670342981
0.91775382506120429
0.92877096441332474
0.9198984716708003
0.92338263006365995
0.91377379150926885
0.90698824366699971
0.911914514685077
0.91558910862620924
0.91104311428544882

