0.9160831686042521
0.92064635882517076
0.92206274979688863
0.91634389577425612
0.91879949508780656
0.91819843237445498
0.92113114368736126
0.91746039242597799
0.92598689181389715
0.92258111263054088
0.92885289733072485
0.9252612468544047
0.91859867827491504
0.92222748935234189
0.91895674314945852
0.91888974547726088
0.91954595256859195
0.91868395692168903
0.92532746381405806
0.91874131481115817
0.91854006798005838
0.92056900085888582
0.9190500826007455
0.91333582665292645
0.9143197224444557
0.91542995389008452
0.90827789259102165
0.91476149668282425
0.92140251993695277
0.92267806442263711
0.9214531992483731
0.90571736313530693
0.91322027804394423
0.89957371832821786
0.90051632110950353
0.89696280726865829
0.89504988486746784
0.90673719605039838
0.90284192478455982
0.92020750513152394
0.91546085286460988
0.91015108008798318
0.9189804984807024
0.91963039375858902
0.91414155813173814
0.91759329163484249
0.92247266399315764
0.92595923699874949
0.9232531699486074
0.92585597802700359
0.92900363790330542
0.91458951598363181
0.92393934234711272
0.91653929975875159
0.9159830206649725
0.91973485133269972
0.91209785984130087
0.92258001827197245
0.91633421681078364
0.92053434918980948
0.92044915804001615
0.92061810495503438
0.92257313683927489
0.92543054581191975
0.92267248350408559
0.91071009367835332
0.91790788519669642
0.91814381075135709
0.91652247873189818
0.91793022283456283
0.91724676350995693
0.91805234344600573
0.9194409205251235
0.91831524709522572
0.9185966435243349
0.91685265024804263
0.91828177872696481
0.90840840452585836
0.90614436006875221
0.91711112442560383
0.91580386946863579
0.92304954227078129
0.91916186048479398
0.92213245788762022
0.91898665595823514
0.92476427026628993
0.92488595840479715
0.92228672734387507
0.91802826130257353
0.92241001530422562
0.91341761845204361
0.91997670981759694
0.92151985961701055
0.92189906560175727
0.92214987322982522
0.9197445977787071
0.92361772856174773
0.91016629942961003
0.91525790219240488
0.918684401521216
0.91475088461129916
0.92139716693047691
0.91599470261778415
0.91100815829588977
0.91161430300671786
0.92279448797224417
0.92570819267167348
0.91632416075314982
0.91393136967572719
0.92110079809923417
0.91845685980623926
0.90507885145402178
0.92595269995442608
0.91700446650027023
0.91322054615854031
0.91071416921231307
0.91566971848308087
0.9218233465671769
0.91663160765231388
0.9151875357909478
0.91724678935024306
0.92304377878945387
0.92214297854945948
0.92360558831259276
0.91624838297811251
0.91966468506604071
0.91985267609373256
0.92254377654361719
0.91962326867836608
0.923967318719771
0.91798358305837136
0.91826962069117246
0.92359536966165579
0.92833932716497047
0.90785612245133118
0.92263464818499552
0.91662447016140158
0.92188170243162715
0.92184531205345754
0.92330501840553325
0.92279544188623708
0.92085420220163239
0.92145590115854259
0.91419855926779436
0.90573825090578197
0.91438132677859718
0.92497701278561029
0.91710211337873837
0.90793529920544835
0.91270599929997764
0.91676875887812015
0.91998791448364714
0.9265501381613912
0.90940365064839734
0.92431471276478516
0.91049694342211696
0.92320396025107165
0.92495690976525191
0.91766552403475909
0.91410146236589007
0.90897223271674876
0.91603736942357383
0.9220297790246883
0.90510540802749617
0.91816168943532883
0.92293244655876683
0.91749060719485187
0.91813879008995636
0.9150254646163779
0.91568277189941283
0.92171468467768292
0.92845160968110896
0.91895434802652309
0.91473453394222437
0.91535005739487163
0.92500091413313412
0.91904499564055997
0.91578207877897844
0.92775752635354669
0.91423421169584873
0.91527383685602159
0.91890342154579152
0.92059156082705684
0.91966885179254476
0.9104062604973947
0.91589507936098746
0.91795760247523228
0.92060846053024847
0.9166334359106717
0.91235103093155501
0.92146806209047927
0.91354097878936324
0.92146009755822411
0.91289358371324136
0.91763340516704461
0.91475962735949234
0.91714874097054866
0.91762846213894644
0.91055346716249486
0.92422638855398964
0.91839893258071481
0.92237808507152408

