0.85895247976821798
0.87089076322248471
0.85191873137113994
0.85973709961049838
0.86538000601280851
0.86309914105756591
0.87331639748106471
0.87851865795718509
0.86652942121327581
0.86471055876918967
0.85637060857961711
0.85823066556103522
0.86187167395307307
0.86492876525337314
0.8459482432295109
0.88020007452184001
0.86558457628192365
0.85991387258493457
0.86904849159259057
0.87522802352920104
0.87414557808721882
0.83974972073289644
0.87112201315869286
0.87022910693995714
0.87318844565000919
0.87587934962255376
0.88248912918238975
0.86602185123777431
0.8673130295449436
0.87271085692892214
0.87411534714376904
0.86118857838021756
0.85211805539288887
0.8521434040809629
0.86427742084270287
0.85532948078415805
0.86119653540337848
0.85064091657050955
0.85375290718676822
0.85862367404067497
0.84966435266341767
0.84655440983641062
0.85929603618825057
0.85835139783735825
0.84894005268564032
0.83981069501024175
0.83948326502256332
0.85406254487854538
0.87556418155482196
0.86737218020208762
0.86690175046613482
0.86675275770777971
0.85371231211271081
0.86091431624899339
0.86506113630027948
0.85001998655991884
0.86033488332875285
0.8694626419351793
0.87436747820077687
0.87111657948259968
0.88043580845799252
0.86598896471896203
0.86333177552799245
0.86669189083052278
0.85535897089704915
0.86939784553316224
0.86370510764294006
0.84519881103142169
0.83104006108980388
0.86753364146918788
0.85892313950696708
0.85156103532246041
0.87848399142007672
0.85659871722113667
0.86500566511368393
0.86085778768865129
0.87458034489394942
0.86251767281110558
0.8445305631167096
0.86580319902893732
0.84537427398341836
0.85403107674592138
0.87021994168360828
0.87690497339593987
0.84205171995085215
0.8808079778651482
0.85519708670320893
0.86076741455172734
0.86489704399155332
0.85938350629003091
0.86739588781047394
0.86723298457456732
0.87127975729692253
0.85801859013895576
0.8710242861054539
0.85789989431265301
0.85473831429839231
0.87367778205554658
0.8531717078748432
0.87000114631619851
0.86253655910649174
0.86644183963628962
0.86323518832163748
0.8640180628436499
0.86265041703141587
0.86538076105260686
0.86469566297651834
0.86232922772240583
0.88121663289482211
0.86369129409852208
0.86889999777631366
0.87124135515502443
0.87905357903238091
0.86953223542030944
0.86129039414236019
0.87325331992239441
0.84647360427015428
0.85796372741956239
0.87645097356807233
0.86679205741742416
0.86762561660303428
0.85857177550426078
0.86330435691711094
0.85416345422566464
0.85357231478415041
0.84453972862174664
0.86880037278219191
0.86450213399979714
0.8568547907892814
0.85678121847461552
0.84548915909589317
0.86316395656945966
0.87173214372054975
0.85631440592239316
0.84777363357023339
0.86422775817965736
0.87427775364363625
0.86160133530942062
0.8686188552325993
0.88131384311876049
0.85832144260514009
0.87269313877636634
0.8765284608632824
0.84939520300240734
0.86094821488986628
0.86390564686612126
0.84916328507077155
0.85510210019721677
0.85939649874907842
0.85336600352015546
0.83653407533386648
0.85933133380288074
0.85273791814532873
0.8476079588392047
0.84481704474801933
0.85350668031974286
0.86864726304298245
0.86733070599827033
0.87672684022938119
0.8619889473250576
0.85439759547821137
0.85955149209163229
0.86733676257556802
0.86879541303198449
0.85721475935260871
0.8663854509356721
0.86474799691086168
0.86407075506223585
0.86086187331374009
0.84295337573268969
0.84597426040529777
0.85049692062015947
0.85801354741146263
0.87757321051008474
0.862187023116464
0.86289029095830705
0.84962612577187546
0.87511539905795788
0.87682107044978019
0.86165773941548707
0.86912517605150597
0.88130498236048671
0.87189899058123665
0.86318206058495606
0.86109595478340106
0.86594376637044146
0.86836278056567429
0.85802272226311671
0.84241808134733231
0.86975603088516162
0.86683454184398312
0.88350623222019042
0.87349917428538848
0.87080719887031277
0.86872663205777012
0.85885045769851864
0.86652913673020149
0.8653343568980455
0.85864925049238561
0.84007374026106552
0.86043270800358007
0.86595085635174474

