0.85132493996314418
0.8742211806753224
0.86421354810009943
0.87096026510829394
0.87601463587238448
0.85111297421189502
0.86773225827268419
0.85590162410474568
0.86721222040633505
0.87386493600067361
0.8775293032666438
0.87520268510440269
0.85453835164898084
0.84374682784791022
0.86953240759613248
0.86366623868371784
0.8543817114991813
0.87505017177841993
0.86920920924150458
0.85947489497827045
0.85833750940629838
0.87144645348624483
0.87109488572858884
0.86169560562856817
0.86610541204045277
0.86160229005172317
0.86856607345967551
0.88221210498790403
0.85358974050104386
0.8654395528445038
0.88142041271370397
0.85328606497419557
0.85776017345402977
0.8677365887222841
0.86769935095655981
0.87780902637854341
0.86849460374520493
0.85235879134411385
0.83802311482708502
0.86031071994082997
0.8664162079354687
0.87362797839629491
0.86568568794150835
0.8576595374994016
0.84566639834071577
0.84491235947109289
0.85031560031089715
0.86690374085935029
0.86670860489026724
0.87994592405241789
0.87830549497701393
0.87106124004988261
0.87364861323071685
0.8473000241935883
0.85566281401289945
0.87098143891102153
0.87199464836786489
0.84739573038604254
0.8684677694695605
0.86243090520047616
0.84806506793091763
0.84499968167364325
0.85685176157452558
0.86250399860179805
0.84834673669574556
0.87241210307418282
0.8688545522893063
0.86045814583841573
0.86105189675750837
0.86612916110528404
0.86078013907713513
0.85960412901903782
0.8666416044705364
0.86050115816223727
0.87347979697460143
0.86899459124101852
0.86991965785115932
0.86447651016059635
0.84484855617548349
0.86153278694258328
0.87041855609323426
0.86511366948523016
0.86332292010228129
0.85944554968656328
0.86963583479783924
0.84461204325568873
0.87112219245172307
0.87617197439557504
0.86561628773771626
0.86243688254518824
0.86345458848469747
0.85814010473121027
0.85607767579544547
0.8532845218557642
0.85692923241715713
0.87888822084720286
0.87153585058465888
0.87572971901856345
0.87618347618466397
0.84358365402382873
0.86608489302439362
0.86349885237588453
0.8602106170327215
0.85243449816075345
0.85975302815196031
0.86372356221236146
0.86655279273567853
0.86624635702845965
0.8482630426207971
0.84341147291026186
0.86847103071161258
0.87596056859244231
0.86598258847454179
0.8556803055579596
0.85558453292863845
0.85474596728412744
0.86340037256858693
0.87978078544576688
0.86867704514940525
0.87869512023203555
0.83856224190871165
0.8626025772950906
0.86403102270617926
0.88660999707116883
0.85317437351141368
0.87400236625350769
0.86736089488765145
0.87572759326948946
0.87567724619910992
0.87048102373807124
0.84807432399233573
0.85539421072650623
0.87058227752596573
0.86744560445335628
0.86198316034556766
0.86499531175146094
0.86418706848436422
0.85447378069650604
0.87341893441823559
0.85330617627543193
0.85686192088480384
0.85470912463519311
0.86037921366643388
0.87540533474653104
0.87677660291534809
0.8553972679475742
0.84380798650488809
0.86664502185391257
0.86373424518013497
0.87114748696714139
0.86466722933433637
0.81757775288623846
0.85958572232585351
0.8736382741129457
0.87211434576536939
0.85780637841730045
0.86697852851917889
0.8855577246728662
0.87015823853280838
0.86772705250041449
0.87215344970493436
0.87923941103753656
0.86772849289708143
0.86864648265331401
0.85113362695444583
0.8735840227793138
0.86725238169698537
0.88125029826398416
0.87315388463258348
0.85671413063668933
0.8407486566723591
0.86024810853144906
0.85993172119776984
0.86350696243765723
0.8696335911346168
0.86618877966286323
0.86134268832359784
0.86066427070797324
0.88512120844457765
0.87130636276460083
0.86232747053643655
0.84501260828945524
0.85306418388848704
0.86792448267811184
0.86545519667803916
0.86792692649637804
0.86881366408930005
0.87402158072241287
0.8541126053670578
0.8568576615360074
0.87472318343514011
0.86361318000916643
0.87186588512215646
0.86168281562679006
0.87819125948727839
0.87673493117690759
0.87074893349030702
0.88351139673887635
0.86197081186484847
0.86807994650744436
0.85884781752788597
0.85647861021773974

