0.8602147486541708
0.86089716014083051
0.86597189026465582
0.85392793089590113
0.84124805522350177
0.8602754539939228
0.84079062133162275
0.82477924451793494
0.86669135366946359
0.8457284704072765
0.82144742530596204
0.84696369901805835
0.83675636103251916
0.85693278958290375
0.84122012514042188
0.86945001774710495
0.87056742877004378
0.85501013785991642
0.86547718235418047
0.83730471796405537
0.8680734237554717
0.87233512597441898
0.8592112389283687
0.86247134831932382
0.86083404545239395
0.85811647566601834
0.87004651440425129
0.88190311306944325
0.85299747500594281
0.87116523107595834
0.88039713329732461
0.87765559820583483
0.86099960013075505
0.84667983053148343
0.85546193869331577
0.86945395189211339
0.8717854262637369
0.87732829796907608
0.86298259051201298
0.86987440196937182
0.87159458450810279
0.8765578875261778
0.85100497384459517
0.87609663123334547
0.87992623378270673
0.87486303594544079
0.85779770960355739
0.86649132432181108
0.88027640708690147
0.85524473588701322
0.87423122542001486
0.87321690385851525
0.86324197427321214
0.87820340973363342
0.86328404231855616
0.86479687140255757
0.86432167803385274
0.86473029017252323
0.85506208272183015
0.85256823031389428
0.85668771850954051
0.85680115198131923
0.86206651614365237
0.86590411586513683
0.87273957452677409
0.85223824957616023
0.85598322878779398
0.86356975598228336
0.88194002956061723
0.86449920641195521
0.85912675897335056
0.87130134223360656
0.87072244500836427
0.86344990236183095
0.85898305304487499
0.83283353069015809
0.86256501392944762
0.86658044466553275
0.86534558549104423
0.83999331171396774
0.86928231143466306
0.86830935530421061
0.87117243790423937
0.8742927022662168
0.87739409181208527
0.8594107196946511
0.86555691638756604
0.85100246204954044
0.85580177222970599
0.84998870560342876
0.82960172478439997
0.86736581218148512
0.88109278153496073
0.87181132804849004
0.86056152537550634
0.871545832627169
0.8616753850153086
0.86175922957579421
0.85950138792109965
0.85651100149466963
0.86783031456177828
0.88450010676565194
0.85927843976141549
0.86077786868132855
0.86189289987380813
0.87774600354515886
0.8617631576038558
0.86047011574668431
0.84667827239036197
0.85746536775869464
0.84703206610062287
0.8626831592830958
0.85420685683631836
0.86300035003036424
0.87485665391156531
0.8634188525947355
0.85181604905376351
0.87307292145109416
0.85490819589507538
0.87332294440846736
0.87311266701374657
0.85830223338324851
0.85934192872567139
0.83905415439184539
0.83991810748728157
0.84190340989375623
0.85241632239064269
0.83224137930219166
0.8406930536779289
0.8333310128950574
0.82005029918100636
0.8832904863807437
0.86555263989027331
0.86003973291483415
0.85791512951705395
0.87098941400589869
0.85470577639485013
0.87408213517825362
0.85204582581238475
0.84148790062424383
0.86566832865604104
0.84758365713103279
0.86078821575825515
0.88022577505607735
0.86461558957607454
0.87125630506947505
0.83433219163170591
0.87640955179048774
0.8562035489109836
0.84530653516467369
0.87190286216487911
0.86016029571940444
0.85563519900959029
0.84828151505145011
0.8605054248381625
0.86814586481155864
0.86238391313756024
0.85007587833589604
0.86380585371834828
0.85236975706339835
0.87008063740498176
0.8683267846869277
0.84418365879894175
0.86645770853836424
0.85935078902151074
0.85039182866557206
0.86451656101296015
0.87157194547254679
0.86465505421094968
0.85894321965881604
0.8578407185264012
0.86395213493927869
0.87825385182417404
0.86377535752089063
0.86641189268440555
0.85104616227789409
0.86005935061077388
0.85205749554811927
0.86653806763659469
0.84142195382321039
0.85109187664567698
0.85673474130191707
0.85708804409244299
0.87633883046906558
0.87802191677012431
0.87456970584055127
0.88721707948604356
0.87279080893137118
0.87359540780500888
0.86102567519108597
0.86638720372506839
0.88165505495821905
0.85875666102582038
0.86780586666610249
0.87596492190287478
0.85111079756549868
0.86312674925835353
0.8716759014704345
0.87522436815190097
0.86671283766601559
0.87560983275081483
0.86895258013078269

