0.87444682414580654
0.87254753352058567
0.86724328285537322
0.85026123468188497
0.84367250991263054
0.86837149057815188
0.85150782728179042
0.8331578034928836
0.86714044998295281
0.85462893482948876
0.85439469182151739
0.86908764369040259
0.88209518951813182
0.87721605210546949
0.87100049618212205
0.85787818912338676
0.86645539903578517
0.8492219737545762
0.87018149431878455
0.86989758261335681
0.88210083002515827
0.87458492606705418
0.87004013744718867
0.88281131266598767
0.84642146991177514
0.87520045554070247
0.84501971253730412
0.86005869943657232
0.86158219694928861
0.84175545659525897
0.87082339566168954
0.86843191590663071
0.85961469183498385
0.8511727212003235
0.87614541989926298
0.86102609853822365
0.85926561725732453
0.87352527929396762
0.87883324488842951
0.87062233735345218
0.87645628545940746
0.86913675748008856
0.8674372908122
0.85800368714681674
0.85974319958550027
0.87034823198433475
0.86517188316442528
0.86911118032795087
0.86829637013441352
0.86452347149294406
0.8702112535565466
0.86726286503530448
0.85078074060485231
0.85853784104207742
0.86176160067062124
0.87658458269613493
0.87698262283709794
0.85113704971023696
0.85004568387353174
0.86339713384772376
0.86921013355215027
0.85450176274948231
0.86843997821004648
0.86746939719483684
0.86592025874636791
0.86102366816684606
0.87806134628004529
0.86267749822969153
0.85014001858988886
0.87999263178765896
0.87003775455956556
0.83615826253739967
0.84846574104578132
0.8799378080599235
0.86533373641834432
0.8522915392083471
0.86570632374756706
0.85299939732075813
0.83213742162995197
0.8570901396825984
0.86912542235438284
0.87019447824689256
0.86252255705509806
0.87411523514977041
0.86660365832350483
0.8536553023254726
0.85565304550464449
0.86492467855936261
0.87654185232920701
0.86477856613889681
0.85581571705389481
0.86258455008002899
0.85629167838552456
0.87282457110525247
0.85782587551582812
0.86305589906183966
0.87119943266179622
0.85820149587630112
0.87982007600290169
0.8373078360150068
0.86015325975583179
0.85227891548753099
0.86116851826692298
0.86664488873977641
0.8750886342324693
0.87807218919830399
0.86952538458233031
0.87855252810632711
0.88864619550399848
0.85996926245053418
0.86170359392305351
0.86859136834998873
0.84977754950026718
0.87618774964014912
0.87381923624409519
0.87768476269056828
0.86046112262552643
0.863116571489006
0.86331375403875366
0.85841196061629366
0.87377599247717253
0.86218513718647916
0.86056911239198741
0.86729555909808587
0.87114251818928923
0.86052258170237095
0.87673513955553806
0.85792650984876606
0.87739457438064372
0.85586316609764534
0.85882941047350636
0.8609690698796777
0.85602428709606404
0.85806616953641712
0.83778881221028911
0.8519945958778945
0.82812633200379604
0.84031867627560597
0.86845771234469016
0.85913343827594935
0.88064630350729023
0.86374146322890022
0.86678189575889386
0.84415636893053614
0.86549389737649696
0.85539374841794058
0.85470742347954154
0.86485890859700154
0.87107369425147374
0.88417642975604549
0.85181490902775214
0.85269481973311001
0.85994965679132296
0.87407741118385052
0.87605081105464111
0.87902233291857246
0.86324615997605769
0.86452024479769707
0.86792055004476776
0.86973745084594856
0.8686083175247219
0.87014054513585326
0.86782759121311914
0.85025461053464635
0.84893955831256362
0.85995117508010854
0.86640133103182648
0.86696710326378645
0.86334580561175478
0.85505445357897847
0.85085062553559232
0.86240788089911191
0.86869260413371652
0.86265813056470031
0.86353210244920009
0.87621934886004549
0.84730563363005351
0.85418627594365382
0.85226094316459022
0.85838223100611521
0.86903624762307286
0.85228227217038888
0.87783156041178179
0.86772403067871484
0.86773085217758172
0.87680911692523744
0.85642006854647956
0.86615249392872284
0.8655531815102937
0.86679894632691368
0.87216146147222195
0.85592826766524899
0.86929596205621729
0.87948332235659221
0.87578558482600066
0.86667235867514181
0.87347101899304302
0.88342844603334059
0.85879120781857698
0.86424275342654944
0.87781406131644857
0.8774664701948911

