0.9835731431849104
0.9815321320384206
0.98164503929919233
0.98173072387320393
0.98191700518614844
0.98143180661980034
0.98204539059671403
0.98182214525094702
0.98006484892291335
0.97789836669500352
0.98118958932841915
0.98044804185853729
0.98326811600759889
0.98296258018549232
0.9827008255255909
0.98354572481655411
0.98314568673790004
0.98390769097506481
0.98147854597096984
0.98235565363183763
0.98205581898012617
0.98043293908433582
0.98236428585164037
0.98157874082894581
0.98295047578443995
0.9822009382749457
0.98184897833846951
0.97772420258582204
0.97964206444743418
0.98034970579600966
0.98163483822556485
0.98246532704781553
0.98158360935558775
0.98270586205613641
0.9828041208100603
0.9833440849843319
0.98212797138664798
0.98226391169860705
0.98256218395896555
0.98195154675759044
0.98275440475799891
0.98028551383065121
0.9779371312219578
0.98029185943177521
0.98194305202886789
0.98052277547503441
0.98074917903634373
0.98133307589535634
0.98003257832959578
0.98016119580177374
0.98194912642150589
0.98276410124763003
0.98301831280344976
0.98285349698510727
0.98064734161195422
0.98097565094880979
0.98133674368939439
0.98260469284768115
0.98371823466094521
0.9830943479649028
0.98087278245674736
0.98032941035494581
0.98266885094793888
0.9810318466985275
0.98278678031245792
0.98151871484542519
0.98233129327872848
0.9833496917635246
0.98324745331638819
0.98323996418099358
0.98339838667927626
0.9826417828772811
0.98283368551829553
0.98368874492970293
0.98313321532496245
0.98295135210584161
0.98185179726917227
0.983708981130063
0.98214998007186916
0.98192692056629305
0.98083567744470435
0.98053254084710906
0.98102753841748069
0.98142382313080156
0.97999504707759078
0.97999092762066109
0.97980321841873663
0.98075998569361311
0.98012107567251405
0.98241897027148917
0.98225929410274448
0.98282081815486633
0.98147729791901028
0.98161966475681217
0.98203070273236992
0.98161062730620907
0.98325239648372476
0.98307282746353608
0.98128909817562826
0.98111559915984037
0.98242354750870509
0.98227161700800114
0.98354131474612616
0.98269198420262927
0.98166143618663382
0.98288846471173064
0.98268572404025423
0.98182654024195171
0.98062867923818886
0.97975484595248963
0.98164854852765582
0.98104272193976039
0.97935153205150116
0.98322790715774389
0.98241606839398521
0.98125317660390221
0.98270839292156353
0.98241674303947524
0.98174808953672654
0.98053448293526324
0.98120266316787641
0.98312681363359056
0.98266208291654256
0.98224528588124904
0.98067232309186203
0.98077875699295647
0.98077377328972715
0.98183993732257024
0.98281469160125789
0.98262611002044464
0.98071685676363896
0.98281852101856948
0.98346656659441833
0.97807917081513041
0.98242788991820729
0.98369984129670718
0.98221723725601917
0.9834023101528091
0.9825635267458438
0.97872735790593435
0.98303658250884007
0.98440223333342536
0.98372514583490966
0.98285058577068463
0.98142607661848247
0.98227935962197299
0.9799903669638157
0.98269164008726295
0.98295260908000914
0.98072456014018461
0.98136306734404288
0.98094591657804797
0.9826524993489536
0.9803489277986922
0.98174278957698524
0.98167080640947812
0.98228340852146434
0.98180463384541317
0.98264823925952349
0.98292940680025953
0.98262852322095307
0.98370636578474724
0.98291344795841296
0.98262101919248135
0.97957809140996066
0.98257569646086484
0.98302295304413134
0.98231667986301874
0.98167171016127619
0.98289287295532346
0.98327734967203562
0.98231546729330765
0.98255750019493859
0.98310904696832824
0.98280097577896597
0.98127163490036662
0.98318358930940752
0.98263673108787131
0.98194131703168264
0.98390808492378268
0.98324186526522006
0.98160424901720655
0.98350966310140253
0.98163451081661512
0.98178640187432598
0.97923952629730293
0.97916208097374613
0.97994865279077625
0.98217958764403157
0.98098856609853113
0.97911504479098377
0.98126688084766822
0.98132148669868935
0.98113855500161962
0.98072020305234142
0.98267131760713666
0.98135079673753434
0.98154224776175836
0.98136389082441111
0.98112570257057197
0.9772707732118413
0.97972062535535187

