0.98271036104177112
0.98207637840623441
0.98114180222328584
0.9821167517828473
0.98135520313457303
0.98251350998218911
0.98231105856885292
0.98198800468244074
0.98332837420371244
0.98170624621238611
0.98208709139902761
0.98134648251105672
0.98212851326216166
0.98178444548141519
0.98145864199844812
0.98246193339745003
0.98244289587838796
0.9825771366797682
0.98158048291716904
0.98330388102956934
0.98223024288825256
0.98095291978384402
0.98342851506356677
0.98367157969121077
0.9817022655219676
0.98170343225339485
0.98170348391885598
0.98236153978884755
0.98281009630169547
0.98351644351791745
0.98013717315145932
0.97952499841374929
0.98335713917416623
0.98207523829499987
0.98123576375286847
0.98089400244613267
0.98266257679846891
0.98177267801008472
0.98056742372529371
0.98129793117721431
0.98303132313402231
0.98281379332806684
0.98145318513897606
0.9830612438677937
0.98112217939757174
0.98138585524147537
0.98102474358922553
0.98112217641566524
0.98220624641298016
0.98201779803277756
0.98103975328015891
0.98285974759523231
0.98027705423306577
0.9827424809878812
0.98189435628121235
0.98178129624306021
0.98206271201142781
0.98256549343066057
0.98012720647697149
0.98086772633807484
0.98218033811417393
0.98174662205072682
0.98191586551692744
0.98173410613341794
0.98250862154826768
0.98251226159316896
0.98259446364703107
0.98264846299561137
0.98151053045593961
0.98197716634560817
0.98161008275263761
0.98041588861299622
0.98169228236103634
0.980900146430838
0.98212048311352795
0.98183763811168456
0.98041172827965173
0.98160295766880756
0.98254671959148276
0.98109768209384551
0.98277424118607404
0.9829132590541253
0.9813538002995098
0.98198569919899625
0.97749198949126292
0.98268440849030003
0.98231003423419538
0.97929672118632749
0.98135582465956628
0.98058973877505506
0.98025063142728897
0.98087441299761935
0.98099026313827331
0.98171363201797834
0.98357348299664138
0.9827821542305597
0.98269346295630555
0.98139290032459925
0.97997363047369934
0.98261306971615581
0.98057912899746225
0.98337727847553114
0.98195036616243692
0.98022420699751489
0.98303488716279819
0.98158270841610473
0.98103698628278335
0.98007693464265488
0.98214347837758464
0.98178181462390191
0.98252004486960609
0.9835771883406238
0.98208449961143029
0.98199631981175439
0.98136469330135545
0.98057158331826155
0.98135909364133389
0.98254584486994856
0.98076766758641609
0.98053765691218087
0.98214301531685611
0.98245565892449249
0.98175044835038461
0.98108041997827744
0.98346005681858761
0.98301082861913747
0.98173093886649021
0.98231552358234409
0.98218843827219016
0.98241704125327356
0.98266559880526294
0.98185079706217027
0.98037971604000362
0.98283601992391822
0.98195608235298737
0.9803475326816935
0.98081010464090623
0.98080813596197991
0.97992255716540655
0.98177763996380352
0.98100601737189397
0.98077981856420571
0.98060881943525513
0.98353230973014494
0.98186543749592736
0.98290260813543984
0.9830529320316066
0.98037175368878582
0.98082461579012414
0.98119408487472803
0.98210182193971918
0.98223786821498826
0.98206393031435013
0.97926800717045892
0.97966375577607434
0.98107450678403618
0.9816098788714247
0.98135163615953935
0.98191990941974816
0.98269264738048268
0.98241683798804325
0.98086579177377087
0.98138988934507188
0.98246062432856907
0.98274009966982578
0.9800517656058283
0.98028257696341714
0.98012504295952696
0.97784919945332927
0.97898726264388192
0.98382225295359005
0.98315933842929204
0.98206618342538243
0.98154248944299349
0.97979341241479467
0.98126494615731352
0.98366264463953013
0.97894164097690517
0.98132951128661017
0.9829027761937299
0.9835042641808216
0.98296084651864812
0.98285390379657356
0.98276047074822415
0.98241883250875062
0.98165021327179725
0.98043173452249011
0.98287421542243025
0.98206898054882119
0.98293381619669662
0.98295002391809194
0.97902374877214715
0.98224358140792201
0.98226953139773721
0.98333831151739381
0.98139297206156384
0.98173664311775188
0.98144673870274668
0.9822972052777037
0.98283194336951241
0.98274172446862895
0.98240454403210653

