0.98294072001865573
0.98050447391580808
0.9817882889939531
0.98280547318989653
0.98129607564337606
0.97922796757001251
0.98050880912412042
0.98098623253724859
0.97994743592241651
0.98163391830815505
0.98228237685746578
0.98132703688807632
0.98003593624166296
0.98193586437020131
0.98060959127816905
0.9829875266784357
0.97914541415962653
0.98230011717253263
0.98128596097030174
0.98192668340868905
0.98270704390184505
0.97992137359967924
0.98138221230815814
0.98278122188200712
0.98008188584743683
0.98334577489231545
0.98143466915286104
0.98213721706621693
0.984492203518334
0.97955135129990811
0.98208029222521365
0.98190835591682724
0.98217434632498002
0.98338600845462953
0.9816098482204989
0.98159141530626381
0.98334119135161957
0.98223381801150011
0.98200783984474516
0.98268722177105206
0.98249132508472659
0.98132197259391618
0.97986734258616337
0.98403946766279138
0.98159970551962117
0.98025724871694531
0.9812711736612616
0.9819690673873972
0.98198820185206703
0.98172117573716144
0.98050363290138509
0.98154156846318508
0.98336386244263918
0.98270176883996996
0.9818720115844386
0.98100753013923381
0.98220491733065829
0.98234858592109775
0.98231341853217913
0.98326077525859734
0.98400795524472517
0.98335086778885206
0.98272452949272182
0.9817683416854629
0.98252277526924581
0.98242702525643966
0.98193398036184443
0.98186580822146274
0.98233440054797372
0.98303038251881547
0.9822309183448138
0.98307741322054099
0.98047660944336734
0.98019493781741995
0.98236157235812227
0.97861052789251668
0.98107548365570718
0.98193573154064362
0.98044872358613555
0.98114657261672544
0.98324392794117799
0.98293785278597967
0.98054311490652057
0.98052607507203993
0.98150435224777666
0.98089633872651694
0.98048982539514407
0.98070740185706584
0.98341491689997962
0.98204180877224656
0.98101587021775727
0.98236881089612227
0.98317091367292453
0.98210730512295819
0.98214523530679276
0.98246038142801384
0.98232763683412061
0.98368014902213885
0.9806851797562387
0.97953830971052391
0.98377312935156302
0.98105547973213025
0.98034614405320875
0.98303923076793398
0.98289219400575722
0.98306496053491388
0.98142040684801779
0.98198618794303039
0.98261141781717332
0.98257403533993348
0.98059322582991926
0.98103970223233494
0.98347330777897679
0.98211777975967629
0.98177960893800909
0.98124268124885106
0.98330981767384573
0.98336761312416354
0.98102981043575732
0.98119596755084071
0.98144893671882327
0.98184798435535048
0.9821059981310698
0.97732856960389314
0.98064697914379795
0.98297218153362986
0.98311681561299624
0.98170120337305289
0.9830146041172324
0.98178247694516041
0.98073518308483021
0.98304485440446965
0.98181585509046521
0.98236077400240129
0.98042040558110488
0.98161890104837712
0.98113995376517382
0.98130075175494336
0.97981005995161818
0.98184761140894339
0.98084967997164796
0.98208098827863544
0.98290785157035632
0.98102641997879159
0.9833106564979992
0.98165286123920781
0.9812274285537006
0.98120983437800624
0.98131782288905189
0.9830750502565474
0.98148481566813495
0.98228449345131541
0.98029442886075424
0.97946396440186012
0.98187143449212921
0.98239666595241171
0.98114188611154707
0.98187626357335578
0.98285378607641005
0.98253559293264592
0.98341614431506141
0.9832927389514261
0.98208417340365584
0.98326137512577561
0.98212665018271295
0.98081340260679528
0.98137549834409665
0.98258313120948404
0.98231525781696694
0.98231590101890121
0.98074130886736377
0.98190824997673654
0.9825711531779866
0.98083993586898843
0.98222111905388632
0.98170597632915835
0.98166090659230643
0.98320651024020356
0.98201865233491881
0.98150024567121752
0.98357519419114603
0.98098161659953109
0.98221422295981931
0.98370695380626783
0.98292465631712933
0.98318771553491124
0.98356608136051027
0.98230593770421715
0.98174404593313525
0.98030441541889735
0.98353258334554672
0.98226655395212981
0.98186872279847359
0.98064880813136968
0.98102118840038666
0.98216026362619657
0.9828994520347144
0.98211539330850672
0.98192249987463509
0.98176678214553048
0.98128844647700375
0.98266512703380338

