0.98050879791307122
0.98202814425363338
0.9827180487112247
0.98192808742564452
0.98267712542075114
0.98170245438997217
0.98180009013928538
0.97887551246645965
0.98278157890691853
0.98211965684774272
0.98385552083880246
0.98169419046065165
0.98344226075181085
0.98351331000844844
0.98317823455230358
0.98188407893391871
0.98217304998959731
0.98299714448024078
0.98380662125745166
0.98007211029577623
0.98208059508152112
0.98009820450396945
0.98155591711112455
0.98120976594220111
0.98105903224154911
0.98069310138747179
0.98250120964018672
0.98296994574083896
0.98231133276905369
0.98256130543055797
0.97986363337600402
0.98133926773532498
0.98116112428711555
0.98326209945045351
0.98093150135443763
0.98179649189366391
0.9809006759524882
0.98261947477953138
0.98362551109753282
0.98276525821562399
0.98095162585327789
0.98027017070577027
0.98083579246475416
0.98228951187099545
0.98231126507185074
0.98095789319118798
0.98294798252808357
0.97901605429262184
0.98133998464789418
0.98167153713851896
0.98033707206241594
0.98050935833727915
0.97951651940693296
0.9808140261253353
0.98339797200775936
0.97709346792347207
0.98167530271482739
0.98068858741635556
0.97971504948020671
0.98230505897854203
0.98196605508586521
0.98220259777392793
0.98246867996546183
0.98088066502073812
0.98246420090287867
0.98228437435548976
0.98082253471077518
0.98231977153224914
0.98256383060582608
0.98137720220513802
0.98352405569886681
0.98171576739217936
0.9824364124432754
0.98243736857445108
0.97868729737675164
0.98385591977433684
0.98233322265142109
0.98249115855387126
0.98230849925425257
0.9810142837391691
0.98261067347964914
0.98295921076789028
0.98232926058226466
0.98092761412093255
0.98265752121727135
0.98185641204284624
0.98151057172826617
0.98285517549704549
0.98319079331303716
0.98208746433934913
0.98018255489207484
0.98128314882609702
0.98044769801170784
0.98329502205763408
0.98274732773755269
0.98074402322866505
0.98212707010160749
0.98117767950098467
0.98149790601418407
0.98093351990109534
0.98346606912335199
0.97973807689583203
0.98375015854282521
0.98187918724969392
0.98126500079267498
0.98109823714857358
0.98232130276077068
0.98225948629689619
0.98147604586529369
0.98210965918214277
0.98309306022351595
0.98008091085700055
0.98207892284296872
0.980344161397395
0.98337016830236756
0.97981112677238957
0.98030877582199838
0.98187967418057598
0.98101335664691636
0.98081865139134983
0.98145418109444971
0.98172546090291002
0.98382996436671566
0.98139896202060783
0.98121889308795973
0.98100671608371426
0.98072211100688
0.98122187620076451
0.98083008110826386
0.98277843701258383
0.98107399450014221
0.98161432455876951
0.98024754620950461
0.9834617718926022
0.98321465994376567
0.97903409355129933
0.98192217228244461
0.98137380557697107
0.98226717045844081
0.98131565272096966
0.98098769911185213
0.98183108960456711
0.98254186903786001
0.98204565762489315
0.98171396950025558
0.98027979967528955
0.98289244999456837
0.9831953100308064
0.9806712234237982
0.98215017645063674
0.98260534814479494
0.98121134201873095
0.98191120377632979
0.98282659804799233
0.98353722921014985
0.98282063451427226
0.9821953696067216
0.98174901435717954
0.97968215373848544
0.98056061709303943
0.98071560032578187
0.98056443905069002
0.97941541443132185
0.98141393414660749
0.98260815332287099
0.9816849455875144
0.98185958079219104
0.98213613273907729
0.98333354899125658
0.98279194391095792
0.98017907513015556
0.98326328784624217
0.98083272928381904
0.98041459189956337
0.98286354684946164
0.98216045568344568
0.98235011257973914
0.98018124938980222
0.97954426669811245
0.98247838483679006
0.98168325829762237
0.98029419200820955
0.98241076236668601
0.98169623403109618
0.98198452351519339
0.98414844543110558
0.98330626073232041
0.97979530315681518
0.98199482286257622
0.98267953977356948
0.9826328428210227
0.98398450411541727
0.98331607736800375
0.98013396615596293
0.98085035949844646
0.98204319129063555
0.98209260120721453
0.98026018855769137
0.98271509057642381
0.98188516556503924
0.98349100714724236
0.98240842015902408

