0.96312881917222826
0.97050697506003614
0.96537547611345209
0.97167992660244651
0.96164441618090335
0.96477915337029441
0.9704606785849601
0.96659367919144157
0.96703564518002905
0.96333918279178099
0.9609311561362246
0.96519484938674349
0.96674997687016284
0.96012124980009028
0.9634401166815626
0.95745356941529036
0.96438758020362625
0.95853749722792903
0.95925227878483577
0.96672082830958472
0.96301834901132588
0.95855898511985316
0.95998830597692941
0.96457633366165973
0.96301729342605746
0.96987057966921453
0.95927370805100776
0.95808657547784082
0.95906462091309408
0.96131922624199884
0.96314146429709702
0.96160641203764363
0.96680794987097673
0.96330039782503096
0.9681403941952027
0.96210715942760383
0.96097918742353572
0.95839798460759529
0.96177157742017871
0.97189691590964045
0.96792064693822533
0.95471729895939195
0.96244775728553511
0.96324085068017062
0.96083722707439512
0.95966755538679316
0.96756076378661471
0.9636737271890996
0.96565041087081138
0.96201159967375838
0.96520209566191739
0.96461259139620537
0.95818681100597347
0.96040087670488261
0.96699896468658997
0.95688222018945024
0.96445267032400084
0.96721217301239482
0.96797349997252213
0.96463649542246477
0.96439802015209675
0.967124382371923
0.96411344080324457
0.96510055114297466
0.95947731236564682
0.95993819135306147
0.95722991208525376
0.96117946678439392
0.96541981884694694
0.96105963465087152
0.95940368323511127
0.96825216742245024
0.9619881014163808
0.96409157788572797
0.96434051855365155
0.96468648936050572
0.96510471155234812
0.95906734123814019
0.96182195722418007
0.95593695141354162
0.96631465460631516
0.96402161141246612
0.96638217323849696
0.95599467127504223
0.96698504049400191
0.96015213719300874
0.96330379371938679
0.96337107058961724
0.96794794648731119
0.96074422182581198
0.96526069675057591
0.96941793707767798
0.96444568495017657
0.96355062699560823
0.96195582187388384
0.9635942217988116
0.96282207071011106
0.96228319179990307
0.96573694035303237
0.96648420942588531
0.96635562469692393
0.96335635930600494
0.96476513289497579
0.9547589435089473
0.96200175154281964
0.96155023500036729
0.96399084484799435
0.96403849262635188
0.95671701330374159
0.97031927098534787
0.96239180425213366
0.96243701196181031
0.96426128219546647
0.96704349095651398
0.96795945461802135
0.96395428781820758
0.96028166955827832
0.96062822059376207
0.96420862032083088
0.96202588584592597
0.96421457881094363
0.96659124505336669
0.96567941481160746
0.96550191870404434
0.96255027790965186
0.96129214129698459
0.96394891924599113
0.96049888017653384
0.96342784933636594
0.9660936473151861
0.9657329169648381
0.95618551358797255
0.96384474430529721
0.96292269756245918
0.9620621895934568
0.96031268375952095
0.95787654883686235
0.95806458295912489
0.96319591522927817
0.96540131638153381
0.96215795390063008
0.96347368436975955
0.96139442613784187
0.96258847250284363
0.96721924552535798
0.97048777606821579
0.96605069967091628
0.96212306311884443
0.96915314256151974
0.96072664787853779
0.96372769490570231
0.96224242469796684
0.96488704970145422
0.96289763222529756
0.96605738927097862
0.95824591521753599
0.96520030232229759
0.96895914821357487
0.96547577691024833
0.96742051142052388
0.97106724282956058
0.96494647738534145
0.96658725544155888
0.96200801112966627
0.96270556097484261
0.9591827762169759
0.95129206326022653
0.96052183691916082
0.96826675266583762
0.95864516882097861
0.95942391369107782
0.96675246310501461
0.96501862310188224
0.9611318601067419
0.96156921748874591
0.96408942895502325
0.96700782103386673
0.96293414391109056
0.96759818625126126
0.96572771739908869
0.96456531419321312
0.96358067191799268
0.96580670364858601
0.96867252250586944
0.96933668108108495
0.96520924362545235
0.96721807657511394
0.96447986402118369
0.96138151380521186
0.96197840015495562
0.96125481189565942
0.96302801962127538
0.96719795347355242
0.96113467056636392
0.9603428700051575
0.96428218746988337
0.96042881390499835
0.96693181362097125
0.96593271722064777
0.96536389187040816
0.95848699831149831
0.96333138348276326

