0.96541152328337487
0.96514153464416241
0.97015142076098448
0.96900898507463362
0.96166873476966674
0.96595931405172175
0.96194059960879075
0.96596173334676227
0.96358759031046459
0.96290305893058403
0.96408330933766895
0.96310003839436964
0.96570606691692873
0.97131950261810673
0.96764878318311154
0.96077647528133581
0.95909129602639565
0.96287238822542398
0.96169454392349263
0.95769719627299121
0.95385134325358822
0.9565988024555685
0.96633918916539552
0.96701563292118109
0.96323503207367656
0.95975012479581989
0.96692312026537475
0.96352169297449075
0.96171074700909565
0.9483019454499384
0.95957133837550646
0.95994392258748706
0.96522694004674336
0.96665831174331651
0.95988567606547448
0.96982114990339197
0.96326121048529023
0.95786528351686173
0.96299405680097461
0.96537907053196637
0.96964290019551536
0.96476263631345349
0.96361718557507037
0.96369767229763059
0.96619604195393072
0.96442006635288191
0.96555313555162103
0.96105950112263905
0.96685364108542382
0.96345501665136046
0.95657138038595713
0.96700732514533072
0.96803096018580748
0.96730572792980762
0.9649750687553813
0.96186838557257515
0.9644408563722825
0.96845743307425158
0.96441698326097602
0.96496168716780917
0.96357522317940247
0.96278123928410764
0.96412424401056451
0.96456223027484411
0.96183257283148693
0.96290671642084635
0.96119717189846621
0.96542531421901445
0.96330950628790657
0.95282655033395203
0.96395411777068873
0.96387528868566552
0.9631364312712184
0.95846360933577235
0.95925295433638524
0.97174873550710739
0.95839314866127578
0.96338364810338473
0.96130142934419138
0.96773450343590195
0.9615550686414347
0.96564291188491325
0.96453973382291025
0.96337151385053621
0.96804583934662247
0.9651507020928014
0.96325053461881016
0.95859624145519107
0.95915752498831908
0.95804745725898566
0.96283980931197022
0.96553908078971462
0.95890742810239105
0.96451026848613719
0.96159072438523296
0.96214227835747235
0.95680275674914828
0.95787792559765494
0.96186527252977227
0.9592146180818153
0.96317686486932053
0.96460975899066026
0.96543984661987392
0.96326629927517493
0.96322774319367177
0.97010471817358568
0.96790001790218128
0.96293136933814405
0.96423299397724116
0.96284294255056235
0.95945824512729572
0.96322991429913107
0.96278874818642524
0.95505533405233745
0.96163579297998791
0.96386324696894388
0.96539429915822828
0.96107482876921146
0.96960373458541882
0.96113310675148078
0.96632121619325073
0.95835389125413317
0.9639510671261089
0.96666762643556259
0.96372784253546795
0.96830492687193581
0.96869204202504022
0.96409511062224007
0.95900256378196114
0.96787277261836402
0.96635943862940299
0.96584559229588796
0.96722962453639916
0.96431132768933792
0.96029918004316073
0.96297917161243896
0.96292820641836241
0.96233177695656347
0.96159360386907744
0.96961686573376982
0.96160872768988648
0.96255470579379676
0.96176511287857747
0.95426923705998257
0.96535790770817209
0.96201245491334419
0.96100565086537526
0.9725488998086117
0.96822324451066966
0.96504382273567868
0.96622961263832641
0.96426970930536227
0.95931706334536393
0.96528477414972058
0.96536602407801675
0.95962927317348334
0.96033664128997454
0.96116819978811285
0.96356605540603657
0.96650858670711559
0.96959920905352981
0.96601441132775767
0.96275663672285006
0.96915775348474265
0.96157688991005341
0.96810462470188863
0.96473356557836398
0.96415044927907212
0.96544500124690646
0.96858995868681341
0.96808539896127332
0.96312731624751968
0.9659520083662767
0.96255833446529881
0.96224308670246772
0.96348171513284664
0.96495182915907418
0.96370528763868102
0.96310070208263643
0.97128363427410913
0.96620528793570748
0.96678322757481594
0.95901103119757802
0.96059209178910154
0.95412697695749771
0.96224551376505796
0.95655600869232993
0.94572025809209992
0.96160466173691039
0.96523720882303454
0.96160743847322983
0.96561227706900199
0.95710462413807118
0.96537601395098749
0.96575580507659453
0.96630161849607221
0.96277461533298603
0.96542669401352821
0.9605942813853775
0.96111805815259199
0.96087351148603728
0.96630381335855109

