0.96381742527859293
0.9612323312524278
0.96284519288441761
0.96318123477203588
0.96839771488909232
0.96698459573963669
0.96543810172777556
0.95945164852950848
0.96251140221670872
0.95962665962140492
0.96376424265892802
0.96728178083394678
0.96080507449253205
0.95998297792096599
0.96904787537199277
0.96026221325908745
0.96647941250442992
0.96730921413907156
0.96392049070790786
0.9571282692616726
0.9480014757180234
0.96235329805348191
0.96585891286478753
0.96565091512465961
0.96118512286871705
0.96187894648696581
0.96147157946130302
0.96730144834327914
0.96353273781124293
0.96644811122415741
0.96587270844411344
0.96664200802230693
0.96525959300299624
0.96398432507271015
0.9656149981056229
0.96452732294909527
0.96167570309092099
0.97066284850758144
0.96736797425317089
0.9717076461370695
0.96543529096530412
0.96138224247778459
0.97050315915976648
0.96470168593677508
0.9677951517034229
0.96410560450321181
0.96409034783124492
0.96164018759926639
0.96528398666961235
0.96198926961590181
0.96326964106018798
0.96691204471207293
0.96883426852640064
0.96464300800394975
0.97153386118622809
0.97064589673204371
0.96250402627949561
0.96170387253131306
0.96636777084914938
0.96831822760956709
0.96529583506794292
0.96915420203618419
0.96465844069843742
0.96058326186222909
0.97084135951255457
0.96342457244567881
0.9651974144884643
0.95517768604015729
0.96225496394777998
0.96396193225852045
0.96509445615782252
0.96169937414735218
0.95481633883684536
0.96497658244639828
0.96873598697212449
0.96354991357422248
0.96705214670844653
0.96666225579701337
0.95657923101421338
0.96804188176603334
0.96588176107414414
0.96124433651317942
0.96976330196316607
0.96500181093190773
0.95631263410098555
0.96827916376232126
0.96257259410298124
0.96689218916640984
0.96177946698160854
0.96765041206632041
0.96408169943602628
0.96403426375713541
0.96559340416642669
0.96614073370133013
0.96318632701291917
0.96674395663986912
0.96842833273840745
0.96555476081850922
0.96133448953488732
0.96073086066086677
0.96371701196660053
0.95681100769596117
0.96120851252912609
0.96211214654806709
0.96124098578352613
0.96705350884918928
0.96365957365631205
0.96752199945623252
0.96328125249788876
0.964014651634854
0.96615168097616222
0.96650146032249451
0.96271390039413096
0.95918048977206782
0.96394877795246181
0.96377914273655174
0.96700012577080019
0.96584151826236087
0.96553189401118023
0.96990904384223864
0.96559539175649423
0.96377655446501931
0.96745222681514775
0.96721355890590655
0.96723795186109462
0.9596093485916577
0.96342452680130197
0.9577636070960166
0.96492864359735608
0.96578738034618072
0.96112826194533507
0.9662871209720042
0.96681429172849742
0.96041421648814529
0.96347002736767084
0.9632328589578727
0.96028532273073264
0.96122584989076931
0.96531759407682949
0.96112033739030467
0.96666349386451667
0.96370621372814635
0.96901755913654564
0.96541229694423258
0.96850826652026045
0.96438381908280679
0.96539909481616826
0.96303289161475281
0.97094164577213959
0.97132510204461175
0.95957971069248649
0.96341653324489351
0.9600261237804194
0.96030554314124628
0.96349527981727467
0.96020175923072326
0.95987594774238616
0.96640679478391611
0.960138980381257
0.96836754467424302
0.96174290970388954
0.95687762295060119
0.96433014109300907
0.96016016012639682
0.96679111109680915
0.95572750576049847
0.96783744562563623
0.96358322178373568
0.97152221552705742
0.96783403658757439
0.96866424536650797
0.96875585059255276
0.96041741631213573
0.96141360502247564
0.96536955553461679
0.96361329652220096
0.96115250997781287
0.96644012071117713
0.96270690704820205
0.96624547271669059
0.96411953765722491
0.96325872236700993
0.96861509631727116
0.96185902755297703
0.96949706312258466
0.95894189301073307
0.96547892433637128
0.96117235512645594
0.96723134939305666
0.95906478377679438
0.96110122864869929
0.96660653981546929
0.96264287469780807
0.96194514973136136
0.96092889722915487
0.96359689366589152
0.96530342412803138
0.96720131499854456
0.96063355896218583
0.95949937899366244
0.96956319412397574
0.96149859636048252

