0.70118511479121159
0.71250090993487902
0.70991211859359649
0.71406296962663041
0.69162855833403214
0.6780787447169998
0.65595434895426974
0.66007356136759454
0.67962707154613922
0.65751498800521868
0.688410255814209
0.70321778341847641
0.68137344590802129
0.70614093493168573
0.68989352239668744
0.65602565298483884
0.68155508838418299
0.70501456745475244
0.68623859301665491
0.68823322657509012
0.65878823589069924
0.70096170930380086
0.7025616331443727
0.68772940216234779
0.68480014368075781
0.70248653067364375
0.67801800286226477
0.67999525295460106
0.67388604980986
0.67754094346572336
0.65598528029572045
0.66822304371541241
0.68284097353894169
0.65803309812701949
0.68160596698044063
0.67449829645121417
0.66534450223827879
0.6848054381415728
0.6675943821409015
0.69718969814660703
0.71584398752203549
0.71260374496282752
0.69629973417119417
0.69008481814257383
0.70260802046839865
0.71623611444177926
0.71480638079173375
0.69173609018255766
0.61597445163241749
0.6571189870662818
0.69714474681918914
0.71780198581674926
0.67076505631390659
0.68824164548556144
0.68058797386304526
0.66285592719597608
0.70186883411951284
0.65451426401402846
0.67867402840173974
0.68719003373423992
0.62722516133805761
0.70260751779515629
0.66474516658057581
0.7020127821237957
0.70962173436531029
0.67645601340138506
0.67524100297214618
0.63996601258487706
0.72147978023469606
0.67949276796516711
0.66151782545482518
0.68623611714513377
0.70250471554539673
0.68164876752493808
0.68591074911105099
0.69248188412531864
0.68449594903883804
0.66400677163303379
0.65282426667945226
0.68571453549102246
0.67955101276369723
0.66347143586984902
0.67593145958477541
0.69285877336400503
0.5877318284761528
0.69419354444265902
0.6579715784198249
0.70844416582176606
0.66466888045425676
0.694849701058459
0.62878148259434152
0.69277915253563238
0.66102711636281197
0.70232706203153494
0.70871755656449775
0.65858955915743911
0.68411790001127726
0.69791381758194326
0.67390919479127698
0.68711544251193835
0.67315542915583881
0.6501358121139118
0.69351391928202744
0.70720003407460086
0.72599770879790382
0.67486598655711894
0.70589817706497293
0.68630562593023214
0.67302407684418697
0.68030753939043376
0.7126584767461499
0.6680522476266143
0.71053021800237248
0.6935506706051181
0.68412745397658925
0.66640603970786472
0.68124894979664419
0.69919851537851541
0.69675141830603327
0.70125045735105329
0.69671348935612576
0.67773456980582281
0.70347967997273908
0.60239833886155925
0.69440562441000964
0.695381200086164
0.67653165493763212
0.68369403865673406
0.67352294953805136
0.69927066872901944
0.66419165327763174
0.65752770479369205
0.68868630141048592
0.66331466808908512
0.69535788280615818
0.67535107927034888
0.69181674271991878
0.70181020514424697
0.68453437337738099
0.69593735728172523
0.66306373827498766
0.68929823102304633
0.67398646105187809
0.66028843837260143
0.6834509862121001
0.60730355521689816
0.67136354035946166
0.67461554955946357
0.64952161630796212
0.64963186062847467
0.68249561794733393
0.66418263145285905
0.65265834152441882
0.69472294431755055
0.65692747455364409
0.69837197700259013
0.69897160198570996
0.67870512345045353
0.64183183985478054
0.69827783820361444
0.7171227481128275
0.70415031514324555
0.69828159643225318
0.67719911091205787
0.65294618548990202
0.68812131572628721
0.68514292343471761
0.6790075121099638
0.66259194093072704
0.6957645564165047
0.64977811335891034
0.69199382986289315
0.70631554963010712
0.70171170062582755
0.67180748310520699
0.68237668662322326
0.65835065732743581
0.69689111503732459
0.67536023113434851
0.68736057407770101
0.69274181214208996
0.67157730078578848
0.69447550286138782
0.6857408857059264
0.69514873464272731
0.68588247521848378
0.68161513442074007
0.69198304695267765
0.67885157221719827
0.68932613813984023
0.7018321344744527
0.70258960280199556
0.7281860203102144
0.69120174084024089
0.6683241981689978
0.63736995243102712
0.69196921305566561
0.67205495948748872
0.67034473800935712
0.69076079290346482
0.66475691143160398
0.70178981555346498

