0.71677686266521934
0.73200796498595866
0.73104050525226882
0.73528847170526657
0.73008958381135569
0.71706786118869259
0.73930185655272207
0.73365244501077775
0.74430642886676701
0.70983798201973092
0.74110637794320955
0.74032117873970971
0.71875997947528347
0.73912124957620617
0.74485443279629004
0.72722995739043117
0.76539606358094736
0.7556225372048081
0.74736670003102945
0.70083409567611266
0.74817984029522855
0.72098038766897954
0.69377848603625125
0.75932386518488848
0.72486937561322728
0.76597966238945725
0.77089078588915116
0.7287410258439444
0.76159529495461942
0.743489300058919
0.76266101649223195
0.7667255065109122
0.74813582403727863
0.74333117876582699
0.73708339107733234
0.72272576662475885
0.68251443153471214
0.74169565583093133
0.73008951898299379
0.74747389206920711
0.70254443124759036
0.73301549363297203
0.71895658217192115
0.74299053890504818
0.75788938043331877
0.75392723841090192
0.74923621497590664
0.72466436043289895
0.73300326799576865
0.74712134440851941
0.74573426351397443
0.73509102749576494
0.7067143190204026
0.71208921456408669
0.70958950351550454
0.72660737707120671
0.71739919294813237
0.71374232717188213
0.73789108665247694
0.75095998431805699
0.74537761739625596
0.71686055731694232
0.76779483375744007
0.72067445868265401
0.75806437473372501
0.7503195934447402
0.7479787167848746
0.73968572245794195
0.73067825623075788
0.7153425962550628
0.71943447569113206
0.73356063202564714
0.73397414797448479
0.77084351638832838
0.75962681870250504
0.74348252312043328
0.75479489657955456
0.73252860521224161
0.726454875632917
0.75367114550437508
0.7297577447023087
0.73461726095450441
0.74827020312664394
0.74644134937212181
0.77672933771586428
0.72562812986984859
0.76377978850471229
0.73998995040712767
0.7505902405148982
0.73553314131717784
0.7223882389145091
0.75806664926344025
0.75579507381445377
0.73621678511064903
0.71940612464098452
0.75512290117841774
0.75474171846352101
0.76154090935465779
0.73764323809288013
0.7540698888996159
0.75281847282331638
0.74347478700914704
0.73670637137636785
0.75654484656891385
0.74116150952692028
0.728798063236203
0.75717141323979298
0.74791547579585604
0.72674567261599998
0.70697891325844231
0.7280589088663193
0.72838108066916385
0.70782824935204869
0.74634070159516319
0.75717483380885242
0.75734619412006077
0.715311091527565
0.73701953482666327
0.71947839102141553
0.70036312269934364
0.69098995496688331
0.75011120301520562
0.7393724787699314
0.7148728917625663
0.72964283057876766
0.76162603371411375
0.76978122425138951
0.76478439380845786
0.76232548088207097
0.74481887317903339
0.72389016478581625
0.7076779132923332
0.71317553084122143
0.67746978486461307
0.7314192414538655
0.75213072509662315
0.75398131462487228
0.7336574900312991
0.72128500472357571
0.73201706744339534
0.7298639577093996
0.72496356847500032
0.75695683957441873
0.75321714858418398
0.74838601709601049
0.75400593964308982
0.71243671895373528
0.72786451800774121
0.7321360776751028
0.72072264152689414
0.74140913895609384
0.75409509130368269
0.74904445503885864
0.73576204846482163
0.72866708304923455
0.7309113210381345
0.75879854998603236
0.74607327578871996
0.73048228743323451
0.74146123773860995
0.73192952769536057
0.73579423627356733
0.77184414398954626
0.74408741271087142
0.74761927757121016
0.77536330060999081
0.74458427299375551
0.7087842407319378
0.71774221564225915
0.72343811404024794
0.73762752538694232
0.73459135319925695
0.74359235011551894
0.75533018756812953
0.74664733129975391
0.72762720943788983
0.71523464398345515
0.75314252742524579
0.76246915589314768
0.7359434090653435
0.75619492516427644
0.76203901559207343
0.74340114516415423
0.74528789312420585
0.72278958890724743
0.73489488001649927
0.75257303622907601
0.75001531473532546
0.74927699674405579
0.75282369764155155
0.77437290853736818
0.74350364460263851
0.75790532756361606
0.7457609432428447
0.72948084003657443
0.75735155375119767
0.72096313976931625
0.73703520870752903
0.71085659549325786
0.74414118568814513
0.76703020945728395
0.75759740681949095

