0.75371724908831661
0.72119597174402328
0.73764429367845175
0.73805768193536225
0.73399217972208863
0.69447744101232656
0.73783510313073841
0.70134926290189459
0.72440296289862649
0.7079264582154049
0.74183062983245529
0.71572688253960814
0.72061739629821864
0.74750537208864043
0.74470394858720035
0.73567967946268453
0.73995976450308121
0.75137616024531051
0.76510910935699972
0.74304143573219272
0.73638488539802038
0.70946430573335439
0.74299158069837179
0.74514090590359916
0.7360507520346995
0.76432189130539263
0.76408994077348569
0.7622621894248498
0.74491569290217496
0.74068440587680207
0.77185454097495609
0.73437134072887933
0.71617170683703379
0.72950018422333651
0.73159448419482331
0.71735425621905802
0.71367264598391511
0.73148557587926633
0.74938936797306877
0.7191638979198417
0.74622882076831853
0.73072315581371639
0.71022362008178819
0.71664030757300723
0.72205560165865634
0.7483868418886126
0.73045813991322017
0.75360539634113854
0.7119362758623532
0.72202082802594336
0.71452356879872936
0.73768004771325535
0.76697600046310044
0.75373202183896804
0.73685983733964044
0.7339528594200615
0.72063062390157473
0.69275036346932117
0.73791302271929826
0.73825429033563827
0.75390845080799929
0.74731964926694505
0.74672899596256992
0.72896404912512414
0.70983387697746614
0.70979139029056926
0.73317223847592072
0.69346729175059951
0.70843279300697526
0.73526973622237568
0.73118712339140102
0.68387732283545388
0.74258552934917166
0.72761031476509241
0.73634525032001119
0.73434340686109079
0.69693758346960344
0.72843613350704572
0.71031327085598872
0.67304880475153506
0.72560888313027361
0.71148547212052315
0.76457027156215551
0.74711241769222458
0.74011671645571631
0.75262387256103958
0.67854924569010999
0.70515817567705397
0.73514738842844718
0.70384968197353825
0.72805370432372973
0.67349729644777612
0.70564632734911381
0.74587502434970043
0.74995422661849642
0.73617115814101042
0.72711775750100616
0.70656733949124029
0.72920032048144179
0.75692274632530987
0.72505876300835503
0.66859759220907344
0.74285947463670887
0.71820211578950399
0.74023866800299609
0.74426668180871347
0.75045367709648925
0.71231324374074112
0.74584390593818783
0.75586104336377891
0.7489891751709371
0.69436663889573047
0.68922821424364289
0.73445556654693633
0.73833930470669817
0.73403823197848816
0.74107151367942614
0.71561385134757716
0.72670194153725676
0.73003993329546812
0.728983202322113
0.74227374085008146
0.7405965001685364
0.70228888430231429
0.73082385891455182
0.70414177536387756
0.74691769087518123
0.74436382575191151
0.73852027749196092
0.73087161296551095
0.74933339319798131
0.75782397159235326
0.73099758789477298
0.73693992672129305
0.71385173654199396
0.74541916320450496
0.719353809875379
0.74264933005337841
0.74749013192913705
0.73941736471811081
0.73517652972575553
0.7356714712744008
0.75006044753865775
0.76602319803249641
0.7203892727593546
0.74809335310909553
0.73755895349665646
0.73114556099373385
0.75496469798679622
0.74798527039228502
0.72246370282570704
0.75188120219986754
0.75338252608246936
0.75628015468988052
0.69504163224699944
0.7109814998682038
0.69238407309861538
0.71444580307895245
0.73665302631329432
0.74213935924245766
0.70115183916974211
0.72457644369159502
0.67597929885365315
0.74067946664514173
0.72415431352121351
0.73760340644266154
0.72760220920569973
0.73669631802856295
0.73559987843036301
0.71086172976804651
0.71905090052862197
0.73333635610424741
0.74729326481140212
0.72391942827707134
0.72397991004918838
0.71554580020602376
0.75585196155117396
0.73336945989695546
0.72404421133791075
0.72653612519702548
0.73836441623763338
0.74012973224036305
0.71916162873068179
0.70004139426281453
0.74596998433950801
0.72475959471144658
0.73197388366523353
0.75435911401306166
0.7307784380420691
0.75936738748693489
0.7538646331545158
0.74827572997208736
0.74454355229801128
0.75879897305922506
0.73005946413357448
0.71399358991422834
0.72780512355425231
0.68323309396385479
0.71059102915814532
0.72653238774338103
0.71909558400469331
0.74473795602813486

