0.75566021641910386
0.74420028310311126
0.76224138139952158
0.72566279902634589
0.74516086913436019
0.7151897916615757
0.7495959005222832
0.72001206097666104
0.71303074748197559
0.69855511890220534
0.73891654943143048
0.71497167813724627
0.72389302192697669
0.73842923240475999
0.73525167558880167
0.74915637393733725
0.74125205688594531
0.7330510294759337
0.74226376911769987
0.728898807328343
0.75107031021913406
0.70016581535360001
0.72114826144835042
0.73098842906810491
0.75622679202807774
0.74965583535335389
0.74333630465117617
0.77406354909028707
0.75572058068350112
0.74697277036225274
0.75843083991468363
0.77082247032268436
0.74988320295752431
0.75043955195528333
0.75376475639764373
0.75599472905395437
0.71872954999494432
0.73549799138671312
0.73559699274376567
0.78027497459278583
0.74258626840243269
0.70540873747688315
0.74199592777263457
0.75280766325488901
0.69289026094628869
0.73611711446334338
0.71998115572607702
0.7225835526660096
0.71747221463356536
0.741579561737013
0.72585485952444706
0.70731550811164257
0.74915275741111409
0.73625369788275619
0.74032869227974363
0.74296148922926875
0.73667734961338027
0.71973895860084069
0.75244118654115277
0.73501561319237163
0.74404813656536128
0.75483848407364229
0.7454068238043563
0.74357517846948906
0.76753776235827198
0.74675894373352603
0.7643388714868955
0.72883350375468381
0.73657489093258655
0.67444718022818506
0.67689255499506007
0.71053423351174239
0.7223093781850346
0.7322339674668672
0.77209091908924032
0.75757210868347014
0.74555636739455655
0.76489619284733368
0.75883958258495998
0.74023760719549936
0.75161873555328085
0.72839264657110925
0.71385861973121156
0.72861080372531095
0.69982960678972062
0.70582500524365144
0.72455183607712181
0.75036618639730224
0.76196431835260914
0.7388843660623966
0.72857367974886467
0.72883664050681263
0.73408832517239309
0.71350847661550432
0.7320495534366005
0.75687163006888247
0.73451556383070238
0.75779484469739034
0.73060776748297929
0.73401729165739815
0.73660601340519816
0.72519899382389741
0.72581929606392126
0.72540343368842797
0.76306354529068876
0.73815615961567149
0.73933504109495884
0.7292017989369326
0.74432696399220077
0.76064841403194117
0.72832226565947844
0.74467440545881225
0.7569071443667561
0.75187031283034345
0.75480296841998284
0.76495576468748827
0.73214044170503101
0.69425745517395898
0.74443127535612252
0.72312638211892588
0.71296871796827455
0.74448412111948514
0.73287743559544394
0.73326949826041055
0.676430293033079
0.68026817822142704
0.66542876830465025
0.73076409250109176
0.70466735154871873
0.70311526343071018
0.75210753389479579
0.7371435992554658
0.73336194521934517
0.74346754874612997
0.74774043152804348
0.77118510790122707
0.75885463117313934
0.75417337410373952
0.74013334169905454
0.72978853554300593
0.74749395319429357
0.6880905773683923
0.75889643318200251
0.75801647989191023
0.75140170145936003
0.74245860246974082
0.73759125783645973
0.73797220357346593
0.75979833287304777
0.7039443561561749
0.69626712919575562
0.73892779509765638
0.7534744184868124
0.72535602277990008
0.71872123782973407
0.75565630891012858
0.72110094968446337
0.73862645720100406
0.73192976654773656
0.72114675814527096
0.73016855366870748
0.74367635804927801
0.73475010173156685
0.74177773888347043
0.72334455620669202
0.71798520719027892
0.73993463489535038
0.69124467040592508
0.68357018076165266
0.71040404972968307
0.73512152810766751
0.69344223059697863
0.75221088664399494
0.69987680664201624
0.71919024615565708
0.72980096857589194
0.7507742972886432
0.73231147969150556
0.77169981232870888
0.74096755441209361
0.75769734492814644
0.74812988674656444
0.74198554666745664
0.72897039594562152
0.77161122517135383
0.73627204476153951
0.75574894799128778
0.73564553149182021
0.71416832868046987
0.72043395816908995
0.73040152663186064
0.7401529818974103
0.73946667735393345
0.7305371633026887
0.70497459591001177
0.71397365295822557
0.74638532540075775
0.7019310470669553
0.75233804141705207
0.74400370870539101
0.7038337213724406
0.72289844659559843

