0.97993174783644188
0.97530078857112901
0.98045039775058107
0.97507257598096786
0.9809312339249483
0.97952210605252987
0.97784934721618988
0.97666420929072673
0.97772560652827578
0.9759928488742583
0.97785193372516277
0.96930860987706502
0.97626211935079354
0.97928290607094315
0.97866188921150565
0.9757050480774353
0.97844067595985351
0.9788308667878407
0.98116693662803767
0.9768252782711021
0.97712927713848696
0.98149129444605931
0.97734865206535582
0.97263827494824207
0.97931600610220793
0.97737453712798472
0.97470350467501876
0.97474351765338751
0.97460226217107893
0.97250196716512538
0.9761472727326993
0.97676090535572935
0.97953161014151202
0.97644141098967174
0.97975280483881078
0.97947784071285104
0.9789431029744341
0.98135176856989403
0.97908871945019682
0.97641601588837801
0.98264370026798242
0.97691426873006504
0.97582738399012414
0.97503827021419875
0.97434617086047226
0.97897899923073095
0.97897598944639386
0.97884775423728687
0.97889929032457412
0.98156372885883569
0.97390482023175429
0.97492883804391817
0.97921887038968969
0.97973264901882107
0.98140438853981893
0.97549927508993506
0.97663917550557711
0.97537616806645921
0.97021722733940496
0.9768965470758012
0.98215963602467304
0.98020848492998436
0.97952847973494661
0.9753978880176889
0.97656513812293422
0.98079846720721808
0.98267108182747287
0.98338938552763622
0.97581277933386124
0.97755218823780488
0.97455380903160072
0.97673624523600155
0.97663824319102777
0.98054618409792604
0.98373992335972105
0.97971123979745078
0.97837338131517704
0.97801743844621281
0.97692638619327876
0.97839134051331267
0.97799981231919175
0.97765224631970027
0.97934793710185497
0.97805648021655722
0.9751069784354216
0.97476600658413737
0.97626176057076841
0.98107694327707418
0.97635339124514153
0.98213670804780751
0.97296307757944622
0.97915687255491657
0.97935855200784738
0.98445346082597462
0.97511184020161046
0.98268950741235461
0.98441280785589402
0.97422632795590736
0.97925460869555303
0.9750179676383286
0.97789903195032757
0.97392794574860342
0.97362224201311676
0.97377465223207327
0.97900928283681743
0.9759728725961917
0.98025850211840049
0.9785238013025841
0.97794327993509311
0.98075054037598064
0.97615846673482598
0.97439764383004501
0.97133729101417898
0.97774951841466939
0.97922730015018611
0.97899919279574599
0.98091532206783516
0.98114969210261171
0.97912898970052153
0.98001368632339736
0.97930717440907167
0.9812394031202708
0.97538103201191684
0.98011101859102534
0.98005422128586095
0.97328651688588075
0.97560127154225862
0.97501486539632432
0.97583775572255649
0.97752892985719608
0.97744881776707215
0.98109083019421695
0.98001924703791032
0.98470485438920607
0.97853358261773782
0.97644145236296187
0.9805207241166739
0.97047176536276702
0.97587993702775477
0.97953155051790153
0.97780977807473557
0.9788720078691725
0.98280765840152784
0.97888865972290129
0.98141236687912448
0.97678051265335031
0.97982315972061107
0.97820747821722898
0.97612500435868865
0.97659400856799705
0.97847730586128179
0.97716516002769216
0.97596161634381551
0.97819723472967246
0.97615910038553511
0.97557797344065422
0.97166862070395876
0.97717247037643862
0.97749697947288727
0.976438960876433
0.97899303081133704
0.97405591267118086
0.97293573167881553
0.97742033986120946
0.97750529628365923
0.97311876266582542
0.97394618296433322
0.97963602790958793
0.9784122340584116
0.98086532022239714
0.97812283025709512
0.97773340838900025
0.98039838608282903
0.97753793546874823
0.97601046366918343
0.9813074473165716
0.98076296397220242
0.97863224998271081
0.97337863917173095
0.97923848742139774
0.97411976865306027
0.9752608199239603
0.9797493420972917
0.98095046705777333
0.97934928463634885
0.98017899979792633
0.97714319431792951
0.97767834842125445
0.97310158921761103
0.97469456600565774
0.97773484538564959
0.97220137990811728
0.97866359520689306
0.98017048842975729
0.97307527128741966
0.97919395134414666
0.97597595411382654
0.97537441093648292
0.97734489855783335
0.97616082253608427
0.97791462248142969
0.97825749418923769

