0.97704879213776175
0.97012384611190883
0.97420538206324547
0.97709055351607621
0.9830870907972038
0.98101801813979361
0.98419010372017479
0.98424130575621982
0.98113770588813054
0.97911077771077748
0.97173615944781555
0.97798079202073751
0.98179661626432013
0.98104918699875931
0.98016240601578086
0.97612096873638787
0.98181303578674972
0.97818768494231823
0.97438174555055679
0.97941868254248654
0.97342186023796151
0.97598900159312763
0.97743402476488894
0.97982110355854857
0.97297618416627063
0.9708463886417702
0.9738474173498417
0.97896523393882484
0.97667088990535444
0.97716322393874144
0.97377621469456399
0.98144300163456033
0.97755827850729371
0.97557011331264099
0.97934948797508103
0.97928679308820632
0.97556349564820843
0.97771212201390878
0.97154727023898579
0.97764235284472856
0.97142384731379805
0.97234653814345806
0.97775669663484444
0.97815721582590798
0.97836882994764462
0.97359334401259934
0.97809841910786643
0.98012079838985489
0.97768956584299704
0.97493542711810999
0.97454565379600855
0.96970552338921745
0.97500934611604628
0.97629346057364153
0.97826656956389968
0.97951209819894913
0.9740090018035773
0.98057636406555149
0.98149565706618136
0.97746932359997962
0.9791010127049895
0.98161048829603359
0.97832934040056418
0.98299895461590714
0.97397655233711122
0.97705228661363108
0.98001999986339738
0.98203479558276685
0.97657218077520824
0.97360782150773151
0.98011783072874348
0.97811303656299697
0.98069587558130733
0.97799941097156795
0.97777325138290405
0.98150299903882243
0.97690315441795572
0.97152132966624993
0.97863765939054448
0.97829968299963954
0.97854091390387432
0.97894160555091692
0.97712808090246439
0.98041146337963658
0.97876721693949176
0.97741571557819096
0.97794510816946445
0.97604666800976425
0.97805351850760425
0.97498978155677163
0.97405841954233141
0.97899271828528645
0.97824746074733182
0.97774127937670219
0.97941055492525864
0.97728614800355862
0.97894099914640675
0.96892354072563813
0.97694036017786623
0.97055138712237143
0.97938942659739148
0.97458175645448231
0.97249520263247136
0.98026920002354911
0.98151871918759803
0.97694874215926619
0.9804748892557944
0.98093098661941203
0.97585692278155034
0.98060302949568334
0.9779205009979044
0.97847675218483021
0.97205897709861344
0.97015890766018997
0.97653649967882794
0.98183422679237808
0.98000444464640102
0.98120209453627871
0.97645877902578193
0.97565826819760748
0.97622999480386674
0.9782290167171106
0.97486786252108881
0.97969482942753761
0.98057159153608031
0.98442905424583438
0.977714091185234
0.98047195408907151
0.9812180885206927
0.9801037627507212
0.97936780359389386
0.98200716976714209
0.9759296822872342
0.97643303328585462
0.97376378352462545
0.98248900346064372
0.97916860890601476
0.98108034415669487
0.98408961536093609
0.97742658985124076
0.97810052599348984
0.97743013852915417
0.9801406909749979
0.98089294769999968
0.98122944475213369
0.97701983741356413
0.97643034652860428
0.97451976362897497
0.97970257347608491
0.97342581016509389
0.97231091231571043
0.98049240529211479
0.97571452184064478
0.98008580515170018
0.97346854180155951
0.97503664671132473
0.96820329250184056
0.97209843024665343
0.97215502923178132
0.9645037481244102
0.96492076460550946
0.9636864063974252
0.97400767719537173
0.98103490201317789
0.9778582518449298
0.97682786777421016
0.98011427208875523
0.97979313282729852
0.98166189702088447
0.98030335634037036
0.98130089612739002
0.98104772773341142
0.97300099176157895
0.97221835027248216
0.97950851642536141
0.97981714701131184
0.98205393824144238
0.97331317555918284
0.98179622562156776
0.98209922212717349
0.97981469288799095
0.97547443091770425
0.97549515581405344
0.98006511228148063
0.97809145287537502
0.97898149312595562
0.98122020973635327
0.97943562323182054
0.98220785570794689
0.98236934047278179
0.98387019667903908
0.98119322703271195
0.98146005644464551
0.98068013646526286
0.9792764073093343
0.98296373944978965
0.98281131721998061
0.98240555972217292
0.97459355981690166
0.97696916445270321
0.98153683902865807
0.98175500035064522

