0.98195797177991684
0.97806676067486498
0.97697011128031319
0.97868822005557765
0.97741113385629597
0.98155277063465773
0.97337028858678598
0.97363641856929473
0.97542962816722001
0.97840868682083615
0.97682136046195978
0.98069248459498726
0.97398748236147903
0.98054651189407638
0.97759389941072039
0.97881995712113889
0.98036120657254089
0.97711945620246599
0.97454648507026176
0.97534630366642083
0.97788346944196569
0.98052628274254072
0.97144349757639392
0.97328168321631137
0.97539924472167416
0.98008355149102022
0.98175687871998141
0.97442641075997927
0.97823283590788812
0.97668735193067968
0.97718391220391243
0.97494894855931635
0.9684495436292152
0.97929102588471328
0.97887109125342719
0.97994791791258029
0.97782707810707514
0.97831886286318015
0.97567626476572544
0.97996266249092856
0.97466621958901323
0.97735251857011685
0.9812957393496885
0.98041157597681394
0.9745804158689505
0.97722072611290811
0.97389326312655511
0.97703115850370315
0.98217892187425249
0.97839187834178554
0.97784678854366325
0.97951744060494605
0.97287820145653758
0.97967534232369169
0.97454034472003603
0.98223933261754415
0.98025543414043648
0.97635379104430331
0.9804056048110007
0.9748387903947503
0.97224598522290973
0.97966636167575505
0.97640192904024281
0.97752098149649247
0.97758809353713783
0.97595134705767328
0.97708708836154368
0.97781516150107017
0.97725480151600574
0.9754248578998691
0.97737522214433259
0.98158492914510675
0.97802061193315226
0.97734369744946203
0.97728326043953773
0.97701880770565441
0.97514766801550112
0.98191208357223381
0.98247951506220055
0.98068545725497203
0.979640115050192
0.97791940217084428
0.97902934978541478
0.97876593306925941
0.97328287939121794
0.98305384190213763
0.97907841047843724
0.97708823432013236
0.97613502002892349
0.9768602650723085
0.98177236040118165
0.98459534377747582
0.97929969460421062
0.97932450547695737
0.97821175655732817
0.98354543515210413
0.9793760815591146
0.98003383887180595
0.98192243950429814
0.97580469193767305
0.97874637690523747
0.98201763964632061
0.9750081014268922
0.98281476080552022
0.97679012513420771
0.97514459196702519
0.97854870600152277
0.97384654193869535
0.97553938736536505
0.96649074779835642
0.97979056062398306
0.98286444168783349
0.97875112998686964
0.97608740966391871
0.97624564406903092
0.97920286618662689
0.98070481109878738
0.97565935207900911
0.98099316465966313
0.98134735594647415
0.97845254559474837
0.97980559007993173
0.97869277237356089
0.98293481979864994
0.97521518138348096
0.98108625479774181
0.98001453931397309
0.97824782316789272
0.9735723335423373
0.97201320175868067
0.97855930206396813
0.9752631558088658
0.97575525928317119
0.97853496118054739
0.97803302490543975
0.97445432180386493
0.97827163265716943
0.97522100355021968
0.97873613873931009
0.96713055214613297
0.97533808210120876
0.97759166576336043
0.97886254021012997
0.97958276096987706
0.97012411821163158
0.97678638443437138
0.98067241653084025
0.98350192832100547
0.9777522114758822
0.97738271930540799
0.97731897109128552
0.98236116819020614
0.97980676005757505
0.97811091457262511
0.97914839078676519
0.97692993019324159
0.98204931537882978
0.97611241700762974
0.97913866677586059
0.97941699442524577
0.97972255424669852
0.97386578258151102
0.97617521454204292
0.9817892794232127
0.97950341109239958
0.98136661529236846
0.98076930699576292
0.97525963159149998
0.97737525869116015
0.97446297652946123
0.97728224005139896
0.97557418899687998
0.97592843496099724
0.9819050141322464
0.97703544103133155
0.97530575929852392
0.97446894177428423
0.97266617060500571
0.9784907446146871
0.97374627772378097
0.98358234934539102
0.97948939586914818
0.98018700918337653
0.97711595272428564
0.98069098398033561
0.98119393100407604
0.9779837794639672
0.97804299380776338
0.97959938251473688
0.97122308342262254
0.98170360549803959
0.97846582389583958
0.97579659089135651
0.97224527177816478
0.97666139761846826
0.97965003870354295
0.97675421939750717
0.97472038784233095
0.97601910322447416
0.97876970771028382
0.98052057195966469
0.97950797050221594

