0.0046048849333459891
0.01443600320266806
0.012800446632627879
0.010940949555573523
0.0014859270029084048
0.0052753529851448846
0.024977887657110398
0.016658078899390423
0.019068074541222915
0.0015173780651791965
0.014949565467693092
0.0064681076958580178
0.008519223673005949
0.014079512100044152
0.0078705249558050847
0.019533195996512459
0.0049885452785511071
0.004918079083520671
0.017087263289816895
0.0051451255735826045
0.012139250888331248
0.010848069392796875
0.018256980190157399
0.016175530649136228
0.012141111716572976
0.0069541664434649673
0.024973099763586422
0.018564745346880181
0.01121820098198985
0.013605766795839235
0.021103724953380778
0.0090912826614492955
0.020068146792057498
0.01148984136862676
0.010497102068285458
0.016673886395042851
0.023621510031222613
0.01115855898238787
0.0064744280508110099
0.024136903863271369
0.012368661707001611
0.0069616109905668985
0.019645297273451334
0.014263859996678641
0.011742268072349958
0.0070042403664991107
0.0034243748815949299
0.023123929829510469
0.015043371987123966
0.021560618346293078
0.012122472769686745
0.0069632618436828659
0.016495484150434458
0.0071380180117144119
0.0067688326142735459
0.013192619203277453
0.011949797003753301
0.0060129256725597888
0.01012845038081296
0.0072486198185692744
0.017031186870588636
0.020127426395738959
0.019329399448626012
0.0039603935890044481
0.011736489079743848
0.013635419095037534
0.021980433947072664
0.0060713775811458278
0.0083976909086277279
0.010850738800758569
0.02074827424926862
0.02012460981369384
0.012402994504514124
0.011788051059677018
0.0039846771468874309
0.0074305099699697921
0.0061358777553290229
0.0027681592700631169
0.017648136354048303
0.013041938152577683
0.005465064373756507
0.01007859766004464
0.0012350511895835407
0.0078910515097224479
0.0094895378335277166
0.012592827673213616
0.0040592695016143489
0.0074957894710436859
0.013548399240829257
0.015296331491239924
0.0039500796712565768
0.00088333259778757358
0.021519361551916843
0.010433665214195361
0.0065806203915974738
0.0085432984369796933
0.010530051540641813
0.00082631556481921309
0.0072611019435913438
0.0030159776760484611
0.013559240178635105
0.010212590263149341
0.0068861742136623527
0.0028309363909934347
0.014867703151590885
0.014101963002107719
0.011722331966471126
0.0026586369222962826
0.005254913566662231
0.015149881976574301
0.017745035429537166
0.033377499362886497
0.0035374770565229489
0.020063175542732646
0.0065566631793649577
0.016753363956080985
0.0082511913312373238
0.0073406418925569452
0.025875183329689584
0.013336056162639011
0.018371926168052742
0.013949013930547031
0.0052020850617476716
0.0048034553219762129
0.01141834249829185
0.0079649890836043583
0.012652657647917041
0.016546540772419609
0.0083574377530544128
0.010116618852865324
0.019198378652565393
0.0033428042275263858
0.0098047534317479233
0.0098968841539221995
0.0064066166594957587
0.010325578717531909
0.0043776463269886365
0.018554668921037562
0.011767473009710268
0.0059734200094144927
0.020289911637157116
0.017807328997045759
0.0030649418750845585
0.010535808972564958
0.0057902259714369183
0.010685486157631211
0.0082218230512761999
0.024521782728007722
0.011193457743473497
0.011301183836800214
0.0083651820454738873
0.0071385978400539448
0.020116914995804036
0.0068010499063932747
0.0098329147478241306
0.011234572154155926
0.015373257619888048
0.01534639192047868
0.0078188788008614254
0.011517302357126105
0.0041816653841131616
0.017898286099840961
0.0057128289613152389
0.0065520350945418903
0.016811745923823007
0.007661690938976169
0.0030956080394792399
0.021120702118121618
0.0048899330411795649
0.011111438351841429
0.0056867497252899605
0.0027585747522152915
0.012456071855846677
0.027248745036338649
0.0077945931987970585
0.016498843113492829
0.023315491554651707
0.0089151736434412571
0.0080404594859878314
0.00097316746599323514
0.0048109756074927916
0.0028414842221817197
0.015771516430832661
0.0158643912241478
0.016639095531441044
0.0070414650439347033
0.0016299751433063836
0.0094516031514851936
0.0075719600101729675
0.011019216515736367
0.011198563044928306
0.010436903714180358
0.0157900238646764
0.0038577717953742767
0.0070456414437618268
0.01153881854025572
0.0044878075431515055
0.023206620883199962
0.0053726606896268821
0.0097042775843366666
0.019878937911298643
0.0078879602020354173
