0.010362421512216169
0.0085004024134847592
0.020531333088124566
0.013925861311576195
0.020197256320238968
0.011530672484970493
0.02117056652231826
0.014214018913137892
0.019966205750976709
0.022035805449508169
0.021954965220634382
0.02299977730177194
0.0038954124783499998
0.013243584989184421
0.019281413072558876
0.017061766326578364
0.022356937655232331
0.012237791737190277
0.021079501429337552
0.014530805199429996
0.0090660319751523395
0.029010151781840025
0.022429492914300471
0.023879168096603537
0.011734801551178526
0.005899752076021671
0.0061977679703355531
0.015423498026229814
0.027121331661934551
0.0058809143007814372
0.024507056859204589
0.0099238768606125186
0.019936325610933087
0.009805189745660671
0.01557839880457639
0.019514656173811245
0.021005135090399193
0.0056569763751671796
0.011847692035647927
0.010875880778890599
0.022542250667304711
0.014910514266529494
0.017640433756658028
0.0083236332332627897
0.003227536094370462
0.012978927024711933
0.0070127419219538391
0.0033980972484552222
0.025291669823502227
0.0034078497205346672
0.019410489113526139
0.0073891810262038549
0.016277645792422316
0.014573514883202587
0.013058982461570967
0.026258104780970942
0.0028412663597945178
0.0092570370140903583
0.028167403816458433
0.0053059954901797423
0.01137403626189851
0.0099709385306813864
0.0033567061344239248
0.021950897856352364
0.013256226497083834
0.010050296673011492
0.0037285335679457712
0.011102791181584038
0.00873974409522159
0.015781396320285333
0.0066266381550657292
0.010373876661043183
0.015270109697249361
0.017458733139839262
0.012490071425381463
0.0090234108856094147
0.0028671605173596114
0.0047136570027475387
0.017708358148962929
0.0052213013919104037
0.016746985153718818
0.0041512279889753863
0.0084429440074247509
0.0035877731600367879
0.015112927396691003
0.0098388374044375837
0.012555671768354242
0.013136789149701095
0.016581243703627426
0.016601160078245653
0.0149261292752851
0.023709185748703347
0.0054683123352139359
0.013772429556736764
0.013693143349814113
0.022265993761865405
0.026089509006501845
0.018356542119396989
0.010213102277623799
0.0056985588150705079
0.0076860022460102061
0.016445268687077182
0.023164850264371692
0.015491377721265921
0.0048865251238333924
0.024266485504751745
0.01411848734821889
0.024665881626521984
0.023116737809836689
0.0023635783093532469
0.0039849817233211281
0.010297769442858377
0.013322041633498503
0.019233706082182805
0.0033669322268921162
0.020023634819928714
0.015239791657731802
0.0081103541242761902
0.0076686121565465951
0.010257260132498064
0.0065625274947124848
0.019839645045391575
0.014432152652494486
0.021033684905877145
0.022270138755579798
0.012317552014732952
0.024311925461808871
0.023726823173289689
0.017974654775358964
0.0061127758648913399
0.0010131576111096427
0.001963060236243019
0.0076022952982608312
0.01534593367805686
0.0082658637784454557
0.01610862063138311
0.0106968277714071
0.019270676831196664
0.015307311023907127
0.0103261693125561
0.01657642124647481
0.002138468693861396
0.0069965450909139117
0.011834659362881651
0.0028019835614354095
0.013590757768823795
0.0099321185489899214
0.01663165709296157
0.021015928476067348
0.019335159688104051
0.004417321353900913
0.0049427235911400948
0.010362285510815037
0.017224463647801686
0.008691658811581366
0.006554427330024439
0.0044145298855860493
0.014125272262164661
0.0060153460047980643
0.0153067636891469
0.0055857098238491646
0.014083354730960836
0.0080310464153372091
0.012217126698350648
0.020491471140811696
0.0097890889606826615
0.0078849429904670355
0.037571798535004454
0.0075886956837628704
0.0056676820804473227
0.02164699323647588
0.0032015312425215325
0.021369107012301068
0.019251905834296465
0.0050793416340670942
0.0061028475173114487
0.0035066797821134083
0.0057350729840851692
0.0090473251784392757
0.0065901852168462494
0.0064501627666967362
0.01578961563564843
0.01424955521545563
0.01139626016426064
0.0053188743764984361
0.0026412025385748415
0.013271031675045258
0.0047895133063495954
0.01578694768814469
0.012968985895121939
0.012661622612046095
0.011065844631737765
0.018284240471943939
0.0055075547974279878
0.0088810634661028523
0.0072475989502573954
0.013983060642321738
0.017884670844561048
0.0059311179854592928
0.011390967516804386
0.013491331020378151
0.0032149060722508663
