0.019796015760565153
0.0069423049342157636
0.006271713854027223
0.018596422004612593
0.010326378566881787
0.0065888417925824309
0.0044414195612678788
0.016390385872655837
0.021944424499076791
0.0058701971395686324
0.0044387862291744773
0.007894003452474917
0.024811429108420758
0.022027330221089891
0.015817049973870359
0.0015245901763521795
0.010583047187203785
0.012343616946368131
0.014547954824233589
0.011990051911903922
0.011912230884488274
0.013660937946171207
0.0035600490071561611
0.018619618282336638
0.010264280695630932
0.0095601192337868967
0.0092841856846893004
0.012267581716195209
0.027851010361979376
0.01730571939587492
0.022027240859512021
0.012205105735941984
0.013264167241241191
0.019492205556573942
0.0050902175325700958
0.013457132504261249
0.016445812006362567
0.0042676609246595802
0.0046039901234322909
0.0071006095919054091
0.019706105259788127
0.011327562373134509
0.013090712031716292
0.010732612530572621
0.012260960934528964
0.019187897149664353
0.010130479354148687
0.0145714291629682
0.013720691365153104
0.011173226411960632
0.0072324763336733735
0.0059314103541641744
0.008452715138753026
0.018040463267685547
0.0091325390174594144
0.012374781620224887
0.012846293495417381
0.018933965093424397
0.020004917319509485
0.01927299261463114
0.011811023846294641
0.015802382949573014
0.015719717028683515
0.00708229737247948
0.010558296053550506
0.018579382958707022
0.01272842449868992
0.0074499668534602397
0.0099185178390671508
0.012676388848937004
0.010086571930869478
0.012046580139893303
0.004673203920764076
0.0057709212558905978
0.013879777875710075
0.0099201141321082591
0.022799081431286387
0.0061654509833366086
0.01409510791254024
0.024168624767725237
0.011287929482327879
0.0091052102825535074
0.0052685295522728994
0.0072801672234014169
0.010294707292579773
0.032975218984186726
0.013561864621133174
0.016521606946990897
0.016367771761638984
0.0076652665004406113
0.013952916506410357
0.010500682738907235
0.021388366200362278
0.011020690655778712
0.024329053228667841
0.008122156051846045
0.0062686425353198827
0.011830066195502364
0.011906333036030952
0.007624015804226501
0.0090841166633574243
0.0042330129899369531
0.010223603389618188
0.022985057721998842
0.0040674156280922427
0.009186719908504495
0.018675335179869093
0.010506375643951611
0.0056975443321060281
0.013832720881122088
0.012706819945391365
0.022771587132688974
0.017856629918758891
0.025264624011091082
0.0083752080159247982
0.012770465245657909
0.011840856023967181
0.0067782886203612289
0.013033915097929267
0.0085219248022910376
0.011422149583693118
0.012953951217608799
0.010966589871609955
0.011108676076569044
0.0031516495655769822
0.0018270653190918533
0.01305078203140468
0.016301446600415298
0.008719840536971786
0.016936106873934303
0.0018474003037905408
0.016473130264243789
0.026129262842220367
0.0095501997001287853
0.024976398863310927
0.011115809378911715
0.010626505354856017
0.024048952070273084
0.017577710011397553
0.01821671989984151
0.012959579431398065
0.010060315750987871
0.010722871570974839
0.021004551230065446
0.0022257317913300821
0.0096536277035982991
0.0049999696202460689
0.0071157173961231271
0.0083480551783340594
0.013643801109839804
0.013747496033701161
0.022492448021882154
0.0073186858182966458
0.012958077875876262
0.015324157947316943
0.0046538313981357845
0.0085958693810462405
0.02843099375356135
0.019759863297584831
0.0091996502601095764
0.021928190032986229
0.017295234231366915
0.011484859568392144
0.0058788823667867357
0.017462221915025947
0.015941994730368621
0.018829682991736638
0.0088376434512816519
0.012859750935257335
0.0095405677492332169
0.025358282001677852
0.0085411606153803585
0.016742199670629829
0.017317317498509725
0.0070663572559671048
0.010378581485119021
0.0024572926811720834
0.021693996095982122
0.0078203181465668192
0.0098472234251805544
0.0053823349444654693
0.018869693776293019
0.0096242352131500498
0.0060815789772962984
0.0077471787617138851
0.017611710977045076
0.021972495167193955
0.0078424178556467678
0.0094663520656306128
0.0053351187244878601
0.0034595998995655929
0.02865182095038445
0.019544573188815893
0.015549145023712704
0.028893543941076679
0.016970021589221396
0.0090325639552050543
0.0062735136689340285
0.022892937210245948
0.00481044431643973
0.013487486160325185
0.013486320605036803
