0.99370538548491194
0.99443764291738435
0.99355447306600164
0.99330957008779996
0.99279055223103185
0.98953811454369878
0.99074381229536279
0.99301527434676207
0.99311293124712752
0.9945695850952706
0.99435629455537544
0.99361907011931361
0.99283006940039276
0.99361139858688141
0.9929185678950182
0.99020267342792678
0.99102843847749311
0.99203259961878854
0.99337055759571558
0.99277904828283114
0.99288429678967505
0.99403451060000991
0.99402213959469299
0.99285401285397346
0.99385323167979556
0.99496147242870647
0.9937572233540729
0.99413867695284253
0.99477609712702453
0.99515549819868421
0.99419139052723371
0.99507244373712711
0.9939685162980223
0.9949672677926179
0.9947293876972686
0.99491182236642428
0.99378691790832019
0.99442904219421824
0.99372172894435928
0.99379568427005305
0.99571870110616634
0.99424409907733013
0.9941467672768558
0.99582981073782406
0.99526702941512446
0.99375896971885613
0.99195704438612786
0.99086379118457202
0.98965893831858998
0.9893633632827068
0.99137217253066467
0.99221288612048231
0.9930699202947858
0.99512485417426455
0.99458439565632739
0.99311948287021656
0.99232828163277542
0.99332159852633695
0.994765940641824
0.99416405835189559
0.99358871164704599
0.99205048730699619
0.99029098880060262
0.99188395185614009
0.99224916243075212
0.99492533707115682
0.99604738813922489
0.9940076249932166
0.9943045498459665
0.99617317463545252
0.99617122721116913
0.99556480062322394
0.995676583915858
0.99473909716237541
0.99523956109342382
0.9944115745123342
0.99448424261855883
0.99300669783273454
0.9951555901192215
0.99587419306305458
0.99568699367187907
0.99426813050832252
0.9926598958236601
0.99325764681251894
0.99245137080863133
0.99258168638431787
0.99414948069410825
0.99303155257649478
0.9946582580512493
0.99271849347307406
0.99342912686603879
0.99357159687188501
0.99286372539634837
0.99383645833991874
0.99369659981377445
0.99234862207838292
0.99346945371662543
0.98913384550076644
0.98902651907834283
0.99394501507777566
0.99320352037560644
0.99249679314561423
0.99317333844973599
0.99313464122125672
0.99480299456902077
0.99361750433366536
0.99496862492958438
0.99248650060717825
0.99430426913837189
0.99404149654998675
0.9946179254266434
0.99437779636647738
0.99349901124910434
0.9952641816999549
0.99492500525728178
0.99351525562284448
0.99088624686695181
0.9902589743413297
0.98967892533275648
0.99000411256235177
0.9939266953099114
0.99451905250096995
0.99508340931587091
0.99108287804487583
0.98924307733141514
0.9907986986987759
0.99316043261180686
0.9948564109596385
0.99471525497432556
0.99498259654245158
0.99360234949854753
0.99295165213788439
0.99380264668748675
0.99470890984808336
0.99475662584346725
0.99571151547890546
0.99576222918802393
0.9945057316613154
0.9935327610614616
0.99282167345471484
0.99457724979981843
0.99370777775527497
0.99609824495460608
0.99638494850589476
0.99487811132352688
0.99495858928311809
0.9960675439379999
0.99384863615069086
0.99338978466969874
0.99300901103431616
0.99470620402897236
0.99295949839096609
0.9935031145924702
0.99423293211755648
0.99284828719116969
0.99246664302502963
0.99522082676554857
0.99391581822381159
0.99405292827187663
0.99466457027326127
0.99402004656707299
0.99481525779365765
0.99515896656583969
0.99380017616247662
0.99468188346370856
0.99476946134669753
0.99555976338275343
0.99349051867229599
0.99097046865253369
0.99210373044167421
0.99287816211155477
0.99172821550988877
0.99376222427572136
0.99575543311081538
0.99660482625853986
0.99430846402494644
0.99432753264899987
0.99522171511902902
0.99582122161011966
0.99529293709083644
0.99414238757513895
0.99402499408845257
0.99483991386716719
0.99495987520332074
0.99445865447998827
0.99406101805743963
0.99590427051355179
0.99511910572246698
0.99399847693859333
0.99459422730614044
0.99375537669385972
0.99114392886860603
0.99214076653326799
0.99268798774778511
0.99236150796895106
0.99227592468350501
0.99154854953449201
0.99517937128099587
0.99462405083753458
0.99505126176648262
0.99510601495646789
0.99434228906916444
