0.88116655975577862
0.90211987099929969
0.89459545093897819
0.89155068960918138
0.85714782714328264
0.874933935322881
0.89028791147523989
0.89827049623263611
0.88922261047494655
0.8986570598839414
0.89203335964070174
0.90379956538272621
0.89552721827651216
0.87115379568441176
0.89092375993371453
0.89421804733014354
0.88924390921177465
0.87307505163405996
0.89274748378239077
0.89434463070700787
0.87631222004076492
0.89470211317560111
0.8909893970758419
0.89771262194071033
0.87032389590301273
0.87127232449373548
0.84802288651648994
0.85695386255081463
0.88121155433458032
0.87659961446785839
0.87506828699045391
0.88302514094838536
0.88859572681519228
0.89041879967696824
0.87793868613899684
0.85294676490269916
0.85400595082553865
0.87719104320594887
0.90233976446213116
0.88633526737110269
0.89401173572410142
0.87971392497369705
0.89204903266828561
0.87419299800442707
0.8919257368154121
0.90256313478864814
0.88878638508036401
0.89250696145066111
0.90043621321820133
0.89112842902200773
0.88113264201686248
0.88423885591617057
0.86682852859142001
0.88694277388669129
0.88833494641707811
0.87565087631537208
0.88508160540571845
0.89295306701095367
0.88768657817238794
0.88658252541479821
0.90045429358324158
0.87805503034101107
0.88569412359078958
0.85696359641685216
0.89117660782385311
0.88566081781619088
0.90075310671303421
0.89501664946092208
0.88986076814707482
0.87646731617148244
0.88716495055277722
0.87547595554649793
0.87755520330782544
0.87766770509728165
0.88535879132629614
0.89300439660025033
0.89625189414461537
0.86761729337727633
0.89466644957945474
0.87264769176107437
0.89345849172652092
0.87844985118087093
0.88134208102034817
0.88313185303785213
0.88190439382442998
0.88725616338807267
0.89278806606182648
0.89142432324186316
0.88582628063505631
0.8956176139570069
0.90618155374474318
0.87764628912522669
0.89349931254925807
0.87454326599483045
0.89525758606472938
0.87821670165116994
0.89338454705502923
0.87630334623020945
0.87178950686690782
0.88194221856564514
0.88700098906416669
0.88294478613000116
0.8754068307608287
0.88539002895040964
0.89328206626923001
0.87890201009622093
0.89407079390946709
0.8912033809444343
0.88701905340841036
0.8941853950660491
0.89040540603332718
0.88708238751813762
0.88747400084402972
0.87958016596128663
0.87807166275525383
0.87715666933366554
0.8926059754779212
0.89984684411475113
0.88934734095835788
0.9022650589532325
0.87371653321290799
0.85943905330811532
0.89129717128488262
0.88531689816766956
0.8753340069573573
0.8912466288233829
0.89542463833396535
0.88561040679217595
0.88448952031747297
0.90091323672139789
0.88533900158014756
0.89816057555333995
0.89585896170733548
0.90321098900822083
0.87713152250046533
0.90432611789368933
0.88504051371825854
0.88146096030362986
0.895676924937851
0.87720593505031952
0.87588886952226086
0.8875502863061594
0.88166822380655141
0.89861499021912516
0.89527185692440514
0.8898071721721319
0.88118165333773157
0.88189742070170229
0.88402922544708351
0.90269239334290585
0.89417808285685996
0.89835876319683328
0.88624360308023886
0.89141178919744091
0.86952347186027434
0.88060715154285929
0.90653670394324481
0.89065829657390938
0.86325289130753968
0.88419850547112488
0.90166824773234211
0.8790661927220651
0.87951926390701574
0.8726971059416001
0.89028994233237779
0.88382153774983008
0.90672661148078182
0.89826166953936526
0.8863252906339284
0.88491416545089019
0.88288377894533787
0.89205364533364828
0.90565525084354381
0.87846128453471173
0.88487397980458982
0.9004545150138038
0.88414954066013418
0.88668220173327172
0.89983841310137958
0.88548148541854044
0.88058048863679705
0.88899303182023548
0.89895330616628555
0.89653597722158851
0.88464395681687136
0.8926865786198307
0.88749115065285888
0.86409609372437701
0.87882425932265174
0.89166860922257696
0.87886321708486059
0.89660719089229501
0.88474255491432974
0.88209317988726943
0.88242998204873258
0.89015694256259492
0.8876806391286054
0.89019769110619518
0.88189481971251693
0.87662278576375008
0.89972893961578926
0.89646760697552408
