0.87548603293012139
0.907315899913403
0.8953162436545703
0.90346678423607707
0.88526253499536967
0.9037954925746603
0.89862635196282148
0.88507186378936298
0.89874727155044409
0.89764276698200463
0.8967271362002569
0.89059467295809902
0.89157511089073282
0.89405824865378491
0.88219670742307688
0.89293742126731745
0.89813410035136299
0.88214045196586321
0.88781390959155426
0.88700293571507716
0.89692851629100045
0.88931395355230891
0.89559828725680879
0.88509867613178772
0.88465772129537845
0.88403636896610327
0.88852659014062507
0.86923639603770986
0.89006108335302447
0.88403401837379547
0.88704997197589608
0.88142762650677697
0.8893179122056486
0.89447427146914626
0.9030326450813827
0.89741094506028207
0.9013146258310738
0.89117844553669989
0.89144215944086813
0.89914489092665861
0.89083582927803784
0.89200248451616804
0.88978388470127179
0.89093629843695277
0.89428227672786331
0.86629525749919922
0.8801673265983827
0.87953312591378185
0.87053379458842783
0.90036851842673393
0.89889666584930006
0.88025132857108612
0.90054989300619592
0.89785550930439983
0.89689394077335893
0.88624547667051901
0.87013314039492762
0.88702748580595603
0.88536151813198094
0.90768377662702715
0.89978508647559707
0.88783834022365027
0.87732072994504362
0.86182723153290264
0.88039559238365095
0.90574039621394986
0.88276741918213852
0.89540829366472652
0.89535606533006573
0.88558784741101926
0.89342653373368897
0.89501791838050604
0.86485763946068894
0.90493796636842372
0.88580101592874949
0.8930043487407977
0.87475941869266616
0.89962157060004744
0.84627985864542188
0.86821980010608679
0.87787502629360026
0.90963511899799487
0.89807168099661172
0.87072531405307052
0.87993791744230287
0.89681649943141428
0.87844262786331428
0.86737910151400222
0.8971269803649643
0.88158749026419347
0.8766501883513943
0.90723861185416932
0.87180600320884594
0.86582357075194571
0.89626740771173996
0.90751452253531428
0.88811767734586688
0.89404734335810609
0.89644225916249121
0.87257965201027288
0.89121168205723567
0.88089601464880674
0.8748297999725374
0.87801679036695912
0.88933844881318491
0.89184205636176173
0.88663699336717916
0.87689340107481117
0.88326757624534513
0.8923619932131921
0.88046466472708729
0.89110861260695129
0.89080027662654315
0.87975387640040537
0.88849232192069183
0.88426868047810703
0.89276494693464603
0.88246709787202871
0.87867739002762857
0.87733786869643293
0.89196005562518899
0.87135280348012278
0.88237811288255341
0.88162684136505576
0.8806114211576318
0.89746536341248351
0.90614375542375591
0.88882974568901307
0.88954617232412647
0.88667948804589447
0.90137762007677091
0.88772680779634272
0.8914143582112275
0.867764612694086
0.86836142051154563
0.89241754939504447
0.89815503813943387
0.88487723684776054
0.89526284340294138
0.89205429662738922
0.88920315148221885
0.86659498119344913
0.89644672060073083
0.89112123614095162
0.90447241449648152
0.8895791602636316
0.87702796428090435
0.88342385445700233
0.88467672554380661
0.90237427047702767
0.8791993687808437
0.87289140160060574
0.88862876935408475
0.89679904832864388
0.87489216821037252
0.88575294707721164
0.8891525761120761
0.87006919634345314
0.89448895136999484
0.88923244843237093
0.89588374870541942
0.89426535010835351
0.87952300354143098
0.89551684431064271
0.8784918892474326
0.88697350098249528
0.89336749811117178
0.88464670841893089
0.88616974451010622
0.88936468478020481
0.88446212135896674
0.90427566459871966
0.89974547568178587
0.88995577430218964
0.88802379748362992
0.87397901618228968
0.88792808486758512
0.88711650455083135
0.90359150299356084
0.88972260983625107
0.89036133403676154
0.89439176635495432
0.89531690671920705
0.89572523691121408
0.89624600225433826
0.89384400342708159
0.89597068087160658
0.90376195372427781
0.89756040228803902
0.87624087664319006
0.87805638448507783
0.86259980296635241
0.88902144255939464
0.87921466937596693
0.89864765501023303
0.89297868559592808
0.89099011310661402
0.88973662438416012
0.89436122917331673
0.89389559082576775
0.88677592755621593
0.89157483180721364
