0.00039874870836092963
0.0040441707269263435
0.0056514585707882889
0.0031803064968475396
0.012963248886117842
0.00509090876114217
0.0046442812607006773
0.0083967720210612103
0.0096876676648341084
0.0074293300843226934
0.001877027146695634
0.0049372313665445363
0.0024142121229825922
0.0048348048361122296
0.0043477944979651607
0.0015710660186458976
0.0086384750339240004
0.0053577127848247093
0.0090911739996770817
0.0021133474459817869
0.0035439176452491837
0.0048928610778481161
0.0075754016592812484
0.0036644355284603204
0.0027672902415652556
0.0077149790574092452
0.0031272793137527449
0.0030432313743403443
0.0056199865208376104
0.003389451955356382
0.005372815837202654
0.0063262388274692811
0.0063223883032754126
0.0024957949630370789
0.0043806476322901513
0.0047893862091300775
0.0042860344917681993
0.0094877352118622801
0.013255178509306232
0.0029929691417167302
0.0028891873900773954
0.0030722734575163745
0.00049187170947636932
0.0076300834317961745
0.003089878734499773
0.00081297722407649715
0.0022396759888730316
0.0056776532390930287
0.0045262237533416306
0.0051605361432641673
0.0051761016506671684
0.0089450319375211935
0.0015564185682069691
0.0039810559732113811
0.013392602821266567
0.0052461709806521971
0.0037525435325524749
0.0034120057159458071
0.0088743604458471192
0.010563202489895729
0.0079371128885590385
0.0008159072227762079
0.0060076587431489139
0.0047701285215153667
0.010301970378095876
0.0058881794766981084
0.0031043725324431787
0.0064630614139352897
0.0045688905407664203
0.0048265012741788814
0.0044062964114505981
0.0033045127088450099
0.0016283237075947472
0.0050513952978977717
0.0059412508401890385
0.0054742845153845842
0.0008244653205173552
0.0044797434825606481
0.0064436413298326759
0.0081949201216261203
0.010572679045346397
0.0056304178458458165
0.0011583918920825729
0.0057259089094935213
0.0023758305939697365
0.0053865998067201123
0.0060658950838374942
0.0086344258003357762
0.0008271555708173838
0.0057872013005919286
0.00067920842862664453
0.016351321552967833
0.0065446903869258661
0.01063140859335421
0.0032171564397234175
0.001694991863056229
0.00070593455642601233
0.0026248128660576737
0.0054289190681875822
0.0058548373317624689
0.0046731603512320556
0.0013185946848447495
0.0046611713101053246
0.0041833168443182397
0.0041946205017923816
0.0087933376715654543
0.0045556748351139494
0.0033449287462186251
0.0065246923742714041
0.0036775422329867647
0.0052165395581686954
0.007497731499312571
0.0023414418870897663
0.0021491514469581998
0.0091510478523580355
0.0047979629061792543
0.0009858966415208449
0.0070858289564884255
0.0027818206020218572
0.0030820701270304176
0.0055417500703629332
0.0019481294499288347
0.0090628229657126174
0.0097531119662795911
0.0043835840058038568
0.0037090562756275256
0.0090203225396548754
0.0078278777427416707
0.0097875035487192327
0.0071978101179667169
0.0023546724424991887
0.0060377116747228872
0.003187549521670024
0.006611924797447568
0.0052128942116334842
0.0016452736738329259
0.0040211733034041935
0.0030458922906727885
0.0020442568940887045
0.00048546843611236114
0.0026283931300941934
0.0066728487329441753
0.0065281963825063235
0.0066562543147148491
0.0035098723763821818
0.0067483961798936575
0.003285710380821657
0.0051016065803756753
0.0085570622182597686
0.0033988466424650404
0.00095056902377272658
0.0027292728635404558
0.0058232801962123052
0.0051613800988951925
0.006326101959721264
0.0043056801522191653
0.0075955733533955598
0.0054003726228478745
0.0081060810001002299
0.0030006580041823361
0.0020556536588289482
0.0097138579002240561
0.0055060325957291484
0.0019984877129491873
0.00095245092497465284
0.0043100009507736166
0.0076245197249712234
0.0047734713300404416
0.0024305372918112969
0.0027062470113744025
0.0021245330268043262
0.0037723586389020254
0.014464547786017794
0.008153868056416845
0.0040853206505133298
0.0043645408848761551
0.0027464326242578074
0.0047944952039566859
0.0037643186432854596
0.00093951783802081665
0.0037620166824112195
0.0080131778019281643
0.002701195835840955
0.00099968504686197344
0.0037866755139551933
0.0046523708641242967
0.0026267342909014118
0.0027858458931941366
0.0089408777203050707
0.0059196624520437514
0.0032208432767300674
0.0050872208488020217
0.011410237741130484
0.0068273669083652238
0.0060348118653609766
0.0071548112096301696
0.0069321961984128563
0.0070687847575668684
0.016041518373757498
0.0069238442081000521
0.0046808840519291005
0.011723470807055743
