0.0036697175135258697
0.01094946217568726
0.0017830049256026177
0.0085986698261612971
0.0028647279236880107
0.0056864577744502112
0.0060849708664867472
0.0019232304524164159
0.001346295778138794
0.0049920190160862915
0.0023845440723716206
0.0016281998262669506
0.0043530018918104835
0.0036527973802827863
0.0036245784044950853
0.0087691617458386818
0.0018965112634487661
0.0081095304913200161
0.005515603751279608
0.0039678934127146603
0.0050002856005791699
0.0068889107698536806
0.0056422129088526032
0.0068098188437934479
0.003882942583450968
0.013160737539543844
0.0055725328774614792
0.0080906232432287062
0.0050011256073773337
0.0043360365218830799
0.0013176868977180331
0.003231995993087967
0.0031835066107745221
0.0095612047173133201
0.0036427992293206076
0.0062669690917942196
0.0029301011567670226
0.0046699807308217978
0.0080867938226884643
0.0034910001822082942
0.0037113869822020282
0.0020419025102558367
0.0042735436907928876
0.0070955288939997391
0.0054034783626184307
0.0031502165181342247
0.0056155883597257834
0.012966544039504212
0.0056913248601715696
0.0037316206408559214
0.0070843030738073466
0.0062134265372093015
0.0069496501492295514
0.0042941776269193937
0.0056301539938845473
0.0085170381020471635
0.0033009376001718865
0.0092994309211689649
0.0040680970879356116
0.0038900631194981497
0.00035609514463276021
0.0046361637408295102
0.00028615215946778302
0.0049562738906471504
0.0054559666127992979
0.0029263362620708605
0.003530481247150575
0.007088642870333282
0.0039246334984050996
0.0065506246356840997
0.0030298866039904868
0.0031253782008019196
0.0045019638376963865
0.0041266450079501735
0.0053555672984464987
0.0021426547287651137
0.0071063777093060918
0.0043271561874500741
0.0077870923454817463
0.0032809950456328535
0.002926824213089207
0.0050368841251477265
0.0042608104728012802
0.0010445841174434197
0.0071546734116279395
0.0014470155409692295
0.006844068700429912
0.0015509672362997568
0.0054228200920848667
0.0063676266034691249
0.0033913951052363992
0.0018834577893593696
0.0047728238150079585
0.0059986926937494536
0.0032851496065679719
0.00085910337004661548
0.0013197827720201529
0.005969671363626858
0.0068345034397455052
0.0018787163519661402
0.0074848567944819505
0.0042212441584863801
0.007303034981104628
0.0020437660022157313
0.0049734609259052456
0.0013489769688017818
0.010440448451635657
0.0049539839316436419
0.0033817592130753185
0.0013199688159962063
0.003538442681861638
0.0037684215206918122
0.0079208419470706073
0.0025966319455751484
0.005575359316184963
0.0015880732555876701
0.0013351535452339246
0.007622584971175201
0.0049920172915969164
0.002611626284429716
0.011006013823824785
0.0087816699800670767
0.0050034146385007526
0.0034336745274824881
0.0036692962379240375
0.0053403496653658331
0.0020810816545358711
0.0056425025741490969
0.010313629732153242
0.0020839201464057334
0.0041784798440154996
0.004335796677494605
0.0062504021696916977
0.0066227175803915761
0.0018079530098278592
0.0043506267695637901
0.0024738142713969995
0.00098383654937277132
0.006438366244247257
0.0085691298800844428
0.002295395557949176
0.0013904237293393908
0.0059296525606481023
0.004595017790079153
0.00066733786265057331
0.0010082390297082456
0.00091259868026078556
0.0050525221085387729
0.004452111584683627
0.0012831537087361542
0.0043780230838470534
0.0042121845432869908
0.002311643226218932
0.0053859285538532774
0.0098243579332597877
0.0089631501472927522
0.0012356263001514181
0.0046622380247318285
0.0074786942758463607
0.00093149757438607797
0.0033041298345008372
0.0052269759539161414
0.004130543471205758
0.0020029147532753065
0.0078456202103391621
0.0017673348331125631
0.0037729422182136564
0.0041189210586034149
0.0024173660623265755
0.005586239073306405
0.0023229912183057402
0.0039277960192572181
0.0052750999720872251
0.0062419942602835376
0.0047256410543838751
0.0020398358391331963
0.0066937705975036524
0.0044374603614216138
0.0055818464692856838
0.0020542355175492437
0.007092100561077376
0.003472648654651524
0.0048973374674999137
0.0039837266755089118
0.005577075359142784
0.0040934628649706029
0.0051210506602702476
0.0026648700469295199
0.0051853989533300338
0.0038733196731701963
0.0062555809997787131
0.0058222904599983076
0.0032193195057525865
0.001477196904474097
0.0020130736917061309
0.0022144276880264762
0.0037398844243480634
0.0045502223348021691
0.0041550702980054548
0.0032506042442115141
0.0027566175327233431
0.0042107257048289689
