0.022393433412612334
0.045472646847955774
0.013169409147228436
0.028314909807862637
0.020933859868313646
0.037527854858069476
0.040937289807695398
0.029566261991561586
0.032060471704746546
0.040246359654982154
0.01713824724408072
0.0024776158057462183
0.01741051321505916
0.034705936242747842
0.021136478774206591
0.036850355482121601
0.046309200149575583
0.031935628443370362
0.018098332697093319
0.0194463993517426
0.009751027945748893
0.041478389693094281
0.024745127846492451
0.03978443758544814
0.021087852161068045
0.053456000717817226
0.030678013222966243
0.029454855233465745
0.013692972998066695
0.029617207059233482
0.018485959766947065
0.026254512135719339
0.031416308960491024
0.019400233202622068
0.014645363236066048
0.029284856239398062
0.023147247156750657
0.018292737405618462
0.0088371771610623283
0.018182985631877327
0.0044904222906535984
0.016573482974938963
0.012527159443337493
0.027086969473112597
0.016589466788232705
0.058772607594559323
0.014175341596497991
0.025394376604548231
0.034983288665142151
0.040016192050462168
0.0023297056702312924
0.010010226726233388
0.013870734080319094
0.047869070888347083
0.020746615082837025
0.025281590658207977
0.037424424658347367
0.022875020709970561
0.016266302991596811
0.031895835690310327
0.014306719113545713
0.060075889186019527
0.018946539661951249
0.034406920848305593
0.033279051985832295
0.021303829761298444
0.02818974780591468
0.0042030981002905161
0.043242230608990566
0.02056283605020064
0.01927260421375479
0.044558837553207442
0.026185112930324814
0.020186315870378772
0.03600259601850031
0.02281522248170471
0.046113168999934492
0.033126433402788605
0.0087514795026297186
0.024315498216498407
0.018838461350084119
0.033879481884635562
0.033751918085930616
0.022769285575604814
0.022931404371808729
0.030703454190878745
0.016221382441725139
0.018429800929535466
0.018446791967498044
0.0094923680573383504
0.017131598963954046
0.023238616052686636
0.014442153811931263
0.039143401949612258
0.026581317149999808
0.023871033804016742
0.011579105502604254
0.034200976506244839
0.0091643187581939567
0.025160697876987052
0.027371128196700265
0.030433109442681117
0.023486403888282426
0.017608968765037186
0.017583316331480438
0.037669355559824987
0.012253067244695997
0.029736762307698915
0.039853984647064314
0.0058951546199782368
0.022095588431367809
0.027442327452285378
0.030974210389193936
0.036916610608772556
0.018668322661306254
0.02725804114497694
0.031436589750739492
0.020430718677671805
0.021141035914293355
0.012053550495679974
0.039309034218936431
0.01538364264970655
0.0099536739773013905
0.024913002347875978
0.026076334945266712
0.051755938534025346
0.022144052015250319
0.021348457847684989
0.026759509893556375
0.025635369706049994
0.030670364293835274
0.046799324201632277
0.029420296480093425
0.035906977689431262
0.0078098558862514022
0.016091376044304977
0.014666276441769828
0.0026776472156443461
0.024955805716462338
0.0096823275902769325
0.0299446968121608
0.0039207814689154524
0.01843905922347926
0.02389124964615362
0.0082562277646935738
0.0035829066129865516
0.029720292769589391
0.03152298562826053
0.030653170330217153
0.0071008558429681221
0.0079654883058222214
0.023416645742376532
0.0098556668198898773
0.021254146794756252
0.022518950758107635
0.026948323586678893
0.0069524062200713782
0.024564257807063693
0.0060030020540886974
0.029841096258985515
0.023314704863284776
0.032906655554497677
0.027725430287402052
0.0043800158576458329
0.025141765342629477
0.021361781254389096
0.003782895561065138
0.037751486119545472
0.05233404397859194
0.059727827464682991
0.016733221332499375
0.039224967993240531
0.036868784191559992
0.033170510308606821
0.023093747328672833
0.026535682920507963
0.0636831483760502
0.015442677537483037
0.012681840216488277
0.042884476186890598
0.027533924643725331
0.016394661862423308
0.03678862304752669
0.038379638689681909
0.025858859789970545
0.026081595265066541
0.026268558910884289
0.031653885133631973
0.015670672069329327
0.0296034524434548
0.0090688274379170063
0.036788799788317179
0.012576177948765923
0.039946802848739985
0.023557987133045136
0.031802033205289605
0.018468190181577832
0.026663720624882641
0.030463686948700018
0.0056290669563345917
0.0092386083658473044
0.014521586270719471
