0.002964644218316432
0.027454114411709127
0.032210743379112811
0.017401603057164459
0.026836331047655773
0.020879731630896146
0.02791865446229928
0.018109510732845373
0.021210506271072578
0.016804158462129539
0.022663297097525847
0.020924415600297168
0.059375509053882808
0.016762865699607568
0.0092290097638377776
0.011733381735867656
0.026185754041521399
0.024054936656637681
0.020120607255059285
0.020269257651022325
0.0036622242399614239
0.024586799725840013
0.024963933807533582
0.017253060195877135
0.012064088002342785
0.037121213077875088
0.037157654027904198
0.027030622428379808
0.033353355116138704
0.0099290944388917713
0.021865387204205347
0.014448087149696988
0.031731387253876503
0.038420417078230747
0.013903168955046792
0.04374772650131447
0.0054909890288846177
0.0258480971737266
0.029245172433078545
0.036190642076631349
0.012465860034397636
0.038044763980045693
0.0069565392641484083
0.024563516008437883
0.013074977045555207
0.038545799417216364
0.029358566198753974
0.021705205910828626
0.030030511682319339
0.031311638868322236
0.028086434099598472
0.017308778540512437
0.063464046784509578
0.013885725427944947
0.008537353684516448
0.012925309878778901
0.069987709127829048
0.055757843617095043
0.032460615791579828
0.0064956723641219479
0.012426567262628847
0.013669676531860778
0.034154073336550808
0.013798075219821121
0.016216892835734183
0.011194883825564132
0.032340161686326696
0.0079465930745014329
0.014628618024408376
0.034989984422235457
0.020998129854190424
0.02404205075982651
0.025115390718931353
0.0080127523119247705
0.032220652436005415
0.013869903644808199
0.038076917131478184
0.059422682957426858
0.032178336230278048
0.018385963978253973
0.020032728406912368
0.0040765648721531999
0.041775391323853717
0.0092365766690978741
0.028577038316925658
0.017669993905595868
0.012516752459533396
0.013023625439306756
0.065529375470984266
0.024949650917020762
0.016581849046289582
0.012634618271574853
0.016799634286250992
0.014523901174035221
0.017616238456092916
0.018142346798439558
0.018787497897209349
0.060217679836856171
0.012651120649754346
0.033363802000751383
0.026581251248470401
0.019906155820728712
0.043110803836736281
0.013738715004024148
0.01401474955653737
0.010611198306273701
0.022962349108417952
0.0012015585997852095
0.0045465183556119681
0.015393894702923693
0.030326104989343679
0.0072157899836871615
0.037926169630679296
0.0085847401794453253
0.014672700514822466
0.039657255249888106
0.029659448205347001
0.046216873017841345
0.027074678055390298
0.012968818451688447
0.031061077406005132
0.0038546787600239902
0.015572334101052535
0.03364819107537044
0.058930006031349749
0.022963771484611633
0.031166823206244504
0.031396447847158643
0.031443533892069497
0.025240457521458395
0.027135147225320774
0.042620900861927338
0.03168667376438971
0.033210938464400715
0.027002392541475208
0.008555881939023742
0.030132183191378774
0.018958602178624159
0.035993071069817702
0.0058531032094841107
0.0058189431216397833
0.033594477703344623
0.031113755557070674
0.015147229266685268
0.048239015105120707
0.021408970481946208
0.043739644684180207
0.011194323782571252
0.034998574056375922
0.030028239048087057
0.033035393528351442
0.015785945445266177
0.017833769870634696
0.050924526557084834
0.031216835768383144
0.053709514954645189
0.031056299805764652
0.015616282546024233
0.024083569367101133
0.014723231213677466
0.033117289448328702
0.038049849737749795
0.0239192774741867
0.0026403598779940157
0.014540298136402788
0.023383737675838595
0.025287499795427108
0.03986801165437355
0.016365023595221229
0.024935387607167629
0.05223083977953883
0.061936059684219967
0.013251023650221412
0.024210810571090806
0.017889068822842736
0.010344114055532769
0.031146668805098403
0.024592784186607097
0.020904550155261711
0.0090188836490280536
0.031194740837619955
0.01094222818566065
0.014641383386175143
0.018355541018343906
0.038786562367861578
0.036160514147144718
0.04000038332669939
0.016205024772045429
0.026668685372780384
0.019537213020924045
0.0064930597845219542
0.046779598355267404
0.029390217846712498
0.050626703651908529
0.015114379551842673
0.048758977999190461
0.0099372490318519763
0.015170803818848827
0.034966374934516958
0.037038928907646713
0.032504892573517692
0.019249576952210423
