0.12448337877115717
0.1365067955547567
0.097557488827769115
0.041472358891582226
0.15858816556514713
0.087158856250208055
0.14430623966786857
0.080454886371860879
0.072371075455771317
0.086339922481008288
0.17556813377222377
0.016541309231908406
0.068494221246154868
0.02866197990727045
0.048943008323507321
0.13441502089060167
0.14642151711172527
0.20570431015020532
0.048488984718704484
0.21316810737461639
0.059563299071232909
0.062777696034217081
0.047626894978563018
0.056412964231347389
0.22663114606675602
0.17054607349183476
0.1518970878516113
0.096370733291886015
0.016570214741668046
0.068541088141757175
0.072104992794623873
0.097693242234357103
0.18681758320015088
0.1865807383853241
0.19785783187264602
0.069548594620243959
0.11521278508859294
0.18771714931944206
0.14689181020791897
0.13462245043621224
0.090495929153927457
0.12447680086940105
0.20061236105923216
0.077589330327350839
0.14734429912245384
0.15062068695428324
0.060044995325051205
0.08692125495395113
0.083031912224422355
0.085090883826100389
0.14438667806554648
0.14484810461545625
0.054777490359024864
0.15996767564721048
0.11701037156361647
0.16144391420355986
0.094851696225446161
0.077391319226021257
0.059331978835558789
0.14272543057581447
0.099087444942260336
0.12567594964821002
0.1123363727688252
0.09862570249962832
0.21230358374079814
0.1694107652753051
0.20925888415740845
0.092518152451492697
0.070307660060633603
0.14749847004991276
0.082480452168573193
0.097938632889266089
0.092171086308928188
0.13216783536457491
0.056404318727233393
0.1282642445453909
0.1677176582072768
0.11911214423097417
0.047071706698510005
0.062271404953582875
0.063753041404023172
0.081202071204829127
0.1451815046943418
0.13959796097360774
0.14328858375503939
0.12857039220709904
0.030591902327063818
0.18635346788677615
0.18852219783600946
0.16222666573066519
0.03692201023286646
0.030940783167556392
0.076857255408878958
0.064118728495462476
0.080336171262051309
0.21507031141963939
0.20027699720290892
0.18627439443435911
0.13166352171155679
0.041912960997817383
0.090393070869241157
0.14091208125411075
0.13548526546271189
0.073895043504612276
0.071676171409028558
0.027802176957092938
0.14602641221926774
0.048884246385967937
0.18668912621291792
0.043990730294951527
0.1272249849104416
0.15549257310751188
0.065958326978674611
0.012044215139800583
0.089911510167034567
0.14564613225866579
0.12527051887778914
0.15370233816734299
0.22154244582834581
0.14482243387866467
0.11706680906062385
0.25455860084228499
0.21283757686888177
0.1314078710363977
0.2383101520517637
0.14534059637949651
0.081456258895839836
0.089369313489902971
0.11813597754523976
0.11601240791811572
0.20090987915245578
0.22796802320635859
0.084407191946220483
0.023582963277838615
0.078666428022966042
0.26883387721882263
0.24344456553811708
0.15846910669264025
0.096908848114858087
0.14510489031123733
0.11338178175495339
0.096285157232505469
0.15285757229470245
0.11203087945496658
0.055814416793148691
0.051080522918618483
0.06051708214043295
0.12629572179048751
0.079303219019398768
0.1489534586132801
0.037453598354886812
0.081857298186746003
0.2482960066699105
0.18756751184938855
0.27995571829217775
0.20290887906171462
0.17252276568197994
0.06054293431764525
0.030203748378538564
0.037230363310007966
0.12396261863161058
0.13208713229899832
0.07478462094028468
0.20216981460778025
0.05295255107529688
0.048315394526842345
0.050092434226628617
0.056509748429951906
0.10531164948275508
0.10993675336791531
0.19161381543044601
0.21395122836139777
0.17551880788453644
0.16730517068782513
0.27551158360233008
0.076303221814428349
0.07600206754984011
0.12292822687517259
0.025411607895220605
0.082870837750988427
0.073026248704462268
0.058591323622063131
0.031341853831889949
0.18926326447630118
0.075659193170699315
0.13275978010348963
0.11037686747077265
0.016688266525661875
0.12140967113632715
0.046423766367446488
0.06558594719485826
0.18978443009225132
0.16374543511717832
0.15013640253944968
0.042330413175192601
0.079381319566924902
0.12608052698376032
0.064871881041980842
0.038099577857812351
0.098764564137483912
0.14544598867216216
0.17194707283987098
