0.663886829251918
0.60165784453910565
0.55279946898015941
0.6045957050696833
0.5897291080493855
0.61629633557341112
0.59157261567471542
0.61803005677696765
0.57608892630927466
0.59017307562890486
0.55487929887902943
0.57799820754813092
0.54911059509861271
0.61872597043983757
0.65619772673551857
0.65122944232398428
0.60597889628573376
0.66673620835880898
0.70086447624119674
0.61787597658645776
0.63130241261920272
0.65454383337653388
0.65771016630607371
0.58712246800008994
0.65902658205964026
0.62182442547899175
0.64613598531286953
0.66785262135846457
0.67792927801190728
0.63596566087661088
0.66783424798994495
0.65628401105903145
0.63409334846726517
0.66036655978228775
0.64335355080681333
0.63404135330691269
0.54306230858997362
0.55779165143623821
0.6153442622024734
0.63472180948094437
0.65101346038904462
0.65707237960017673
0.68608823455326839
0.61113028670766867
0.62126863843176428
0.6517669645687395
0.66126667788878535
0.660552550553826
0.589544988065557
0.63647564019247382
0.53031923940436998
0.56640556068740466
0.55666763634504934
0.58664874523535915
0.50941112967119828
0.59289474760629712
0.64384863352115829
0.68196698963621527
0.63798175695931036
0.63247840923860077
0.64786775944209185
0.64055972062003097
0.64589626279670365
0.6127390287963147
0.61026917986704399
0.65351807914470661
0.61021843522781072
0.58637029599925028
0.60813267272447646
0.65205283427463567
0.63907393128484813
0.61681665579757483
0.61154034053334161
0.66793676554093673
0.61947754463320137
0.6624057531022739
0.67870873943841459
0.66122133583174003
0.64685058680861429
0.64694709623358582
0.65668775449211247
0.6404846602679457
0.64673604935180218
0.67119329052104681
0.70002621917482999
0.56908076046834399
0.58784570884506704
0.67121269442192433
0.62085283694909477
0.66094319805791801
0.6786807552436086
0.59817943806955154
0.65578274986933771
0.59284338703348172
0.62697754578435561
0.62945203840141972
0.58286075561976569
0.64959059133499886
0.6266843473244591
0.62331158562297428
0.54483976122783206
0.58058579796647403
0.60135597206400837
0.58791553981882172
0.59401613274707721
0.6565508846066932
0.54906628954769965
0.54175228454306223
0.62933642174196736
0.58831348388512406
0.64017852383599971
0.6354379571541271
0.59740170386207181
0.59319121640604888
0.58763075335610127
0.59491397278284652
0.60342333677644089
0.60844343608453766
0.68357001777533477
0.59193151833371127
0.61817160742960264
0.59921599044363127
0.62928285046538368
0.64514897181841147
0.61963280393465758
0.61379255938791655
0.64128575429641466
0.64348452493466124
0.62265325403754468
0.63962828605095379
0.6362678684825398
0.64313534299658481
0.66356950462261033
0.65953786302073492
0.64171033753837858
0.60539389919004527
0.5969338480654669
0.64723991805971426
0.62751364842354662
0.5650847063736254
0.6287919548627795
0.57321860493192345
0.6361617344031063
0.60871969993259512
0.63173514168602152
0.56735121584656389
0.49685116748302349
0.60405766460207311
0.55165494400037984
0.62609423076431803
0.6144257686681851
0.59912980032256535
0.64934718244356138
0.58176074894998775
0.61834254537828492
0.60617210504314334
0.64787407891232474
0.58635453993495235
0.65821919629637238
0.68467199567561354
0.60324501072756576
0.6454043756861173
0.63848247993548213
0.62692114192354098
0.6327013113647838
0.62232771467893855
0.55456389115166349
0.50004971060237557
0.43255669599814622
0.53334076725183532
0.55329590256398797
0.61743447695136422
0.59117427590997007
0.60060697622770964
0.59249315411461856
0.64710551010583217
0.66347896311659427
0.65279953278443781
0.68043965144197494
0.65306840107672859
0.67643514486848277
0.64222894662349639
0.62954698351962424
0.66825833023880099
0.69070693181407927
0.61203207985818331
0.65119568146345952
0.65232633398282436
0.63673885647955719
0.6398634686273541
0.65846431923254367
0.6512574248501104
0.58538138890302893
0.61016984966863275
0.61833201375284141
0.61334092648141059
0.59472537944178494
0.62632358195900673
0.63957320215550917
0.60315792238892718
0.54113650035515692
0.61631292864921061
