0.076358163457748832
0.14179927499633754
0.061340264199967229
0.030888020188234964
0.01248293290579529
0.14024493336901706
0.1361724568912091
0.094716235613920424
0.047311778644202454
0.15544631836298123
0.029962622706620604
0.10737308013938371
0.11198346327964297
0.13392512410850133
0.10477154025082312
0.071786226487389471
0.025679225484080404
0.028339643691068516
0.059458866675142233
0.19096173553076165
0.065369057317347393
0.058299809351794941
0.045012104814055112
0.05266558380768651
0.052047184723523494
0.07645208992946452
0.11426887134279198
0.22466539406432848
0.024986895591649121
0.17650140717561402
0.085083715995701914
0.014261590494529059
0.083277019718860298
0.12139928438574467
0.0542276240686951
0.034601723873873329
0.078426809864206609
0.22594971342120598
0.09266474658433814
0.10025517885716405
0.09766002488464845
0.12499300750698711
0.020634326407184229
0.093243471758834504
0.041638899363104456
0.051615916917723853
0.084409407647796433
0.054869019451754104
0.12003392949631067
0.14331247731539698
0.10717240858751294
0.14868900729260542
0.079713727193999592
0.098151661470584975
0.09662463484275359
0.11877784369090953
0.037293280248698372
0.1669037642577752
0.18225575019750848
0.10960284198369484
0.040406071290598179
0.045232434675796282
0.10963065439811159
0.093955266810166166
0.059435658436901365
0.074762385325280165
0.15489864470276135
0.11283142644462589
0.12347317077993887
0.034872840306685284
0.041130943660684365
0.078602741284225397
0.07207521415432111
0.078484329715892143
0.02734992572509768
0.068710976805191365
0.13196140930592093
0.1034917518218814
0.083680006651055391
0.20790354709154679
0.12062327609811914
0.027066983737467781
0.099174410577937647
0.1962659206055905
0.010025698529637026
0.24161636016325344
0.14360703402569422
0.13442623631274825
0.050388650288561279
0.081927926363733167
0.03676627082652837
0.08307874847197208
0.094325565301370928
0.10967632037488328
0.015907038760646516
0.07067595018029639
0.10262899669842482
0.085148625208685894
0.1047977853841406
0.13731030654042528
0.076378224176123583
0.05227292841424093
0.010832495794753443
0.033615195193804258
0.067368743208376478
0.1470051064450506
0.069855336075503816
0.062459033735011438
0.087766524266535015
0.12135149437610424
0.080789519209126026
0.067610896935956566
0.17939298457517916
0.064175964312947878
0.16897190773156412
0.039488211789862337
0.044550685173015463
0.027990602386877256
0.022032355005037266
0.087720948057519232
0.0079257686530369072
0.07421398578803852
0.044244732262636872
0.03422712619800191
0.12030101769946003
0.11207712366486262
0.1292759298898821
0.034700794117168074
0.11978478327102723
0.04617670049290825
0.04961220275527272
0.04535791425413957
0.10232764875462992
0.046001128538772154
0.055085191960380676
0.029625112841259283
0.041152072427600987
0.065976377566990083
0.045299810917361974
0.037723997188844012
0.077958770067554292
0.12313290665947098
0.12698113097857183
0.068700112997639326
0.049374965157707403
0.042398906268961895
0.012306234471296551
0.05769199892908991
0.096157459830627234
0.13017052454363146
0.20478875768948554
0.11946215644118822
0.032346138912230052
0.00038675722417431089
0.17661211591866136
0.074753966965768984
0.091248474115221731
0.067699069602360121
0.08654765370103143
0.014683902184337523
0.075094908627659399
0.065610623552515512
0.043404243481796022
0.08279483593700078
0.10754382223140693
0.06120261127725414
0.078319752979058924
0.092405253663910655
0.06107515309964099
0.081382711697623206
0.030184001592803558
0.13693722584887488
0.16327930968241294
0.1499594934484493
0.10303811408418048
0.056737567217958328
0.083026495250602655
0.0473599583280968
0.11050093444927996
0.045410732282642204
0.038321351385272893
0.032837639106816141
0.061410419568834952
0.017185722748333805
0.078491399218393862
0.037505641423410736
0.12609283822192571
0.10579313959945548
0.047257585092296876
0.080582056045960415
0.053760562275193588
0.059627459044096949
0.10034321383450674
0.075672456162133458
0.057696226016126437
0.054190337694594908
0.16146407375095512
0.093679029552510881
0.055254305256361519
0.018374310665543105
0.12611219577395974
0.025631434150793629
