0.069103422804863368
0.18733543287885557
0.048103973628757957
0.082823461125336589
0.11469046553335562
0.074907632087411524
0.21493663302482383
0.03023380326665865
0.086853609414833763
0.1481885822558871
0.055079123134470817
0.12807524117239127
0.074463544308314769
0.078339689595383691
0.10184176551957194
0.055534260364137583
0.14811117426329151
0.14471155141619935
0.095958737593753604
0.11414445531887697
0.085344988937293628
0.085890343353838272
0.072255092287075551
0.079602118356056573
0.11046541547199724
0.10548697627809818
0.093209131500270687
0.084679686223907702
0.061479193348099814
0.083745446561486941
0.12074568183360082
0.019357583595301275
0.054185211066158367
0.1025863751118276
0.0777540278395812
0.035474226562948838
0.082763954486947733
0.0054336844117223457
0.043362533031194972
0.082627161493136481
0.16974529381076611
0.10690454534578818
0.077605459855706813
0.074549027351181144
0.065182856562021718
0.066254835186844677
0.1265872877597024
0.047500877100071885
0.15432851667643191
0.18864585306222917
0.13302381529233068
0.052197488645542578
0.077582820641730055
0.068094231554705467
0.073749516440199073
0.11480392404714324
0.077460504907151839
0.11524598526221613
0.019984866945913553
0.074242106964807736
0.083391082818119203
0.12185750842455061
0.13280049059076485
0.080557627782653463
0.051314079395245314
0.076815775224704508
0.077371265317833421
0.064229565753215798
0.14202978557968041
0.020739912584999111
0.076177705483140165
0.05622745086354379
0.026741641927385582
0.011092019782656514
0.061561419867229759
0.11265715063949107
0.14850515102801617
0.064006072897600505
0.034116734036182872
0.051386589005467526
0.074014287735713488
0.063300609207127795
0.1525041618748583
0.11125698579053631
0.059940542148381154
0.10261099137291121
0.20459509577883861
0.11427218542395529
0.015779419410847692
0.12503965346886697
0.070354484346466448
0.022147762335789214
0.124988616593602
0.02190169469898768
0.038131974102034838
0.10325610818187768
0.069898864928099186
0.11759714777520537
0.019579068820715296
0.054855564582972874
0.11091465990482052
0.085689318583465166
0.084413416218333454
0.088018069843835464
0.045987391114061305
0.042741870761434125
0.033070942907089444
0.088805051343905705
0.081523644708113477
0.070137438355520401
0.05492499196857431
0.06564802652243916
0.098061481913417625
0.15117767098591905
0.10245939507934963
0.11843294569237274
0.085463462039940902
0.094853060531527103
0.15302097982859991
0.11424458305372102
0.098396553551551552
0.18029049715959355
0.14126736172289925
0.074912743371036802
0.10806648440793681
0.087287946555548557
0.095369683154750293
0.17451199394686046
0.018488168723053061
0.085955810144318745
0.035880643028383896
0.061540406103569811
0.11095694881974971
0.079260538432929253
0.097153636021661702
0.15487018227739568
0.088417816496126914
0.12443754926604116
0.067032848637970835
0.05023393738348568
0.058027332692582805
0.087777829217542541
0.027390272788978539
0.1385875665671995
0.050285909780594357
0.079183125619375516
0.10009897262910032
0.07736240390563609
0.024150195791176329
0.068569044091185971
0.12323105814344838
0.10790981489183747
0.051789972655341562
0.033248026056512989
0.17259357970647171
0.097667118539674858
0.16520142317983627
0.026651079522038275
0.077744461221754074
0.10417146990441738
0.056954675131635608
0.056240620207497947
0.061420840521622028
0.070087402104160326
0.092943096863458668
0.026303311237186273
0.066319384952918226
0.025044008584215776
0.23769795933516041
0.1713199854217069
0.10164965870781228
0.085637684148681267
0.029635575655864645
0.092785967269041092
0.1149690648654946
0.081777520291547071
0.16084671880939594
0.10511732846765241
0.052686439639800096
0.1079587239711117
0.08338770155878715
0.10270751564828912
0.093731362462027581
0.033769267008966514
0.022530122446570249
0.064523058522950524
0.066263217150915807
0.046253106989339425
0.10732429492580541
0.057946940913443191
0.11022538047633465
0.058097828208825072
0.052406468384629847
0.13206041014971462
0.11510116443844332
0.14317090427575216
0.12788875649712905
0.14120478389026031
0.11684095601343561
0.093923798506845832
0.0018592267485200999
0.026881314954614158
