0.0019158720670094794
0.01554123976252552
0.0083416836201982633
0.0060047195759123278
0.084137069584567611
0.031369314616426933
0.0094072798212302914
0.022441529661703624
0.025098719864158268
0.011069715491876981
0.038394882509028526
0.039665032886352571
0.037507312736707515
0.022348432494852039
0.064526614727300188
0.053171798119467664
0.035448581020081651
0.023524948873838804
0.068261492646395555
0.0066334431925172029
0.033671188924987119
0.0076141334230808867
0.012748171559235261
0.012408737593032683
0.02142585923145585
0.026960756473114768
0.0040633518355445196
0.027427943920944116
0.0093058127370943856
0.02507170755405538
0.045004213700347587
0.036451543432659959
0.03935099106493687
0.016881272122194212
0.063321155596924819
0.064474408243686124
0.0050381486544951231
0.0154635289711908
0.040815651012506844
0.019784885765151417
0.013152217547948854
0.053951799343953943
0.020614111207987212
0.03204921074740736
0.0039962469962571689
0.03996594620223437
0.012798989720469035
0.021518263042177597
0.012349083708986245
0.026192753834864343
0.017734172038271569
0.03221321753131668
0.022895938233738703
0.023253321209903435
0.0027589865903473675
0.031612310465451536
0.018981037773209475
0.054369924310200414
0.057273302811542734
0.041570665397909372
0.019791997362667055
0.0063586330538004795
0.0051245654022123626
0.0076999324829391379
0.021984891036705562
0.040955878082769383
0.031330802680457501
0.029582979011575944
0.065972505618735897
0.013208990941954431
0.031189852397163983
0.049860829093655815
0.03885974946208158
0.045826176545429156
0.030785584095605889
0.048958246401159408
0.019744425904990096
0.013129318872370632
0.014179072836515288
0.043295213578555682
0.041810240777070289
0.040685443836988903
0.042535909384265234
0.032640631634104626
0.0055605817211723946
0.032254240907938929
0.025231785872590704
0.054423151495641031
0.033562756403085557
0.026375253649187375
0.032149769996316316
0.021348074246975355
0.055655542261528919
0.018698488516183269
0.02844987327930441
0.04208149333007713
0.03034931768990998
0.024293505130192544
0.051749541479227792
0.050944913939331003
0.03482086084914153
0.050447740073944661
0.039045768090178637
0.0090604496379448583
0.03983613667860568
0.030749354533083615
0.029003186378583595
0.045363326858366318
0.021604875719339233
0.047187542803407367
0.05029192701515435
0.02565694394903038
0.025861026135953022
0.021701355819819058
0.049003220282308517
0.01822161144861863
0.062794645106644204
0.040298536326512847
0.028785243122562691
0.045153885133555755
0.038465062020470973
0.027313203633843323
0.073106939133281409
0.048701739492708104
0.038760061424470672
0.033762284310491893
0.024857675789394535
0.008065558899044728
0.029677850194640056
0.030842033283861925
0.057863957368221322
0.033301515649729177
0.020051875561567994
0.02022670191495048
0.02756098068646267
0.046989757956069994
0.0099861990870574041
0.023414995812279134
0.04083407682245508
0.023879818804998818
0.032895656041435954
0.013928720015261286
0.019723523125047725
0.044901219561849046
0.026434162544009536
0.013319687279206523
0.04670071711897078
0.070977776713791629
0.0080658635672661485
0.027040731039112399
0.058449071054605242
0.029108205426702539
0.038542464853187831
0.015025621782560648
0.013902522013331199
0.031746647450313747
0.035206840251226584
0.029640379314751567
0.042228443851699916
0.05192372340938
0.032165896076623471
0.022806403455946193
0.041050024234646605
0.013968752090416252
0.025239702049809524
0.060035016957689633
0.026767536393841978
0.012197292081934367
0.027041898798394987
0.0060476479484612355
0.059975594055582393
0.042578878413619264
0.0099538780566429206
0.038388241418314366
0.049989160801103959
0.024784714911914512
0.0050074781017087136
0.029511570933671419
0.030706837703844993
0.012201482326893564
0.014019375350152057
0.046822116968555892
0.052442346766766991
0.015498477215435911
0.039453992623448744
0.047897790746331367
0.035097775047426179
0.057603288927522756
0.057160652818929444
0.0081701413176084314
0.053140689408144225
0.026457927169458346
0.036412138035533892
0.016055387910041016
0.044576140739129001
0.043403062172793168
0.082271451532447082
0.058779584830139425
0.049812118654749299
0.067203599364857855
0.012395849859730091
0.034544711151638541
