0.012734739297213112
0.0045916540358917467
0.033618831576136508
0.027996052580871133
0.032488917467883023
0.016771227834258655
0.03730769895608918
0.055351847356504183
0.044622312837970073
0.024875074078196623
0.017641712358119323
0.033341317202329038
0.074883002819614894
0.033542317847000166
0.014434405554858015
0.044870496456956385
0.056636010108738769
0.053696281209277101
0.031547321056412767
0.037658909898985633
0.019605908297815659
0.042446472203313303
0.0066561766537467197
0.022055837243388339
0.005587095163925789
0.019315286229000864
0.045588922174053269
0.016318231553571032
0.0042771218439476826
0.033830136318642935
0.015476150252284162
0.029602229865712211
0.031147838993260787
0.036923142335610025
0.026514962283581717
0.032778111580138991
0.02905315904769433
0.041762873823321008
0.0071623113615439217
0.015740556813820934
0.032633701691456012
0.055923529708819801
0.0091046558396073538
0.021993714106679683
0.065609286500140584
0.061164753280497315
0.060231647331201822
0.03650365715096246
0.0051596895454281057
0.056310379844778241
0.022276496016611625
0.0030865664172014372
0.03739925753739716
0.016278873200667267
0.016649653189591176
0.011549673017429785
0.017521336534774858
0.035173345630939351
0.011427198406071908
0.058111361572872881
0.018706233787004808
0.029904225750423841
0.033000381340728448
0.030119100635955753
0.032352483232273285
0.056889500182852167
0.013234398685409285
0.018097051827698767
0.041950148249630871
0.022366632759011185
0.023032985352367637
0.0088681568688296249
0.0032254945774106143
0.0024414418648515553
0.0071495550229009478
0.015060722023217791
0.014373664973019411
0.034157458809418978
0.050199355443160176
0.030086451657320535
0.020261774153392149
0.055811434748648907
0.017280657381668747
0.034418415816078407
0.032447343408062462
0.032521582559478339
0.037011937355993896
0.034563593205285202
0.011974345223512312
0.050292259694357709
0.056269234949918423
0.048986537832839058
0.038205987489668185
0.020603463483462793
0.047501114042030626
0.026158571673361591
0.0069274410274333302
0.026028779888365144
0.041490116228114736
0.04270100844646952
0.0040276829208762948
0.034676940084249257
0.032718544882900977
0.020639960119683356
0.021762165451308751
0.027814020490993796
0.012123101093406365
0.027524344872809269
0.0083561775813857913
0.033567892861764884
0.047021206429327153
0.0060090899910909849
0.049280019341730714
0.046846115357249689
0.069281103405213068
0.051460431985656412
0.0087128868770162769
0.017830419711642124
0.016376346408254416
0.038689716568584283
0.036015837185828112
0.037953148789980774
0.035990719101315745
0.024736714371636246
0.014754068917425452
0.053901020989697221
0.03250582661397125
0.035664772255986965
0.049981691130353778
0.061508624296767109
0.021527057143656908
0.052883199951091531
0.04649065906378997
0.042264155422802305
0.01423330116499979
0.046074193140682104
0.012795380110916965
0.024808682836426742
0.048505159943411286
0.018646772533887846
0.021272296703292316
0.022623904936907212
0.0067220823135396932
0.055269831737329592
0.027142942749948332
0.028939672827879511
0.019016364615521524
0.009872762948990926
0.027160903615401025
0.010081430992881751
0.024361008094128354
0.0421245473298563
0.034000812656579234
0.027976738778813081
0.018023779222919704
0.035328932646423367
0.046530084154840209
0.044875528143466258
0.038095645953450163
0.030701839608724524
0.039490540196798395
0.025114150858604235
0.027906841194403103
0.021722725796613003
0.011778121381910261
0.012352480974409604
0.0046260353114209538
0.020658821818321346
0.043073877524280893
0.025272882300019287
0.0086825369511345091
0.080476310347206745
0.013250034545846077
0.016567241435759696
0.068173611274827545
0.047983619333992318
0.01046032757666838
0.031333881645229829
0.012801513798736747
0.019445859047589366
0.01418099577280724
0.036195927040872884
0.023347559463265808
0.0275269762746242
0.030682904459038294
0.053465385679651527
0.062086664819175165
0.055101869861923877
0.013804571897399464
0.033635700307092904
0.009533394727751299
0.053919481580598193
0.040879727090373789
0.0088385935189466119
0.011220722725619336
0.053861250445603755
0.010226182510645427
0.053529714037426866
0.021661075183273756
0.025395705663735734
0.020051964331128196
0.0064057142356436546
