0.99785915257228808
0.99680866674974944
0.99716290553144493
0.9968529685138583
0.99597066924878863
0.99549529409720372
0.99594558720337689
0.99566861621562486
0.99630896120511492
0.99751404249610842
0.9974468225708879
0.99757444570455156
0.99788084375045238
0.99757796196268744
0.99733832991913485
0.99799389863385668
0.99778948874506912
0.99804868042593076
0.997539070435291
0.99764468281247187
0.99761559021136492
0.99813897420590747
0.99837428374741821
0.99809277736585
0.99761051291847314
0.99705184149051596
0.9973744053675625
0.99774124621394522
0.99804023777904938
0.99770138372633987
0.99778108321726899
0.99739323871851415
0.99667978026078108
0.99634121449149005
0.99584621459190348
0.99531080477078271
0.995346606352702
0.99508272457545144
0.99509815148605563
0.99513356582500101
0.99505811440565584
0.99591350100217735
0.9961906108457641
0.99549244965288586
0.99515782047669721
0.99597205712741421
0.99488646253566437
0.99482277207000613
0.99374835218997271
0.99475137180248963
0.99554639543613166
0.99558969105317929
0.99552050706685868
0.99553072113159835
0.99611981958672768
0.99704797933299028
0.99692495147763582
0.99768884689933801
0.99718316622358627
0.99703299389974354
0.99732297697567163
0.99725067115175736
0.9972980301707548
0.9967307731666224
0.99676073210900318
0.99659567504081292
0.99605311337463465
0.99616429232992354
0.99642440336202198
0.99657777016696836
0.99565960235294448
0.99581601323995816
0.99506387166994981
0.99543524248305737
0.99497323657215575
0.99706567973264315
0.99850951094286589
0.99838662376000753
0.99776622032342499
0.99800200850860687
0.99791489976772951
0.9979389996508331
0.99835021193212159
0.99830744761647083
0.99713134392504921
0.99718312150685051
0.99679135531135332
0.99628480570871492
0.99658459608277516
0.99685976142212851
0.99766287245912211
0.99773674242132437
0.99744607682603359
0.99840311579967689
0.99874014516217524
0.9983202486512448
0.99838866617181166
0.99867490852218754
0.99866445669281034
0.99827876778543578
0.99884415688036809
0.99869022802760965
0.99894754736365432
0.99877799323218208
0.99876397357765101
0.9990940146624725
0.99900136122521555
0.99897706776050799
0.9982640831534807
0.99843714406846573
0.99811217456105195
0.99850157657582317
0.9983238980876411
0.9979621210002293
0.99777674243564785
0.99743624256070762
0.99770389074330379
0.99783108409868682
0.99744725689250224
0.99898287993740664
0.99911117529368199
0.9987718579209014
0.99887076820578435
0.99860937939605443
0.99903393840635313
0.99876144602546457
0.99877207504115284
0.99925506620592941
0.99903702762702951
0.9992055183025228
0.99912763194307819
0.99911266062451209
0.99922034327535436
0.99906001009310197
0.99823773948869343
0.99856587780906114
0.99756592111652176
0.99740981928973582
0.99739995304643991
0.99831514715449077
0.99817332906316569
0.99788712305787908
0.99817665135832012
0.99836445479819158
0.99864922921788279
0.99864775965562591
0.9986275691547557
0.99919508718441541
0.99923575128895348
0.99907802327870254
0.99888732502084177
0.99894649726917617
0.99917141720977942
0.99910624056943109
0.99900360090746887
0.99874670500257312
0.99897701734832356
0.9987591606090479
0.99893956210387325
0.99914742938487144
0.99876930728184043
0.99878468197831249
0.99864402882171144
0.99872020512334436
0.99881636760021764
0.99865839449221316
0.99907189897931037
0.99899754607403146
0.99904382580751283
0.99887036951938357
0.99898663384103192
0.99895704525276741
0.99918166925021601
0.99894037610061459
0.99867574470434872
0.9991126430089472
0.99893839537102169
0.99883122712154204
0.99900649018210919
0.9988827461171621
0.99892718978709327
0.99887274356286193
0.9987562484500464
0.99895737688633746
0.99912259786736468
0.99904373283151759
0.99863574957698642
0.99808444910568539
0.99760337190717063
0.99738100268636243
0.99733800365611447
0.99747788540557369
0.99797738283265369
0.99794378043294885
0.99799910600041408
0.99802200305659772
0.99838064207860888
0.99820077384407713
0.99869958629553124
0.9994370321468965
0.99946991744315306
0.99901726608885144
