0.9973841363912026
0.99756960003537176
0.99668528205147389
0.9970426392370616
0.99665796200627232
0.99821257778682504
0.99792412565568744
0.99873853254894984
0.99874536865120245
0.99894511100041949
0.999023592894144
0.99906008214963005
0.99922916606790735
0.99906102886091919
0.9992450181607494
0.99912124919327727
0.99913198561483063
0.99901297925402077
0.99914927960724975
0.99870973856125234
0.99896692720861135
0.99885211413359554
0.99875607474940098
0.99934364908698659
0.99904133303546994
0.99945367945923624
0.99909348801713871
0.99922668059052722
0.99899407226538051
0.99923987843534312
0.99933087657907849
0.99922210703171466
0.99940583363725999
0.99953475825986127
0.99946383165970198
0.99959982679331161
0.99957627295825435
0.99943773671664837
0.99962017928574021
0.99950988313797406
0.99961040248842237
0.99961832867099532
0.99955436074368154
0.99937877898016836
0.99923862359840576
0.99906437219429967
0.99943710668846908
0.99929439577501977
0.99926469087363456
0.99912825716337028
0.99925771427303256
0.9991380148255361
0.9993328605468117
0.99937064773866746
0.99907847672184746
0.9994687504697416
0.99935925379330315
0.99929935165714512
0.99932329653805863
0.99905138211446132
0.99874860825871437
0.99819594842215964
0.99807650546429971
0.99860630510077419
0.99893174154252096
0.99922150347543282
0.99922672681224045
0.99925820822019673
0.9991694367026428
0.99900303131581913
0.99901669330117804
0.99903605354864511
0.99903016169050152
0.99856996707979595
0.99865135431268404
0.9982605288836417
0.99795586870960595
0.9983221739436885
0.9981366319063848
0.99833118374458141
0.99811905377550736
0.99789770546641254
0.99749499669814679
0.9973978834778684
0.99708082334157855
0.99753891228719349
0.99708445399030909
0.99784713094407818
0.99786665444834266
0.99738418147987074
0.99747077984414989
0.99849177384289722
0.99868611564296383
0.99831063796342323
0.99767106094086855
0.99785875774083299
0.99782293839818537
0.9976819358192045
0.99772052322207982
0.99904664825159428
0.9985505243400048
0.99850872119217793
0.99776942086560116
0.99772173947662257
0.99723077925273207
0.99765231814981425
0.99812154039809942
0.99799960164487111
0.99740621803618679
0.99733869205788672
0.99670204423399333
0.9960183332631507
0.99586927530519997
0.99597295312217227
0.99534969882909152
0.99438563855508255
0.99281489187729721
0.99798505428812212
0.99884985651589309
0.99845075808184747
0.99802200344972947
0.99829712237583212
0.99857131496455753
0.99832912325142098
0.99828608302577049
0.99811493946879659
0.99817642141505725
0.99847120568313497
0.99870669230403053
0.99875919120688539
0.99886511998454397
0.99872730580375024
0.99852133109157581
0.99789863281360702
0.99757213759042807
0.99713326885047349
0.99706336760363112
0.99648653725306524
0.99733096852092507
0.99714254233115096
0.99772885549570411
0.99768127279478058
0.99825376631248353
0.99903253291274319
0.99924269628623219
0.99914154127769639
0.99937314292568447
0.99934789373388278
0.99959905143328565
0.99952101870406607
0.99930569307880601
0.99923682969588901
0.99908165172983121
0.99893813864484604
0.99901196630671085
0.99878747820608405
0.99879514828443317
0.9991842062022176
0.99872720026341033
0.99850620918948219
0.9989945414809791
0.99902750982730326
0.99873940314224385
0.99889603407821115
0.99863566944335513
0.99848896934465092
0.99847208457478831
0.99866861371938687
0.99864862875618499
0.99832219440926984
0.99819213989085931
0.99847224959110858
0.99849674276952693
0.99829323579866969
0.99818342027524209
0.99828948579545318
0.9980568250776749
0.99749220985184739
0.99722659964227878
0.99715969062377996
0.99818536756606013
0.99811619583997713
0.99841618874638893
0.99809777212876916
0.99830463813722981
0.99801891188599989
0.99814155920701453
0.99784537527472905
0.99777737988963811
0.99865910598747676
0.99868913644675172
0.9982865947041889
0.99833602948618183
0.99776448113968552
0.99801225635758628
0.99744531310476547
0.99898748442416918
0.99867311682491544
0.99869535471412418
0.99884079048257768
0.99868239129465208
0.99866317573654506
