0.10464696030033598
0.054120505109787199
0.084905773244359495
0.048617859381929723
0.038071228902561823
0.075323676686039856
0.13741803247481335
0.025984019895276489
0.16479532110051764
0.11829002833045815
0.092855054331437065
0.13166672506752364
0.1541925222160683
0.092787566573206262
0.15109057416739657
0.13229586110850877
0.1132103225784698
0.13663810460322243
0.18185653566021154
0.028371632692516184
0.024094193531768903
0.13720192895802505
0.0168064886630604
0.15256464790105431
0.1362475781399432
0.19581547961036938
0.21416804029239692
0.16572816723867667
0.12717512518454638
0.14271531242807767
0.10551081126625686
0.11215520974134675
0.035504509984201599
0.14343741135093196
0.11482052968774577
0.25583680972987655
0.21409769118271124
0.23388342064217638
0.12433728309783884
0.12971798025934744
0.067541048514113702
0.053848931517766374
0.043795634212784075
0.14288918995961392
0.11820973359928588
0.058991643761304328
0.14061536642489328
0.12694901052687832
0.15244148779844197
0.1289252608755232
0.10426174862176298
0.065986581512474801
0.049541925994466988
0.16709180546807656
0.059212958119747243
0.050126650458024509
0.071366888456988062
0.11436135514891396
0.087853241543541377
0.11701561660151426
0.073327271164076391
0.050777045201043362
0.10851204882299971
0.12971860191926415
0.098022264143926188
0.15814779012211097
0.19611778079559983
0.18997176779371272
0.1813170983445479
0.13119414822856099
0.080915722987750419
0.064429503297300725
0.046056989165643596
0.055749724465254689
0.12106562373569647
0.10902462815749976
0.05822843011686709
0.24804643375362742
0.21066357519078033
0.037486561051374934
0.13785122194937796
0.092231431697770552
0.19444954686823654
0.265052925801053
0.20815285454731766
0.11647803995595209
0.14113392477416375
0.061782992337933884
0.11600385180232482
0.090338820181213308
0.14447690558369897
0.14369041991474921
0.071960535842116688
0.1980642150650368
0.11579831480535731
0.1153715667978758
0.12968859355959633
0.080797675258029791
0.040918398969316531
0.16758592565193683
0.04828513485307389
0.018097187857077045
0.10432568888540224
0.066380435949489142
0.11832179549454813
0.058978483890724118
0.12308464837484001
0.18897872351811035
0.15780454874349484
0.29537844638185723
0.16193397166476664
0.14830910769012789
0.12075991478181528
0.05289215236152571
0.18803404599337817
0.064228714477620769
0.10608636839443582
0.083260003698421056
0.095156222226909587
0.048113888237049346
0.086976161889878209
0.062878138230065411
0.1078316667053843
0.046921427932154848
0.10434555080563743
0.14338867407565847
0.13205931323472347
0.13824052680970197
0.068176684709764138
0.086949750273288912
0.12239065176591761
0.079439999611255876
0.13323717466879648
0.037916335227000553
0.091383032096523639
0.1753601132811935
0.1660838885513034
0.049992616802367641
0.093988183963648886
0.11546121707826262
0.16584701537072799
0.047875291633884667
0.025430859181409554
0.088123460713839905
0.062523464283267813
0.11045558711870108
0.11390765100429416
0.095867355651881592
0.022385405786919881
0.063305476449018433
0.223674258424052
0.17755644831903261
0.18242369292799435
0.29005740641494632
0.069809898185331148
0.045706848373834423
0.024544386686167388
0.099218061265471724
0.042010862653839617
0.084767645224526608
0.13778718979407054
0.074579863501079438
0.077372771218024966
0.040279907218957828
0.13453073414609354
0.032942717559334291
0.095320141078677548
0.097299107450318556
0.082870581682615477
0.090105894873293069
0.15554690349019898
0.045436633371527438
0.17780392089714808
0.13139557105055175
0.027969899499832751
0.14417445914410407
0.15822307078100425
0.10606081328565027
0.16483632734015055
0.091646001343418201
0.12785080517822051
0.085338072534339476
0.082915083899945688
0.049459996799783239
0.1233165364386279
0.15468523274069487
0.062785603126353923
0.1053181105446763
0.016910246650346853
0.022675956426305932
0.10609919585668239
0.1722543416477659
0.11894274971837357
0.054000848942841337
0.057890771721432324
0.15787463386833744
0.12250740866539518
0.19486468652140684
0.10107683771116446
0.14136637318837197
0.070863839722984462
0.1633887651590554
