0.0070203069368000824
0.011924615630147857
0.033144013890305996
0.0041856090966752449
0.021668073862043894
0.022558334678878755
0.01011323724207514
0.032939289461882376
0.0086067443702426659
0.012082772180434066
0.020225795863708471
0.004728381746779353
0.015770518628991231
0.035109454026393157
0.0085140933161747395
0.026990847308724121
0.01084997868141058
0.015804576231371107
0.0038935450840589698
0.0051040105766638911
0.012038344482103128
0.022573725516187439
0.012162473096174796
0.019465259450203123
0.01394554294886534
0.0056575779147718429
0.012608073066973948
0.01540659929983593
0.0078017966354578232
0.012546157314670672
0.02231892079322248
0.0096477556478796484
0.012270215817330199
0.025991231611248219
0.02102470780294572
0.019553854483509263
0.016815847805231238
0.027349857994454777
0.0069153221397556626
0.01008281038862328
0.021724650866502798
0.014128222812263032
0.02076545194479773
0.006340627987980115
0.0061177087139422165
0.016327483029030469
0.032687885813931755
0.017213660432738663
0.011381500703477774
0.0059324411549913072
0.012059031639586177
0.0091829484811057627
0.0093083522568798011
0.011558236534860912
0.016114503005810858
0.032008785276804355
0.015393821064795837
0.0071734761112641644
0.008455404353018078
0.013630033540091418
0.034378965153635435
0.0054404270254020072
0.019658938780157124
0.03231538364800722
0.024657597003736337
0.0067682003425859607
0.016839624622605208
0.01694508979460102
0.014901796228260961
0.0039505150571116929
0.010732148603364749
0.0052942945644919798
0.016072612861963417
0.020920464002398918
0.019768871648024502
0.0055245394624507402
0.022943601281170439
0.0065077497152594465
0.017740277801829293
0.011652389588369474
0.021832621495443343
0.014094405718404824
0.016092654193338152
0.0047038990739893321
0.018978324646460831
0.016586541062734311
0.014826433294736759
0.015445337927958035
0.016490022819537042
0.011477685585818374
0.020160084751944845
0.013880892452804727
0.012161095267086041
0.013898135331081973
0.017646550789886424
0.015105775938989933
0.014855888730963678
0.017554144888284245
0.0081773278200921971
0.012885719455691958
0.0071411304280080429
0.022305727540680369
0.022034735806245747
0.024283133022347088
0.02794609645415309
0.0029313386427996355
0.01675545954191884
0.019818498712532204
0.0097867679195810624
0.016471912845400741
0.0031005089618379284
0.013638623011316678
0.018393517792926369
0.017696129756425278
0.015405738050043841
0.01380311794423632
0.020619200707813205
0.020258483415994066
0.0095507766810974948
0.014485254227956006
0.010256347632099044
0.014121010205003674
0.02727198980820272
0.01335878616704167
0.020303902752137191
0.0085398734088098609
0.012484773324490007
0.012091051781617857
0.0088311689686060187
0.010566901280515533
0.027227142001573817
0.018404415942004371
0.021578336353756826
0.02249715271314388
0.013424324143295746
0.034236632830254687
0.015130077638403822
0.0080038293892611689
0.00076664382173060285
0.0071134588803697741
0.015644225802656654
0.01021157669330691
0.024962414735276345
0.016573665385861604
0.014746525342322183
0.024177127831098238
0.01002246414198925
0.017819088396234094
0.0058003119576353016
0.012231194657232531
0.018470934781582484
0.0040899537688779495
0.013199131990799039
0.012397694782359759
0.012235544756808863
0.027146406267145998
0.0099066869050006452
0.015750390033212259
0.0027096981726605629
0.011499950863979522
0.0040809650108182601
0.025530905192757383
0.014600018593401801
0.0017806666426924626
0.029266809337999192
0.0053157102816952786
0.017742660540435322
0.027355545111054289
0.024604592246313412
0.012046872484365196
0.0291535056761223
0.028374118690311378
0.010314263269220567
0.015340536407547215
0.016463212329517116
0.015682729280200564
0.017554073347702884
0.022742909076256264
0.010893946065710198
0.008273830914572608
0.030260993647443436
0.0061144824862683286
0.012631790222229013
0.016271832064570679
0.011960452882783877
0.023293755546178439
0.010608029216015257
0.010375943686443042
0.012248368209996472
0.025820240813728124
0.0071969049276246581
0.013756107639562483
0.010194385925301738
0.017761896230328828
0.015436780290875342
0.01698618778745925
0.018103934066145137
0.0050213289848999986
0.012077396642820563
0.0074025591046450638
0.033014428582326012
0.0036176315967000167
