0.9997377050942855
0.99971848047242196
0.99977146444370113
0.99972216270266578
0.99969837106661474
0.99963103135747267
0.99958384132990186
0.99948572374520861
0.99939424323113368
0.99931612207187204
0.99930275195517637
0.99924778112265367
0.9993083583019271
0.99934801349082281
0.99942369448766211
0.99941716275651671
0.99945888837396235
0.99947604379078159
0.99955441329231187
0.99965118470976022
0.99962669303945262
0.99968844711104143
0.99969873956708633
0.99966309181887691
0.99974205504431668
0.99978708056389043
0.99980443247349404
0.99977849645656369
0.99979874266434776
0.99981624353706322
0.99980559011952364
0.99972133922991357
0.99976824480417692
0.99971904355406827
0.99972171968525259
0.9997234982896186
0.99970222274402298
0.99982087353788018
0.99979602762735453
0.99973286805610173
0.99970528496506761
0.99977583074709686
0.99980096996579981
0.99972400358483404
0.99965130766896215
0.99967089169764112
0.99962451105033723
0.99970768529236598
0.99959441580442965
0.99958108499167508
0.99966761887062017
0.99958421429009825
0.99951106923120858
0.99950475997541488
0.99952326675870584
0.99962080343466653
0.99967205691284011
0.99979211579888605
0.99977116807875077
0.99971681152667435
0.99971169923348979
0.99975807108848669
0.99973243324686978
0.99975673802531018
0.99974813015305852
0.99976445219168897
0.99976413457484037
0.99978331438698531
0.99976311662164263
0.99971664388845716
0.99977612636684554
0.99972456801887055
0.99979130798481841
0.99976926167250157
0.99971202931119174
0.99970319105919803
0.99972531521036456
0.99970376985357912
0.99967499774182278
0.99964674532555775
0.99963048383889141
0.99958232336216823
0.99955748840133274
0.99964634444741574
0.99969561111008376
0.99968360953669366
0.99964594199096546
0.99966977666864876
0.99975294926184455
0.99976738489790251
0.99970987547733359
0.99970006628670682
0.99972754649421747
0.99974392782712562
0.99975883185341807
0.99970127819896837
0.99974341119314336
0.99970256778152
0.99960465222814032
0.99958055983637761
0.99956432979947429
0.9996611952210791
0.99953263598960729
0.99957095551317154
0.99976722500709359
0.99975771788585188
0.99976972831772548
0.99979602537849999
0.99976092210014589
0.99979115935224516
0.9997552109936072
0.9997573231189063
0.99967445927164289
0.99979432798577683
0.99972011541202077
0.99962963008290207
0.99971524783633592
0.99973819697631727
0.9996917795870971
0.99975219824239447
0.99972896032843261
0.99977734134213458
0.99969989012559735
0.99970489943045771
0.9997284299387228
0.99963258844305181
0.99966311883099812
0.99970542306005228
0.99964912723179999
0.99939005459153596
0.99929737755556325
0.9993366067886581
0.9995462782336626
0.99950923599926822
0.99939583641426355
0.99931441754961048
0.99939713976617683
0.99935422263087437
0.99944598232249537
0.99943401958936573
0.99946792664473949
0.99954957266662925
0.9995378665818212
0.9994558351438203
0.99936242121422147
0.99928333542137193
0.9991565982689411
0.99900279091914956
0.9991767057692289
0.99925894534981707
0.99939973814906446
0.99937509371313271
0.99928601929206462
0.99921423149782407
0.99927168274859868
0.99943360645445023
0.99954428290354069
0.99967007215999426
0.9996490187312298
0.99970852144927791
0.99965127514918528
0.99972417428344784
0.9995827309455747
0.99968231971708443
0.99968218421446575
0.99969057550380291
0.99966992395794785
0.99967357633186205
0.99969255655543587
0.99968806459193305
0.99962913158413058
0.99952871264761511
0.99954989770088198
0.99951050208153547
0.99951466268646949
0.99943131768800753
0.99956643315025129
0.9996546584629693
0.9995755953369605
0.99973088984338865
0.99966218576954768
0.99964021971249029
0.99969308988793282
0.99971723816314351
0.99973857150788936
0.99969308053298922
0.99969315480316123
0.99974217561258216
0.99977257706899725
0.99980933205611267
0.99978512103070993
0.99979192046179644
0.99980992628282384
0.99974654189510614
0.99977052610341599
0.99984495857794364
0.9998352525479165
0.99979826697844043
0.99978353036514411
0.99973424430259461
0.99975235502248994
0.9997158832173676
