0.99954567454048215
0.99949207335095114
0.99961531566778894
0.99954454529784309
0.99955306108585085
0.9997129878665646
0.99970660655721599
0.99968864039597016
0.9996602204455467
0.99969462968069989
0.99959062065243265
0.9996043097866808
0.99965771309412887
0.99961610067768314
0.99950533482387538
0.99956470211809545
0.99959644290097027
0.99955270042224342
0.99949261178729287
0.99954582654107904
0.99965943819662684
0.9996598553026228
0.99971655233688561
0.99968377013474574
0.99965315349361139
0.99965588229761149
0.9996995655375629
0.99971347549882106
0.9997064238438329
0.99971142890030318
0.99975903924857934
0.99977798244503069
0.99974283443190226
0.99974818035794777
0.9996747553729014
0.99976962653833867
0.99979196668900705
0.99963460684464189
0.9997469838134394
0.99973980877358481
0.99973835003225797
0.99976845410514903
0.99974776568395962
0.99969861380773817
0.99983133103061439
0.99981504455680359
0.99981079020240216
0.99975892599295479
0.99970316100379886
0.99975201511672473
0.999771897282281
0.9997032179186145
0.99971515177658066
0.99961190650424658
0.99963282614132876
0.99976800529510435
0.99968342016247103
0.9997124169805145
0.9997016154494095
0.9997083180636317
0.99971343576208727
0.99970312345780687
0.99969289937866446
0.99970647016640357
0.99970608612736767
0.99968500083660428
0.99965839549403723
0.99978368820075592
0.99979752555760737
0.99974373885126611
0.99969252185462787
0.99976474711769991
0.99971992063032744
0.99974230283545495
0.99980532966338476
0.99973270847663021
0.99974661760393357
0.9997015249055955
0.99969352621148933
0.99967093677238006
0.99972056727333991
0.99968482706559081
0.99961214523375208
0.99959551468553165
0.99957119712431519
0.99962982944007961
0.99963457308155745
0.99972451850740596
0.99973379778829075
0.99966350834116124
0.99967928606799727
0.99967739890422713
0.99966988683912972
0.99973025517820979
0.99974382792585259
0.99973290124720904
0.99976539381215213
0.99978631908124937
0.99975510202275963
0.99970516530320341
0.9997032116490181
0.99972831550182739
0.99966692296102055
0.99963074260328355
0.99964772772469057
0.99965941447334761
0.99955998543008528
0.99964163861595734
0.99963189670799446
0.99964070632031088
0.99969657643908194
0.9997027127445649
0.9997289179882346
0.99970499423269465
0.99964578879299126
0.99966690822387472
0.99957020083981341
0.99964223223231941
0.99967114747917829
0.99964755509735881
0.99975045007696139
0.99972638618622411
0.99976045490341114
0.99970854625540251
0.999778836156757
0.99979668779620678
0.99969519398511131
0.99967085199703498
0.99966563390774177
0.99958992733367635
0.99964392656525236
0.99971189017939333
0.99965886171837715
0.99961860962326587
0.99957128324875244
0.9995540936770988
0.99966390927981941
0.99970585627931452
0.99980284555961141
0.99972814655581821
0.99975044142644309
0.99974133097902085
0.99976519103983597
0.99965352556534759
0.99960940433509482
0.99969149194659934
0.99966250789407818
0.99975442748420817
0.99977176979240912
0.9997121807063466
0.99972834945379974
0.99971966263047662
0.99969135360132888
0.99976393195696023
0.99978582497634527
0.99979976342014243
0.99980386395182053
0.99981110115801619
0.99978087436508689
0.99979491324923753
0.99970545711208725
0.99971458225157495
0.99974246649400611
0.99978626796678993
0.99973337549358421
0.99967879863927089
0.99966977490382813
0.99965845361936589
0.99967532613798404
0.99962451645408978
0.99968612677894708
0.99964283430997913
0.99965151508811956
0.99971882619091845
0.99973911117733916
0.99970700369447052
0.99977111672710062
0.99977966836314991
0.99974977003218468
0.99978066142766986
0.99980712860902032
0.99981393785614614
0.99977731914505852
0.99972059351884701
0.99967653888862051
0.99967648403391796
0.99970006455542215
0.9997000063598076
0.99972187544316804
0.99973855583253901
0.99980954595072724
0.99979409994404855
0.99983908554025269
0.99981921515250061
0.99980498660767281
0.99974703426108313
0.99975767304337648
0.9997500267334527
0.99965817317498595
0.99963514060502789
0.99958363669743799
0.99982883843963288
