0.99978292467875907
0.9997366342493893
0.99967877208559552
0.99964585013139884
0.99969654958443488
0.99963935179219643
0.99970179357406685
0.99972071617963265
0.99967930197235855
0.99966537936131461
0.99965489996319234
0.99976937001625976
0.99981853751052729
0.99981259768458197
0.99983303715734728
0.99981351099393623
0.99975585674561362
0.9997746929005602
0.99977420590419674
0.9997306965660232
0.99968482191701391
0.99978059572046829
0.99975914513343522
0.999720573493594
0.99978262809842378
0.99972439836064464
0.99975413198858065
0.99971080496446296
0.99973624608040845
0.99972438527669694
0.99970706266805731
0.99964672652291309
0.999597183274889
0.99967000262844363
0.99972090114514611
0.99976390637572798
0.9997577706885854
0.99979460672821308
0.99978050941607211
0.9997482758645736
0.9997084483647406
0.99968288241267222
0.99973876517702243
0.999669657859941
0.9995696089467625
0.99938666150169575
0.9994178127579042
0.99949129635683176
0.99955904177562349
0.99953682126380561
0.99944906840615189
0.99943048760941833
0.99970196833092573
0.99961998536348473
0.99959804954681086
0.99966026135048847
0.99963780113941636
0.99958721777747828
0.99948717585630587
0.99953873125254888
0.9995458563187819
0.99951320667830212
0.99949074984966935
0.9993263095800059
0.99937987135534267
0.99956130485847272
0.99947043534355495
0.99939272962387882
0.99935421302309035
0.99939918728522525
0.999405852610741
0.99945244471859396
0.99942345782538755
0.999431683396654
0.99947781393709323
0.99944152157697208
0.99937715832849217
0.99933294569718845
0.99934353383488572
0.99949275013429495
0.99953638954990154
0.99964718194010627
0.99963978004636145
0.99956941208765349
0.99952355955861472
0.99950576312470163
0.99955281767899518
0.99961445070112509
0.99964677564227267
0.99954152130678153
0.99929443548258379
0.99942530719761602
0.99950860497709781
0.99942256819487041
0.9993930256015342
0.99937799150269491
0.99931377402229382
0.99915132256696571
0.99887362545494152
0.99889945494316812
0.99891460669914989
0.99895926892349329
0.99902319051013722
0.99902592494972786
0.99887676079638932
0.99898794333836149
0.99882942557797727
0.99906169270802747
0.99902473583981932
0.99895565365812289
0.99882048962741488
0.99873513972601535
0.99875549301401578
0.99919101325804671
0.99942343906210407
0.99968897336441653
0.99969606242750852
0.99963983602127882
0.99975369721044094
0.99975500671251305
0.99975368867600267
0.99961530062548698
0.99953304189949244
0.9994314416071135
0.99945116932638267
0.99938897027438101
0.99943936827118174
0.99952734070439464
0.99958786119477627
0.99955724869120288
0.99945195363826045
0.99950037990185026
0.9996178052404352
0.99957044109724402
0.99957576586844255
0.99961190355412588
0.99955360125107184
0.99956438092930822
0.99959099956658348
0.99953880963678476
0.99961706230341374
0.99950013315969
0.99956424431884139
0.99949703748377516
0.9995235298195384
0.99956530733325244
0.99949006632674042
0.99950870075540776
0.99956861147347187
0.99965230567880337
0.99966956228133863
0.99969150753703673
0.99971018964590297
0.99965733686274894
0.99968421778729821
0.99963098207600698
0.99969386668186844
0.99965551274736653
0.99965158857009151
0.99977211835666979
0.99973635084785561
0.99970646937101038
0.99962416072066351
0.99951131137283056
0.99946816218711954
0.99931431919528702
0.99924933467869559
0.99933871354954706
0.99928867263292764
0.9992645852716916
0.99915118787405943
0.99929043768090442
0.99932671526150296
0.99932962383354751
0.99933166944856799
0.9994225943407502
0.99948479919023636
0.99947477650255023
0.99944065262131987
0.99929020644392197
0.99921474071190353
0.99921871444350385
0.99924365538433646
0.99913898872598494
0.99912790443780231
0.99920949565059014
0.99918403664192157
0.99933649278871717
0.99929293302889521
0.99931661902374525
0.99921950617163546
0.99939923527850216
0.99920446675477925
0.99928625733204191
0.99925344699805707
0.99927966820695446
0.99917094271866624
0.99919891932876714
0.99916531996505431
0.99928876069403538
0.99936541948823132
0.99918294813429709
