0.10572959347552092
0.067673882052236983
0.072410175179907652
0.082365542212359255
0.10069663812299089
0.083364416462901575
0.055725820622034516
0.053299373240384675
0.046861038501031613
0.014372815283359153
0.040356199419419675
0.057718201506497854
0.054628254915796579
0.072314074199611417
0.033859626353217334
0.016293867408734345
0.059015942193238871
0.0373264452041061
0.1002510783874115
0.072121583778744974
0.10295628722295602
0.096941734158533743
0.1441245298632246
0.098838261962079815
0.054407187246041724
0.081582459906340846
0.035732424494794787
0.030650006634776218
0.013903093436260764
0.078133683416348312
0.077858825142736107
0.059239774171064408
0.050300794349355561
0.035869008962874906
0.072764794611748201
0.11995740295151096
0.040208512766554454
0.050241808434106222
0.12525300080169385
0.14626077824972819
0.020196434767017764
0.051337859807626979
0.084349001657215789
0.029432078151006357
0.014597992037418401
0.093543215643129521
0.11909343700437545
0.056644627450328111
0.093849513222239472
0.12177475543248517
0.06026113357949265
0.079631730014452187
0.12305050138375584
0.084254474347432218
0.038064125507246874
0.15439870919746251
0.070501460552155157
0.12472643592568738
0.08419567683413158
0.018963695215360291
0.039355411145775385
0.065894576476081684
0.067334159908352079
0.097388987426025392
0.035149235223439546
0.12314163353148158
0.029772440111618285
0.04504925274388704
0.081905477252940936
0.036542832570680084
0.065332926498092303
0.028122383661507454
0.018047196463671231
0.098505103792306398
0.044656922433414237
0.031287435543654159
0.08013652273897634
0.077531792682332693
0.065273692517376802
0.048962829553492335
0.044508218116058172
0.066148903572679441
0.048289881368537985
0.037702284330003964
0.13276814325681877
0.046017550043376168
0.070066808399638622
0.10419410663408867
0.12512099922217945
0.068705125675114165
0.104341978817211
0.074941880874930603
0.048198442277677819
0.099233631122561616
0.12306056733688657
0.093775583686323674
0.05662075788304604
0.085168114136119646
0.050074587635641377
0.11298331778186507
0.046641353039655165
0.076630585967870951
0.076041830215523659
0.015435750672306833
0.072544299157747197
0.029775739610409146
0.052536029558279206
0.0041899641960813205
0.055748444838932258
0.10893589433007281
0.068171413822747134
0.097531095396235792
0.14878422147260087
0.087753685266793988
0.091753419054189045
0.053024768580612253
0.034611394255158745
0.036238556224159793
0.071343433608940077
0.10346812151897249
0.039408176167120515
0.037721512277298148
0.027925966971428358
0.045310786650213382
0.088996187880708205
0.038564882156371008
0.1009132901335493
0.11737913456190581
0.051249341465437179
0.058921229203913662
0.082046337965576199
0.13079663444926989
0.12457832028401938
0.064490282420183273
0.020144921341212346
0.069968630382018018
0.032669223596457998
0.041359061577553528
0.065235716107699834
0.060804351060111367
0.041487454809444324
0.063659183788394746
0.098722236959505036
0.091140807883590955
0.084694397913581257
0.020472250335268567
0.050234210619268402
0.014873230307730974
0.071586994967890449
0.12581756823926865
0.10430395043721838
0.12585505460118324
0.097182892130794757
0.1091328889057647
0.1031742850815375
0.01264592675565587
0.047117486523756635
0.068470856423358747
0.059941264861213969
0.042912369099004442
0.11890762073614018
0.062601585992973191
0.059442839284105466
0.051546942815761145
0.047225240178414452
0.046784007029641993
0.016947576671350849
0.081237826267689092
0.03716994589006016
0.080637269544022311
0.12233412892134311
0.14980502802405452
0.055475173990045083
0.054381521722410148
0.064106122197540569
0.058801488796437359
0.018356708364869415
0.092699998334203337
0.074111122851266004
0.02904356692335798
0.035255400157395443
0.08472281320823731
0.077065683852240316
0.16884479754059301
0.15305740885183594
0.0873144705889672
0.057997526779657908
0.07467500978694111
0.036436475038328281
0.050536424565112335
0.090794668667932968
0.030121452589480586
0.059801641208834785
0.056489515172676703
0.054342347440790285
0.080069807102568141
0.036362640046861024
0.080951187090800791
0.061246110325191408
0.12530440557850381
0.075368471751404653
0.062350623515390384
