0.86278434600655485
0.86883800306999226
0.87605661805307644
0.91133618850588549
0.89447270798478984
0.86689982028959933
0.91613254431547875
0.92571603199475339
0.92679834928242522
0.92979533437473749
0.93566137155021978
0.91011461536632832
0.91583678670310975
0.91476328180127509
0.91653868354373269
0.88838552923969061
0.88073606048980491
0.85340276808385662
0.84892496248747995
0.8619543359147176
0.86124296070814998
0.90688848938907518
0.90585922127675145
0.89186955492795639
0.88020884993776494
0.87970269157143643
0.87802090930404364
0.87479032984308724
0.8542538743374618
0.88615057870711123
0.87410528588804115
0.87135722705225682
0.88431683734911071
0.93047343240949465
0.9136416258806852
0.94410430131689826
0.92987829357763085
0.93418649770655426
0.88720344502182225
0.87371253841232643
0.91063417339175989
0.90906650436333214
0.84626649060561809
0.92484217764913712
0.9245339049652096
0.91930900454640052
0.93056309435878126
0.91811563131768981
0.91001487037664508
0.88275325229777668
0.87381868779910543
0.90053830850150784
0.9024704184726422
0.87238290866868617
0.88281279142009594
0.84085129372421286
0.83646221645952279
0.92844084040445485
0.92602866874974232
0.91032379016648368
0.89741556157900537
0.9248156826991617
0.91042195620843025
0.93424736017292709
0.91931769027660293
0.89200327273976887
0.87966685585479076
0.85219366332093305
0.89281531368760447
0.88530379762170464
0.91800543861497574
0.90989883126965332
0.88831061299811254
0.912838631603065
0.90115680815755173
0.8771606300820024
0.8876138678694121
0.90459415116229591
0.914406795231402
0.90042291213930603
0.9152329607821138
0.91914001415714675
0.8852155966297951
0.90090072094483653
0.89035385563058045
0.88103236419050901
0.8637089876581252
0.84676593547421031
0.86443350338828973
0.87243753367002341
0.86784831101746862
0.87615806210471614
0.90156134253763021
0.89010290688444171
0.9021977895481742
0.90973045893995597
0.89823535582148573
0.90970873594653445
0.9080312633345794
0.92474735009900455
0.91107406632611987
0.89223838964957836
0.91633460909051334
0.92815686069669423
0.89644595651696601
0.89506965601756805
0.90679006445107824
0.91440561005394139
0.89905953216853907
0.9049273540846936
0.86510016184111549
0.87453426968411263
0.87904932425958437
0.88694481314629725
0.89739304058503089
0.90078901526307986
0.9040756058698407
0.88283864589726835
0.90502001747697924
0.89885194881625197
0.93798128269268077
0.9463121410999662
0.9479439854093944
0.92886785950247719
0.91290186581258492
0.88903791921168784
0.89757707877984572
0.86072505277624922
0.88120577556267055
0.89110087310842168
0.93076844934719749
0.93044865180194369
0.89065191747890604
0.90036943027832916
0.89558583003724457
0.93121448061646983
0.91154167889390358
0.91872052179743535
0.91248793518370552
0.91886089321475772
0.91518082363159414
0.92770242028341177
0.9180095477167286
0.9053116314203955
0.8819134488271364
0.90253047322052238
0.89990434157275889
0.87555401257500642
0.84511240095318896
0.91830083482588187
0.92504074304699391
0.94654192172280738
0.95034333914082358
0.9519392963175638
0.93049458943096286
0.91095315822681822
0.87279280890393618
0.92175713421943262
0.91314180745510187
0.91556326537730937
0.89488645885601381
0.89604895078744862
0.88280568408047999
0.89085824669928371
0.92777316250481401
0.92776399012170263
0.93408345115302327
0.9312716548396851
0.92576356803172954
0.9285980313040052
0.94183138314010362
0.91260783633876097
0.93439691085275511
0.90798838863800446
0.8730030185851857
0.89083776595132957
0.90195574076250051
0.89536743598261836
0.86145694403920292
0.83904402201518746
0.87286978739082244
0.87534244251297844
0.88314069006222706
0.90995967753439866
0.87483954445230883
0.87597698461528672
0.87880270952327144
0.86140045922781738
0.85140708027566325
0.8878372840678691
0.9004402269868641
0.89493862410485281
0.90804342468204358
0.89687882436210142
0.91859346928563057
0.90913081019090258
0.86058023533863193
0.90368130367946931
0.91815447812550066
0.91400243426220951
0.8775459701552103
0.88302858029730658
