0.84979342344252284
0.88142992625299565
0.88923027731846327
0.91245493736782302
0.88603659125205247
0.86830610151423937
0.85581515655886808
0.84072752808960616
0.87310341375936251
0.87786602651406542
0.89945158901199451
0.88989766345236676
0.90632574228800566
0.88194907189754423
0.88427153630211563
0.84900489460287487
0.83556568914962581
0.84723754127399686
0.84511278447300731
0.8362255958000907
0.86473933781648682
0.88937889782642032
0.92424710557085787
0.9197306429276334
0.93658814391957845
0.92931556022516693
0.91075695219602459
0.90615412028626185
0.88867765121246678
0.86095360888500205
0.85717761846094487
0.85657995267955289
0.85358215304285379
0.87981030375847324
0.89830971330576181
0.89769454731673326
0.896696976455714
0.91729099675162706
0.90929231498493213
0.92843124337258653
0.92334001355693784
0.93191779710444178
0.91020189253977113
0.92986382159742331
0.91165566060350067
0.90164200509421666
0.91122052355677219
0.90716593342787399
0.90068955105236137
0.85990470372155337
0.81103459873656392
0.84035208764281388
0.88366196389887885
0.84800190457958502
0.86594502772185222
0.85815252094514216
0.90300385934065686
0.88882324074292252
0.88849826062358239
0.92089000363910123
0.901203392115976
0.87067101521635093
0.85860917843777596
0.87510651142410623
0.92134254196818799
0.9135477782134177
0.92207641248701999
0.90936528871514433
0.90960110758260126
0.89395600391905583
0.90890410641217356
0.9309781596554112
0.88114879629747844
0.87298997376127396
0.83868529385568569
0.8699935439460651
0.85099517958492454
0.89284619638998375
0.92027821614141292
0.93773700545273242
0.9143683196967608
0.91486413111799114
0.91135214155590982
0.8688578121268139
0.88760231301936343
0.87219156921071828
0.87771175743290764
0.85492840628126265
0.85362734609157709
0.86694659929166096
0.87498287316873924
0.88326175225256542
0.86506538502192398
0.89419537881254985
0.87412424789256848
0.89518445711148342
0.90344203243621102
0.911215704226507
0.91927042696734296
0.88434211402706264
0.89660099565182916
0.88174528976899391
0.85574088243185298
0.86093142604995754
0.85426361981501031
0.8289596151421762
0.81999017249737882
0.84743767565422778
0.83343100493668476
0.81891094471664316
0.83618397579420234
0.8448718952754265
0.86563281211943255
0.88753059906943677
0.85209099604322203
0.82552495254313241
0.77323460680102685
0.80300918761595064
0.83465636111853936
0.81507042028444732
0.86582357462447657
0.85173420682560941
0.92068363924904795
0.94224031759356819
0.948562115824088
0.94303116385559771
0.92288753196690854
0.93532575310959709
0.93778904538430996
0.90943252440027489
0.85132666549304636
0.85111225934579571
0.8490648833418577
0.90145301815243295
0.94163440384611818
0.92759051826417205
0.91617175011848773
0.92067147529856308
0.92165795889541025
0.9220150048128265
0.92273127368083196
0.90673501214180408
0.9254509768230319
0.90575427952658816
0.94591395986985727
0.91566162729730738
0.91529096806644328
0.93392175935589361
0.90631372015424994
0.89993590617037478
0.87148390114294461
0.87262671071320319
0.89681448194982638
0.90580364905360899
0.88156792007708185
0.91751168463318922
0.91532324524441455
0.87136856113020367
0.89050714441686563
0.91003016944789461
0.89263501969225523
0.88276548820579892
0.87639824420254764
0.84873935697843983
0.82329942410731283
0.83332033152887952
0.80684324515090988
0.79046809291488562
0.8395196413749928
0.90667440410095923
0.90733081833250417
0.89429921663533107
0.93590853695133203
0.91854065131118745
0.90327982934050455
0.91305396265880645
0.90097081266149515
0.91566278833986348
0.91726985988010301
0.92357932152022437
0.92583242749362926
0.92099357819319216
0.9037841908478772
0.89103501767960314
0.87548071046781784
0.86759436787050093
0.82318986260067828
0.83435902355603542
0.87830737148783478
0.88670491358796066
0.84103446148635885
0.85712722644551376
0.8612215471297211
0.91236956409481818
0.89458366975160597
0.8776841610167283
0.84574147694827162
0.86986544018478895
0.91016787613931405
0.91241733116522372
0.90927569782760975
0.90928057175065458
