0.86741938028901167
0.85161565092876423
0.89707676502564804
0.90322938296811728
0.89035290651114396
0.88563321493639258
0.90977520474036322
0.88576397154210096
0.90427121697040835
0.87115292127926469
0.84340174258140221
0.80336813927086781
0.85773090245649963
0.87441489711316589
0.88469275317637819
0.84550247328107553
0.89972767841293699
0.8863189460491615
0.89782782463597066
0.88320994253992735
0.86899269074038465
0.8683129049002366
0.85789585820480907
0.84633514542770361
0.86014827689485363
0.86570982074273872
0.8797058543278482
0.89758329728771458
0.86336534740780413
0.85337693139159931
0.8573306504943784
0.86092918490307002
0.85416147201643322
0.87525461053267073
0.85125179075948199
0.82891129065597569
0.86012620495988024
0.87944003520952962
0.85742914878781307
0.9035525664433055
0.913341173671536
0.90753400980507282
0.91410698161394255
0.91266283492420541
0.87083022513123121
0.82852014368847371
0.8549481070816668
0.84953988661043023
0.81911180074378676
0.85970082147033677
0.89251281628489787
0.87886630454473347
0.90208358708949243
0.89982056141314959
0.9216639276235552
0.93615387066593614
0.92656512733999619
0.90305088766972852
0.90528566955430756
0.91111008499476087
0.91304169525187528
0.88432314218340402
0.87907852545382337
0.87723277041326497
0.87854919414847543
0.87446987482098115
0.86583873843225223
0.84952068230793532
0.8744132951404735
0.88304930443880292
0.89733934072235644
0.88469420369078922
0.88392678009911607
0.85482985963519598
0.8488223129356498
0.85481788002019943
0.86735407148044508
0.86785486549828816
0.87549950780182861
0.91768078771124773
0.92411513413498403
0.92035750542166384
0.91418017163679188
0.92661288645308504
0.93064464072068842
0.89440144281335132
0.91563924074680059
0.90803964400227222
0.88926156421854563
0.92030643131543588
0.91457330348437083
0.90230389664996902
0.88400246472044419
0.9297451445808228
0.90537386893379779
0.88073446705138148
0.83401149714096445
0.81535423215914304
0.83310543653972768
0.8015089633248168
0.83490720143131048
0.90517866360210419
0.91514536132263546
0.8992296057590623
0.90006692960687196
0.88712256587342864
0.88498249202761381
0.86995770490770774
0.89851886641186951
0.88413299284985847
0.90274257846055195
0.90493380684865887
0.91548507274200641
0.94100424505734381
0.90794500404574519
0.91013950514089159
0.91689032528503245
0.91394780629403516
0.9019527969982033
0.90117948453209273
0.91289289567111942
0.92756539084409906
0.93100760649481362
0.91595928444322772
0.92324077930563353
0.89553978454307115
0.87523069007260457
0.85575117276481139
0.82627752610389482
0.85212847342344011
0.87784138468598216
0.8814413546473463
0.90542309626042761
0.92166084550367966
0.92450494936530137
0.92847948168318606
0.9259604725113102
0.9301482444609267
0.90467387603243454
0.90763880534828956
0.87938321717003531
0.87451732629222234
0.86353968577281581
0.86803059939291893
0.87070486799010083
0.90173118934816776
0.91923643903344987
0.88924212999701879
0.8687093335014362
0.87553495693309902
0.92130702540624476
0.92109335369638212
0.89213648380062538
0.92296880506895274
0.90808472341724644
0.87708689863809486
0.87457391288855779
0.87876353679617614
0.91698373015279344
0.90595244710830725
0.89281004828077781
0.84868280198125734
0.80008043386889349
0.85666486534352004
0.91093545264722775
0.90710615955411511
0.91496577604609253
0.89599966596900893
0.86846160053392008
0.89870018327743895
0.89381530627737005
0.8904224563953782
0.84926634533043432
0.84940847304547584
0.89311373158844909
0.90678008302818758
0.91500794515828121
0.89499286738119543
0.91003414911244207
0.92945584483347932
0.92722968578170395
0.91316549382266265
0.92049604733125501
0.91012310467556468
0.88165074775591346
0.88024919421677483
0.84542977467408986
0.8888628935079772
0.88698639487189723
0.89671331844145008
0.90289393686936825
0.88978533890395417
0.86875092320485359
0.87256519881718619
0.87951822802503365
0.86745889701633649
0.88886776339728835
0.86513090172156659
0.85082863997526093
0.82789069098361356
0.89624479644132726
0.90049000420315239
