0.0053100528501874491
0.0066932765913964862
0.00230788766683078
0.0032200561258474091
0.0048719703139717841
0.0048734789418784924
0.0056676381436025144
0.007460005706138432
0.0037862540239222454
0.0095180097219270364
0.004393060541388401
0.0088432879607955456
0.0028196362564984552
0.0022152011630603486
0.0049298398329679716
0.0059262432878585125
0.0046793910761955323
0.0060679876217093259
0.0042177141752238979
0.0034177599699251153
0.0069880821419954914
0.0019293094715077813
0.0083421744009271465
0.0070382323473428873
0.0016418498892566706
0.0067010374235356501
0.0061461317471019983
0.0039770797517488356
0.0019974737988976946
0.0068578378746211909
0.0028327736181373306
0.0085435908101949946
0.0076263901817824817
0.0068876707567821745
0.008220870578026002
0.003188429596670911
0.005253193243521732
0.0078299825805587305
0.0071181422294615392
0.0057632000577913052
0.00508350550076659
0.0076254867711888635
0.0044843964927412132
0.0035278905434900192
0.0022802280506031159
0.0032990703737526376
0.0036145642106480331
0.0093670583678914093
0.0081246477982088901
0.0037781407340038787
0.0069560653635918892
0.0076390186288444357
0.0057068692455359725
0.006783194264660908
0.0011529855531809336
0.01081904325318451
0.0040578248110551126
0.0071377535026027998
0.008992699496388248
0.0077547376712752717
0.0074822099393812491
0.0058356329018553234
0.0035715878539511964
0.0077142727217187155
0.0052483196111012586
0.0068227449551400187
0.0060412572524380431
0.00083964404062419591
0.0067368837403944445
0.0043938609809602795
0.0090035916302831313
0.0096879058270098253
0.0019425577755452957
0.0069171106596001772
0.004580815569966562
0.010115645682260322
0.0055318191981917142
0.0061557966441430816
0.003954410007224231
0.001899177911839112
0.0032038673654828215
0.0097320982459115097
0.0033149613027500659
0.0088556265363006811
0.0075289562315728805
0.004271410400410177
0.0042834298460572608
0.0056048628689404295
0.0068787253859801493
0.0037743235448234559
0.0044773805573128569
0.0058642078386275734
0.0069861679192190279
0.0042490221936568031
0.00253447898298926
0.0073189272297746362
0.0061339422068938838
0.0032734716204580704
0.012718472795320825
0.0019080778574442601
0.0066307141244050707
0.0036181645822118327
0.0010780241841791269
0.010328698014857215
0.0093033111641270504
0.0076456471218159265
0.0023327871543781264
0.0037602185712907782
0.0021835982061350289
0.0019865950811645589
0.0067705657513931327
0.005122058209339456
0.0083508100797010428
0.0056712409250544629
0.0090108495392918816
0.0034314046340219845
0.0085397100712256997
0.0067887404376295816
0.00097917629584687717
0.0053178803394151207
0.0010383326849740229
0.0051323563644538198
0.0098155684990177145
0.0033995380340877692
0.008594494024813085
0.007832560849579031
0.011599263699715414
0.0041694059505885551
0.0057807196518098874
0.0026893125925695782
0.00096451196831159067
0.0077760637101553223
0.010882217266962251
0.0079384322328985187
0.0039685039017150854
0.0047443921005004813
0.0024769824071310441
0.0044673906633352269
0.0098577875216851636
0.0076267297079489465
0.0050249295508156986
0.0049959603432117037
0.002310217195735645
0.0087029234580171533
0.0026062658062032426
0.00074955988988281621
0.010807402293410741
0.0044629379754348285
0.0078557702160817634
0.01019223803485788
0.0066828895780199132
0.008919315153397037
0.012787815370877991
0.0081393822270964013
0.0062471428975090339
0.005906477953089467
0.0036019189481372987
0.0028392941446453218
0.006986105333681639
0.0087908732047916743
0.0085537484701938039
0.010044932080942733
0.010305229472216539
0.0036316783476093278
0.0037069777156776215
0.0019778638182078477
0.0079041373193907416
0.0057216586964037534
0.0071758623833751362
0.0011062082452782626
0.0044985031939811741
0.0050278524356032507
0.0091843433068890812
0.0024854130508653728
0.0048003618206222407
0.0020953220248088968
0.0074037511685457625
0.0030952797220800449
0.0035627316746199714
0.0026604519507685389
0.0074070343460750808
0.0088769526525901872
0.0076669596567073509
0.0030596964887801459
0.0037672885767980201
0.00194692339812923
0.0038452490872056058
0.0017351175500329901
0.0067453731233133056
0.0042610082664540855
0.0060233945709421812
0.0078381830719819658
0.01182299633131181
0.0038977709313831204
0.0067239405882846184
0.0080394493958531286
0.0063404217102566857
0.0030989981778351155
0.0088237893066102635
0.0057208703771052527
0.0094253831306385961
0.0062077079540500922
