0.0043612872101937098
0.0060131151565224663
0.0074044382813645915
0.0032862436531996917
0.0027700743092259053
0.0071367026976739672
0.0063951329594250147
0.0042321128720528211
0.0061642586181025116
0.0097149216639550798
0.0030271109892584551
0.0060457922187948515
0.0030808785019119725
0.005642002729672837
0.0064160301703415218
0.0087088195102165318
0.0026684012635244505
0.0026834841600758726
0.0035352925754859057
0.0077462528062932018
0.0076907156290832879
0.0018234056326625753
0.012395258287174494
0.0026452597671391409
0.012161117456434126
0.0018289626542111958
0.0046048418044840281
0.0042804806273183628
0.0031562402246790712
0.0072023561872392094
0.0057746319290956031
0.0013029577145755157
0.009215852443678953
0.0044949455125357996
0.0086525035321639542
0.0017765922111634077
0.0050849926789046391
0.0013577159462777135
0.0034272508917895174
0.0091848100464562415
0.0036504414207200941
0.008605832809970012
0.0081479630991098378
0.0040416042684014632
0.0022517525630432965
0.005310204280558414
0.0061415614472245961
0.002160786032397301
0.010158336087032161
0.0064825146781353326
0.0028596524993125304
0.0079353161363093505
0.0078609175308304389
0.010350510797950286
0.0053874500122041294
0.0083099872807255847
0.0053077753370306359
0.0034652990705999298
0.0038387417355994773
0.0011350018659985533
0.0056063467056856522
0.0093973037296757444
0.00025042887576059444
0.0086591471549692257
0.0090155572975363554
0.0026164902199228577
0.011839260622465058
0.002645762671234697
0.0093608664042605857
0.0036860427241373543
0.0015315839885044688
0.0081261785076850359
0.0090469087613271222
0.0064974413546700785
0.0024708854509555944
0.0082442285656243001
0.0051583095650211772
0.0050954223462359215
0.0029572289338577647
0.0089434613379722437
0.0020617551514655044
0.0060944306493015384
0.0011858026001534195
0.0048635028096674481
0.0094703103238167816
0.0080114304756661991
0.0091192354391271876
0.0023440719675832371
0.0012052411257157047
0.0028985305342722205
0.0032299993208397553
0.010281368588610802
0.005397183587609879
0.0034295351407540417
0.0022695589459162222
0.012844960051858034
0.0052717330968159847
0.0041817428332935908
0.0070495648496991846
0.011376942544858019
0.011522539703352482
0.00059031727794870868
0.0039357074316426054
0.0016657391915211493
0.011425234523555353
0.0013455974833946581
0.0039378035051456615
0.0078045273367330619
0.0056499022384485327
0.0088751291953461566
0.00692404054983545
0.0084574152249270607
0.0055124290192200553
0.0088569697418830196
0.0056292792275808067
0.0063698109795467979
0.0072610899481225996
0.0030408367645586381
0.0073864263166090651
0.0026975783339974551
0.0049701752868266608
0.0094073989828510098
0.013257809961301206
0.0043831098146122705
0.0050337038152228611
0.00366060145793572
0.0041503031960728022
0.0023138633902152605
0.003506899976477303
0.0059973467130715677
0.0094891237836052071
0.0073843416093487754
0.005847355521320991
0.0050509505331393393
0.0048956312287015916
0.0082518577656572594
0.0066054004351070702
0.0017645253886452283
0.0084218604482196556
0.004229502818301009
0.0021360665257981444
0.010781342821497418
0.010246297833441366
0.0055881023865728624
0.0079626586747499981
0.0053852165138468782
0.0069650630126646034
0.0035648037086949752
0.0073223529516449259
0.0080168372203234372
0.0051035378799079156
0.0058309230023913163
0.0080954081779423658
0.0046064002065222898
0.0011034398253403411
0.0064763956013146277
0.0062038937528866647
0.0032695434356382488
0.010193033336118524
0.0053420995132574881
0.0029919269438830171
0.010786334044301739
0.0078911774135335625
0.0034958870951545843
0.0051553503589132875
0.0039664169865471343
0.010573202679468733
0.0035883404705263633
0.0048150058950181427
0.0050628444115176415
0.0076034212417371528
0.004384476391737285
0.0085888800378851118
0.0012228722099862405
0.0050568690561989321
0.0088763416805880749
0.0076872963999623416
0.011833679505539445
0.0051904640222949754
0.009157456030246508
0.009218300653048234
0.0038412140744052948
0.0018734164423436889
0.0085917275961246656
0.018516487963127513
0.0014154387037250968
0.0099393586478384883
0.0033713207522257844
0.0086603999212665119
0.0032665493922196796
0.0027855562057264049
0.0047872168851085337
0.011828384278666632
0.0020253966471671823
0.0049015741522565343
0.0052305515439641384
0.004886227624304398
0.0019302566416127217
0.0049084003437943171
0.004322245287779543
0.0023203132480666571
0.0051223696114078305
