0.019137184164474731
0.0090361774857872588
0.015164389443861545
0.0021129317949343004
0.02366711530010928
0.032832926945022899
0.01870438498229024
0.00086407023251546574
0.019522907017792655
0.024470655242420283
0.031465720792267768
0.0064355818254102611
0.0063229651465813164
0.0040620842922539204
0.022621194424755322
0.016055584793316625
0.005711005785868431
0.013336852788792222
0.020484389671510905
0.0097709722570741547
0.010223838798219823
0.016822919801068217
0.014519144366183498
0.0016230327112105281
0.011619619852974616
0.015565042208110235
0.011620012604611126
0.0093790502077696312
0.021947638817984699
0.015120498732792352
0.0079711214921438511
0.010286424391587386
0.014514960000222654
0.020860379769079819
0.019780265542047655
0.027003514524369433
0.029281810193783387
0.016239001150631684
0.016613507354842252
0.011946812162703577
0.0066878380243542094
0.040427491067059236
0.010894569587778931
0.019782547508467613
0.0063286516742575615
0.016706470365445356
0.033353869076711236
0.017852835591107365
0.015109724485245495
0.015378835117920426
0.01068793620356605
0.028113672646526294
0.0040819986629157552
0.05080793197639849
0.036002639819948001
0.02794692008158917
0.035741794363503915
0.027575984943073662
0.019497719176444762
0.014271952477265244
0.012644820009305556
0.011495526399972476
0.01352811735925428
0.027470936329686179
0.025052428300563718
0.019675879853915303
0.01395549539924917
0.024164649444721509
0.018460912199421337
0.0045298023915485456
0.029116765599843348
0.010116974808197824
0.021594039998168758
0.010956888848025483
0.047373767404586924
0.013943368075290407
0.050502252533098542
0.016163763083950861
0.015877612662130815
0.0097965850668845986
0.030104995908959629
0.031426110000891266
0.043006718681250479
0.024429953049357574
0.023049440353011777
0.011683615612459477
0.01913103923755129
0.046195547234256999
0.013326426507465393
0.023166801263935173
0.023537585095603178
0.014866448113112076
0.019457493230915581
0.018829156855425869
0.0055617073990813139
0.024586773170938405
0.035198981710718946
0.022551303701524472
0.021982443297905323
0.014290142195723721
0.016467612772175858
0.010395060811593795
0.024811487017245958
0.013505172213435198
0.013076725377027974
0.034306743239254624
0.028672801825957786
0.03047833174687099
0.011333409928444756
0.0065225651934136099
0.0058060445904736281
0.018215798810339252
0.019994322391977532
0.011263913073307302
0.027243452559152663
0.0075095111681731091
0.010832442624355371
0.014075336867184124
0.02799210254856737
0.004700690470053402
0.01037414314692682
0.021135901939270788
0.0059835244988032414
0.016086011896902952
0.012830054169649302
0.029014125375346221
0.01810918458870962
0.013162559660468396
0.014813354525339698
0.018718243276489997
0.039373596894050497
0.019322770260982353
0.032312022883932243
0.01081938887238971
0.0094946413177784388
0.019066018022946562
0.023249526819888039
0.029081589530469371
0.0070368400843342435
0.0017546639334668341
0.019471159578256455
0.021687959979023348
0.029480515511447689
0.007065658198825325
0.0034521410086515757
0.02382564406648183
0.021972267572760339
0.0043004260672478778
0.012803177262486665
0.004996343583038217
0.043990237806553055
0.024350466044142673
0.027424603496861946
0.0062455976935327827
0.01650812024259252
0.041884315284038735
0.011338848600777858
0.01276308010959872
0.014288978049313485
0.013365526654460063
0.031420997988282628
0.039171699590892679
0.017743941410233117
0.0064084989034188852
0.010267069420757261
0.01800594634296426
0.037506533008759106
0.0094335644729092883
0.021157052538561691
0.018085744852477274
0.020030449920999449
0.02939003699329586
0.038258825147791914
0.01861537948265873
0.012485349243330226
0.010299688015767756
0.023638174003423156
0.011601092938787874
0.025737432875441713
0.020104419474282237
0.026244396604558608
0.010685317259648532
0.033272264453623489
0.036048057274431562
0.010985912828791427
0.011499701861835335
0.03148272015321224
0.043154168700402805
0.017889620783561818
0.017436690370943909
0.034448888520783247
0.031501022314582142
0.016951274724541276
0.020135152197820513
0.033295423626933163
0.024312629078223853
0.024108594597290315
0.013413433625212055
0.014733825548860546
0.018021557566193103
0.027473385935402151
0.011188243405800892
