0.021924951333095771
0.005792412341218342
0.022606452940108306
0.021610280697545985
0.0096883827522054843
0.030809874752169498
0.046758742218501737
0.042423628885213123
0.020416779662827875
0.017371473093907148
0.033945039344768099
0.021241494706441665
0.026424952818831841
0.016687558225437091
0.0026499809938529458
0.035654892531104522
0.018084675904892582
0.026571948228226804
0.0066066162564664332
0.0089839853051756607
0.031185859004453337
0.026704577048689365
0.0099075664360827737
0.0071541456713658923
0.021247643538653271
0.017413325483764144
0.013048634467750153
0.013316079595821246
0.0037549967448699492
0.033361938181346959
0.012401852067578822
0.016367014872696147
0.0046555824416545455
0.028396103515859701
0.013059122019809279
0.0094814768202551546
0.012212301899923377
0.019301757655363461
0.022486229807540958
0.014843841644052974
0.045911004357992592
0.01095301281237749
0.028959475603836365
0.013416718750495762
0.0098750898898556285
0.022078245868980717
0.0051955593908221843
0.022021330933132691
0.00047677686535973579
0.018278568770524185
0.040801951701417802
0.016709418985587678
0.025319323226671846
0.018545509644487687
0.0061489054186603847
0.039338660183516158
0.0076703159219062697
0.015788927096527176
0.015041016662112388
0.0075404927123324163
0.0078247370749394123
0.036975503288504082
0.022738996799519694
0.013921615047548826
0.012109236356724163
0.0098540087426737099
0.01960776429520409
0.015933863368533759
0.0074727559828246474
0.015900391894263597
0.028491640799103535
0.045223153188727043
0.006305584642390092
0.021961460526091842
0.010303427662086674
0.0246677611982992
0.028496789398735449
0.021750284502145764
0.0086656077946831809
0.0041904382927041598
0.019412260290088291
0.019338499176708001
0.036948786210638511
0.028665630748995058
0.020789455599132093
0.026794592950627343
0.023490222018536219
0.024326993232545474
0.0074132906419308682
0.016447199822689787
0.007979207853752281
0.013120526172550951
0.0049015369761672535
0.016255826768937599
0.019192457851935969
0.02269768812556032
0.01897404445802104
0.021737650750908756
0.0029789901786116905
0.036532201963749344
0.02252176106085987
0.027685042684001553
0.0095901056928950641
0.014847313736334699
0.01764440102175836
0.011889170940242617
0.016537509836159512
0.0028415385048806241
0.027185012146277915
0.011142234605751533
0.009319456049313361
0.0071182165258825486
0.001713025868027146
0.025564578402244222
0.010696194292576218
0.028129436080539548
0.010058123447236434
0.01146898655839531
0.011310209632794718
0.019327038661973106
0.01442564250482292
0.0029270600708092261
0.0084598535706555174
0.029277644461175978
0.016280543334904096
0.009527159665074161
0.02199268542006268
0.008406985956554985
0.014499752944791116
0.022613774374769975
0.019101226526670172
0.0050212177262236955
0.012287735048235479
0.015856145583250512
0.017476924081989684
0.010032709468357087
0.0073873303934976721
0.015406053481379285
0.040817423154896205
0.050261936915843776
0.02973321017493006
0.014649924251581908
0.0083732309890574216
0.017972259395041938
0.026545171124767668
0.011001076007571392
0.021659204633086702
0.0084901354687514814
0.035869760548501065
0.016974841574496458
0.017976217853240928
0.024253375037692242
0.022393698525798086
0.015619772925017086
0.022224284856609221
0.012656743878023097
0.015112606544060381
0.01429824770882712
0.021654208962049941
0.0081095884168577194
0.037801281309723427
0.011759337738479167
0.026079772506493175
0.022809070556546306
0.0025582237664065807
0.043407239477010473
0.015441460513069875
0.039042372019182231
0.012216981275783001
0.0075056733650516782
0.0049937840155318903
0.0068802712886408017
0.020272907921031674
0.013377141500577351
0.013272066209561348
0.0099248953822379041
0.0047641842588628646
0.021791057067614712
0.012773116871604874
0.034443320450847942
0.01030347849515229
0.0067084284558819041
0.0072765925164537202
0.011132549925008886
0.023424291063544395
0.030306543175129819
0.018870362462965598
0.040097397018159328
0.028012831808502819
0.018035918544269881
0.027829657045481349
0.010050260579795162
0.0091248211189227223
0.01217596359585677
0.025657528431451849
0.011756607828157073
0.020854572088840818
0.0085054251463763855
0.023548461166585238
0.025338179793407228
0.013644075134978595
0.018430466383935147
