0.052671580112529016
0.011329347647089394
0.015503710841419523
0.030261980659440382
0.012049009054989013
0.012137531798528558
0.026920934530278676
0.017420585215486385
0.022232696231210661
0.027819100949933201
0.0049118652626542348
0.01530493135882542
0.024006903485739979
0.041488813654654955
0.020769084922186598
0.053906338973035609
0.038002698827197492
0.024210484954871089
0.020117853277608989
0.025150845217582502
0.022998117607895621
0.059785638947251876
0.023018059348253246
0.029424814491960872
0.029948392282233543
0.017460479107310675
0.017892152176514298
0.027807511409009038
0.007389618762805048
0.031896930361072537
0.027218474082731505
0.021412373162137933
0.038252146209893333
0.030307130879183915
0.019376141889301889
0.012372817545169064
0.010107866859258342
0.029834280948371039
0.025964225835387541
0.026358247269173286
0.0032311899051023778
0.0059243100322605054
0.026943114184687166
0.032069511482488433
0.025548654180199255
0.020471148474082542
0.052469534828050904
0.045948757359335221
0.017931140353684913
0.017294564252126228
0.031222993005807068
0.013650010473918336
0.015228561902282726
0.018602787272405285
0.015098348751831582
0.014761951857757961
0.02283645227271773
0.017415891065908771
0.015610167262444812
0.016542747185409934
0.028262009856997197
0.009138662619217898
0.028666013327609555
0.023634345624411378
0.044849732467080308
0.022133053637365549
0.007172479042836943
0.013965405270064398
0.023655789546283595
0.0084151147465629621
0.0081244226400035511
0.0057256823403937056
0.047857416402347475
0.0070404010451362792
0.040788756485821503
0.018162495084472183
0.0061570781722132175
0.021719981699334766
0.036431061015366938
0.031912599364664646
0.016465593481936606
0.030727210014370999
0.0089325901648889695
0.017091863945598949
0.026941056050759759
0.037544857444101756
0.018477368849381226
0.0087823144513509283
0.017210226662955345
0.023992785504401523
0.028726318940057931
0.025827412487340187
0.046252458580062682
0.014686110400161991
0.02769714150920476
0.015900845515083719
0.026844745522256543
0.027115199225293977
0.033154881388787909
0.01472868785606017
0.016821231004618471
0.013646320084767606
0.03912589871013393
0.0091635741213604086
0.0087297953019691149
0.022558516643627725
0.02237104429741444
0.012064043081559098
0.017280057192073817
0.0086168748404001124
0.014898211981329375
0.019758114244678375
0.0081942252509358132
0.047649954084881818
0.031884074233811587
0.0028900471530935302
0.02987575329871614
0.012721897362963787
0.028143687634950464
0.010717012183193573
0.015813702430035329
0.03026131566626681
0.035506182620231454
0.009269845990003021
0.010041273664294295
0.017222929627885786
0.013190695849958781
0.024410495736168242
0.028133927088917151
0.013889374566600625
0.028935482239074922
0.034113450580508173
0.015654140114853436
0.042587554838622164
0.014349649850265217
0.026810388195954726
0.028896953559928478
0.043408715099751541
0.024227401963859842
0.007302435489945143
0.026674385636872019
0.014833255395614231
0.041477166232129832
0.023027722551834152
0.01731417795075494
0.014533589051118323
0.015852560749026627
0.049183534354319769
0.03606207847063863
0.0095081690168336321
0.02413964784055056
0.037051103581848009
0.016976093941898952
0.033016035041456206
0.020076806821239163
0.0080006319103745217
0.021599932254560521
0.010324309950092399
0.011800540620595611
0.024748635517856932
0.032879768476156014
0.024254012266093691
0.019365507654135142
0.021484374753866047
0.022077960448804213
0.01542040770242652
0.015876744614054365
0.024595910849141277
0.016392449961656719
0.038575295273159685
0.021414904045086627
0.014007758110329116
0.036399860322139058
0.016611884043652624
0.005612906809582984
0.014015658583018989
0.0093850017486870052
0.016072514047527558
0.041704206156632832
0.017128235561840864
0.018199300397337775
0.012906303946960485
0.024662516353268386
0.02137102216863029
0.025962200784468561
0.013750339381289247
0.01652440490356135
0.01665963899760636
0.021982039786355316
0.026264206962071924
0.030569368804436961
0.019719343236526618
0.014649461165192178
0.017484062999186634
0.039821227631492491
0.028926317589153431
0.028225620548528393
0.015500857345701943
0.010724682549772829
0.026737121530022626
0.01545757952128517
0.0052658435600000325
