0.010830291919564115
0.010897167660366422
0.016197520958377582
0.0048713946405175342
0.018946154848879491
0.014094545349821646
0.01199549907974627
0.016775467962937763
0.011865833543266731
0.0040709774613624126
0.024197225021596623
0.010080736916220051
0.016715923742415293
0.02105219356431081
0.0081778165286841252
0.010630128361624505
0.014788700905116362
0.019283401789339735
0.020413513439480238
0.0017736185800670387
0.010434773669982267
0.0084036968843097283
0.016251889633983614
0.024490486573523911
0.005975947062685177
0.02867166328103159
0.015137829038812748
0.02187960410159729
0.029956352168066299
0.011635428183582668
0.031506584355206077
0.021134864741604802
0.017607995510546464
0.016738313466428806
0.011749796637324882
0.03088858968476672
0.0011299897881592235
0.0030336841718870133
0.0088078101031376973
0.012869652032890415
0.029724497790526768
0.010510479439537699
0.023739577371487824
0.029966071007845603
0.021510793734512541
0.0094262699997028528
0.014763372615512513
0.013881040779816349
0.027333151755468445
0.042204330139300396
0.012120587484972543
0.0057900691699776284
0.022472390657302291
0.0048753077935278603
0.011841755309764213
0.015257235513380648
0.010540685971830686
0.011994659969874462
0.0023975900581110448
0.0020266192336837992
0.0028679173290708372
0.009073453408430094
0.01478239571638989
0.009440304545456378
0.015499036062863724
0.018330868353891791
0.021626177150577752
0.0065957220928545921
0.014448774116554536
0.017762451663333116
0.0057706332325574436
0.014470946956606227
0.0094063373933090978
0.013258680162905326
0.017280149783178964
0.011756255566637083
0.028272151282438325
0.0074358738362775645
0.021599961540845734
0.028079964055322308
0.0041622982613315354
0.0069240172833370823
0.012131922935873311
0.010067621524270813
0.018652112684600028
0.023767016391619253
0.019761395014820448
0.014482936996685772
0.0093031708376440508
0.011226431493646471
0.010128349395005565
0.020285431214764827
0.007118021986185036
0.023781890759423517
0.0054764386745190258
0.014543669608592425
0.01343971820393931
0.020928149688640325
0.005650300343627835
0.0082394216392084468
0.017132764379520236
0.010632578260194049
0.013478816305872677
0.0045535346518210604
0.0044475190632810874
0.020584080311647879
0.025030881999149043
0.021075507590835402
0.021984711435879399
0.013313399412325727
0.018043866066004281
0.014149354494146719
0.012951340180303231
0.017143242686618963
0.013142032769857259
0.014155350323571016
0.0074841590489035234
0.030655296578136728
0.0020779409024990689
0.012211379622556612
0.0085546058027074264
0.0057311388562933359
0.0038207221376579722
0.0062273895101689026
0.015514326652929485
0.013456757299107239
0.010560192149781874
0.021691435140655139
0.01274421961486963
0.0035900256164671765
0.011340634168888952
0.012480975131396637
0.0086351061628987501
0.0081838810861694002
0.026506480331688554
0.0097112419424195129
0.017791836974797189
0.016966373618357122
0.017849261158331301
0.0042342233514992183
0.0043631868859472936
0.0014959200126950279
0.016654447996271544
0.022206654376888724
0.013111223009241649
0.013729284348940518
0.022541451734195393
0.0075745956109613726
0.039089187414134599
0.010094379900742901
0.0032393893501944902
0.023261017801898466
0.017359189530090531
0.02258174541566503
0.0030025482394930932
0.014606405486126794
0.020641664996830286
0.01001942107155414
0.017217747451193685
0.0083701120801680622
0.00097148042399664057
0.013649267124699384
0.019081734306266671
0.015995086546602411
0.0094019776498549743
0.011166676775028368
0.011659746811848892
0.024111486623570724
0.0071870793811300406
0.018673202695991355
0.0069661535039849233
0.0017084057690566258
0.019404745839988257
0.019451056151885422
0.012038317478301752
0.015802466345887625
0.036505061279339869
0.0036217898516226134
0.0025190213668408326
0.0077689584869910242
0.020509314598968559
0.0087389042960412649
0.0070369612682515438
0.0062156408142298022
0.020088772128563023
0.0075239839741797591
0.022920088903559059
0.015725202311533956
0.019268597745418156
0.0051850762575652003
0.01585231398544722
0.0044442369101801169
0.0032263408198521435
0.026600699421243355
0.013114237052651223
0.019403812228250272
0.012140962748717054
0.012837247406787074
0.011807227357004792
0.02253684394231709
0.0049560516331314608
0.0039886999948646655
