0.012071447937378186
0.0088543388167758828
0.0018172016304825365
0.010044746288687054
0.0064735111189577008
0.0074177762751703917
0.017285010493043415
0.0055593453226891127
0.0054116029827669578
0.012509778853523897
0.0044648263292401038
0.022692950165609387
0.021893357792659579
0.011031829200143048
0.004043866586593046
0.012559599750314831
0.019168051679849453
0.011678032964889703
0.0063787738433369098
0.02362496981549822
0.010356067427479106
0.0062979550193889714
0.0088659354599092566
0.0088710367044104073
0.038647397535735824
0.0054148339445492591
0.013078905218960801
0.012156137137259534
0.017400388395911306
0.015346647714534797
0.01284937720230832
0.016877320973917496
0.015493011273672377
0.019290392974230925
0.024393375440892012
0.017868955397912827
0.026597492415930946
0.0086748019412595297
0.012338900964929426
0.0013960688336032252
0.037746666541740088
0.026993540263322964
0.012376009757188562
0.018832645636148608
0.011493671093226243
0.017582724617886576
0.015833952127618171
0.01288974740083613
0.013459440227394275
0.0039290114593538003
0.0099644100586934771
0.012569361688684161
0.013001466848147325
0.018654083773213689
0.01109776469446986
0.016197975219230942
0.0048665948923543164
0.0054394061359080243
0.0026343822374034552
0.017813275119075635
0.024102027033813426
0.008945424015953711
0.028033357715803873
0.0030150570752862744
0.0086877176618787508
0.016133820155957861
0.011653885022155678
0.0054353713667761733
0.014811244865728003
0.0065148222848992483
0.021910255336201549
0.0062254615999575704
0.026650628710901351
0.0047183191766192239
0.012213568991138268
0.0095653930017273823
0.012760443282699352
0.015211490251079436
0.010528293757050859
0.017506626785377313
0.017672620622355754
0.024108714907646819
0.012799009154398753
0.019256464937860571
0.01364212121965744
0.010916561914055451
0.0073019213876364406
0.024629427607955834
0.0083959735170611692
0.020413573881910421
0.030900963215109475
0.0058532712590376977
0.021977503627888896
0.010701089792626515
0.015481786963817893
0.01413291624446482
0.025265768154828741
0.016772489389073473
0.022044593034081114
0.018008757855447234
0.00085718147981330849
0.018309778767476737
0.009157994664978665
0.020945801961170366
0.010370900986386272
0.022687871615531367
0.0099027619803201579
0.028638874863865176
0.01022365739588837
0.00067945861053982234
0.0060764023699811792
0.0060237203189567792
0.003362106686465193
0.017017959947799696
0.014409956961487237
0.0093978507879195674
0.0083019047873090432
0.01741634794962128
0.0092878873685513855
0.022302282351327612
0.0086810053485955885
0.021674245086139333
0.026000659708963682
0.01456661941380874
0.01003999391608572
0.020100363446416306
0.010450647236198254
0.0110537734958391
0.010743110225221833
0.011565540902619449
0.0082409600881087116
0.026024663917140624
0.0031905341661143311
0.019834798184328442
0.022072690548490155
0.025581136849629715
0.0073077224163595016
0.012373003794105216
0.0089731416111740216
0.014529085672304261
0.017490898195867455
0.0025654430152920993
0.024588360705327779
0.024988614092825816
0.019316442567277336
0.023507716853860813
0.0049191483979073337
0.0078086666714311456
0.010669260618307521
0.023376868817077113
0.014014215927473475
0.0099678132252555614
0.0026200904496613184
0.0059945476750981972
0.0081421224526397069
0.027680566119979339
0.0086063621496232819
0.01621878515505383
0.030687904575602699
0.011099817557852594
0.0055762814470248908
0.016711182258975613
0.0067114499527457473
0.017100721785060717
0.0075649752317110347
0.015014805433280149
0.012949173647101029
0.0097204394252429892
0.017116064449306509
0.0015277011228304067
0.01921804686165738
0.012055031003510212
0.011592023802547723
0.04237041032320106
0.014910797962805636
0.0061363767282371796
0.0063383291470930584
0.014763581540501204
0.014586609791398843
0.013108190815776497
0.020934850882254566
0.018664086496491039
0.023962665446801222
0.015237674629324892
0.0077760193333402507
0.0086756006522081593
0.021436626517897444
0.0053955359191983372
0.011198210543852663
0.0042817390567643386
0.0071988036223721011
0.0056926734455608656
0.013521499380286727
0.012883982339158724
0.024174316759684289
0.018904821512649213
0.012957501994459216
0.022399857990532776
0.010729436843776474
0.034434928231194706
0.013463557839473807
0.017131773704361957
