0.017331597080717517
0.017298924946247379
0.0013989594579812759
0.006158093280095582
0.0085844413045585068
0.03085793161386614
0.012489804679415998
0.0022696445281312917
0.01399077282774666
0.0089800755838379508
0.01591963529252495
0.010548829809458031
0.026216421590995027
0.010794749366674447
0.0085002541580175648
0.029361118952087636
0.013189365166469999
0.013790374567314695
0.0071739478448610561
0.01868006560485375
0.022210627658064527
0.003806287963324561
0.0028741651853794641
0.025235106377846227
0.019317620133711414
0.006625086845015774
0.018392921568686074
0.001962762845074368
0.02248369698569181
0.011981497016211136
0.0098044920578345997
0.023418738915616709
0.0033795727633841705
0.024718916729426332
0.013060265243199835
0.02081277241318372
0.009741786101199388
0.011722210362017342
0.0053944954587356458
0.013414021476582078
0.010328315875575273
0.0035579355949013841
0.0063123502775479078
0.019113921740521303
0.020236733309581634
0.0058399265267007287
0.019630752644657325
0.019884177298727629
0.028531040927772304
0.0071631576909400897
0.0046519540331231412
0.012418361968902055
0.018107407620910038
0.013546139139802842
0.017988367656079512
0.023063410937219631
0.0084245877892044334
0.0092085988157448936
0.00062888999025577624
0.0058313148608033346
0.0016611202847517581
0.0090891594735186612
0.012783919417750457
0.014959820688592647
0.020773470121771723
0.021868893123898475
0.011621607118870864
0.011280428507657727
0.011021028079899799
0.014164402844041708
0.0055187342564215862
0.010369135462292184
0.0082680897097814187
0.035946337601539959
0.013139092053821909
0.0081874636465369983
0.020807612488209289
0.012986689751141589
0.015851470622368639
0.014095414048261212
0.0080787463975676432
0.012068462484282361
0.0039020798965254525
0.008413636209742623
0.022152600877421109
0.020399444084414967
0.01331730943394175
0.02707439026179188
0.008145986892503336
0.029106586009447037
0.0092066241079689672
0.02294139994529763
0.0010111088180464606
0.0076503792970298787
0.0077179523634357729
0.0070094412826939585
0.0074722146908579911
0.017901164725046086
0.011210100731486285
0.029027580946385693
0.0061243244273515027
0.010896732087153704
0.015995999522605754
0.020753939855187961
0.0081764930019735654
0.025370699131315486
0.029812011229155364
0.02555034625421344
0.005088483360764424
0.0090273707046454408
0.0064314385485564115
0.015112699492243175
0.011970943552897975
0.010186617940186618
0.015269917127547536
0.014354669677926053
0.0043503580123837151
0.0049567538367367193
0.015264678875733266
0.023530209041583455
0.032012231441239762
0.015830907185791377
0.00081368101417032606
0.023727839324579208
0.034018542370169796
0.013389447955338795
0.019063158450059296
0.017876174195733431
0.012976800691151039
0.014010820629975201
0.009067048619867013
0.021433756209156017
0.0064247306905840995
0.013365211955044819
0.022653632453832329
0.0151938892961716
0.019672619153648957
0.0023726283979387903
0.015704432676564288
0.015131081109925256
0.024247093723463786
0.011986557627544851
0.0035298637903233908
0.0039539060310477747
0.016846469938976247
0.0076895142938354505
0.0083223229331507963
0.0094806258385167312
0.014143939188853167
0.010652333072571416
0.03725433072216295
0.009594506534281599
0.030312891242252161
0.013200410783373751
0.01370237864303679
0.0054247410920148951
0.0018860333712542258
0.021473838625957357
0.01100788730901324
0.010088819865404908
0.023381560023562259
0.022508703720939743
0.0091546847021515363
0.0060374233725067087
0.0086173180902744499
0.021299329881970797
0.014861120494456729
0.013445395046963004
0.015497635937964641
0.022480717392565821
0.0053932837990092117
0.014509710327163828
0.0085846111018614765
0.018583597277765602
0.017033245587048728
0.028246639734931224
0.017755164730895868
0.005145977621620966
0.018799853300627167
0.0073528386028257463
0.01159249054933644
0.011123037554944787
0.0086538090515598624
0.0061298728940364115
0.0058504910423770031
0.017307150393927641
0.022886506725695872
0.019952428288906601
0.010145755085164234
0.012155187200494562
0.017084723736107515
0.016279852215439271
0.012231878252608621
0.019105603812118774
0.020062129694345843
0.0032989156525927744
0.015622616433154711
0.010940318096409173
0.0097369994026224801
0.015691635190492079
0.016500170246109568
0.006954267089290941
