0.0032384497297819155
0.020309102469070431
0.023804945823387665
0.032948072457334103
0.011281346935394293
0.0034314735667457588
0.0027765622907445268
0.028529773176130969
0.003444337801245448
0.0091705383767986624
0.0096799803076345146
0.020326826695992589
0.014498633945000311
0.013535465038966491
0.0053538911393720681
0.019884700128818992
0.026968068273382481
0.019973911776199612
0.013947976697014459
0.021388175239734183
0.010430926564710726
0.0065726800860632616
0.019248265156488399
0.012923640790831442
0.0066252719822549903
0.022635392922418191
0.027525922295589041
0.0037025399224196393
0.01311651108013469
0.022312212910065236
0.0030878121443912139
0.017209927637639906
0.015928562834224263
0.017888587250449676
0.018249732200119342
0.020932542276186912
0.0090090792208673085
0.022342202145996824
0.021648214023992206
0.0085499556449144341
0.0028682814296386709
0.019485423707232788
0.0056957475309423319
0.0037733708962070936
0.012810152038094805
0.012024779828247855
0.010580887757337063
0.015148287008084696
0.021609478915859914
0.020235941324256188
0.025628524487069159
0.022450973502554879
0.014062733730449743
0.0098009257386609712
0.013184975189530272
0.0038029137200866038
0.014208225518019634
0.018767707966015162
0.0047795170497679021
0.01812848341703269
0.0073648561817230181
0.019248042283131046
0.010930230805739618
0.0088144722809747646
0.01375391144834818
0.012605084008699828
0.0062899138295750539
0.01862937097181187
0.0089680831829970342
0.0094676023501180304
0.0092135479540916537
0.018712545246229669
0.024791404234090056
0.019578947906667452
0.0049317995466595559
0.018563154174610855
0.033465264980831327
0.013473689736726602
0.0287809469939658
0.019933356367631262
0.019145268465825455
0.012433897097787222
0.025308326792160721
0.013926537441561172
0.012028435582776857
0.019395940005809166
0.006180359719315273
0.013152057271269304
0.01091499535232947
0.0054097357293388989
0.012850973176611625
0.026402347288289617
0.013795333911860393
0.021155661509662006
0.01370713083222563
0.024433455048199666
0.017460109503359897
0.022298775790762261
0.033034577289946666
0.012812037063794683
0.01059606534114786
0.0068150706545676452
0.01717978154739656
0.0078289715495625072
0.044302857573108492
0.0081078648966210788
0.0065775746319928496
0.016397325425519745
0.018903376844789224
0.028284741605370343
0.010673869136925912
0.013000572357364537
0.014482980394028233
0.014247396917914698
0.0034466515438966649
0.014958117889736236
0.019709265420564063
0.027672024744902584
0.025237449150991305
0.017544188099175385
0.010158632562127012
0.0062798113724893525
0.0038625680554532026
0.010669872472797848
0.0064843824175842852
0.014248257031450435
0.023137296736987712
0.023053908345347447
0.029114732308520425
0.015613381322653087
0.020800889205256943
0.021606119156872841
0.0095396489500977934
0.028042632538108268
0.00025761096735627968
0.025597629974049615
0.034546004499031516
0.029406353829033425
0.017434587932645778
0.010077535465923323
0.019814699756323766
0.013446421009554234
0.012374838517587253
0.017907903729079803
0.018574743936182348
0.029403084157855062
0.026670090629567277
0.017676276450956801
0.016358686994996732
0.019897361627621894
0.018532038723602557
0.0089723477072385181
0.017121563439384577
0.0076837085026000328
0.0096297391633111025
0.018334971376805904
0.01272690850622806
0.020091183424047754
0.019239199990373022
0.013408212436728064
0.016588148572876684
0.0086830638620930094
0.029268483931477698
0.014450828495636329
0.021045991937364551
0.011524518640225257
0.0083305329412581546
0.019504418989772909
0.03233349225680774
0.012250468870600079
0.013692646971926205
0.024167213449254356
0.017332109205288281
0.0059245363251775787
0.0046845616817956584
0.026099568397134603
0.0093223657353324364
0.010636607103749376
0.032388193869940025
0.010802440973587943
0.032171762302602859
0.0020441029098578305
0.011828534140170467
0.027745619699229739
0.016036881361998472
0.019390821771407881
0.0031191619190952687
0.0076775672758596916
0.0094921745119078901
0.012030662639272749
0.0090595782882261777
0.035317556512997721
0.0073075805141259182
0.0095264765133342075
0.0079937945569569843
0.0079405198642178085
0.0066905382594517043
0.016981643274946907
0.0040340623272971127
0.014407428109992156
0.0080564978591619076
0.023452435742552114
