0.052230291735829125
0.051394795438338775
0.061315377515808706
0.041230509865508039
0.024785784785868098
0.024689221611326567
0.070614962552846217
0.033622704043458539
0.025326026016074685
0.038623119129745975
0.050336381346238315
0.01809126562492084
0.024613774357433945
0.08247612429108174
0.034464585390527998
0.019292364007065188
0.017630129970222043
0.044843170338663745
0.029076441796992258
0.021968477702290552
0.012703112487400477
0.029897736941898602
0.025571392711452055
0.016482526197472647
0.043511669112419452
0.0427360507237712
0.012462012051524021
0.011755186481616473
0.067835507041730067
0.037438651511922515
0.067041642408184152
0.033878046788173292
0.08325745890412807
0.068298070380931608
0.051529405626264971
0.06826351198823527
0.046364101756854341
0.045939975873871518
0.055720044779047843
0.042237672913137361
0.037384323217835712
0.053332794793049698
0.02524664009090723
0.018493656924874546
0.0089761036823683624
0.027208468554320117
0.030007421009117342
0.011102286647282029
0.031595120464883844
0.030412807556500082
0.025994715245928966
0.048642395929465149
0.017943439047085088
0.079123175662981909
0.077653681412029024
0.034050036899165179
0.022903720022463714
0.067070533095890505
0.060007798746618636
0.033710207455861861
0.022610375881778826
0.038644434077715666
0.023039153044359984
0.011534333826372541
0.056206148131127599
0.053588408264102758
0.064928845444960082
0.049030351707810622
0.030665490495549376
0.020706619244771934
0.012378694937601908
0.02968369683486307
0.03247759269786387
0.04403549182556088
0.008595834581041269
0.032524924244486289
0.037325952338928832
0.029063909589531849
0.041733322522977061
0.0062533997018291484
0.0060836144971476167
0.066387983780612406
0.04469601516853032
0.035671099747801811
0.027273237592480137
0.05792497141237745
0.026115893057096048
0.032912937659339267
0.048661997921482104
0.017907569505094537
0.037176559460151179
0.044155292302311001
0.025426607264816568
0.018906739117147502
0.039826568919007807
0.036831963637633566
0.031829591877932689
0.046375864120439855
0.054122274659312519
0.052730656190989544
0.08726817338584611
0.041561626963841358
0.050037733159412644
0.04753742375879251
0.023103811080554999
0.068221238001305556
0.040837987779942214
0.063179214572627276
0.035737371437177423
0.040766821029782671
0.0202433780872763
0.038745963473057955
0.025069065600243082
0.016102682842884408
0.067115889940921838
0.0084751958514876925
0.032281377150570875
0.021552669217704091
0.01592638532806644
0.035864312357552032
0.025232415785151403
0.026232253316140455
0.028739971358438272
0.033970507974756911
0.038164677127207045
0.032050354571203747
0.050224908824686457
0.037792627342486659
0.040587786676684022
0.048768247414971405
0.0032473422150426233
0.043978307206536921
0.0061756640904398275
0.058225187582110906
0.05108282309006177
0.023145366291471198
0.057624769728972784
0.02742230137417689
0.027645423790877338
0.024438732563125801
0.0011901111306975151
0.046409429182168123
0.026750329674553007
0.055688480526971867
0.022399866436303595
0.051438699639721489
0.030384163436598159
0.051815062581903847
0.039109790555074526
0.010214335194982462
0.028645851220268196
0.031347651469668746
0.0034877528827523025
0.021899922343152856
0.0050291708484096588
0.025925295280011494
0.0021025334909604474
0.023751832310480458
0.012924871618965652
0.032488180045507763
0.027754029606597126
0.035069931940922075
0.033306294782017576
0.052444746355878279
0.0334782172892545
0.01581921895412251
0.043867355759529582
0.032840518792104173
0.022782137289908948
0.034516700140688902
0.03843660144443832
0.020525156814066206
0.034646728301123655
0.051780759143277226
0.0053562140406897387
0.038989160286727526
0.03636272179881498
0.012598156825050399
0.01488159053005767
0.026547893889313862
0.017970796091626915
0.068412382073339759
0.021429352427384814
0.02294207654322911
0.074317980474307641
0.046482678035372468
0.013772483969059269
0.0098776701030935127
0.023944282121442062
0.04337152273097411
0.073129770059350799
0.051257495258679675
0.02160092855379267
0.02839689778147611
0.018034171318720347
0.047163055983006789
0.053938133286674864
0.035761110619238895
0.053540475417607543
0.047344412787819375
0.022880073259353317
0.024581646004976095
