0.0040914373280470599
0.03086942446994291
0.040716100516713837
0.013488308336312496
0.013536452473309001
0.037681777603841275
0.043657411409735052
0.038005769155784179
0.026844949055509774
0.0061643598335013438
0.035712493188587033
0.0031051303520122676
0.016185540727354515
0.035176484912212008
0.045414559042152684
0.035229509565506481
0.038818720808704778
0.024656382360435547
0.029730175444515502
0.026630579106854495
0.028835260201769856
0.031328088090681064
0.015273067422822993
0.027947038982020746
0.016865305490456468
0.011536870600729452
0.029118863744523452
0.067038096584104603
0.039849735652559698
0.053081358737327618
0.01643252987578878
0.028382798924984427
0.012789588667410911
0.022453015620322286
0.056182536480677878
0.032104697707924353
0.011141522844972388
0.049114161208044557
0.044131286262219419
0.013801849359258222
0.032241896198601128
0.062659376869997493
0.057183323515755169
0.028211059366945766
0.049026612463388797
0.063519525677833505
0.047398129645471389
0.026406714113857019
0.020150189139765542
0.02265893947154337
0.053774601586009677
0.039925253698712977
0.062579514102103467
0.061986277239159546
0.020725830008654755
0.032588501033768084
0.048129558147900764
0.055865594489055155
0.042724784333246869
0.0023160369059856876
0.023324627388848621
0.04024781682906698
0.027066244432651577
0.067321515918824959
0.033933534649635347
0.051935702673814733
0.058306741555841278
0.017346979761402908
0.029938969448181866
0.033502293148690979
0.03919069691064811
0.041947441046658686
0.014761566757380959
0.034463545213931669
0.031147099665204351
0.015408933229795049
0.027991432481630767
0.048813100132550545
0.057492068718970411
0.016208324339318281
0.064645796161667532
0.030240438798628828
0.014420196180508613
0.042215247084450722
0.0043176329008623527
0.00096298274175939211
0.0084554685122895847
0.062758986419718041
0.022805535376012948
0.042751391106769752
0.052255255531308775
0.0076900729213473639
0.034483433385686692
0.027988938135029721
0.02860970209429008
0.034141476848877854
0.060312702535240709
0.023774277979573877
0.041741536846403055
0.039305062175544934
0.049239967524789555
0.019561953583678321
0.064304340869567433
0.032420004364589243
0.045820960858805791
0.019067510583600986
0.036080456548717388
0.056659294166692777
0.022057822192905394
0.042204293684964804
0.027325989914592546
0.025335346017891634
0.023583195982664184
0.058993128579791887
0.052862655303235834
0.027447129913495606
0.043486555897893901
0.028141797773606984
0.021355631527146379
0.030018367192591506
0.0049205047574818628
0.02532591475353111
0.027322033347125685
0.015154925830047987
0.040022332902580587
0.015320111676932468
0.040657460479061394
0.034700058584993518
0.025490777381684277
0.023859968293306315
0.040810905765103961
0.061212101156401799
0.049499993744087221
0.014356224101230912
0.028841347017266886
0.0367770463325931
0.031539118554123419
0.075786385493653588
0.017436338076482281
0.064731708786850639
0.026050417701091233
0.015861587706211416
0.063494368694557046
0.057258963644570421
0.024519132793322237
0.04195055628525373
0.029461774301497819
0.056225109026902143
0.020453032261052991
0.03732189609417761
0.033800367343824245
0.036707689368603164
0.019836416023096215
0.0079831992763417514
0.056027858410719604
0.031151359735497201
0.029565521834857382
0.032579877391277969
0.040247756303369665
0.019578327996744617
0.039687969857602437
0.013788325195511444
0.010894225786068339
0.056918233810415088
0.073227149687820015
0.017120166905518108
0.03264166604656301
0.028559322397848818
0.014893878388222721
0.023014053432022237
0.080487187323365059
0.0055496985929423788
0.018213782735425774
0.022690097463805948
0.0086138966277338885
0.055625612170538768
0.0096435284952720648
0.10313396364618226
0.061370098580995541
0.023588087337109365
0.037285234722560019
0.0250692622290083
0.04419220879876351
0.032391537970367056
0.036872645655300906
0.020352308324350928
0.069927197541368363
0.013090881338655391
0.0041458180087866076
0.064824372125252466
0.053703693611878073
0.033463162533980802
0.047158927799004401
0.02205833856060015
0.017994340129884143
0.025878971273648878
0.021321615838049063
0.070884034335811238
0.0022275375780199461
0.011468009936636023
0.020094880949548102
0.0077642481222304806
