0.84568935537559253
0.85689354452837307
0.87071092664078065
0.80803636362239373
0.79403105036512722
0.79641899199640653
0.82917035860464738
0.86861289359150817
0.84590901211795577
0.84420042114364535
0.84314086767397767
0.85956008953146845
0.88568983363557052
0.86387305715005591
0.81770654696529244
0.84655968560877926
0.83537703980139133
0.85492048938865395
0.86033219263038418
0.89393884723701911
0.87830055579237665
0.85921770395231478
0.85326206349085487
0.86800200321623533
0.86999922549468012
0.85359112699666062
0.85420669506200597
0.83824202575183837
0.8116119241455827
0.81892926572293845
0.88513168929792263
0.86336661681829363
0.83633005540796324
0.86778759640412451
0.83627407273074483
0.84565218864401992
0.84242358634641412
0.86935785363006057
0.82720330458791069
0.83407585289363773
0.8393224322635402
0.84277402961385361
0.86715412649719048
0.87930623956912857
0.85746475997619509
0.84962700050533768
0.80050784657339058
0.80359120659148942
0.84408762721446873
0.84795219386513376
0.84565266626833502
0.86368427245426571
0.85333756404243077
0.85571848917823823
0.84369291887141673
0.83433251098328465
0.85696126116955684
0.84184369661447089
0.86371924308508108
0.86869694459299884
0.89175969164464908
0.89562321157666869
0.84012073704745915
0.79885490159027572
0.77238934867042675
0.79205244744933012
0.80098247501467723
0.82316153937327663
0.84610106184174638
0.87637551782751966
0.85421574202834916
0.853045151710354
0.85393191562890758
0.85980168610094287
0.80936364342087219
0.79112943635334321
0.81876643542602756
0.83706264239131645
0.82315726471980166
0.84447022859341248
0.86549276839977463
0.8349743157407209
0.81975786206405199
0.83814278044949253
0.81415533873795753
0.85980844211524632
0.85922358776581487
0.86749443633626155
0.84725842904235737
0.80705300432811489
0.83524329924501173
0.82957282725982073
0.84618476676956422
0.81932057771472477
0.79690807591306723
0.84295668860606532
0.83832866160353825
0.84704784123343324
0.88002099108655052
0.88979324299458928
0.87490538787499339
0.8790511444964948
0.86763055093270214
0.85258444868458072
0.85115709192185185
0.84706100888250935
0.82317833966761422
0.83582972676969536
0.86452641487011161
0.87998823238402346
0.87494199543091977
0.87972366622718956
0.86707662754644821
0.86696118983130177
0.85611895292532547
0.86665324819676215
0.87269916938468284
0.88204501935211943
0.87234160877594258
0.85170355596369218
0.88080809119631809
0.85690533741891606
0.82608160037730827
0.80222911403874186
0.78657676006970145
0.82818872114351649
0.82029690525141563
0.85272041596759585
0.86976042000021847
0.86495482179857952
0.87670169082934357
0.86338670438088039
0.86364170779393412
0.85097419148835196
0.81816300251383911
0.84656081260389715
0.79871718390324375
0.76989500749586481
0.79906695715384013
0.83588668839301206
0.8317749949355917
0.849947625405997
0.81354533581452138
0.77120827422172933
0.81775862900500995
0.87672694463040513
0.89148767790922967
0.85084488065521913
0.85631935128037018
0.80743672445290848
0.8254286466255657
0.8553520896701724
0.83956064632844396
0.83274122674946061
0.78754593665436989
0.81735674349532128
0.83415132157633687
0.85224146397614997
0.82320271325909367
0.83319160460210262
0.85934139175808111
0.86985529670542283
0.86580531894748869
0.86200964912222933
0.85454837975816877
0.86456224859776065
0.86440026591316366
0.86613053341280954
0.87049558470442279
0.88856928439924232
0.87187677595451096
0.85643334451511732
0.84720249001968684
0.82791293803810795
0.83310170873833223
0.82466843027425707
0.81056582746003114
0.88548711829640858
0.88838556751992881
0.86708340103067882
0.8366407626774327
0.87238433703441509
0.86458832260048224
0.85178279741265961
0.81059050134266519
0.78707592165933493
0.81884230823342763
0.83367912992139692
0.82034577057482594
0.8607783729184465
0.89050215557587942
0.90580074293027368
0.89329913181390053
0.88128346763711518
0.85899002848742545
0.85587135413934468
0.79976136905202166
0.80685503512736101
0.83803745517323058
0.8958279354393599
0.88150550527817861
0.85833308252778751
