0.66627719328764812
0.63508442099150775
0.56459002443992068
0.60751879080146698
0.59294327287098347
0.53770217765889383
0.55711430789389815
0.56940359018358311
0.64690153845493759
0.60102145426748488
0.59999179632760313
0.58547651504161713
0.52024198452905768
0.49712155468003949
0.42845492505588678
0.45391269069230167
0.47715358521771256
0.52061671447811098
0.51755814541246292
0.21451639334858477
0.26224306547424947
0.30578696824176049
0.34725717320790056
0.41913998258991442
0.47625143080926957
0.53478862789254089
0.52492265574031072
0.45719792688279864
0.47866899810300922
0.40571242503610311
0.40096668219409504
0.4914674333955914
0.47123296729270026
0.50018272912572026
0.49669426283474255
0.55596643850099325
0.53513952225776718
0.55073099236476108
0.56380142011171086
0.48036510394662518
0.47568833024574986
0.53334581071089204
0.52722445485984082
0.51968273801196074
0.52095735358874484
0.41645043829014522
0.45976926438467453
0.458709036558344
0.59786848427027039
0.60372918491416483
0.54115773942795953
0.53283816510570803
0.60972441401120303
0.57948696666245014
0.64164620888648272
0.62020838361567365
0.60075754171232687
0.63926949119548748
0.55211813708308433
0.58168524689062406
0.57162419219509564
0.52685667915779233
0.50785338284586701
0.52777000954258102
0.52771053227992537
0.54212573273989095
0.50726852236471121
0.47731096065255174
0.54652333580446444
0.6146451837084258
0.61973339648908032
0.55232281049915777
0.56408540281178154
0.53285434446896762
0.47510476275593794
0.63032125811869255
0.58653278010679499
0.61242402167790022
0.58641352376843747
0.58876524785366646
0.59796966677964047
0.55065706968016981
0.54211927703580598
0.53673206996373368
0.44547686865593789
0.45929361667668062
0.41209160647330589
0.53631522882750171
0.47544728232440797
0.44179738699980736
0.34002202079396077
0.34743044037023496
0.40204216246896718
0.34899181019585607
0.42772204058297653
0.43292622464230607
0.5608240998701155
0.60594604805087027
0.60497968359376542
0.54653845700899817
0.48547526057574136
0.57603998036092574
0.59081498214452832
0.56469335138210297
0.60703471751815308
0.57856382636357684
0.5114834683323759
0.55907310707872115
0.50400713896973082
0.50965909898751727
0.56090186718015367
0.53874085450284459
0.54411979924892828
0.47044453865818248
0.44496280969787078
0.45484121010316891
0.47208860490252014
0.46006525148827604
0.4729234043680593
0.45191558821441069
0.45632945261240221
0.47141276586899711
0.55056871886231851
0.56255748115420945
0.52079591059545194
0.47932044101246574
0.49771714475999262
0.42002462230097642
0.34148940524173182
0.32523406014850076
0.33819019254508109
0.38098922543191122
0.52649727336297092
0.59304018645253875
0.60231221257554279
0.57278061693967264
0.59890843122050719
0.57687421630575897
0.44871364758095383
0.3998509617930322
0.4908865700056283
0.5237544962787628
0.59429669786086714
0.58719440498098807
0.59524523934194451
0.62504003863214375
0.59022488417097152
0.58645687698064786
0.5313601539289261
0.58920842867277501
0.62665407722865174
0.59753046329185744
0.61509852875737459
0.59494212556631443
0.55648530535679097
0.50832851323450556
0.43854409086318835
0.46804523663466457
0.50363759112530482
0.5353445221726979
0.46846181239585222
0.29497653873955959
0.18901960156411166
0.25065613711181145
0.23695838441574849
0.34390045199185104
0.41498571724831901
0.46108629045699051
0.45959972998468396
0.46771337758560416
0.53531221723616962
0.51133579520269579
0.57536276983067558
0.59837548985344968
0.60833930219467447
0.57869842497602075
0.57177044164966662
0.56863739012474013
0.57316913986305396
0.48511476677999887
0.44534934078578103
0.49280447237551994
0.39399263302671683
0.30623160555450213
0.24923898732002037
0.18707281647585036
0.086950440144859073
0.13961662908368291
0.13678436268848745
0.29951523209666975
0.24842863801042536
0.39308702039290888
0.2913305537153259
0.27846488563367344
0.29159488911770814
0.21266597726800252
0.29801578178816035
0.26879960770897199
0.21991218653194616
0.1950589516721522
0.25504169250161729
0.21471514917505308
