0.52798105888847291
0.48127701467616368
0.35527753416058283
0.33923305230343315
0.41538034168909482
0.39810022282477348
0.3880456751558638
0.41902735966556309
0.37433139647476366
0.39082853760057457
0.46663853951245921
0.37647604471397789
0.48716743760270759
0.43692240226314188
0.4656875078198815
0.48335021868714906
0.5269937259701355
0.54227723340910017
0.53499977346919614
0.4775366588960781
0.51840144669104626
0.5364659630876456
0.49168518328835326
0.53175467767229412
0.58261250548842869
0.50942419419424934
0.49042542870532652
0.52537714114643674
0.43368248858548791
0.4379975641144081
0.46874167707638326
0.51488784656816855
0.43230810415200327
0.45457312224839602
0.57532372326383696
0.55109247514845883
0.65533421974477846
0.65040063481940313
0.59435451532004979
0.53813655666373317
0.5784852460054698
0.5397817828545729
0.5806776453576864
0.59785053181985781
0.57829874904326994
0.47141104951197704
0.47691771866306953
0.41855498867474261
0.40990082909467734
0.51799920435480773
0.6042454529001694
0.56608621636866252
0.56705136250126797
0.58194398275529946
0.60373664443434472
0.57239730712610493
0.60218145397104073
0.63200958034281696
0.64147720449712442
0.65101746461867604
0.54058000914718773
0.48656478157438221
0.39316157643696692
0.50766950059309668
0.5164398717955091
0.48288445956391601
0.49514520066176576
0.48284156340835321
0.44941485223210487
0.40612342909716176
0.41655687724996476
0.38300435702335167
0.45068857189675093
0.56017424288311546
0.54808108690218305
0.4846308526382001
0.41822761762378269
0.37452335116178764
0.40216376131102233
0.26435814009732939
0.3106372304233021
0.23720374017989945
0.051793451977288719
0.03203692019064093
0.065185274253679731
0.16001250916831508
0.23885838698498052
0.3137406698978944
0.45419316524089182
0.51013474721371521
0.40068460732858052
0.41800021957671557
0.32350103255878204
0.24767147360988592
0.27926248943437798
0.18657674401132154
0.23419957971754554
0.1906082318586555
0.20816081323073457
0.18970411533115838
0.26498918424531787
0.4414969917144087
0.42431853342801285
0.44848620440645542
0.48122305624369416
0.49119109746848832
0.40228998557917106
0.53074883205213574
0.52530038470278806
0.43154937518292463
0.50039428092250426
0.53254348043548894
0.54448172865845224
0.5693910602045652
0.58469877524312042
0.55506468970305212
0.5717364587087157
0.53695290467833157
0.434519851762728
0.41719366006114189
0.40701427104324089
0.35145096341482718
0.35790298022714823
0.28474620823011904
0.45521323878780157
0.33487761887002815
0.37880674152684135
0.36330419458836782
0.3944899932235279
0.5071883997911325
0.44957251215506466
0.53621640791546687
0.50123372513096309
0.48702634830149361
0.44784348535818252
0.37911764151149163
0.42308665595111583
0.49322869077960496
0.48787898897428128
0.51490385787872517
0.54901893640741051
0.56094692227662846
0.56440279005360372
0.50409786658933076
0.65996236252788054
0.63625892224924363
0.57373766983739249
0.59038008737402781
0.54039091579218124
0.45818916460619807
0.47187268936761884
0.6317641369534025
0.66252305715649162
0.67169261569536676
0.50385961447433492
0.5496078460677003
0.4382458519464259
0.3876164197879583
0.47705064166808364
0.47240867572162776
0.40765044898437924
0.39156605959274693
0.3798415333258654
0.28233786188263682
0.35876441835252249
0.31007235561815655
0.31048736108775288
0.46730590769902003
0.54108355248668905
0.64146946738073607
0.55192604359211705
0.52415174654715724
0.50209088211150432
0.3758048293714803
0.27122580910915445
0.29121333717759923
0.3608516434525596
0.46950433959710292
0.48391638269017301
0.4786622589225818
0.40402266249289903
0.49419279416719492
0.45866221566235338
0.39382281403283975
0.49581439564264623
0.51558519416371718
0.55285431535087948
0.56531287299382593
0.62432043386303748
0.60032150688925956
0.57636603868470859
0.43607312755940375
0.34276118696081587
0.30640889303912899
0.40680274831363727
0.45217491850445796
0.49430816361677082
0.48470613828989029
0.52692344033341021
0.51119938467928328
0.48145505448445008
0.42372831458068505
