0.31335090988848335
0.051969587094771182
0.12542194405141308
0.058566655800814958
0.1376658146534358
0.19935815824531508
0.11902245924679043
0.11590891809471494
0.1607750851098845
0.19724807201831193
0.21754599334561964
0.3030627627030108
0.44597609751398704
0.45332092299092025
0.40418275746229276
0.40743782570482096
0.32226891223687065
0.37510598836597991
0.43380688660757055
0.39304415883987487
0.28924043509796671
0.26027093832262527
0.43047295524577178
0.31068005855165287
0.29737693490004979
0.4292837483187637
0.23884124213764074
0.25572912733885567
0.39827279727728615
0.23850769256462656
0.19711954970486256
0.25672573045964792
0.14814609401503084
0.32504381537862886
0.1511873578363562
0.32136915089242646
0.34955860026148183
0.30600407284857561
0.29437384470572409
0.20280456263535096
0.11029250681407736
0.33210785852356389
0.24206180289895218
0.15287990902961307
0.19482682421663217
0.34540416148973885
0.44971103491373032
0.52313969297640339
0.56261310754991312
0.51551502843997565
0.50840159725792766
0.46977077640689946
0.51244064178385729
0.37304651251158444
0.36625249976635149
0.3816203556569851
0.33732020612223113
0.34430423983308051
0.30191147223157982
0.33149009678782765
0.49316697350688088
0.3509251456073631
0.33549273024507803
0.30081870347892847
0.33522138668433965
0.26346286057995993
0.24706929835084679
0.34268045481167697
0.48929291847277206
0.35141286540681604
0.21868029768719105
0.30927231094639857
0.4208563712224192
0.48203454396491868
0.38104143206524288
0.29017943392377671
0.29718562059624598
0.24639020806233264
0.42507326509803578
0.34978602002038212
0.42377636878801744
0.30075216627343737
0.27721776557994565
0.18047493133521036
0.084673309820828879
0.26492058663025131
0.30828251013599145
0.090620387650855852
0.33435898928482877
0.3025008912688108
0.302982602530533
0.44254985112473516
0.23622475188952644
0.22838444679331776
0.28481688505284197
0.31704614224428807
0.35618973247323427
0.33198010396737304
0.2485000638942621
0.30469899591323935
0.34115478844505914
0.467570948621987
0.55235536093447124
0.41147810784444083
0.52753153103521766
0.47428760353546867
0.39250630627199817
0.4688430181430569
0.47413551026933071
0.42733807324319184
0.42115579387191321
0.30078775658904927
0.2695373938172021
0.29027982588538576
0.31273274749831542
0.55303642167982159
0.37367800365153347
0.25092661933740967
0.27839954239227427
0.34583077445756044
0.46151551109590844
0.32510392694853385
0.47567541163879895
0.53518038040373828
0.50126730985439583
0.40311928645283618
0.2870671394297552
0.42451282580004474
0.45062481571396051
0.42514669684689121
0.28453374574799228
0.22923565681557306
0.40447585104376743
0.51036621706367491
0.51011031053171629
0.28190910526846891
0.51133222700380587
0.51864757386197358
0.46742313567959803
0.4128059328754124
0.25147057750922408
0.23938516051388795
0.30021841896135226
0.3993065705181123
0.47378212392541497
0.49326853240874813
0.47278254267034731
0.46963769643196018
0.35458986010161675
0.28420719232121117
0.2141575696717925
0.29490109605427217
0.27132444876136408
0.41771541792088607
0.28725466506150815
0.36668362506361485
0.19111505446939459
0.096706349841345782
0.10093415540866234
0.19072910888440886
0.40142479607317127
0.45421677471166921
0.45510385799454472
0.53776885361403404
0.48838196847538595
0.40997836457852388
0.36777939760886602
0.42538112681619922
0.38699275418388718
0.2804592570725139
0.20768796495685996
0.13195552403091546
0.08470924943106771
0.16771748659365687
0.18493552013247436
0.37493998408929324
0.43062360739294891
0.3218222983386228
0.3622912253634355
0.4943207036434995
0.58811878787499305
0.52788314346012022
0.61478800298513381
0.42288570746240584
0.42575915814615017
0.15681838193900968
0.32660527792604949
0.24656779008836557
0.31355793776390112
0.25600518778587511
0.35729458099022215
0.14198012402357818
0.052381007232756661
0.13218448144838416
0.092015795717362445
0.15943090209898653
0.13315094105780248
0.23388479854169908
0.19224300266673097
0.20555792874090986
0.17767573934037453
0.28820339510837079
