0.8555214069277971
0.86025123681688698
0.84564088203140131
0.8315493433685256
0.85770920134499984
0.83062663569710282
0.82992414898298839
0.82803422045426489
0.83408583866354935
0.82499162284093353
0.83660728921975747
0.8319296491303102
0.84044539985976885
0.85007778630873099
0.85994899715728124
0.86720160714202343
0.85261306086015942
0.84127004842604236
0.83282141239454754
0.85966301563039504
0.87797724645048125
0.87460973954791077
0.8744923795771653
0.87834363089748058
0.87844404425132872
0.86180832093744308
0.84668883388934724
0.87238012852987046
0.88783464633039555
0.88620902889844233
0.888622424786218
0.874461248728578
0.86564655023807824
0.87257241816493258
0.87627226309932837
0.86030818050226376
0.87540142586512948
0.87958550821091497
0.88966193718337427
0.86358326327829915
0.87914538278580723
0.8477900485344988
0.87670690024991993
0.88832343303883265
0.87768188842390382
0.86572434146914989
0.86002744486334892
0.86552534041699725
0.87075733421097568
0.85106532184542905
0.852414206275241
0.86792171910875882
0.87255096960066381
0.84906606079663116
0.84867942199634572
0.86073840559836823
0.87488320737765823
0.83078640743782783
0.83394492970212841
0.84695091739630612
0.83506131479252454
0.83954826362418833
0.82716359821509089
0.82830599412024775
0.8502463286316132
0.85011307697185845
0.86473566940394953
0.85383429354410523
0.85144990930570852
0.84755655956565701
0.8497974540925477
0.8452661702309423
0.85282093872462139
0.82735488198224438
0.82367936879129411
0.87013115521013973
0.84963455739691451
0.88098257055630813
0.86886346471848519
0.88250921406607963
0.87712942741530064
0.87147045999486394
0.86867591319899484
0.88072611448428917
0.85315607254292236
0.86102503588768686
0.8287687237050565
0.8508406121091433
0.84826842956173609
0.81085741563402491
0.83280926304669534
0.83292929053046993
0.84951568943456357
0.8270455878146481
0.79795176893951969
0.7603808197793519
0.7931284330879329
0.82475045608118347
0.85812183877293158
0.82121270850464778
0.74779907055216077
0.78125175132747082
0.82342941188091712
0.85298433229104242
0.86016463037262403
0.86406650180781042
0.87717895020720171
0.8463598888578947
0.84185567232016101
0.81236427952467338
0.852199857054184
0.84594717095977856
0.83062343237384584
0.7990405864524639
0.82291788815683942
0.82006870550100586
0.83621229213438053
0.86062320416952887
0.81505844351973011
0.80221853009085897
0.81428843731295142
0.85660404256685319
0.8290291327516911
0.80896562945786388
0.83883169347255149
0.8363701219635008
0.84305223888384373
0.84898513397746689
0.85599187154663314
0.8706588973435232
0.86115128335592062
0.83930667222683497
0.81635270795004433
0.79680824344316026
0.80856116023885938
0.83557142092441139
0.84554245215123969
0.85254486247492001
0.85910995951677116
0.85281387529663566
0.85362550421625216
0.81310976013726421
0.83177134753120008
0.8591434473466607
0.83324080864060213
0.83776633561806568
0.79096609177408828
0.7726117339049644
0.82787076806358506
0.82968124562400469
0.79967424435541379
0.81110506366583635
0.82257711632375063
0.8274527757594824
0.80863691436279861
0.74875421381212803
0.81277302576387955
0.8067038755195246
0.79245493551942947
0.77909469067609083
0.77580118003126741
0.80054833211005116
0.79612382994786923
0.7911895769955597
0.81498159167793249
0.84752664094933061
0.81458811139039289
0.82279232564812999
0.83128237285301243
0.82321520129154202
0.82326248080758646
0.82404243871580218
0.85227951581345807
0.85486317018745428
0.8416349769966438
0.8285655163381842
0.79277830919472603
0.82935882606379174
0.84672964450665011
0.82715489745259974
0.82195904589574964
0.83332921832115991
0.79729320709988638
0.80849322207993257
0.82305981537977502
0.84813297666759835
0.81769435720054273
0.82039420811538444
0.76719761957169896
0.7868789118967312
0.81451708350538332
0.83335425844651378
0.86047418250488594
0.8518105140576343
0.86856918167112662
0.86130064585885668
0.85576566309826319
0.86786320996877497
0.82519266008983805
0.84988714888046968
0.84091070566962256
0.84930543238438727
