0.45329793247455863
0.49946090976427776
0.42559457505445353
0.46292589526667421
0.43145426607274362
0.3870944879586089
0.27316418802427772
0.29496037884891796
0.28282208953849058
0.28531694545631237
0.070185881082103385
0.28203047768108236
0.58143645238405051
0.52916664063489693
0.32156003636152991
0.42311969644402914
0.32377747118706407
0.24604907963826939
0.25407019154533356
0.36667330319566316
0.36309087068613433
0.45736862116160082
0.27295314033613188
0.28532803603571283
0.34474423429951212
0.42798810286647293
0.2510039697584
0.25605057601514186
0.29880605301618834
0.1951972795822256
0.19799237902659644
0.25984445046030724
0.15275733162561661
0.10400389927812627
0.12466397978584742
0.24876169142276891
0.23393521509777879
0.23519172584131651
0.23830778261155736
0.23308926241491593
0.22933571188232429
0.26439290742661575
0.28441897181842385
0.2663204404798663
0.18633699035113413
0.11211274749769225
0.12419060690517367
0.19833287911950034
0.14886847990121788
0.26105128239198433
0.16254307784894834
0.31616433963671869
0.34154923206813959
0.28343365236821744
0.31282408126480793
0.35479480611499514
0.33127878142188416
0.13861258222969247
0.063202251207476079
0.14377401718595686
0.22626753090623516
0.42929867087499268
0.39727379774839472
0.43906635531080923
0.42447126099851934
0.54890112395532487
0.50699027292200383
0.3889683383098273
0.28189806350231295
0.19615473737024755
0.2574202581176086
0.24939437910107326
0.53279907520433678
0.50382497994385977
0.38499164271875308
0.40130372592939489
0.47709962280496504
0.45281423791727698
0.4879067337433462
0.39113825704720251
0.26615506743092637
0.32109003228072241
0.28494154215734319
0.2752561025457162
0.29898573225780339
0.20031222053269829
0.39391021366090795
0.33785819955872565
0.3995414504213704
0.50591006923079851
0.51299377016181857
0.44352157243987178
0.3726495792330568
0.45025765862117911
0.29893266224202791
0.30849598448550147
0.30670009873445064
0.23337447341901615
0.20332634782788353
0.099642200923025948
0.11525755020881023
0.25512328006079144
0.33395831017507183
0.39029819000845362
0.33162495802418507
0.40662025897017023
0.3478513580649899
0.33959480027525324
0.36607476205491901
0.35995878551317884
0.15393291704674686
0.10813118333464487
0.073639040318775106
0.25058751568204618
0.3172996104557575
0.3599541895126081
0.32732611987338855
0.42404018541640698
0.55032179361566524
0.44375540252278062
0.40210932179150816
0.30086041103363947
0.33405395755882639
0.26415908342592631
0.41502271342666297
0.17425439946540627
0.13566191136766767
0.21704559094901005
0.22009481836109113
0.33238592157286528
0.36155745277281137
0.26938687913396814
0.39950771338195729
0.28305742153820457
0.41729994063712456
0.29097409841541555
0.300865935982222
0.25124012573077642
0.16978498097365341
0.12252578721479541
0.275987950832491
0.34119236572793205
0.2980333865250373
0.37252606402887395
0.46044215488122336
0.44153043625997895
0.50515655067594001
0.42568494237030163
0.37015054839212785
0.36103163016273421
0.41660410898999922
0.38383740904463892
0.34632477339978396
0.28041608710711019
0.27807145748001499
0.32132969182637899
0.312867282052602
0.22811218572968778
0.32814733925605433
0.32451319129962408
0.42142462202369457
0.38016848290643335
0.34297547312168092
0.38870424809702314
0.31898892757004271
0.22317778490838119
0.043390835354081982
0.029646970150328265
0.26597169908951712
0.41181818666107578
0.35716758957125222
0.13256580987042565
0.29876673860173525
0.34294041987505469
0.28993072125499852
0.30652874306746392
0.52261446839979042
0.55574322944977539
0.27885420151275575
0.47832951341749125
0.39703600809975254
0.20220385651643191
0.44845135088228499
0.47386559480795126
0.38518100474546152
0.2029677095571007
0.37301588402036751
0.34671518472059959
0.18955791655160889
0.28577974321348204
0.084864296721801416
0.20640991075905435
0.35699539318782619
0.38666123962335597
0.29969772723036381
0.31201503012650883
0.33775406044386846
0.26421122561317739
0.23345032028633211
0.10349849842882618
0.19219075775592426
0.20226054565924789
