0.42713999924654211
0.41082667733283001
0.41288979435228373
0.42838084632608525
0.35229701553600506
0.30921203392942798
0.13698807203198485
0.2674436973086925
0.16881507089804224
0.15014467154397099
0.18560829196731318
0.044764128447048003
0.17019343323168043
0.22067359583790477
0.28455155966853374
0.23813442065524215
0.15559015070911875
0.22588548089265129
0.32415719445249513
0.34930990053707967
0.26291898941610736
0.37703557893950834
0.4358411662722429
0.412256880962794
0.36811021303341745
0.30671243737216508
0.19589106442490556
0.23618482069737132
0.39312385810718303
0.27222492474518695
0.18193521030612425
0.23479473892677666
0.37922781059604743
0.49103636086919977
0.27350577451964159
0.35607630858531308
0.49079961025261926
0.29412459895099147
0.29815325134494131
0.25251443413966301
0.27280612761205492
0.46659441661033546
0.4224824479994217
0.4211526397926586
0.30089413098166334
0.25985213971188231
0.19000624568622346
0.22706773245338341
0.19127202086784487
0.21357014744220615
0.36221784874751894
0.37122062553970825
0.41377427540057621
0.3892706491211555
0.34836047776160439
0.19269962547503039
0.31121532367565596
0.53521189551655457
0.53891502931320956
0.38664620544748957
0.30588439172516635
0.42335410147449437
0.39812522201607053
0.51806850519755043
0.62335175068091353
0.53448037878723587
0.58915746885974463
0.5308014803590172
0.47357043818830019
0.491354724146704
0.39830039168299136
0.55394386618445701
0.54523380124117016
0.30317943273947634
0.31828655450680543
0.22747991435772535
0.41703808935738085
0.51419251458224446
0.29190314941118767
0.40519585532613006
0.37663294411323894
0.33389931097553655
0.27556900645797422
0.13171315402507486
0.13743719011723449
0.24043615441574881
0.11740607706097431
0.16581070349535315
0.19826035648528956
0.19004734894320158
0.11074273964213656
0.11176230563217969
0.13908817376675014
0.13727601487563326
0.27229103480974542
0.37010493679154388
0.15026882727117369
0.25527923630657484
0.42657361158216311
0.3745523378102304
0.29048614605269907
0.39239553242026615
0.35210812662661595
0.19334094310319025
0.22977293713859179
0.2405721497361486
0.38343873916098659
0.22086894779198887
0.16516570180678264
0.36512751023701029
0.26174265522092155
0.20823018231277676
0.32732331210187948
0.3975718863371559
0.37856635445783365
0.31676560965280759
0.11102299222019592
0.049076169488435725
0.12147093270981332
0.092551283238165888
0.20267014332100658
0.34869197463764945
0.37057173450541059
0.50269916192761321
0.47439741322300483
0.29167463825807088
0.27438734537573856
0.44964907302926205
0.51915406067742598
0.54045792532228021
0.35273951618722554
0.21865501961198633
0.22052026718649451
0.34211741651387173
0.38658386330070066
0.46263065402048814
0.45589322993321718
0.49437048554850271
0.33005906761517628
0.29848447765103964
0.4058132630541576
0.36033210695163581
0.3859486880700676
0.50318177820581256
0.59361296256147977
0.49268247711118829
0.15406263570479972
0.27183333880298677
0.48507376741533237
0.44644234592463194
0.38835151670980611
0.26427676429455399
0.3355624166521316
0.15835681954817146
0.24386304703083717
0.2012952928675697
0.17272268933280191
0.23389641271395306
0.29262678484047161
0.40903056879017702
0.44133619418778103
0.40776306344175245
0.32175449130697481
0.2662383615658846
0.34332082032030342
0.43808127573017908
0.34785553461708052
0.29581507026641557
0.37040512926898539
0.21650670626585325
0.23384993655853481
0.33508637974992289
0.37365632017986905
0.32013023461034956
0.4064586819863874
0.48702958554219683
0.40725041732637551
0.3759220466974188
0.42710339793120461
0.29003681763634148
0.42995978804708157
0.50900624797047589
0.45227880416227406
0.53543850374277857
0.32135780876585152
0.3332767727601661
0.4968223249286029
0.4404371361736813
0.35859419860199132
0.34706929153382809
0.36448546366514228
0.36410854373253959
0.34239479139134871
0.2948020932827245
0.27884327164716316
0.37866661830421594
0.28774719163573009
0.17913486909762921
0.082029911356245933
0.12421124669228883
0.18471605695491808
0.21146760061895642
