0.2436458561916055
0.28258348870219946
0.50418611678818348
0.38088876704861901
0.4249840878353876
0.28765666719025451
0.32610444710903408
0.41364383684150369
0.36540052895550063
0.40936561631382418
0.41061772474179464
0.30233394928165086
0.19250493482685804
0.18113759253445419
0.23694026389059319
0.37517092074945652
0.37251731073415173
0.41427323892813506
0.48343006001571459
0.47762739440744156
0.42277275621148419
0.40533442882433268
0.37416736226139707
0.48721171101021404
0.53732181398898704
0.36502869932589332
0.35324296969087415
0.28692890494662543
0.46052602119935626
0.45733583197875688
0.3697948711152953
0.12124241026552138
0.35666525420582024
0.2837728864302993
0.17921345446375031
0.17233341833537877
0.45079460449224928
0.41536892483559884
0.14293856016193698
0.11510587087285477
0.095227779775081914
0.074983897023281273
0.10773888278940816
0.17015130065263928
0.16048289249613731
0.13796431387478658
0.12057004751098126
0.073187833822244419
0.26044505253404043
0.29201249863022621
0.28004304660732837
0.3016470156315203
0.36270519600924583
0.2376995074409114
0.28900495513285313
0.36365529535365804
0.30035663283341024
0.24906469603632742
0.30848759060712388
0.26703581797674203
0.32520173703778149
0.1860640237558169
0.27908976297858756
0.42978431524843758
0.49655503041875804
0.45898201675504668
0.42600615157628346
0.17048226827159946
0.010851442990236181
0.12783329112339362
0.12016115736232708
0.094591589904125556
0.069156529947350401
0.27359736735558321
0.27712625298707638
0.15854493494508776
0.11406944449974715
0.19787390597224608
0.087113944853125666
0.065650808248725157
0.22619640032797439
0.30789021846627895
0.33157698228205001
0.37615016697654419
0.43901659427444228
0.25876352644061806
0.38071210913817882
0.41606267588388463
0.51449474948594021
0.43843417738198537
0.45823259936956057
0.33719442875625844
0.35783802190571512
0.2746737059406173
0.47038072122570168
0.36960978485685836
0.21014869847997808
0.23394227928342518
0.21424329524718225
0.24035062238536198
0.33897892560226695
0.252863486022193
0.13465503205038881
0.21352277627802269
0.059825993202583423
0.34394458961493596
0.38275451581966147
0.23584274592378193
0.26125926579956932
0.2489308395439058
0.18349439237046772
0.3483717233013095
0.41827413646573641
0.44769163983661603
0.33533987902692103
0.39814441142328005
0.47244965052822824
0.39396957606550881
0.49590229250828277
0.30496137460780304
0.13851708928460763
0.035334724367239279
0.24391470739533547
0.16565744806849256
0.21267074037354328
0.20400603268366113
0.2412633963109872
0.29170745904324596
0.34732002633878356
0.45533425358438134
0.49638150331720365
0.49771108867052466
0.47697753776571278
0.38120880395907925
0.1659901823113232
0.41915936439100082
0.39465916460396133
0.26072092502590233
0.27824815340409853
0.44267858726380227
0.22806465063370263
0.13111229224867349
0.074232968693762585
0.26527314624728737
0.34017103681097788
0.33850851851463798
0.32094003579167618
0.31508556663816284
0.31897401542914322
0.2149820843233152
0.11431655895523415
0.079436299087026208
0.2741706754318276
0.2359881119646994
0.16261505228886947
0.11302451836102886
0.12529499511914419
0.13581035065032401
0.1840019849677727
0.1570957639695878
0.19577473526137112
0.18551452758599321
0.38871322116367163
0.27901041641729823
0.32437432809430661
0.30023993186031589
0.38923044075823215
0.40201009640885721
0.22007533355777675
0.27017290990451259
0.33305190488024294
0.25195979174393301
0.4269902098622011
0.40032694994806362
0.46172932116901161
0.41362156031438602
0.2910305542633419
0.28337232654917205
0.25459176881260109
0.18195335250503025
0.37575693390084464
0.38979929068588337
0.50302067652664484
0.39273168956842247
0.29708659346112903
0.35449374624179891
0.23995629376441804
0.13725129745310805
0.17577801259022707
0.16485820030338119
0.45523815438662169
0.48583118936670328
0.49017346479788082
0.31726066953390392
0.31935938855981555
0.25680408334582117
0.19960514914633121
0.20456783013483526
0.074744119013938709
0.22715246037838377
0.18266871191149395
0.27598298387403375
