0.29352360549327633
0.11565789150747391
0.06616769767176793
0.061162660450048256
0.2426420387946876
0.12138576805355855
0.14501644504346403
0.11187417346841068
0.10399571064951191
0.094607991440386563
0.15935743524291987
0.11131698557839292
0.086810096225652972
0.17178458800280977
0.27269545741510004
0.13968504608212243
0.34542254726201194
0.23681474871300742
0.24551591366995687
0.217847283704516
0.17370279086895379
0.12031768420442716
0.16831100015243602
0.16779677357534922
0.063719247752474145
0.080668327977764936
0.14282099664656162
0.16144884643328619
0.17442048360770238
0.18453170254162732
0.23896766759563115
0.10336149239092739
0.16254150555439814
0.18966055947530269
0.039782386808060198
0.2885610919420063
0.14801233243835724
0.32893319308398988
0.23967073119878279
0.31660664078130324
0.16846624974471588
0.2666744560847138
0.29343440863663883
0.26307827312455739
0.19704627636722405
0.25826841021010111
0.31375054220029308
0.25494438540161551
0.078796489974266554
0.15609922925897554
0.25062823824027713
0.27996154669585188
0.29353783222205398
0.36881220083131822
0.16568159588585171
0.14339188216827048
0.24803191497643115
0.25471439425661441
0.22132617239941491
0.18706944626918282
0.27428006560255996
0.43658702483208067
0.31377509734583497
0.10173150448578443
0.19771381211634373
0.22817277505492339
0.27172591759514653
0.073358983676514486
0.18572041297877406
0.25991264085658966
0.25367345238593297
0.12000900218075923
0.18868313393865807
0.14481556336203302
0.077789280521134402
0.21330629506657689
0.18936682792106255
0.21301255267821054
0.15161545434364604
0.1267838350896183
0.12977019210636923
0.22091675194989821
0.32548217094403958
0.25809588000882089
0.15785359406133462
0.15892380170576226
0.21621125938046384
0.16156933203150661
0.20694113332648506
0.16988374009386301
0.2052347166016269
0.2605621311922684
0.26682048385847101
0.088981991097401028
0.1154124127587503
0.31431716370631363
0.19435940150319062
0.25188434248544961
0.3210346191436213
0.3264616058987635
0.0254603695287021
0.2943244121209328
0.068860701152958337
0.11989964898014498
0.11833517271411281
0.14343111637535788
0.17582036538047249
0.18053337997156535
0.078110236010615036
0.1616291476284992
0.25113180785746081
0.21260315352178777
0.24561377073618046
0.051719368555857702
0.18539824859432327
0.095502281340078196
0.15506952000801308
0.24840783256963778
0.19503228798885575
0.23029558316508852
0.20893170888889454
0.10712457388294211
0.2498131117869957
0.14900864088168875
0.20038017465986313
0.15845410889705633
0.25223828585428937
0.11896174561732988
0.28532865532324092
0.11204623236274699
0.084973955294725248
0.10405505145179837
0.16095194718618749
0.13135673352563601
0.29496383461477621
0.39323081367739471
0.47277685041562856
0.44809968331450034
0.30197607160300077
0.14069538077023974
0.16838788763072904
0.13026637223877577
0.070890689498304571
0.1616387872735682
0.12948115221739201
0.22464298758484566
0.15998898569759043
0.032699550537684599
0.17609361664496753
0.26646800811547994
0.20228123312990565
0.28335643378030062
0.28829590757528739
0.3997837222436964
0.12535768743501777
0.30959706267870241
0.049677446603334549
0.10260842011865877
0.23218110017389601
0.12718441896500102
0.22268120178981779
0.19450662611260555
0.21685144707214532
0.19579448733137386
0.19587692625186121
0.10569293172230471
0.14215522916953166
0.1275991118891503
0.11019421610454196
0.14432565367103251
0.29803694547195136
0.3122284101702606
0.39479434116435985
0.34520963940468302
0.26125718146208904
0.37863792496392457
0.19750099260413617
0.39703148993685522
0.35629905905305292
0.34532633870692503
0.37419365517342801
0.20318154470602018
0.19615225073674203
0.10747693068828561
0.094386367361847481
0.065492488743271501
0.21973997704011836
0.11395742881408739
0.10440625763147038
0.16167960743691531
0.11642092800135358
0.24878359732445707
0.28412706468998472
0.26251532410446543
0.31489582764493657
0.28588032387173401
0.35200681872502793
0.25628181526219712
0.20846368789778347
0.41430104364534076
0.29141588056001594
0.23143635093422263
