0.28559751823953533
0.31019765568982127
0.34421796980109476
0.17416766226637215
0.34420710990398679
0.16413793566810553
0.096319854392355381
0.25470100488682518
0.14866946482237303
0.090328203945371138
0.13973284372502384
0.18052553586406173
0.21421340120639823
0.37140609799804364
0.3393214603439948
0.25045307509784481
0.14975293249536931
0.30389702789854961
0.11284546457853406
0.072078005024148961
0.094365758735149782
0.11927490221993454
0.10864017575284887
0.056130308300222927
0.17160570313649348
0.22651595208324196
0.35878237326862689
0.37252500874678429
0.30832050578194037
0.31612960146714197
0.18739866777289732
0.2711530122648082
0.2207515162990179
0.20392331975579259
0.36409119303453286
0.15408919416669761
0.032137512656857069
0.069193594948974035
0.12616853232369588
0.095647663065230565
0.22488061506702958
0.25499408425857406
0.32355629201621422
0.33633742648022474
0.17240510168760917
0.3048980964249402
0.3266870977945886
0.25059710789188955
0.368499328610851
0.13462927591896567
0.078696463639945813
0.17048893047288718
0.10302899851765181
0.24174483085503093
0.13607028163042251
0.1020211088870607
0.17698071653843134
0.19924267060543019
0.29058890456226127
0.299816579765742
0.072165425173011
0.19616487341932978
0.27452493872956696
0.22367619033312464
0.24475173958947932
0.23630146519402198
0.090595830610011988
0.30369353238100455
0.23182501920651089
0.14204565527310742
0.24274647918570239
0.17156862049890126
0.32252876913521977
0.17261846202662143
0.070272910257022203
0.18017689154238631
0.25691362629062714
0.2417428350180908
0.022104081698667181
0.1283281067260609
0.10214723931139121
0.09778115486496633
0.18745676209273554
0.10609110952379248
0.34542414552224326
0.18443772611929962
0.040618885346080734
0.09392376117927119
0.26598920917185226
0.16882647436162193
0.14685910265619601
0.059940245659258852
0.33011830023393113
0.28895228744805079
0.2887529059157295
0.23408150128746338
0.11060455790967287
0.30101590673066436
0.06148649432479808
0.029382311453406407
0.18499870469671773
0.16872905338467201
0.1763010633138356
0.12512034664322136
0.1755167549388395
0.074029417891388019
0.022969222082838147
0.045154048331892654
0.36285188261020501
0.34737142013315631
0.34792617843232482
0.29476190354159759
0.12875053909213649
0.11829583534923435
0.20696860207192974
0.30284765870350794
0.064420694829469244
0.21177803494459926
0.10452313991138988
0.13779789206985918
0.17613849981953425
0.16056019909359087
0.27142002359262996
0.079765414696473039
0.027860015452931167
0.20222034999555311
0.35542084894236342
0.30373293021376735
0.17760177233540311
0.27982245931879957
0.21458934874664518
0.20087637399608863
0.26671846591013465
0.055213339747717749
0.32278946490677318
0.13765704940953102
0.21431361184574158
0.21078244896133133
0.27396734126711059
0.26054536294102187
0.26558179848958552
0.073481072131060837
0.28330406896411303
0.21760188021295868
0.22706783592261787
0.022469644118388154
0.12383849225672108
0.085943103703943702
0.26138702474697423
0.13630910744764632
0.25929305874719782
0.19408856344601921
0.22287928705667243
0.33749405349580752
0.04891838578061479
0.15306420494624126
0.21907946779861881
0.29127816014503777
0.15890325814412179
0.30376924245910708
0.23526298257871733
0.44062582883553209
0.45835781843682782
0.28849933894114332
0.13113163193520647
0.20548574858803498
0.16150997562686326
0.18774251883893167
0.39285927701991985
0.32823003297509168
0.24124288055439305
0.28756748623022571
0.29316067265916984
0.2092122380541678
0.40736367649378241
0.2324697116460728
0.30365169502089057
0.23792381661031148
0.34309137391055994
0.25141299317028148
0.066201302613100602
0.2461513766570585
0.074970626417611916
0.22373387172104775
0.088787059495318413
0.10098839542792071
0.24733398701142162
0.22612317955009134
0.16057019176659956
0.39677861460287928
0.26977167325193985
0.4017745374490892
0.1963519586478521
0.18285726254266865
0.038602688577070297
0.15657906063501989
0.091260958589061358
0.13333637588487793
0.13167706912198573
0.060051692598080693
0.13526404263650979
0.25008839003847039
