0.80341934130611292
0.80775098895187369
0.79797618283087957
0.82239311002169957
0.84579707940250393
0.82997654217115557
0.82706759171564703
0.81314277867430351
0.82249720203869991
0.81501904637125866
0.8467309065223193
0.80591894523061891
0.84394789463004538
0.8558654596804347
0.84888308104841892
0.8383942550054263
0.81970446127300756
0.80228817205924852
0.82017507267416667
0.82581566822963792
0.83387702957314502
0.82997266769573341
0.81724367999156255
0.8331822894713794
0.83864945900099885
0.84017410875530696
0.81590383498026953
0.82116217749650822
0.83249226249934327
0.81155579858084226
0.84036683011217139
0.85731712686200701
0.84038613297929654
0.8298681964279625
0.81367772682304096
0.81452076561368425
0.84840024740680775
0.82074419472179594
0.85106224495391902
0.81111289331703829
0.83060575027177086
0.80526022558704946
0.79670135447031176
0.79668542648305496
0.80417108631954926
0.79646847682823407
0.83068305545421373
0.80194782800732078
0.80907401914966071
0.82992377077743029
0.77860442808903152
0.79545235452541196
0.78107693660631516
0.78305816388329019
0.78822971075928994
0.82428368913703765
0.83731728836314778
0.80130854966224274
0.7749317413856569
0.78402934520883849
0.81447110566034575
0.86646310454015607
0.88425142638474186
0.81309089496466591
0.78307240045525572
0.79682215963386449
0.76414741058182223
0.77679088424712428
0.7657100501083246
0.77702034338122372
0.75911611262232093
0.81633044988277381
0.83704381275005202
0.83084285631336896
0.80126250230365892
0.7634200069728776
0.72734600025923302
0.78991820141220548
0.77639808793563736
0.65062479205911894
0.61714554610993588
0.6341528980000074
0.62533459064425601
0.61130806389396553
0.684353785289325
0.69939197721043145
0.7519252935134314
0.82518628772700131
0.81465690775906674
0.81555813225144858
0.82850278158137003
0.81735843416373666
0.82768604596871065
0.81723086512022214
0.82513729353633192
0.79117203142742865
0.80919187973865025
0.79306728292260131
0.762558602153245
0.74238463079326666
0.73014288589899645
0.73458856539272643
0.70879163138798806
0.70868311853510324
0.780067384517803
0.79656166634848224
0.77398710425316486
0.78601115037549751
0.80616254050097236
0.80417368622771546
0.78707531870639791
0.80926116574296603
0.78035340985748491
0.8536415407278376
0.82958976256035422
0.82096262256190033
0.79301568794874144
0.81151117920422622
0.80160386357868907
0.82009304227843283
0.82164771421114657
0.8468716599507683
0.84716656349824015
0.80366710205035785
0.80414514757865274
0.72726009261043922
0.78278726779568331
0.81472991027339781
0.76981772234858736
0.80822866745770316
0.82367839894470207
0.79029308980655244
0.77689999057461456
0.77518909754495369
0.7438943702464007
0.70695443809887915
0.680310729742167
0.68628178004761864
0.6554389214835824
0.67426828644868164
0.68656817353851263
0.63586128296091349
0.60790077748802218
0.67136271411469939
0.675532482146321
0.72944046948431984
0.71822506961285637
0.66706775917751848
0.7413087267574141
0.77279834050432261
0.79245729947423726
0.80254324145869915
0.85254894581080787
0.77263451156871055
0.75567874351113873
0.81135457680718992
0.82627724843538408
0.79278974459389306
0.82348346727607036
0.79741806084984501
0.80036729167957132
0.80153071734566328
0.84090758789909537
0.79828289234313676
0.79397703589699054
0.81359187111429276
0.7923340667980473
0.82270987461548672
0.82748634681728395
0.82491006316841076
0.83968243618242144
0.8341212448476677
0.84798498772397546
0.84382720141107326
0.83593977334048453
0.84604769709707972
0.84674360180000829
0.80445942104372781
0.79610028069122984
0.83317153018141377
0.81697924927348831
0.82870957555148927
0.80762298985904157
0.81674653998367375
0.85023620761221741
0.80638886656535491
0.78101395101341453
0.79467855834493539
0.7867650451084488
0.80840892137449127
0.80007331021650641
0.8243269467368235
0.7997811602879904
0.80647017671420251
0.79133955514559606
0.75620504030570512
0.70811517539139768
0.77001666868323604
0.80095788880820418
0.81634020501531968
0.79825387854561158
0.8093611790280919
