0.0059413615497274034
0.017380899782327947
0.014042481545787629
0.022590976022107176
0.0099558823373246709
0.024069563193192096
0.014226575308535577
0.012725112242378952
0.014158856622669311
0.016699813360777121
0.0049958285628097943
0.010352634887343655
0.0057658243797291779
0.025110979109516051
0.01168048812666786
0.007301777389178349
0.0073287475839065369
0.018781025399750944
0.023624080883821303
0.0038429056927734464
0.013581363044691271
0.0062537444414515787
0.0098835860813808983
0.018811373030057223
0.0070147303277667342
0.021085271350044073
0.021166579634482686
0.021772797292345835
0.017719169575506084
0.012400449239866093
0.0028920698811407668
0.0038100428702437868
0.022448082412249507
0.010034163322747138
0.013685908206300458
0.012520892916166055
0.0099400863181952712
0.012857311891781954
0.015623866543621499
0.0045563589702004225
0.042153413402547302
0.0045700094047615462
0.0061093512895405364
0.017655697751792838
0.025259740928910132
0.0039163460601621724
0.013113532731971463
0.009539193090061111
0.010033337026765645
0.0028714236595677916
0.011317479199075196
0.0018796287358242734
0.017759482960122593
0.016930741781452818
0.0043042880722087059
0.019864411056595362
0.013565644554185945
0.013734346214527626
0.012398493502868167
0.0070837533916226682
0.014931753609981014
0.0074362831969020113
0.0046961301197163251
0.012449756619541719
0.010197505526911019
0.012228767897732792
0.013496931666290969
0.025279979863843435
0.016397531632286279
0.034264598404190758
0.020500437229168715
0.0069029738119641398
0.030627520462171154
0.0083192097635122007
0.019806607013000674
0.0099763720870329545
0.0076185984599818788
0.0073695458222212242
0.018815263113295483
0.029622039065516834
0.018277713401422778
0.030457343904111794
0.017021816395282094
0.008058570463885268
0.027560939661653246
0.0046235384540644943
0.019337372809950727
0.0059259919649606706
0.01669046458860058
0.0052238449453309984
0.011325421502831128
0.015951596581443652
0.014796121087298664
0.0098822916262255207
0.029761009318942114
0.013961174435056126
0.019107878892055577
0.029723753612708556
0.01736743754949361
0.0075979981554897017
0.0031786627209099594
0.0082496510527326379
0.015721052197850253
0.012205440892754393
0.0049804716992028842
0.029269398404781054
0.013996119042638991
0.012485886857183067
0.016923590787211579
0.013731656335770044
0.010515116367540279
0.04349510321825293
0.0099347272359530218
0.017335880961076692
0.019604540852907016
0.0232339205872256
0.024060061696215416
0.012017345262320003
0.012533390313322477
0.017528089410052849
0.014793813105089667
0.011402427877942446
0.0052886453438557657
0.038732695192018683
0.011428128277112726
0.014290947897765529
0.022930994631874143
0.0099147302120991248
0.0062472636920992827
0.019204129948437742
0.026333021671102564
0.01399510197351299
0.02005497438095085
0.0061044220963402205
0.0097689300167870443
0.0064863446492853223
0.038911015205550889
0.01842172657296795
0.016123291692208733
0.013068377566703232
0.009614015484134493
0.0068758520764795432
0.018969407249027053
0.011745611439829856
0.0081226588066921363
0.0032557961155616965
0.030275587496089412
0.0027672084569991982
0.01681696138871587
0.0099572292196468005
0.014868075480378547
0.0047715092806929656
0.014024243451194986
0.011830044765742785
0.017698774550870662
0.011609738170497147
0.015971401911728182
0.02969844560302929
0.010827294130609179
0.022767432893499837
0.018213783060370276
0.01426594006943669
0.015523003079991772
0.0085083499149795593
0.0079981611392555448
0.018253113723048164
0.028624089205341836
0.035074947877831941
0.021337129850956673
0.016889000252389347
0.0079750045649502402
0.0069085800129180903
0.0021944324943949435
0.01121727420653125
0.022612522028105077
0.0079660007258276506
0.017415579710134167
0.0094803506313692436
0.0080701724300416694
0.0084149619891870885
0.018203946396474654
0.010060141374600418
0.0054451790749964965
0.020166783555164224
0.019158288038911023
0.011023302063791816
0.017305895942097263
0.0033302020846946319
0.018918427049141651
0.016204519777099691
0.016105663725822776
0.014520508965884247
0.01067298327906027
0.0081500677217665636
0.016600109766081086
0.015793482951700612
0.024379328852349273
0.01311661813878163
0.016102410747526542
0.010387964050921293
0.0039194897137668511
0.012282507271910657
