0.0039220791417179952
0.0044699457918366617
0.0061204343875191506
0.017872238333298426
0.0043646912863732918
0.0021244596281164477
0.0041213259095092105
0.0058434878592331738
0.0063972227909020992
0.019527018961079456
0.030378106832014726
0.010878356212308121
0.0090809468851418187
0.01572410798434995
0.0088125868408938535
0.021828619191325643
0.021961275219478122
0.0087162313543025834
0.016376980808591138
0.020623345609194307
0.015551290132765898
0.014663522655646995
0.033410989977632477
0.01351450247623617
0.018818378255626978
0.028315485506922162
0.013436446577418245
0.0068437278475185458
0.018696518084667539
0.0055096752187649067
0.0079725112623245543
0.021349068216633484
0.028868502921321156
0.013407481677778468
0.023187448605815592
0.01055316320715808
0.010212536752662102
0.0049476836695199174
0.0074037548607438159
0.011842851803376367
0.0079940573229043757
0.014339936780458425
0.0039996806090054713
0.009494485771586951
0.021949752336743632
0.014799249329848415
0.019633374195927141
0.027418704034548429
0.021573874733830881
0.010290129914741642
0.009154495678778336
0.01961498348346841
0.011393976905273114
0.023483635358674555
0.020539708733599289
0.011738995611088045
0.01804072629622528
0.022021633882442659
0.00037410929456621069
0.016691864800421657
0.034003209691524663
0.04270032457814317
0.036498667612578022
0.0047057203918952351
0.014014018298111639
0.016571093862017026
0.013036763743045732
0.0063890903795948617
0.014973583609799529
0.011539332512508228
0.0074053862329125546
0.0052072697752595055
0.017213621958644267
0.045450844111373172
0.0044410818726554092
0.035935502894796953
0.025508927403163666
0.017052144612631093
0.013194363551331368
0.028489921927151458
0.0058755706757962402
0.019625948718540433
0.010020140670375774
0.022390476672182587
0.011576396779055195
0.015426701036023577
0.0023600484600978557
0.029712423671940609
0.024495071945633041
0.0074199676591437946
0.02848891211694056
0.021622693915661437
0.02329355661436415
0.008889650206334896
0.016429864687904902
0.02547079516924506
0.024274690673039664
0.011397919618618893
0.026226361806900623
0.0060378235496466835
0.012245497596474945
0.0075895414305079982
0.0086750265161025103
0.019862258950515438
0.013375094499982764
0.0046136481436595241
0.0094344920203185967
0.0085502549663692591
0.020809244951138509
0.018116068466685602
0.024662620262886244
0.016663525152003023
0.0054032392348811872
0.0051439223321800643
0.020292524556874691
0.021765507087456441
0.015261801902299307
0.0046236588199311248
0.025431268644073718
0.013683270055195066
0.030208680074103683
0.012559104376160188
0.01428887030546108
0.010303649619944264
0.0083433670690849695
0.0057477086012200501
0.020340806790985488
0.014775799459571141
0.032153430318309771
0.014453735298452617
0.023596658151827536
0.019673497506674662
0.0022788356529104769
0.01830645108115396
0.029039070663048335
0.014156565892163516
0.049985359290412361
0.016346370652920574
0.014333530578505302
0.0091410008481006607
0.018656325601767075
0.0092488205190089032
0.025999583322073142
0.011464861963411321
0.013793424242989599
0.038594218776218277
0.019420639450967392
0.025794255918113178
0.015656223797549457
0.016587192128473715
0.0075872297264749748
0.019115623228779497
0.012182618068091955
0.030539311468496345
0.01142914817302231
0.023346369340646711
0.019196812299262428
0.028968345656779637
0.0096838673390712213
0.023813045521973872
0.012477530105917891
0.022851524190912253
0.014809404404671354
0.007869818016949047
0.0013616341744068885
0.018048777982935686
0.0091219693352403257
0.015129159906431008
0.011525240540568993
0.017694044132057773
0.034165604505321648
0.012756192508246665
0.003866845479597353
0.016366465532496523
0.029114187990231348
0.021698217107447994
0.030417918357374726
0.025950733880664555
0.0036800583147073903
0.025494618179822386
0.024536268115020441
0.020301077378409232
0.0056430948488099004
0.0026335990448097951
0.025639741478747251
0.02602520736309295
0.013455916433351258
0.018290594103837925
0.016641596309752898
0.010235908738930656
0.0088604877415164249
0.022336658596397604
0.023579760069046538
0.018070073497091846
0.011039420839540178
0.030071050331263813
0.010620270085053122
0.0069921683363153827
0.0056995727164052754
0.0040804508402467335
0.022135971421790353
0.015838187182567975
