0.0077533106288080276
0.0059645675201979564
0.0084419605731741523
0.010541036990709435
0.031519592181347929
0.007222855169235533
0.0293234899521575
0.0068597403104917075
0.020977448624897095
0.0045247863411025258
0.011211569201024014
0.010142310608832738
0.0033622537419194234
0.029516178751027487
0.018845490321951656
0.026658225303060598
0.0017304317845185434
0.0056734096894158776
0.0081458807148424208
0.0084209237765210544
0.0094468836218608576
0.0045444133545954838
0.014246242002541282
0.0065042661326200424
0.0079473597546132566
0.0081434278031821648
0.02152809734221409
0.024441601001359128
0.01092389707874237
0.0092806216235248682
0.013741442634864829
0.0064114165349653564
0.016130796882265267
0.0116861079596936
0.018008041336146668
0.02595953937670999
0.0085744770323579935
0.016167787314393292
0.019443465552537249
0.011466826976547446
0.027697555595552086
0.015014747660522793
0.012943077768344061
0.0066201029943765205
0.011736597934231067
0.037250684350782888
0.023286405603830277
0.023623731336019513
0.018119517077649954
0.0038708857003442341
0.0069616002582621661
0.022891414285896361
0.0061790983120961597
0.0077407809613116562
0.0064875550389779761
0.0099544717705333189
0.016222443991358686
0.0062180272844876913
0.019506270355620837
0.02591600698361924
0.009853617630152996
0.012423902677166898
0.0116525869224049
0.013210326524015074
0.0097147740802449381
0.021570635930472364
0.017095376720238108
0.01855975399086527
0.025994337180020879
0.01943319286841599
0.028962376098823392
0.01636710463185554
0.010535857027484451
0.012184696719077731
0.0044983705619873575
0.027037603692781947
0.012779754121852135
0.018766605931468203
0.029083634837080059
0.016456165372062685
0.0045863686115914931
0.010828545398967529
0.023046831475158288
0.0031020617718390611
0.0051374852637934738
0.012007249564669264
0.012404117124709738
0.016809344497625948
0.0082104100655627423
0.0064620636686973315
0.017949149716892321
0.0074471144527087059
0.017347298101206401
0.013832232251944561
0.0058161732894702594
0.015036578580865259
0.010974141101885547
0.011434956342279064
0.022628517964403117
0.02947499632745914
0.012539744844701065
0.020729531257574537
0.010856705368481422
0.025551933048144727
0.016637217778870624
0.035935604642513351
0.01063297675872912
0.011584595173972267
0.026066204108558016
0.023378652143823047
0.015942891026057643
0.016095715741248278
0.017325794960407516
0.012674273315236477
0.012550290654063221
0.024540339746161308
0.013030126780804752
0.0024969143239057315
0.001919098027936746
0.0057974986227881204
0.016622950070651163
0.016359722428259633
0.016993775747975715
0.022585760341238745
0.0095484018601476265
0.019604660378088574
0.0059707632584156184
0.0078811128091724626
0.017517539067059999
0.0036028325938786284
0.018571196516734299
0.014715018062709083
0.023651653963654925
0.012493602851137573
0.010410125541904921
0.0050202747122113731
0.012033537241686681
0.013300043749454149
0.014841335026539317
0.012834440625921617
0.0099846417823718017
0.014773277485806514
0.0050094783019628553
0.0019609071896323329
0.0071361598266679585
0.036855554344577879
0.002349655120076987
0.010508147079287544
0.0089084348320321617
0.011509633729814839
0.0083437307572081631
0.0058173129006901629
0.014481948578418389
0.017307973977303232
0.016681800829838032
0.025528754796055035
0.018721410589588858
0.019831891702188006
0.01223901011649174
0.01064072740018583
0.0070277859957216075
0.016502262829171065
0.019644835109768142
0.004582265099258861
0.0058180939123502412
0.010782821352343123
0.015706436643347057
0.0021284649888670603
0.016251043451895007
0.007148924284660383
0.015055025606315593
0.0013688827354068098
0.015854186835496817
0.0089917161175172133
0.020394886107760118
0.0091344718857340225
0.01792232956996298
0.01347596196958129
0.013593534237895272
0.015008693711650836
0.01910198146096706
0.018373157854120213
0.014653294998075347
0.012703595580177985
0.0039578694532014132
0.013865665260533115
0.014172943864496305
0.011735134933577501
0.021362542176558072
0.018743295593964815
0.026167856786593995
0.018936942876851822
0.0042879596897132484
0.017680911276135382
0.010499236936812973
0.0087506316846924798
0.015046853020437113
0.0079825268717135852
0.012568149328459352
0.036268498723302699
0.021101559808342614
0.016790211963408616
