0.041395803123822336
0.021043772728832809
0.027053548304101192
0.026602646816071288
0.022478379118920089
0.016592760552000044
0.0089086452073236077
0.013161530154248278
0.0054515571551421362
0.022666932113505338
0.012306461213968981
0.017839822902043629
0.0095894502055296742
0.0018406036954203729
0.016126324935354746
0.02934017243718957
0.016577987167087416
0.020640829833660886
0.01543290677499483
0.021526545215078938
0.015677531498330302
0.0062148992481973458
0.0039662656720055121
0.031784733007400298
0.025054033728742015
0.029777407583026487
0.015945718162400958
0.012878028349603323
0.0085963639721489717
0.010452736331473169
0.010294768629494874
0.016206102212622624
0.010565408061962406
0.02662292552454815
0.016834726124017759
0.0094194457264925018
0.01309800420865596
0.0089348571230515438
0.021888983173717718
0.01382444998543291
0.018515649960511121
0.019117353519556284
0.016247070184366639
0.038888411652860166
0.023513905929055084
0.0054891151459813851
0.024440819001118167
0.0356023313838989
0.0097226383044344989
0.015371982833869825
0.018209167377623802
0.017145058833754445
0.016561263959483166
0.010334866438182187
0.0043950713962527957
0.0075287651949316626
0.031398327226164396
0.0063988599662064757
0.015555037774874554
0.019311266276407203
0.021725506476933117
0.0094250320476710198
0.012330953406455335
0.030503993989159147
0.0022030131652033421
0.0093390521794770275
0.0086753835657124925
0.0064991785345446728
0.024007836460585946
0.020793252565987488
0.012709971677977978
0.021551950063125866
0.010848406913906554
0.041812885249201778
0.029887407725774535
0.016253104931279589
0.011018618308688293
0.04022142398906596
0.015085361904374411
0.028931348077252811
0.0085957255310390619
0.018214286339503314
0.0033272805522298211
0.016219303964639869
0.026938817989902445
0.0044332898168848514
0.033469935098029265
0.022666302423680142
0.023606972990671739
0.024757915840400251
0.0076231891820295336
0.01344582025920087
0.015705417959293422
0.02418776640852768
0.015165528175522896
0.00846372705967177
0.020800584445314758
0.014561134389016787
0.010036489991051941
0.037396224428425426
0.0089955620655100335
0.015354024320560669
0.013944642619906163
0.025614457638481688
0.032613379227252229
0.017061044254631126
0.014406586268322467
0.018439922843013889
0.029126086588331379
0.027945922220968023
0.019544126431444174
0.0090905557249819843
0.0072501948838482946
0.010608129085327683
0.025905532208845602
0.016214691890603518
0.010738237191500149
0.02111780357725945
0.02688298349169729
0.03001972688721816
0.0004701051007329508
0.019840932586606692
0.011210840190924087
0.0047027402877917925
0.010934658987910861
0.0098777257662458415
0.027102067785024518
0.0097778133244230819
0.013215315999498659
0.021897907929708596
0.0038542177280206699
0.012952234207658045
0.01116894002305288
0.0076131836082151596
0.013408287986681776
0.017380758204655303
0.013267957405267417
0.013277378350387923
0.0033381446933362364
0.0020587797522584775
0.017252414181553932
0.0087164726750903875
0.015329591049763534
0.048330828899083952
0.02117334309350908
0.0046955036502184504
0.03696907369821472
0.011894380262504063
0.020041530302829142
0.018074955343800263
0.013566014400901305
0.025727041984844223
0.029147143683761981
0.0030323534389234208
0.020079124005265958
0.020722303284134009
0.026672480526460696
0.02643139302971079
0.0077655719521809727
0.018193556143084405
0.017501131574900946
0.011388915146836619
0.039511460977944078
0.0069617813352474836
0.021671297983649376
0.012353189961882168
0.026257629405738399
0.016625380448956534
0.024990994440117452
0.01032874649737194
0.025347641308242332
0.010832185652710652
0.026427383865622989
0.0076115043967990076
0.013809940636677747
0.020750890472426779
0.013898326565126134
0.017062743851618475
0.01173396623701854
0.012210983621054237
0.034045624736474399
0.017143606894862634
0.018148380944950658
0.027521700105468765
0.025024807895799195
0.025879016072996273
0.034741861443565787
0.018939871353193881
0.017800917928086867
0.0021110008685204826
0.0024792316919006671
0.025522805587885618
0.012881275012214746
0.014915943446225131
0.025734382038348047
0.047866977540838823
0.010471947216204069
0.012054493501766482
0.036479755065707643
0.01780384466197248
0.013399741833504456
0.019583676748760725
