0.034764614434931243
0.016048731605750304
0.043679987707123523
0.020327116337772164
0.016143226143700357
0.035392825829159806
0.012372197983732302
0.033779362389563333
0.030007508263584344
0.015639451539402854
0.016605562649758578
0.012676698784271139
0.0098986788089239167
0.021605843405890675
0.016702518732913257
0.023598320039886048
0.012640981835355268
0.027244328152666961
0.011476270552191126
0.024901855460857415
0.044426455669255085
0.0065808239766420142
0.021968750317936773
0.0075401234474314592
0.022193822603637146
0.027270063121969307
0.019141912647141365
0.050062947056396377
0.038753264645846483
0.031263750178462939
0.030519040370382892
0.008137406403642921
0.03656269270319757
0.039035732653103422
0.018537924697948991
0.0071331023914690799
0.019891278455218875
0.016883738918843254
0.013622755660346264
0.025607020609758811
0.0025105891992956799
0.0162908378270132
0.011856156894837294
0.026154381065191724
0.025830888182874656
0.02054527547945572
0.030850906136282635
0.02550761542626908
0.010802431814808455
0.01821763795863893
0.036848236809281294
0.039599763388859455
0.048032736179073533
0.019924453426556899
0.035785363550560875
0.032129208647674996
0.028452994670509848
0.028721836664479874
0.017574730114160587
0.043103940419300074
0.0022062192582996557
0.027600884795417644
0.014564887708504989
0.039874442056636782
0.035772290798484013
0.01771071573939826
0.040748784324320296
0.029542354882140662
0.029239002542497713
0.0086048167184005191
0.041079501618001182
0.028957526450681611
0.015055812816254463
0.055556293240540004
0.01590612856315949
0.021762797064064886
0.0094457140532122393
0.054904993832810847
0.019783357622278848
0.0074988822698725767
0.01704173401202597
0.034242349813523296
0.027832681898891803
0.035354548449289404
0.012141243968710235
0.027362974985353908
0.023743552385255301
0.03806317049277972
0.021833141411445985
0.02084024589554153
0.029729950523567208
0.020446874605518306
0.03229666641226684
0.026383523467213205
0.017807733107134589
0.026665616408023077
0.027838982418372252
0.013932449645220705
0.02063914227824061
0.025460292295339457
0.017256801924782728
0.011620779545259892
0.013031504532967411
0.029649275934576384
0.012204456846919877
0.025961633615706109
0.023559740784691134
0.007518030325652349
0.033742946599582914
0.0078108287648064626
0.018684261448874296
0.043103349487211035
0.0047169889765633606
0.02090285110904614
0.0164813008587473
0.025051662594082643
0.020246180999960974
0.027251858330630884
0.0090350453879167632
0.017539727833982586
0.014474171026697373
0.048469686690443388
0.023819684001205033
0.038313742643269172
0.0080989404441691032
0.041964963398695654
0.020027337943406425
0.038986268602638444
0.021964157838843878
0.01480098621876668
0.019634938943607173
0.016190893853068333
0.019487214041922385
0.027913666698603665
0.0158783298141153
0.017974804842883496
0.0094322088266710503
0.039971987464767461
0.034674987146590654
0.0236069100261075
0.017812874860521421
0.033602425240836772
0.011711405753686118
0.04500437085673592
0.012648006068385823
0.037093367788365535
0.016989657373883006
0.017162926797403288
0.0062138858577514885
0.0072368147780063922
0.022717011305468836
0.0046643630125571553
0.018157107350658282
0.0062193461957218482
0.0050845857772270978
0.022783754849243453
0.011181400763390501
0.051759838782595526
0.01958292096466431
0.021556826535982097
0.035201879497407954
0.029200995571015024
0.021816816666066816
0.019929320620205609
0.049171388700918514
0.032844616399579987
0.028111359600018582
0.01532672583774624
0.016864974636609045
0.041267560693717321
0.023469164478487077
0.024755019493785852
0.016020751611081928
0.032483284697489664
0.035763642785523055
0.016525698139237498
0.017499780636125811
0.01858949668548936
0.0061256388937844311
0.031679251007909449
0.046823774038426261
0.021116976981382766
0.012280606911388998
0.037482326450381888
0.0076900218575679333
0.021840655881512665
0.029341246088198238
0.021107884114354353
0.001711188124076782
0.010272698340193764
0.042053080286905423
0.010070761495530113
0.026861705329366384
0.015046066541030271
0.018209527088272556
0.017971279819500093
0.015111981437885108
0.020611365565785255
0.032356161250170656
0.026003646126290962
0.024348390255869313
0.027602771985620885
