0.0089509046444099724
0.0066062755572499294
0.0077005585031128662
0.010886183481741449
0.0077672774106653615
0.0088479925963819255
0.002020360678501326
0.0095167744949249556
0.0036115551829609001
0.005766992833048672
0.012477244284879736
0.0034463185531312455
0.0062155120233407411
0.011108283744757492
0.002889838565369653
0.0085513782686768344
0.0075150494818722663
0.0082750760873969119
0.016349511118819552
0.0080075216252451439
0.011199380590986893
0.013870674012176006
0.0096261774948765526
0.009345725703111726
0.012931030723539492
0.017109075533105866
0.0045979040192844611
0.010768115869405648
0.006234945904323207
0.0019983904360047666
0.0064631994043460421
0.0044929502858044078
0.0022648464580450824
0.008444369928223493
0.0097267515661696533
0.0079406017450045965
0.0036858715080184999
0.0099763069809050437
0.0068343426670112988
0.0030008972022166178
0.0036241941705320289
0.0080230306452675204
0.010496000386651062
0.0068333989193303272
0.0097773241769535616
0.0063973518981057216
0.0069673675231157108
0.0066826265507430706
0.0081619289215904296
0.0098784203017681857
0.0063484381219175469
0.0070443628334973564
0.0014737442918236437
0.0078591494549145446
0.010983098813496314
0.0090598360553318588
0.010997360648863941
0.016935467422853387
0.0051646190546719324
0.0011496408679041957
0.0027275715379328673
0.00185333715752903
0.0045987493281671636
0.01626605224078264
0.0059142433813653625
0.0064287647997010623
0.0059329463354235029
0.011564712258695891
0.0084309746051127472
0.0064719844289886797
0.0019257256678427081
0.0068683537326586844
0.0059646094158526623
0.0067396589232504552
0.0092959073579350973
0.0104329317433129
0.015402096231566291
0.0071527268244615094
0.0092762585668185668
0.010015418440583979
0.0059066531262142201
0.0032082061135257729
0.0080585294228696317
0.01290681021915612
0.004405122546459108
0.0049690363483388487
0.0075436926759581352
0.009909518395642157
0.0061657606492000524
0.0064306081288873513
0.0070205429132733288
0.0086887155136851496
0.011156855761838303
0.0070544387075879905
0.002822633295986106
0.0073367870691275682
0.0028772266677381357
0.002495822514682449
0.0049457355304670025
0.010523479874481056
0.010872693861105665
0.0054367552735194342
0.0031767714631675231
0.0070102175543359201
0.0041481673786772878
0.016233707562904688
0.011257459054051703
0.0045737648120723045
0.0035395934244853372
0.0053083567207700142
0.0040573354370761422
0.0047384482136235201
0.0060164689713531712
0.0015838467162856246
0.0087230235648416265
0.0086352451209869719
0.0077121313511921167
0.0036644138323641299
0.017898446698920181
0.0051421289153215427
0.0026356472376282644
0.0098433555376298016
0.0048945914250673765
0.0071266602503267532
0.0086359749242335675
0.0018063885657052679
0.0079944929771826115
0.0034401756727531598
0.0052162576741410028
0.0031055301434052252
0.0023222591060458055
0.0061532513755496593
0.0033645411679253216
0.0013906169540780834
0.0084869617620214523
0.0077166493703583854
0.011103972850597912
0.011076689146911187
0.0077148934817118037
0.0079480766082991039
0.0088399855871065039
0.0040597839790207655
0.012138170349291211
0.01095131899282469
0.0063725899387091414
0.0019177965161414107
0.0052299506822231752
0.013488471638774145
0.00072170754492737095
0.0038018690036609108
0.0049397473519046846
0.0078995962337805262
0.0093021740427731044
0.012348929070765201
0.010727838061660897
0.0055999693811107643
0.0040793170123762041
0.0080751897552648246
0.0095175895303702129
0.0043189558653292824
0.0059700567670955707
0.0083303432867571272
0.0069291336389981067
0.0054489820141231868
0.0089884058126206545
0.0080399462992744326
0.011514604987212585
0.0043849025331845707
0.010387135707379614
0.0027700381545934906
0.0044069587879502848
0.0091639041113947273
0.0046585807961597777
0.0049108108207239053
0.0057012536645768466
0.0015599208654914739
0.0044635173760273301
0.0057813176539724407
0.0041911700744090537
0.01269235006295333
0.0081637788082105853
0.0031710358168901198
0.0058558682583543711
0.0057375077881501946
0.0048290211487528852
0.0016846409125993035
0.0078102007718887437
0.0037148638512454497
0.0032940914480008871
0.012763042580652927
0.0082532282583085408
0.0084059038705518261
0.0043324957215510624
0.0034733988997516754
0.0021104327375400674
0.0045361569621185033
0.0065027335774518573
0.0070993596287461545
0.010435135084388576
0.002804134805552902
0.0087296317480959652
0.0034824566009241564
