0.0039030752558736241
0.011897815251274407
0.0027793846952099072
0.0015732228901866488
0.0078712938722422798
0.0048884461848447561
0.0073532080068546973
0.014103282199555766
0.010172205720228276
0.0028002323216147246
0.0036910724238892628
0.0051441856284041767
0.0064150633234243172
0.0031145616542230781
0.0080599809967476423
0.0064539454053091673
0.0038700392348535464
0.0027410599695959085
0.0086665588756504354
0.0037496594780288264
0.0048498043862782881
0.0083908029504102706
0.010908113240331883
0.0033532992859330894
0.0050018393810518967
0.0041437765893212143
0.0033107923544449048
0.0029879993698160232
0.006313386943136952
0.0051883533094822512
0.012802503884364288
0.012692512881611424
0.0024320934792651386
0.0064286791569920379
0.0072301878922624999
0.0091311573551609571
0.014990033630757214
0.0092322230641735982
0.0049768249711944134
0.015880729158294291
0.010970587702458071
0.0031475608687411391
0.0049600612881825204
0.0015856109615426607
0.01098988736838011
0.0060596765593733393
0.0086036683043453979
0.0096375982814614122
0.0016589116100805032
0.00077751276596511019
0.00992533349795169
0.0055989002622397364
0.012813288531865041
0.0079909694916826222
0.0047091401631884086
0.0058737431331427467
0.0075640082722636514
0.0055447109775803791
0.0048699346718938481
0.016630636462415273
0.007437384740065567
0.011684070033918069
0.0096407637152926447
0.0038478820132320122
0.011790918193397672
0.0051066844689698033
0.0027074691306261498
0.0087854464823703491
0.0093461161741398395
0.0088749137444547946
0.0044810470197044431
0.0012987004281460584
0.0096591924778928594
0.009524065565203077
0.0045908603475397448
0.0022025369916446858
0.0041827969753555835
0.0099495621779886745
0.0049093204920172342
0.0047385499967825167
0.013160539336187899
0.01031856108471475
0.009403713138877532
0.0066742003610277467
0.011548728527183636
0.0061074213038543454
0.0017890733618353065
0.0079495877577041348
0.0031337203605486452
0.010324869958516702
0.010115939270172469
0.0058084861276245792
0.011024798716385427
0.0038520172560229282
0.0085481528421744706
0.0026775529810762564
0.0097139328267493389
0.005999876800272497
0.0015357405594911644
0.0040818922786522932
0.0037022185804689769
0.0076838563819178404
0.0028197834807170709
0.011031974891714034
0.016330592251799832
0.0065079967947674986
0.0041131400968126208
0.0091754462213108588
0.01160906357145218
0.009509415799949867
0.0031806074444357857
0.0039120146773177775
0.0051566353316024743
0.0068069639449912069
0.018437151017197347
0.0029809235489552254
0.0068614204504827249
0.0088987392583386761
0.0084753064231868989
0.0081834749868220057
0.0088919105523266179
0.0039966364745462543
0.0037511489513616892
0.0098003936393424029
0.008659707936382946
0.013150885893558487
0.0011525523400850095
0.0081106291328326904
0.0026882685561070707
0.0063676069934640632
0.0075882693325802228
0.0022905871596135261
0.0075227508010244559
0.0089393378217490372
0.0034711707650007073
0.0083517732199709146
0.0087547106507900631
0.0092801009257808213
0.0094355902048715145
0.0047987509704686473
0.0094603865795957823
0.0080224902857060978
0.0012699246031000881
0.0034444827868047923
0.0046025043051842142
0.011614453907572514
0.005364929493502109
0.0048297443761515938
0.0028002164669418631
0.0062983726724583425
0.002031731966577229
0.01436261562581323
0.0042692386685267555
0.007595811285955721
0.012490709301311159
0.001757717201568894
0.010917694321863061
0.0068459476327671458
0.004138566374307269
0.0045331632160218885
0.003892752708553813
0.0038784954964646862
0.010862541756794753
0.0065451243452801962
0.015726388409176222
0.0037092115425544202
0.0064378661007888976
0.0047216308188902144
0.0030737663150482513
0.0065160074188640987
0.0090774244011581472
0.001390175082460714
0.0037672409209169137
0.014004676279869512
0.0048460209348295327
0.0061410242968248548
0.0079984318132829708
0.0063565336262101039
0.0075607915098702223
0.0071323301846588222
0.0063594250959273487
0.0037218462101220057
0.0051883220015848143
0.0082208228150548925
0.0039238655702485553
0.0083858846053696881
0.0042982794124833594
0.0030239341774031757
0.0034224413954579242
0.0086130604296331195
0.011312777314195138
0.0085094597794731913
0.011473013633686795
0.013926835798781597
0.0066396220831645295
0.0087907046916717892
0.012712006343786811
0.0086326584643305771
0.002197822026289709
0.0092354417813715253
0.0040847445843670673
0.0086275389437902167
