0.023746300005370674
0.013000740050290508
0.0073065777535536482
0.036265582681238168
0.02131794247340334
0.010735239529136369
0.022644453941819624
0.023822857726410109
0.023810656064047819
0.015594336553780576
0.012614659297100548
0.0092777927124624345
0.01598541141364172
0.019805687686747234
0.030389474999682618
0.014840226940565179
0.016572223362195663
0.0071071766372040627
0.012072155382058756
0.0086948811139061187
0.0088442068743403001
0.0039259437762504219
0.02864106897766917
0.0048780413566600796
0.0049990550831624158
0.01735835859739264
0.016471196665940525
0.0039925714979898094
0.018071979104286783
0.024692065975256212
0.0093307497615914663
0.0085944774881769673
0.021896483022083111
0.010484759322208445
0.01792981583724676
0.015044071660451797
0.0061938127173217913
0.020474964834032477
0.024070369237437595
0.021309624969912726
0.021309872409379604
0.006684765675118989
0.014893715806269478
0.0059902694477912488
0.011360398609524876
0.010769691152114352
0.024392885142452587
0.0076813991205814027
0.0083718284891632008
0.036455253646203979
0.023603213369062234
0.023541823603899233
0.0079703656899725878
0.018598954155225649
0.010960600114570567
0.0063304090390081686
0.026560261142964763
0.023795455065456359
0.015491778467872254
0.012900374664507329
0.013593021580527071
0.023325258755097188
0.0088123404219459227
0.01032318628579721
0.0045744224856133497
0.0294616621125947
0.013289327671967896
0.0031078280604108052
0.004720841072555779
0.0063124030560609366
0.019692197368123322
0.024415120624150993
0.023833987349772223
0.024483248602435417
0.022372708187697699
0.022535179920125492
0.016872447538875429
0.014623247609764122
0.034535338810153832
0.0064493475771563646
0.010705773842359972
0.010446473755924604
0.015350886805125922
0.0089060768048536722
0.015870721552915874
0.016066293274115538
0.037683436616963675
0.025182329574205568
0.012463542600533757
0.011378326937564555
0.011452625827782323
0.0099915292616636463
0.016323840142146655
0.016769322218664583
0.012495650916875024
0.00681918785134042
0.020976574314456379
0.0076074942418307779
0.016137621838389054
0.027640785596454071
0.0099060786094567858
0.032429737775358965
0.013267695694631439
0.0035916198861315829
0.029258194495645175
0.0058765698043053071
0.011622075414201002
0.046124147583890183
0.0086425220607776708
0.0044531818415958395
0.023132164561457252
0.0081229909887263248
0.0073386264056251446
0.011129667224393101
0.014477591697730274
0.025484012669407093
0.023152640617384652
0.0071716973968021748
0.019927708178057481
0.014784481978202153
0.012262175540679597
0.010328355794337638
0.026263239185145271
0.011016770822938858
0.01253350769244025
0.0065965456925593368
0.016147555441703605
0.023086640160646748
0.011895938710433705
0.025573499675369062
0.0041906540596336628
0.0090647494691607003
0.01930774408809512
0.0076218882915889598
0.0043524847963400714
0.0069174719745539624
0.0019640385014704606
0.021161249822704419
0.017756532127057748
0.020377805423526081
0.0092944955984574605
0.018694157916037592
0.014568666041742451
0.027960872329441909
0.0088811277941490858
0.0083292019566893628
0.001507383753794255
0.0078804074378029665
0.015211282362181585
0.024726861579992005
0.008501369520916905
0.021908417645872369
0.016003202120274233
0.014835078322060543
0.022627515681962408
0.017174563325356901
0.014882202552094437
0.01737049148061583
0.021561741386940156
0.021440456939467042
0.013826622905651455
0.0055604295987816956
0.029910462517296899
0.023994499562055436
0.0040043129323163512
0.024275660903670407
0.011283162910949001
0.013700535384721638
0.0080121954353833316
0.019234171915896145
0.010313846714997134
0.010363906344852677
0.020063743132597373
0.015419143884616579
0.0076322592816076588
0.024098854077007056
0.011348246284467244
0.0048136747619447881
0.017993824898835286
0.014108814310440145
0.010916130350609841
0.0094486391905715932
0.019441153238660008
0.012229689309524033
0.029101934891373957
0.020129326906933406
0.021123114206771699
0.029562239781269543
0.011319971142697035
0.013859424915387763
0.0012260200198901982
0.0091925629846893106
0.021885183806482932
0.017202345460380204
0.027395888030602417
0.01010247996113187
0.022807544714761083
0.015948522140965794
0.017465686409619048
0.011875335403259841
0.0082474419200702365
0.015756364455191661
