0.031011112123700856
0.018205204637267405
0.016865276766349468
0.010752100242552872
0.020437465436651519
0.024655434872728355
0.013832183985833604
0.0044600032625814164
0.017925339973508883
0.021853232689726165
0.0093308010523561972
0.006185626324999827
0.020713657947055038
0.0077355271382650286
0.0079938798000632558
0.0062396697636804164
0.024375559032519208
0.015624412471209036
0.025322490356932556
0.010108829077421378
0.0074764568108875197
0.02001580724421631
0.012552819175768559
0.0072581932254330859
0.010254943253085203
0.009804516634023307
0.010771245875795492
0.010134775827814647
0.012056555593646495
0.012508743661347918
0.010642552205438083
0.011946620109117971
0.015124245117022865
0.026808153376953241
0.017555958338445955
0.014397993623420396
0.012142452391053172
0.019840895326825755
0.017280111361785502
0.010760858712331952
0.024751660576251201
0.0083231299825881986
0.029343906824617298
0.0036934896326029747
0.0072861535400203566
0.0061161513000671354
0.0088877623741031378
0.014172683224366121
0.017814448314013263
0.021566557935566378
0.020381278902447297
0.010717808600260729
0.0099355188503001853
0.012625147325266773
0.00086727326372412782
0.011648394417827248
0.011092066054494816
0.017865009142148974
0.011106757268626049
0.024797985340771107
0.021024584081739548
0.0097801941538312696
0.013393321622435584
0.018681934921698937
0.038537370647091139
0.03157059485504958
0.006931580349279853
0.020843368479436734
0.0090306197783107823
0.0079965155456918728
0.019407339097849568
0.019612637665567322
0.013599861017604088
0.0031050774192681496
0.020079082763616869
0.0048176441406781916
0.014199456434530491
0.02601037729933638
0.0074686335746556439
0.0061144534926984625
0.021904889499554294
0.032698018927970356
0.0030266082717873965
0.018002210155357173
0.017014731427348457
0.0062482380655254693
0.0070214523468373063
0.0063722439473202315
0.016416643766137943
0.0040041540106805175
0.0040471481180650868
0.01140188341001248
0.0094292925988381186
0.025620972398507687
0.0087127759013457158
0.022282915982725797
0.016692985386511597
0.01935038830152442
0.0045883992324607008
0.010474829983751707
0.0051339322273720404
0.02000184160535547
0.0051530467933929309
0.014901471544896747
0.009174521212260086
0.0065135559720005572
0.015053850559913658
0.019916003360034677
0.040798445272994144
0.011484858879441812
0.02753438640968842
0.03332510084710396
0.0053925106830405474
0.0059982020021122923
0.01756591930667389
0.023457024444450487
0.0062393005615598313
0.016618504172155095
0.011748363572440258
0.025168374228094346
0.010298599009884279
0.0088096912224886869
0.0036668531709817655
0.0027187730169773061
0.015312892712868993
0.0089181747209484546
0.0047098994604228579
0.0015462811422910024
0.01152728258120015
0.0034380223579306987
0.039640027180253695
0.0066658968902538231
0.017622490962675007
0.018827735185375245
0.015049598722045547
0.015229799942192776
0.020782402824290228
0.038551746692219495
0.014891080585927348
0.016319563385951599
0.0062298548432294931
0.013375380826829588
0.016388682483804876
0.016138477875068183
0.020325259619823604
0.0063353075154210002
0.017571818853890146
0.0084400194261391101
0.0015900561536423773
0.019636688867403045
0.030641607807315927
0.016559890139864003
0.017649681989363383
0.0095030726312635809
0.0097293639190480386
0.011781631017061051
0.0088244573089670889
0.014809125517337113
0.0073335670360849606
0.011080048419264693
0.033479615151604365
0.01749430264942067
0.037377667047170549
0.011568683076167584
0.0053154171104107658
0.010216261105882691
0.0055029513538985943
0.0059856463347424047
0.031142694975729402
0.02949795622904948
0.0079582241812137852
0.014716678896376898
0.018306300387173308
0.015996591417889238
0.022349748854636149
0.010896726966409523
0.0028990956929429977
0.010800243367258938
0.012241775622061241
0.0089784141520432917
0.014926992902195471
0.0087032712713806335
0.0061193044817221352
0.01063809248713251
0.011659485995732223
0.040967175011383562
0.018439989771893296
0.0068570467043389998
0.019279635308635811
0.010412360145342839
0.038408419107421661
0.0093593516737018843
0.011095990010512315
0.0078076022346642484
0.0011601725102590792
0.0092218413495210802
0.015162218011388152
0.017984921037109289
0.016342151003199554
0.026597916971050149
0.017543998576076993
0.012396120489214013
