0.012405838305195897
0.033116798891705053
0.018197376125816175
0.015228067774946466
0.020403358842517681
0.046020333240080626
0.024584479848350306
0.0049888027115521224
0.011406092237948071
0.029606744928664035
0.014693102490750634
0.012148073443969561
0.012953132950347383
0.039118629555198674
0.0089790273066910238
0.0024188814802632947
0.0077743435186431653
0.013676692254238332
0.010841225727921303
0.016433148314654675
0.016098459782200973
0.015231177780694978
0.02884797928364537
0.017216186764104111
0.027680029707833391
0.031074180022308953
0.019544007383144532
0.021721173149558279
0.025215399771186569
0.018998893114639585
0.0046729407215015152
0.014257583125559154
0.024917042275328278
0.015516410079077673
0.028383627332589676
0.0038703512740174304
0.053396949615061196
0.0099085920743942277
0.01567338339079152
0.057678283783563766
0.01247798169698639
0.029915693186092319
0.0098435918282551316
0.038095083362684773
0.012321481708173793
0.02012216798311478
0.011341111215818439
0.019651304839504516
0.012037993803535936
0.0073902153304234381
0.026957777245140625
0.0038257926008131802
0.046615668025500899
0.0083319612253537692
0.021966207222987557
0.0076168246171248828
0.028046023403915023
0.054562635921028273
0.023833335544646225
0.017365905811122562
0.0085757723974271907
0.028766777388046252
0.016558210071063915
0.038681080724222473
0.022255763020993004
0.0028337888940469752
0.015796147162338785
0.028872460043972585
0.011306406680286421
0.0051673189506662651
0.03181986165001649
0.029020946432579575
0.016821839405510724
0.012021680137233787
0.023931427666727845
0.026482268769003378
0.013670290721516595
0.0273402571540785
0.016395513527415848
0.018655157066081472
0.01067173697613249
0.017441406841863936
0.015730829100330301
0.025879560542583897
0.021731341301879769
0.031713508914648164
0.024072661523206779
0.021888976501727608
0.023900862725779758
0.024835740999606878
0.019570522111440093
0.0092653815275542083
0.026894345377218246
0.028246410118586369
0.011325072093286575
0.01489719311090293
0.024380935169931436
0.014447236102383137
0.0097422277524324905
0.010398623477923139
0.034657427169460762
0.023849439536838553
0.038595886325569782
0.013646778285697679
0.0072739353232423387
0.018177101961928788
0.039214475991618369
0.017084511923122166
0.011081856404426028
0.025630310519727952
0.019196278322870946
0.035734101126232987
0.011727851464537019
0.026429828078245361
0.0082038708031408666
0.0078709864636024862
0.021239014855024361
0.027699812047350891
0.0091677901622082853
0.010638749030825007
0.017986284039248245
0.021940648181067689
0.029257187167085925
0.019765132974095441
0.010399288943223449
0.038417803076759099
0.0075723236403624815
0.025956110200091941
0.029333494706880205
0.0050752341403008843
0.015539120105032783
0.050279047726729441
0.033712622177285795
0.019435847667854958
0.038009387129754851
0.012089959328931517
0.0098391655059965662
0.02490743025247745
0.034409109921293785
0.030131189339718003
0.023193725079681923
0.018154874242712036
0.02255888301291355
0.0083262801380872917
0.018248557393599998
0.024360830005463557
0.024446667396800254
0.02090671664720415
0.030677395390745387
0.027524646956257299
0.008688159989544645
0.024434447652045048
0.0098180765521204017
0.032109711704954302
0.015391813286664148
0.043073573996879173
0.0063049268558321696
0.0071918694508989068
0.025261408285448345
0.031107705891452436
0.0025685794163921405
0.022931997525298325
0.028620180709131474
0.014454356933545701
0.022517678483344822
0.031705611754056381
0.052590240747254526
0.018836118076518527
0.0079077073887513609
0.0082586801132486197
0.016859933646160421
0.021271140346686045
0.047886015148116697
0.0069819268390629704
0.025741837267432177
0.016288913665960008
0.021335337157372552
0.013202663160757714
0.025864946713489861
0.013925796874099465
0.022236151317280781
0.031236040271661571
0.013864349023618376
0.011601338662397201
0.041675551294980261
0.015868359500278886
0.014591041317319161
0.021399756577817529
0.030789037204749532
0.028810714089940924
0.027263115748641594
0.011045681454467247
0.010572003858650732
0.0037743432890465058
0.041618899458089068
0.0086525564340726186
0.020544998223590433
0.0075999630071060123
0.029731557563804942
0.029193674154972139
0.0050737662694851828
0.047310176306104186
