0.008308005915621074
0.028753014168431023
0.042810957685464349
0.0088071751649326582
0.013218544239361201
0.029311660610778657
0.018852983221013093
0.001551828375471555
0.033864308902855543
0.024633081002285
0.026931308987299372
0.010504375821058716
0.0082412838226687355
0.0093614945910457745
0.039226704996722032
0.010460028649754004
0.02073702072631102
0.012995408933575699
0.016115637509413454
0.035579812970652706
0.033259764336430749
0.024223041320553949
0.017260868020776508
0.025764885939861606
0.019831403048845113
0.024795120148545464
0.013273500067927964
0.0076051307794395128
0.0048877818822368217
0.023184800392110787
0.026754965311497604
0.013331370265724984
0.012502602366404273
0.018848715943771681
0.0137548831302032
0.028976701674250115
0.02118217574189361
0.027394241928903308
0.027872097021663472
0.015930886270282388
0.04390726682878477
0.047749934610334735
0.039053772238986109
0.013574795370631105
0.033502111152231374
0.027642312921897727
0.035687005798462137
0.025589725489675953
0.025458079519068082
0.013452733635514991
0.017494161417346263
0.016196808167192406
0.024048302374327778
0.040334666343768914
0.013005918089404447
0.022193679560451426
0.0080984138718383884
0.030651143438288213
0.02417528213312194
0.017444878781418371
0.008831007846168807
0.010628368871396952
0.014968514568829843
0.03161365085198746
0.012780266496886962
0.021268335281243833
0.017322990912096943
0.0058856498019667705
0.0095093839699486541
0.014475139519559685
0.030855285069419335
0.03850589102340661
0.037950381730011466
0.033374884501726439
0.01979738280482915
0.036833045782286709
0.028707906857755826
0.0046696747712510226
0.024268389551958796
0.021696873027065071
0.0060948320443741716
0.029437955091956167
0.023883081225419166
0.041985698390947963
0.013770897144669756
0.023441423639637401
0.030571194434812054
0.018994412717590392
0.0042658369872469841
0.032535459010007789
0.029958921239566522
0.017460523094311807
0.015248903184715884
0.016179111086771291
0.0061320601732199444
0.027096805358858292
0.023978093547457172
0.018397715393265211
0.022973153720553568
0.032414301281367609
0.037887601352401573
0.012112692816330499
0.026475710905757347
0.012565351684579429
0.039941162990449308
0.034887259962244795
0.023350444062757755
0.016627389072615656
0.029524213741528364
0.030237943253099961
0.020320072687750382
0.011406319491543974
0.030998702426333284
0.023947669464018481
0.014533735977692431
0.0054228300754413051
0.024698622948105476
0.017459938458584793
0.043055325222816361
0.0028481547915986194
0.0035181587991854456
0.032108526997470431
0.006157358836519633
0.014885221538310654
0.010580543473818382
0.027361124028903921
0.0073641325505250221
0.015179030666536071
0.0210819276365805
0.002230479834011733
0.014487577095071629
0.011648521998580446
0.015531734937787084
0.020967543916571688
0.019801001669502067
0.014674534242709316
0.0110336756989567
0.02232701547393454
0.023176504035110373
0.013814377488883763
0.0090176307815789027
0.018468123890030639
0.03854681053410465
0.023231201930222583
0.031188618740711941
0.027078872748551048
0.012731320926207896
0.024393261016894714
0.0038822383649201532
0.014044745778254382
0.0026517383383004452
0.028471659743550936
0.0039226361832906094
0.0048269660759151477
0.01551752780337776
0.035022681032796592
0.029181785508823461
0.01775552884948178
0.046605598457854842
0.025021325619718877
0.015049844729636431
0.0094533907018032534
0.026174406420451355
0.024414082548530249
0.027031647087019113
0.01421610420331427
0.023154116983600943
0.021580262268649026
0.011967819868739227
0.0074266748872881911
0.014576385829736881
0.0070128468410185947
0.0090312686254599376
0.021845695481161009
0.0011295876670111213
0.020645041831582053
0.021585922188646023
0.018703078206693105
0.0522536380132929
0.038033847994011542
0.026670974224588039
0.0098872882366041782
0.015940648537842751
0.023077130658972288
0.010081423975492452
0.015804839582269456
0.0057485394624700089
0.021322088343458865
0.01909178334765043
0.013942825244346105
0.02825355338147317
0.022504655395941108
0.039475005573671777
0.02701178197479517
0.0021765294015205555
0.027053261616241629
0.023996189047596175
0.019770190012584229
0.010849649391685657
0.008832015700753015
0.019478140539537982
0.028023097877349221
