0.021936421747016915
0.032096026998900851
0.036362887713004242
0.02509546471135278
0.0073934510929075156
0.028234770339250641
0.018875040812804014
0.02802390163040392
0.031567899790415493
0.02379152141553292
0.033031302236204603
0.021946368137641354
0.015312865668283188
0.0091117989505704513
0.021592473009101165
0.0068378602802500214
0.017267716374001742
0.057532741334125913
0.022262888993271911
0.0056207059188059464
0.0076737350716368519
0.022011702569209618
0.009382539267763999
0.0024769655544376093
0.025776725697751697
0.0065237469541702484
0.025873055136822178
0.023360811896076413
0.045230233825541047
0.011851849430761468
0.035752973601438649
0.024931934303037827
0.015102925734570649
0.016897581639780255
0.011274899318806762
0.013673339518781876
0.044872119898623927
0.0085622403346697681
0.0092450505921973965
0.013921560708060162
0.026245939517128711
0.0086483330332934785
0.034723296585818145
0.0038695413800739209
0.0058661110370931942
0.014294627684762633
0.020331106702298207
0.016005065864485704
0.0082621287238067477
0.0028062076845421519
0.0077177974830719767
0.023922409913719273
0.0069703507261207123
0.013568298787379991
0.0171312693250644
0.046257444154512641
0.0042683677293116409
0.0099735859325970882
0.019810305717826954
0.0088092464748430292
0.037209188357574668
0.019407744477566994
0.013680624039671191
0.018843048348673293
0.015527056070486846
0.01154975986498556
0.013586929404363294
0.020466873761598253
0.032876032196000361
0.020007634556898347
0.0019838220880252682
0.034260712730645952
0.013706454310836867
0.037897141744011043
0.0051350856414918069
0.022832481388684878
0.023182584255642749
0.010495663003282632
0.020455563476762879
0.020119875995328117
0.029470198715388338
0.018493980946101999
0.017125209915788666
0.010398110531522207
0.024222401681848849
0.025732981493383354
0.028743599989089506
0.028708965337207359
0.01893485404204219
0.018067888776085582
0.0083439280015764807
0.012912686120307767
0.026364261284217649
0.014666773629447393
0.037714846331659863
0.027817102748111146
0.018435924717696776
0.017315635495584882
0.017101472767460522
0.019505651198122854
0.019698485430192675
0.024816544111231905
0.023717965058230355
0.027742659436896057
0.016223270872292406
0.011912210288198917
0.027010489861696494
0.022896847469296325
0.013770548898018807
0.027397952394979632
0.034327631766968701
0.0070475228997012203
0.015780297297822515
0.021129800570080459
0.0079336676385361321
0.029698369919960076
0.019258570075508318
0.015315561685085778
0.025165362468730454
0.026170035796466699
0.01148536988899501
0.012333382807711233
0.017945649305279459
0.020508367820461216
0.014794594560578311
0.012037421452680143
0.018873677275789948
0.034317067472113258
0.037374785000222892
0.014071448328665739
0.012690625058350093
0.0015680652701348986
0.02329752028444243
0.01632786919636851
0.027937777970063436
0.012242642924836133
0.029069385087749176
0.0076085146811572914
0.01554838898013961
0.019892117388474181
0.014315239200217302
0.052657555760476121
0.021387289272706892
0.020795889518748324
0.0089804291507166699
0.030039063776089718
0.0030962170542285232
0.011583895525969614
0.0044977627837075197
0.018344941768170264
0.014651363037715635
0.020172415715429375
0.022791912175069554
0.018819903545022269
0.017800685432830286
0.034318856462921793
0.04407165203199296
0.039843226467333841
0.024738623830379572
0.013468588608844976
0.032758096546262369
0.0060783378202012277
0.034171530299933008
0.030899130001548196
0.032657509135386009
0.036817269602348178
0.021961850607655108
0.008583429891322188
0.017897285777836367
0.010058916479549106
0.012136175863797605
0.038236382202160017
0.030588798173766463
0.011460134226643451
0.021063714394462682
0.014004707599320191
0.0096629418414192515
0.004877176017335224
0.0013399828118124395
0.024988128378199082
0.010180969025003693
0.0089466104339971254
0.03288730576267803
0.015679592328395307
0.02764561685506833
0.028154697002295156
0.0095222870788263126
0.012589877032555125
0.026474786312957861
0.013280784070528049
0.022471937734429442
0.018891508534518712
0.017888347570914641
0.0036605311464744483
0.010961516032626484
0.0080115659564396393
0.013416088886521413
0.011333131370944978
0.043237189159783307
0.020361110125634088
0.01429537464432548
0.047267948280179502
