0.015628255600654572
0.029060811321430312
0.018899713766361195
0.011138173271912834
0.012060343608442615
0.0026964013953708638
0.019098043111081275
0.011812843704911891
0.011130974082081796
0.0045098161130049151
0.022347648309217476
0.01638250878880472
0.0065053888786959051
0.011620782393036273
0.005224794580983105
0.013450319268954528
0.014245353610851308
0.013231315519129405
0.020644976335104401
0.0066545002923101481
0.013731545734256523
0.0090805530439503693
0.0031626832196807804
0.013275334698938419
0.012939591638999225
0.0070267997418986443
0.0039107340409803154
0.0052818864254460269
0.018666448514920844
0.0099069051665924227
0.0072289065952962856
0.0074287937199468664
0.014773732412602263
0.0039123912889024934
0.0078568422303385444
0.013787679107919311
0.0083327079879005235
0.0091410782481474058
0.0093055320035209561
0.025993145682843131
0.026966716463480023
0.018684192463400261
0.0061514742674433336
0.0098238208950465183
0.010955393521155793
0.013023326253590772
0.023512329807865273
0.0086486300586647909
0.0057334776932874507
0.0051372811945696838
0.014978614887069062
0.022793307910245631
0.0083099729331292185
0.0067220940451728139
0.0096554623692373751
0.0027463662430066249
0.0032276399662088608
0.0060231771612343655
0.0031935573295157871
0.015039561458450515
0.0072605746060094211
0.013499513530861878
0.0060595405559725462
0.011361709985908968
0.011436426795749239
0.02008255945391196
0.0010662887673538544
0.0035218964601819789
0.010008815469816367
0.0083779881361206211
0.034098463772983117
0.017934870710033912
0.0091257455751945077
0.029574896382664639
0.0070671702956509102
0.01975006440252686
0.012526927214913103
0.0063024755770615714
0.0053614828197198162
0.0076260935049226311
0.011096831954168976
0.0029392876187361279
0.004521591981226745
0.019474065171873684
0.008196820409948867
0.015019865944746422
0.012110466178435341
0.013233635264160642
0.013929426234769083
0.019372472498907695
0.0039078764131023572
0.013491358117034986
0.0053272076581482013
0.021077757049920775
0.0094650391717262805
0.0085187431465714083
0.012940744090943689
0.004171280675406442
0.0019818795725716873
0.01034827969134024
0.0054284803829887712
0.0088893548409476695
0.015031976224216377
0.002580296536552811
0.0058532035466536247
0.0068284777180198418
0.0081073109156932933
0.0069844958910504698
0.015924121798841041
0.021768586481412083
0.0183441503539096
0.0087622017599864911
0.0091303447313878846
0.0016426502019994812
0.0074679993487458251
0.014194904406924263
0.0077396079472988313
0.0081348686403867262
0.0072781498756374855
0.01277202232237774
0.0071473673217534641
0.0089544170736093071
0.0090190284802710088
0.011235130816562789
0.014960662151374824
0.010995313860282109
0.02225801064260708
0.02417157376280368
0.013487885870088192
0.010451330277686462
0.012921630455804384
0.012021577422471284
0.020677090220634478
0.012143420865292199
0.013182526842595486
0.0073944672220142031
0.015420271907477341
0.0031155631617845948
0.014587272984588029
0.0045713804739643069
0.01259581790185205
0.018786276215695345
0.010884561601259351
0.008136595915305779
0.0060080025042745398
0.011894084730062798
0.018864529595815721
0.036538243650014013
0.011347554069219818
0.016284912980198678
0.006867882068669221
0.0080648441876326662
0.022537101392410032
0.0060775905826256126
0.013166665018861903
0.015167422494994269
0.0092902953257158766
0.0046052060024623148
0.005826575475573928
0.017554460546127127
0.014106934395419173
0.0076554303599161233
0.022005256173670631
0.014285769800383125
0.021355085024544935
0.015179063204530161
0.01556530705996503
0.010066126633487193
0.0046352524993791737
0.0023824614257529032
0.011303895921229157
0.0015118442006173945
0.01706202162103513
0.011874887463417338
0.013260054543190011
0.0080597512681199589
0.013682922106948003
0.0065357982777718348
0.015503125148928109
0.012490371928655659
0.012555026355590275
0.022780237315974373
0.027994466928184254
0.014372436595422646
0.028011130823745425
0.012480451528851357
0.0096866077789877509
0.011984449111487133
0.0045572403206574413
0.012746837668527687
0.01756869819799077
0.020629000525074485
0.0050758997083597528
0.014318938747581205
0.014397944529836892
0.014450610341691589
0.020855179509731182
0.012127307226567378
0.016770342458714848
0.0075679912454248086
0.006069379755217894
0.0052937528448678446
