0.015351000126388292
0.013233259567292214
0.0021703106167958019
0.018921315504932007
0.018512630949621463
0.01263705571367975
0.0094123589775214726
0.0094395740800064399
0.014275238120999529
0.0240340810860761
0.011176412702653944
0.0038635476427763518
0.014729434597383684
0.0083813782794156001
0.018393086808081775
0.012785544359653452
0.0070726539582476747
0.011262835288571669
0.017063322977481896
0.015807348957115545
0.01390889349749712
0.0083899018025002971
0.021581860443295867
0.0028833879603267091
0.017209072083910086
0.0040761687764586775
0.016501016371075712
0.016956418386941154
0.012893636285370777
0.0043705821053389203
0.010956263211757886
0.0046730575537990687
0.017635391068902575
0.01630154355101655
0.009730665039164664
0.007354856972713519
0.0015176946425517885
0.0057515417162841394
0.001739331559120525
0.018292057816195962
0.012301453095815469
0.0093050708616855566
0.0042493594757340679
0.008621460186527638
0.01592999958152911
0.019505082812242735
0.0088616191062631331
0.0038225376251366135
0.016820915778805165
0.019536675651520379
0.0080003205999897332
0.017816485069798393
0.012080398101783678
0.014087860116878067
0.0055003741349801778
0.004897117847791471
0.0065379414329709363
0.009041094879231425
0.0060463473075139801
0.023376114341396217
0.018961064713587116
0.017329134867366577
0.027066684432298968
0.0080228167665547627
0.029331244203202426
0.015660602306948667
0.0099027506966126218
0.027488165967547891
0.01143444588927524
0.0037924938184840523
0.0089678412992384854
0.0070874070588710395
0.0084604127705410499
0.003931912838143114
0.015509787527228902
0.0065567845154560159
0.0081262377277222225
0.020753907800013745
0.016233667650021884
0.0096061744589558337
0.011724423446322923
0.013118245369704318
0.0029201818855593854
0.022255314959764346
0.022539064566102072
0.019017208265770979
0.010082615006470617
0.025916507458691534
0.013336563869978215
0.00079593402261098447
0.016455213544047709
0.0053029963593855456
0.0097632675970005019
0.0034954733049633339
0.016849942018689279
0.0061718467439020241
0.010505157037553307
0.010343084053413474
0.012483517625122051
0.0030809018459902089
0.019015268108488279
0.0074680564617499185
0.014276356734036771
0.0056533553818761666
0.019581651844462821
0.0060625872140492813
0.015952556148681567
0.022907827018576753
0.0082779630407047895
0.0057890211156545425
0.0044165524015466291
0.018294163313778804
0.017469185142374794
0.0054316161523420455
0.012795828155654561
0.014828622724290854
0.0089281006761796431
0.0070587934296913657
0.0065764870634247435
0.020265470486233405
0.012420197188769558
0.011395027352033031
0.0081260957486023692
0.016266855275750922
0.0087852578241357435
0.013438866554720545
0.014773374503966432
0.0062567260416210762
0.0054047288265291144
0.01544643372303783
0.0093674920745918048
0.0052251733462689793
0.020926241152364723
0.0065353921616241083
0.015545385298305178
0.010769331426299843
0.0057615058672929893
0.0068249016753728717
0.024945448187221362
0.016749850719414688
0.019564959119275527
0.020728578638234386
0.0090637754806788106
0.010162299728024635
0.010050210498362626
0.018094924393820367
0.011615178105650711
0.0083550404446707718
0.011648958407411666
0.0059696232849283919
0.0133834732263899
0.007484906398935739
0.0026520204182638638
0.0026317747858074221
0.022300675695509316
0.0050934558560554195
0.014789446006385865
0.020449298071630199
0.0078308367385220914
0.012351178048886082
0.0039785311344336695
0.010499258796901716
0.009225237216320667
0.0072087999803563145
0.0033804493801311785
0.0141069387774534
0.0052955784493415774
0.0049869230007481401
0.0084340055028869331
0.0028713280841232308
0.008281357596146826
0.013450180859166756
0.008475565935220036
0.0062728311698953335
0.010989877801194672
0.022335602524930654
0.0066818579506161815
0.0084052111000604349
0.0072901448992905753
0.0035427633239388579
0.01182002742021504
0.0048544576128523387
0.011106550003102006
0.0043232932680132893
0.0084812491296206993
0.0059250920580322395
0.015979239881225533
0.0050778485209769025
0.023068892426320316
0.018694973562990755
0.0086367521439461598
0.011092633960738649
0.012634505700429826
0.0059857420838992891
0.017808945749436908
0.0056872470655354055
0.016442258934068497
0.0093653710719179273
0.011709642511473627
0.002290007880967857
0.0085953976311169879
0.016768602756071012
