0.79932715163705448
0.82316399829419751
0.7991729017540361
0.80240398766581089
0.80669309304470527
0.76964882964216053
0.80505027326637224
0.82888086218236701
0.79372551602444297
0.80605238445290528
0.80768840914110507
0.82293970570564801
0.80646349970428977
0.79179368005126427
0.81304723071631979
0.81184349361068275
0.80014628829672352
0.80206662499233294
0.79457429293512594
0.81844929823414858
0.80134803733401716
0.81304652256861021
0.8110689976808082
0.80621555585701909
0.77932423951305063
0.79110041485676708
0.82380001012184134
0.7969214723034449
0.81253248801144473
0.79256179730666154
0.80779347863172934
0.82526238199223734
0.83645094418762211
0.81570839935376116
0.80290885716205818
0.8050386756907808
0.81569209886508376
0.81631370842138329
0.79202475616372314
0.79921105233411982
0.79146096843926583
0.80267304311553933
0.81224156508983281
0.79142154600573444
0.79898086487087239
0.79824463089161224
0.8398061078496788
0.8076770275149785
0.80651586523799945
0.80613169655692918
0.81307945208860644
0.81326973931749258
0.80602110599382248
0.81009739820086224
0.8037861452895303
0.82752361989674161
0.83121177488423004
0.79503293710814538
0.80224062887123415
0.81378502482556159
0.83525485002307942
0.78140512870826329
0.79725807894639555
0.77968777332060546
0.81124781964117532
0.85064122823400956
0.80090111231967132
0.79863023991395798
0.81258197174067759
0.78724680784957857
0.82294263116804589
0.80960621837984381
0.80964974742284568
0.82793195846524681
0.82729723902411956
0.81843190929638732
0.81781796027928388
0.82881138897469886
0.8085935883433033
0.81612593935679123
0.80693453055898057
0.81344971874089611
0.80003234313912375
0.81377242821308515
0.80127220757480211
0.81310669125288626
0.82736078381158418
0.8145077873431168
0.81928724340975645
0.79769525601639302
0.82904890120658525
0.82491101368289799
0.80849007302070508
0.81752103197850834
0.84755111596041521
0.81334831544788933
0.81234113627450821
0.80096830006096476
0.78702379938983458
0.8214266285223224
0.82437396182615674
0.82367433694999104
0.81060916308050368
0.80237779654765706
0.77390444133004621
0.79047888578746472
0.7923179776702366
0.78377640452937281
0.81757161764034481
0.81770192699846556
0.8004724488533248
0.8107483057343049
0.82757070341697436
0.80685035958501072
0.81702972176709721
0.81875595180770522
0.81168505264607382
0.80397431799908947
0.79642629929490294
0.81419828091795776
0.79105934600422578
0.7461970176168935
0.79192467643353648
0.80379301527153579
0.82247296230359623
0.82565703569784721
0.80262226270003068
0.81096198981121426
0.82038574222524863
0.83187727474186424
0.83178492107907842
0.81710343787461615
0.8066498843597808
0.8013382741718118
0.77207840158860019
0.81929483442604423
0.82319453365353024
0.79233370717278184
0.81805006594818019
0.80192252763296856
0.82825861989428884
0.80586732336157352
0.82859072397659261
0.82614687568210665
0.78634485340178062
0.82741587352657586
0.81760034067338239
0.80956766889534748
0.80400584502759453
0.77499948698732712
0.81388820205815471
0.81912428747302113
0.80744828274684688
0.80056810455643723
0.83835094059893445
0.81538547729061606
0.82519625246470196
0.82823496410433439
0.81226977736530193
0.80732654738660581
0.79910359299762834
0.80171763073369173
0.8003796830859442
0.77472520638125597
0.83282906329102979
0.84765326792969176
0.80344443208188621
0.78711429952295886
0.80804068231966197
0.76701466793961992
0.80661269590164608
0.79663221650192195
0.8262309285690812
0.76860609926490198
0.78237722896781969
0.76813352139265356
0.83869816134335773
0.82046705623642113
0.81626011801201515
0.80820516419128219
0.84487768656958229
0.7941137989440078
0.80253857296940923
0.80714550441950239
0.78413004328538083
0.81540879576709901
0.79168878955555222
0.80937723432823905
0.82408461720171755
0.80677517379175678
0.81782277647504653
0.80710916597492999
0.82822909686616608
0.805727791697606
0.78181242505157444
0.81351043172541382
0.78100898644071404
0.82649073092747238
0.80663520115839227
0.82172185638002282
0.81404955665886081
0.81223914960510224
