0.023386844378667841
0.011173954292275471
0.0054549016942744355
0.021082435372020408
0.023322113920520193
0.019576408444283728
0.0089100456400181272
0.0058036215127083152
0.024553234623999887
0.033457619028912117
0.019311527546944242
0.0080041461116540959
0.024093138618794804
0.01941576537136765
0.02444803076949691
0.028368882356324444
0.01745728683746401
0.014064760469657414
0.0023158086158859533
0.010215709842887159
0.010655286412525508
0.013736373075519084
0.027583893146529981
0.0155789587612301
0.022742815463843893
0.016106543874793461
0.016870122221853918
0.011670777575073617
0.02144930889726146
0.018820846429984335
0.0045548269263342937
0.018523767665703985
0.025631352850865312
0.010917162812348979
0.0051448472606941305
0.03633739333623448
0.028963025329251671
0.018914204146900863
0.016539557589146124
0.021535434076349707
0.021493221412136086
0.0060249559569236204
0.015431392402809902
0.012684992569430667
0.011189986248794989
0.017826146755015447
0.014111640416238523
0.0043890653498080681
0.035270454916185329
0.011504496615469186
0.0062259314860731814
0.006479754877456812
0.0077305149126390953
0.018205001939095109
0.013466129537391052
0.0083859019033442339
0.015216123018001654
0.018829229871345034
0.025058276002105001
0.020398435557132083
0.0051588413330012767
0.0075014677657345196
0.01120741075231701
0.013073795174347591
0.010470190240027342
0.0034611321791921585
0.011572668517761108
0.005489676006208347
0.023051982722874498
0.019530225160243449
0.015634296397166039
0.024763375815678893
0.0066923584665082468
0.023894228920858043
0.008622428289104412
0.013507327430904641
0.0058248772143616612
0.0031473428524550727
0.023298463060190327
0.018627327701724306
0.0074082050495013632
0.014248660380278519
0.010967498044555983
0.010266177571004488
0.013722596192703879
0.017464663057612715
0.0096669477967065778
0.018008569387197613
0.026359785008013149
0.016229519140669463
0.009246051874420666
0.022723594777263507
0.022452094495381783
0.013616076322142347
0.004028202404578695
0.01399857225360164
0.013380250739913108
0.0070703266101859097
0.012842253257611798
0.022367791666837937
0.02568786696620352
0.0071331539662996034
0.010206403747590733
0.021642458509609823
0.035756238103319217
0.035750036451067391
0.010671050598375626
0.012966124424825398
0.018282679321203057
0.0031715693516646093
0.024267514708823625
0.003538646420996818
0.0083824203721392255
0.016754076309965546
0.0084927930442506728
0.0082508039287379799
0.041440567138376329
0.017186202408198684
0.018130177186843455
0.020390353665112108
0.019629942139936463
0.0098990873859592706
0.018027094894320816
0.031896811838620399
0.019497296609586868
0.010287432201116326
0.0026649901057370115
0.029137175509284144
0.017341422959620469
0.0096927048757940015
0.015803637269413983
0.0079833036907951942
0.0014956303174243173
0.015470503015461977
0.0020665484240246818
0.0066561490382970358
0.041196061169754876
0.015459056920226451
0.019957928843468749
0.02613397374166938
0.0062461999885148473
0.01499537705181528
0.0082079658397576916
0.010623708867777493
0.014995130742164558
0.013152369068540615
0.013254304124535526
0.023681020930227961
0.03878990273860887
0.0053562859336220335
0.018838266198133051
0.019576135200271901
0.012290621660793572
0.031296884911849877
0.020934397566915734
0.016890779358536119
0.019750069563604027
0.0092097545592067977
0.02722249911898755
0.013220687268631839
0.011430574650251333
0.01004716286051984
0.01820502410790829
0.0058626633566234388
0.022719436336216564
0.007588242757551566
0.011929368664387992
0.02961519026472817
0.016151952351660476
0.015492066833739869
0.035836297451092722
0.034281818584312049
0.0066493507313760084
0.011759370828526747
0.013012817763912181
0.0080482993257892793
0.013608546287775827
0.017693345914407341
0.013279493055793887
0.0034895540092161415
0.018325163788459491
0.013021194933744516
0.0066772476951931937
0.029247338748838728
0.0018786073253364843
0.001588578775676222
0.018549191100574871
0.0073288406327069733
0.013091090595055036
0.0049843900429761504
0.014603689120080218
0.011017915767678436
0.016787677481084978
0.0055538349199286859
0.014560027673590551
0.033727998883743497
0.022135855319999138
0.017070145041972275
0.015863574775480987
0.0088703332626212539
0.0030916382826086785
0.0086377276563087257
