0.021304878392082352
0.022271448262158385
0.015390693239713382
0.022365385088203186
0.020266647105203883
0.0076369221251887725
0.015591295861408215
0.021315415079508526
0.012240572672258837
0.01005997828065985
0.0072083051394069087
0.02488707057566255
0.014050960262818886
0.025576447561370577
0.0063996402987597078
0.032439482247862014
0.0036882835760321153
0.011108522892770171
0.020047306971200961
0.0068390707559075588
0.01332044515054732
0.0068049281064509002
0.014840470482415024
0.018630354476070119
0.026349700865586727
0.017088620991947016
0.025983562397953748
0.010200814696753439
0.0089432620965874225
0.026829886065288432
0.011060183691689754
0.033992035040587044
0.013820902005699879
0.020891108020772084
0.011498533228387226
0.014701316341732678
0.011755581893881378
0.03246613883282528
0.019972884933315851
0.0076254611209204846
0.025881318634805094
0.032757180425876158
0.016734985781344431
0.016037071733338126
0.025314626133502847
0.0084956471081582916
0.019197329865873029
0.016453994412575345
0.01898238832227021
0.018014916256343497
0.023673619238784725
0.011357973851621916
0.013377436671497545
0.027592044206073495
0.018466712518721732
0.0063455826176718596
0.01297624440945884
0.0091128840921699712
0.01544062246097414
0.024743033347844088
0.012990760821880295
0.0068733958537162054
0.0077129668349175916
0.022188852666570898
0.007423862275879
0.0072988329263609592
0.010442910348291083
0.017608007334783217
0.032074296343603884
0.012583113425691839
0.016877522076155733
0.0096442203078001068
0.032455939784917495
0.033219118800577409
0.015489654854451753
0.0073870870732547006
0.013145939720094302
0.01050443752753988
0.01731986457348034
0.006182817366753383
0.02055711751387148
0.024553312368266449
0.011141954167131079
0.026411644555060131
0.019919926078936671
0.010722949083932159
0.029844633926301226
0.034062587224681223
0.0079638740709391861
0.027836235285423658
0.013550112907303525
0.014913999020746213
0.007268861528597602
0.015708977122663576
0.030593989284418061
0.014330039078477371
0.04219424108429802
0.0069239721421689854
0.014563039702042991
0.038268597746420101
0.015378655576441184
0.0055586778742246039
0.023044769148710689
0.025482245017621551
0.009733816849193928
0.0070025842148216831
0.010830943813956117
0.021293797836832076
0.016246699390726076
0.015447271299688925
0.015714912088669195
0.033606458726424357
0.0057520959256565562
0.022516546446378922
0.01142547559942127
0.0081957034187302262
0.01830269334691699
0.026605708033232249
0.022734108613671214
0.019510244376499376
0.035062078625349831
0.010441815214451275
0.027995786149988586
0.009042673054707932
0.014594140718225644
0.019974274787922731
0.010952243725732336
0.017156879627371995
0.028107419706533673
0.0077979654676007945
0.015557363542485271
0.011261319558066593
0.023915661266111013
0.02648075308842103
0.015025275020959595
0.027699185704506534
0.004565681566952284
0.0090299123262110193
0.02084791643008968
0.018197776311853729
0.014708566942696389
0.013355061202386652
0.007756501091671076
0.012322648025931294
0.017055352360771228
0.027738772680985044
0.030174205910809243
0.012101117783908009
0.026816176071701815
0.016352008124582575
0.0018722267582226596
0.02670213087750184
0.002402130472278525
0.0060447140233699367
0.010000754494197128
0.013225919039161513
0.024143156777959716
0.032812281871520646
0.011198794291224567
0.021559815291224371
0.011025524186946229
0.02170010801358398
0.0051641798529820995
0.023782005759259948
0.013676809000257259
0.0091492578091593325
0.0023895016996888538
0.019921151997573876
0.03217336838393911
0.022860973618638779
0.022448075321515406
0.019398057645323978
0.0057429280026829819
0.010454049517520237
0.01244705834512704
0.0077049866909843908
0.010098978881644681
0.017056883023817523
0.022761218372441543
0.0053699089003509662
0.027721197230504199
0.026959460265503089
0.024032255678984482
0.016947916381411431
0.0038917732504017391
0.022061893250576396
0.010372721367524242
0.02246629544843726
0.029799020128937148
0.018213291330612332
0.02734890390064464
0.015610135405177708
0.0056772181730336893
0.0088145734060355342
0.0049654969876324851
0.015769889523307407
0.0089914645666433028
0.014549647926184418
0.004614801050523332
0.007446419837350996
0.015509323055973953
0.037779506448230513
