0.0052869385359471267
0.038844196768253174
0.025902996365888609
0.027962000380119312
0.019475967952372886
0.025927463173584263
0.019246828122432634
0.0056744858021202096
0.0045271339635780455
0.016726268017776706
0.0017982716402992563
0.017848163088067283
0.0090729622690393363
0.0080631195164062499
0.019181985994144377
0.0026850167407202227
0.010968554550736823
0.025459264503476804
0.014366751539714355
0.013997997927857414
0.032840959620254163
0.0057534422324320104
0.024615797746781964
0.01070720109588792
0.017146352010216023
0.0044633744702389138
0.0056526282282225709
0.017425449621754571
0.026381790941763638
0.025435799465634071
0.020188843907803324
0.009354220052143555
0.012386438774952964
0.016654470229282601
0.010256133557473127
0.015391696450156601
0.0058966673172482732
0.017828424884948624
0.019960718565734416
0.01881179731462649
0.012438075128987867
0.031406704132530203
0.020508337627974008
0.0048079010384332373
0.02290189785534763
0.026975803652502035
0.023895894855890172
0.010867139659670884
0.011167125207994894
0.013830021404672946
0.015457021976720114
0.0099291295315049443
0.014473355728539963
0.016317949716553384
0.011233180212663337
0.012199178309237337
0.024538892278440656
0.011080485915943097
0.023039756131263051
0.0093967532415419434
0.023832112962109402
0.016876271955062944
0.0093122515906349911
0.016572813963846831
0.0094732205339555283
0.027171051773342485
0.027253555759797612
0.030648672064563273
0.02622000026744983
0.012400219828154346
0.032064177258028348
0.0068420394214123229
0.014613265948286967
0.0084657065061194761
0.0096107917297128323
0.017605508328642657
0.0083222671193392342
0.034236452963382263
0.0088660666151869419
0.0066394858329822063
0.013355860212063073
0.00088205486824235535
0.012659258783660442
0.014344451316110049
0.015456641417600017
0.035203159296647808
0.0087123938473504144
0.010099501346482574
0.014753322023492039
0.012235947156920815
0.016241210545806607
0.0065345774445815762
0.010261413879775175
0.031104135855406997
0.0089592376252787057
0.016760702323137904
0.036850019428786962
0.025288123497406431
0.022111305705915092
0.0086733689327625103
0.012411851148762859
0.0069238199522829672
0.019625905811698059
0.01239516040680713
0.0084583824375303544
0.018673469147412497
0.014411223160425085
0.009555049952118826
0.013102870228996186
0.028388708677503843
0.0056080812323128703
0.025241756356151848
0.018500029196473981
0.0054622562674410801
0.0046583910934870866
0.014793719719648277
0.019531180289888182
0.004650710996717493
0.015630223504767889
0.03020913686454996
0.021638662044350405
0.013663385493169375
0.0083125086758051112
0.022163042859516084
0.012415019212365637
0.0073907754964437104
0.029263280918289839
0.029430235049619245
0.019708939256127548
0.011705186047237706
0.027121146939518392
0.01919720670332184
0.0020344175511052423
0.0066097597994988298
0.034464325557732219
0.0069938563807173983
0.008928324520742905
0.017157774955446632
0.0040254710491272171
0.0095868252890950346
0.0075588256426341168
0.016098127723102117
0.005418704987516728
0.019571575494807054
0.0069047835016386788
0.013494380873000733
0.011132040217360596
0.007301420115497205
0.016875803229474271
0.012215339373157087
0.013960134482738439
0.003741363161000372
0.020963197851708748
0.030622519077928748
0.01681403395301136
0.031119442611384999
0.024002253146521386
0.027001643049475676
0.01008645166747712
0.017790457971702298
0.0079590408938639973
0.010898599000079695
0.0021788059330981107
0.029488909183873084
0.020180953633050561
0.010317269445222417
0.010978688367960995
0.008990037893308005
0.0051395729022810661
0.018211781741404962
0.0043342244270378758
0.015852977089440941
0.014989699223349712
0.014726795956235304
0.01734558555835421
0.012089446612500304
0.017458029465329435
0.014225665611760915
0.0087197920506318534
0.0055067562491311148
0.014660755407836215
0.017084787620383738
0.013242765159954048
0.013795490954126691
0.013019115724964645
0.0050899918801129368
0.0094999523352885633
0.01478097591851594
0.0040076606842838923
0.015069249117236925
0.014408875184909986
0.009022301978410736
0.027280487458070515
0.026966229022846077
0.029952332446485267
0.013967188597258279
0.012823859732607731
0.014486105944300155
0.014377891920307138
0.01696463560481716
0.0063039172353982018
0.017793918292251323
