0.016011780146449078
0.0033540353342935507
0.0052096008425521201
0.015871746829333677
0.0027773306750686383
0.014874155804994913
0.0026316639839726341
0.011084506027082386
0.0057207708205950667
0.0096886959483559205
0.015407172836623937
0.0093449638213109754
0.002484238780611066
0.0021350117352290335
0.0074764933958362898
0.0074506151686360737
0.01533553314543383
0.0078204240766836779
0.0052002968394142344
0.021766471484710854
0.0054327683806215388
0.012968609350618748
0.011471308378443346
0.0056939123116601549
0.0062504140410360237
0.013603735400702028
0.0084076513506020634
0.010772409916489424
0.0032915211023827719
0.01235541698986474
0.0056716727827356185
0.011954218287585715
0.0095490602632231896
0.0041280156697731975
0.0046342578636789401
0.024246170932648969
0.0091566316408528345
0.0062423445875310554
0.0089210352479735817
0.004042310880906709
0.0052496969241334797
0.011947899928337672
0.0023336226495642752
0.0037444298187284219
0.0085277095105398548
0.013360238476516136
0.0021235100293809646
0.014169578405269318
0.0058270192472374555
0.006935741733950636
0.029331545518654894
0.014490181043863919
0.015597839986171846
0.011880694877750304
0.015793223389243539
0.0079740927070242468
0.0068714545406683173
0.0047414603585963526
0.01663339080031289
0.011788996957367784
0.0050950403547219457
0.0070904669314010233
0.015100639302958366
0.0036149740787806222
0.0063811924854709368
0.011284721656622461
0.014321404101087067
0.0062926385650637828
0.0053794336458957972
0.0084043599209850349
0.011501266491326741
0.010143344180175935
0.010400501662736353
0.013082159646951004
0.0068762144272518184
0.0065553827388197027
0.0067916691301200286
0.0037420070223292013
0.0066472163003271816
0.0055646409064397905
0.024019546702574928
0.011531520837254011
0.010223139155554077
0.014521868517662642
0.0030451997453484728
0.003284296941077449
0.0076043511683491806
0.0006175511491234814
0.0071423301228956751
0.01325852728430562
0.0082423198630119533
0.012555013434906427
0.0047694074772481236
0.0086310653173603952
0.0043500053554917477
0.0041607678230952344
0.0089533403493092696
0.0045654230574479933
0.0037533436537686366
0.0085442270572783866
0.0089341439018491894
0.0026462889540198754
0.0076312777801703794
0.0072035259330619191
0.0084245611137930623
0.011786498928771904
0.0034833220441330883
0.0071025028771574327
0.0098334785353496514
0.011111676896656908
0.015568789476820026
0.0095303784138605734
0.0084793575981865332
0.0055592025064953483
0.010188412742762521
0.012908721270267692
0.0062513044228240727
0.010410133231013224
0.0064320275711531785
0.0082969228436045091
0.016123230351267597
0.0075838642735326922
0.0061551680929514945
0.01711207224300354
0.0047222277696262064
0.0071002562506655839
0.011489872634384644
0.0063434770955536103
0.011834481605954626
0.0069190011280575092
0.0081358767599362704
0.0030978456799802992
0.0059367053902613836
0.0097121149361512771
0.0007480757614038104
0.0037372806216072895
0.0052601151736103866
0.0033159162611689857
0.0047880311701514085
0.0047175175471932907
0.0085771584218704861
0.0026686763882759401
0.0057709238464950649
0.0085344563843223562
0.010375789349645535
0.0037821905017442576
0.010766375190299363
0.0050056061619564388
0.0084314355468500871
0.0094942920655470327
0.0072568951396567707
0.0042856858327958245
0.010999431002469794
0.0085100527059605111
0.0095617069216148154
0.010994255480467259
0.0087474612761036814
0.010136172848848705
0.0073477562544313939
0.0094873538061139642
0.0021672858758101155
0.0036303020193553279
0.014736924939337894
0.0063428935828924501
0.0046842915822453953
0.019222643077991042
0.0084797390874618139
0.0028907804028224012
0.011273807219337403
0.0082809832759336219
0.014559049097775043
0.017346585594427606
0.004680502534683305
0.008287434588591552
0.010073309330912862
0.014269348913108493
0.0068381870568936538
0.00749641765974808
0.0052301356447023648
0.0058822527668332169
0.0030210542538469001
0.0077319524041548947
0.015788377505589743
0.013208642979493349
0.008536835727657368
0.0073440048281086696
0.0046101502594137643
0.019840424627292651
0.0095083455085773969
0.013646302575923041
0.0089775670213853263
0.0085134771722625967
0.0027359358594468662
0.0095419997072454504
0.0076391477817470696
0.0044382737262903182
0.011332017019281335
0.0056877916460344674
0.005269072821893977
0.0066566419554700265
0.0086382386328796943
0.0052363194474247098
