0.54435040588207795
0.46075737574260367
0.38980823086985744
0.50522359481252344
0.58082539719252824
0.60076816853668269
0.56605363468260383
0.56889861643642314
0.66110185693803591
0.55235962518277992
0.6128929895086267
0.66924856820521428
0.70836230857026583
0.58714054918882208
0.55916631550159401
0.55398004427449965
0.5451782520136137
0.50095899888832895
0.64670785104464223
0.46793741753640838
0.50039037271053532
0.48026869675032552
0.53636658745333821
0.53899827876129525
0.52951778051342735
0.5120759744550909
0.54156479052087003
0.5774627183291231
0.62020845074273501
0.63914574891237441
0.59319319993554909
0.62821356637635106
0.66419279076284821
0.63339930273980471
0.61630000418139586
0.64521213444225567
0.65912107379225349
0.62126956072982353
0.53085129998802438
0.62673762190376148
0.60365057880205997
0.57463392292612148
0.62545624729116922
0.64674026455020106
0.63820593506449752
0.56709099719609257
0.5509417516412638
0.51961229299707246
0.54094705150031275
0.68635191938663853
0.5874182064144805
0.6231800452004107
0.64504604534362697
0.65976514174121526
0.64316974525852966
0.65585116502805785
0.60584865494699969
0.57079810202459202
0.58771014104875552
0.40313301880719099
0.51031493030773112
0.60190002789019936
0.63950522990350211
0.68989260768886884
0.74764806955670515
0.68603115257775649
0.65562693918670734
0.61230747814765629
0.57776061583588678
0.64659024430465695
0.72774748426534308
0.67848144501618346
0.56255867079814525
0.52594525139586978
0.55871964525577911
0.51613043872830899
0.55264361526828598
0.68530986316756692
0.63984025830815017
0.68274089234007695
0.63078151013617401
0.66616675329211272
0.55039211759867357
0.63529549972639254
0.48863579446820227
0.46545467258041257
0.64935212048038715
0.53746507937906862
0.57843617128252978
0.70026460513591915
0.6574588109647308
0.6299620070040971
0.64142622751839151
0.69074741597085232
0.67276616732995476
0.66348172734836719
0.69009635964351002
0.66866076584438394
0.70727458547950439
0.61565701236098291
0.66925977924922087
0.6427269274580949
0.6332795555299936
0.6102454775816718
0.54900485460098514
0.53566396908722647
0.48604980069926751
0.54842860540990734
0.5994719990523274
0.643840573595584
0.69564538807459131
0.62426853126430748
0.59902389715928117
0.60537122570119339
0.53220112861884084
0.64859026032984013
0.65119282354590435
0.67420293290814681
0.5958346317922486
0.607333911719805
0.7167415932133675
0.69024983489758029
0.65314947345468821
0.5745031723267392
0.63724313982339509
0.67144717291054712
0.64990825506269323
0.63747164443393844
0.6337563834596176
0.61712523814831999
0.65868851631608227
0.65306704360427159
0.45482247337087645
0.48985912803488635
0.52852733560806353
0.66564928827374292
0.62805421028082042
0.67394401539875515
0.60084906439829644
0.62802718038072636
0.62393285434884382
0.57028628604123199
0.60894763381276762
0.65553971232380503
0.56210191464655623
0.57124831504952112
0.61569650945138232
0.65281876642762526
0.66587611370299515
0.6593159637826842
0.68226605670150597
0.66035594810912457
0.66395951454690871
0.59287974292538759
0.61869727105116623
0.62247495494022176
0.62124079783557729
0.66408593937050664
0.7030488446210128
0.718932598425715
0.57642760248781899
0.58214065432779072
0.60024070129956331
0.49944681886613523
0.6103226470067451
0.61110725167997249
0.53411851321625203
0.55414049139092281
0.50557327076095349
0.63613193696473802
0.6292839966678363
0.51481267067173153
0.59014515661812972
0.60484115126436733
0.66224685144480389
0.73588566217962847
0.68369896351558757
0.60120578466870522
0.64467714033670476
0.60471880968773473
0.69983000080522895
0.64133097953667506
0.57697308619196574
0.58549812287034575
0.59896201404645921
0.54274859430470834
0.58899751455409921
0.58041114384107462
0.53566771693017434
0.50565425623090976
0.58912718973600131
0.53722213724987822
0.4206896577735787
0.39295404003409895
0.36459124643517116
0.45623683990262459
0.60424227448208756
0.62747090722262155
0.5955581935476737
0.54004169507647493
0.57866512298974737
0.62846346449888435
