0.53962856229824219
0.54683363081103809
0.58894589473338044
0.56705450500761334
0.52131833883146206
0.50406268994691517
0.56423993301844977
0.57714261004221168
0.56657470105394336
0.5752834248389449
0.56606728364016035
0.5764121873319995
0.59049320349779211
0.55900319160845491
0.56406439906811512
0.56979807081129419
0.59335356270300377
0.62755860569281585
0.58854872898099153
0.55363562073438966
0.60008218461260587
0.49498767240662056
0.56387827267713675
0.57496550503092958
0.55087277634443088
0.57011497573410508
0.56880608468283833
0.58542029054625144
0.57239680931734438
0.56581478202803714
0.59574694818640983
0.64442981909934471
0.60996507370535935
0.59828341741653746
0.60378666320625729
0.57579091486099876
0.61269403119521471
0.56241104005121434
0.55340474813587137
0.54153629506545109
0.56341086425734932
0.53820091978970819
0.5147753472520652
0.56107443803395562
0.48795572272721488
0.55148310218315233
0.55930166366452472
0.6117620453795789
0.53813275516686099
0.59251079360086412
0.58312373703066511
0.59238236324583937
0.56398774669221741
0.42975758654630475
0.49295817493274369
0.43898281058965216
0.49311785952457721
0.54420169473744706
0.52220676081442952
0.52072114352341725
0.58619856504036083
0.45823195947226908
0.49999803478243687
0.51641811134397086
0.53148865224699537
0.54582596582521858
0.51583918352477831
0.52258874869151883
0.58586143762377074
0.5550501248764379
0.57673465289285319
0.45900140785026339
0.43573283586236711
0.48816846519834128
0.53041715883039664
0.49232759846239499
0.5092312575790372
0.54026163113772174
0.52203470588003642
0.53933367844250368
0.59043493243710421
0.59155185655932285
0.57037201693145967
0.56340269137265964
0.55853358543560461
0.50895496093565495
0.52887446426260609
0.58413709298752003
0.57075524673551792
0.51438776011207454
0.52838607381251967
0.59688226784285225
0.54603296355357323
0.54005974609606366
0.49116850170563964
0.49860208956238911
0.5025971346476592
0.50156458947637017
0.58828031217099552
0.56853759240792645
0.569811129487373
0.57085937554987343
0.63042305959704525
0.55816685126063814
0.6172089780111637
0.59151292389746701
0.61893581563223299
0.61380498840420394
0.58330505154570478
0.59062458890591241
0.59075895233295572
0.55973244992035942
0.56688490484209331
0.54519955914667539
0.5798598499846439
0.57178239830550925
0.57998591509711828
0.56784758860459794
0.49917729728165922
0.45001786611977829
0.54441064585723264
0.45998948395487116
0.42883183163858474
0.50077311514001666
0.40856394167403753
0.34986165578142392
0.43351277409082106
0.48826140167438192
0.48404142304986442
0.48536855696356374
0.54480880238747209
0.52992367850444433
0.51841340494341037
0.57217622139960911
0.44889894763639188
0.53172810867095432
0.55834078422089239
0.53456955905395842
0.56271929553944944
0.60053436673816996
0.55212336518034755
0.57984718415067726
0.52957031839182112
0.42991325279808634
0.39910116559239528
0.44185690114575404
0.35478091780527071
0.37002685278664704
0.37388044381300922
0.34090026634467308
0.3812763816450338
0.48738996565367682
0.4595121938808967
0.48102872471576896
0.52876569664371387
0.58869702386311007
0.58022184410321609
0.58966810692069593
0.54074401390666971
0.53600279487499836
0.60415082910767004
0.57298149133918475
0.56855867410230265
0.56353887822253801
0.47272692063605909
0.41410997755862144
0.47106582520356177
0.4996318465075722
0.57660539875075911
0.48103726705837446
0.5651871996213772
0.54516882208289696
0.50520996938214147
0.46840724598619132
0.56582355307827115
0.52795232006690229
0.45663164113177368
0.4653965055565254
0.52652574295243537
0.47871765493061891
0.55331681541878597
0.50703102239077547
0.51939732848205578
0.5794672735631522
0.5535827686317818
0.54677331781177996
0.53648601162344389
0.5455066446382274
0.5434770463026799
0.52824548956639428
0.50087922447368938
0.52422060829796968
0.54065990972907119
0.44021484422021134
0.53480544834120547
0.50402828325753424
0.51562466592885725
0.47582230618192078
0.59028557082396027
0.50290747796371493
0.51017282619733761
0.54014211853783689
