0.0047908013209324914
0.014166951111291111
0.016517096789163049
0.0073467341767284372
0.0065036848896020275
0.021729284658924979
0.012314698548792236
0.011981468603124115
0.0068102515794915171
0.0029295265962882393
0.0069172739426314987
0.0069205429904282334
0.010576589250111533
0.018814605233352068
0.011369802620341606
0.009076994553716685
0.002847454105088772
0.0094859469542053574
0.0070272474728101109
0.010399794084750865
0.0071061915999551199
0.0072806549700785402
0.021113172501582171
0.0045091918419915365
0.012347569726140373
0.021055982803637661
0.013633902275041836
0.0077609657763016461
0.0052191214375700914
0.013588120726246058
0.0032592852136516682
0.013466412298473993
0.0051172108427371609
0.015442664576884903
0.0033566018035454245
0.016489486640235532
0.0043121201535090163
0.01662347745138815
0.022301056042803691
0.018526787313228273
0.01826121928897765
0.0084613248773632334
0.011756286729954012
0.0036853111505249507
0.0044496059550202987
0.0053920624311330221
0.014188334673538644
0.015036700299930107
0.012526518409134517
0.0033325920171598158
0.0063307664650277895
0.017218811712293204
0.020920809407114178
0.012487898327059311
0.013578940440508936
0.017439274723491782
0.0055123692528249143
0.0092180578906066336
0.013497280438236772
0.018067827432356902
0.0076075414213855469
0.0108370606467415
0.021791081803490934
0.013687282011143949
0.011214870830368387
0.018105549171793817
0.0038313731868063008
0.015467676540007779
0.0084224063348540372
0.0032963212665649403
0.0076840829761487574
0.0084575836453375935
0.0045071410130724842
0.013308633263457544
0.012184296809827331
0.0070731353689787689
0.005951458139131712
0.0081098116053272603
0.0081722896349382141
0.021481353753700951
0.011226479101287578
0.0024420232070674242
0.019039253743684693
0.0068326433361791542
0.0053716558201757298
0.0058764158657279592
0.009838491767246358
0.00543905945732926
0.011283394919319949
0.0015866500913752743
0.018998596592303695
0.010569042615664451
0.012246785502376524
0.011468923487164264
0.012027345774063053
0.014098385613867639
0.0068712459585397977
0.0060184125760675607
0.012934977387960334
0.021609663625285536
0.0039761293189145425
0.0071924901164227163
0.0077671098328098405
0.011194481951567649
0.023375062500008911
0.014395488785212223
0.0085112427521533713
0.0017003695201826883
0.014173463653537935
0.0097371505137307385
0.0023388855994926779
0.0089796085761432564
0.0052062094668523708
0.0080456915561374961
0.003900811511486441
0.012418408928220293
0.011235368051152231
0.0079376879281970649
0.0038717794993687882
0.015953767681934985
0.0041709892693240214
0.0095243462251225607
0.0025725975736094566
0.0083742449416865667
0.012113720969606025
0.016554235789841876
0.010419841575370533
0.0069959381521811923
0.004662388973146199
0.011645522888224838
0.0093199829504177819
0.013427896909179175
0.0042483573902164194
0.0042990254009268496
0.0075725644832438611
0.0055920074276606599
0.0054528445003295617
0.018823516373290515
0.0097043925230125248
0.020317718240231871
0.021571881111296477
0.010475712853839178
0.015591068879492968
0.018943675880938749
0.016896003098242778
0.0064907310769875132
0.013137135712783776
0.0055310486407435609
0.0075301832265079575
0.0075193383072485282
0.0040914797465402284
0.0066841766666172232
0.016838032394302278
0.016986885911893242
0.011519079646333544
0.0031847390655464236
0.0090046976230395721
0.011335124843793586
0.017485599664258829
0.012033029784323154
0.0052296986621373272
0.0068073778442321892
0.0074459345058827467
0.010349997572308756
0.010730468366020471
0.010512874682785098
0.013701311489309224
0.011029498457173863
0.013331882114111352
0.011838106208593428
0.0049228045772464193
0.015428829324979902
0.0035367146801336844
0.014001055966004997
0.0076202615040767575
0.0012412517084704569
0.0046693910576296677
0.012146278731905626
0.0090406534231371547
0.011377091808279819
0.0060025427519968906
0.010931851892463046
0.010289079833519274
0.010759605155332396
0.0028126448051643753
0.0066708507530602789
0.0096318038245687548
0.0040981779933129273
0.019129430912121957
0.0073572649222732427
0.012764443033636677
0.020093687180277476
0.016896869287808154
0.020318923158374965
0.0074409575513975481
0.009164856768975594
0.0074802280493417922
0.0023319387184349244
0.014211477008292447
0.0050042125575094926
0.0046991687845164666
0.012403657399947613
