0.0026245875079832512
0.011799373932529399
0.0090643002407684078
0.011813185758225941
0.019167847325690997
0.016521137879490309
0.0055651295303191023
0.006951535890378841
0.0074303057676003252
0.0075638015461082795
0.0062829974658106941
0.01077409886460823
0.0058848600865906197
0.014827583189663585
0.01034898394657684
0.0081071536984403791
0.013990540026840302
0.0072104131848818864
0.0095491054164575477
0.0067801935838379427
0.0028199176070544071
0.0087341765087320944
0.022887728151781504
0.014696608773087745
0.010262613039849952
0.0062273242131136988
0.0044557179099606334
0.010279590570841289
0.011009748849784212
0.01792094636692073
0.017202706913103053
0.010168234908694965
0.002288466624911127
0.010611422397372384
0.0062052085554761697
0.033181325550218764
0.0050919686396038851
0.019556830416725342
0.0026893198535522895
0.012401387045112988
0.012674581782517572
0.0091543666292062259
0.010562275363459045
0.014289740634235862
0.012269412217227138
0.0097143177242802262
0.0070693048936847957
0.0049293425317147197
0.007984869031333745
0.0082503405060560149
0.011404682323726245
0.0042878371268760158
0.010375462010934493
0.017814447364670877
0.010009651238372146
0.0060505911444403955
0.0042679181246330191
0.011339582111269408
0.0096526175637437536
0.0149179583919951
0.013136570007849143
0.018647072814891755
0.019910501232475755
0.0070228444931265295
0.0024339731764552652
0.011625284624945987
0.002306442934637123
0.017850499054331344
0.013032151061876107
0.0060405752621825876
0.0049472203195145828
0.0123050364891735
0.012484540022488635
0.014232962646299524
0.025640220635750166
0.0082568599989655284
0.012225091498920655
0.010914057462894573
0.010959297498422015
0.018000306698856078
0.011570352714577313
0.015228704133310537
0.0067784946724749277
0.016621751625676078
0.0029868479440781576
0.010055246729870352
0.0034184039289182357
0.010636539687596697
0.0071273824478249462
0.0073543871724295433
0.0035985495060005799
0.0090939798576792075
0.0121479101428042
0.012770411989795069
0.011618017342813642
0.0042930360032347797
0.020067073028196946
0.011034197185118886
0.011539723907177172
0.013104407043719329
0.014520346867347402
0.0015354196278915464
0.0083995187295756862
0.0087839849973896586
0.01466645659080321
0.014740805926876269
0.013958677104638783
0.0039475089778151888
0.0034491549585267661
0.0060663131552534518
0.010100783570381217
0.011965411494773771
0.0020789106269623234
0.0068847871243744273
0.0095737666074736157
0.0047772183433929302
0.017979810440006606
0.015326465664611457
0.0043750863806874193
0.0048977844611281891
0.0057192525504496453
0.014382679788146514
0.016628586108086724
0.0063653444572874182
0.0015750700733464038
0.013683430140012671
0.018868640269253136
0.017499706655049636
0.010383381169633901
0.010490038731902296
0.016917015811869753
0.012488356105915003
0.0053985002364903886
0.0052692174983598799
0.013775765031386463
0.018561943798743361
0.007455890837370349
0.0062307291381651173
0.0081293208493456448
0.0055825528797026937
0.011357820670130289
0.0087023639549299574
0.0059883942940866372
0.012861224665563461
0.0072097583378504431
0.013107374476245858
0.005615669178383108
0.011199213032987045
0.00088412508850881642
0.01534745555357944
0.0016228091739947106
0.0093838667674206629
0.011006354081934526
0.010913137810261823
0.012314051607702972
0.0093890562156922763
0.022754064057147749
0.017807728492822885
0.0099747100987613059
0.010177375045743384
0.0066840384198517382
0.015150108596218601
0.01098208263618067
0.012342928390845238
0.016638948927019306
0.010210232360686104
0.022312742428627103
0.0094220528260583452
0.011942656787627135
0.0094350822907747541
0.0090254175207448006
0.019134837535051769
0.0029694784426671957
0.014047307090172635
0.0034138422499527497
0.010463532566919648
0.018004430057068421
0.015910255016444302
0.014092579773243141
0.0088878234315576381
0.013470744196848444
0.008906941593407559
0.016545196344506234
0.02189492449566622
0.015042521543348284
0.013715076254217235
0.0091265312132168576
0.0048856030501639221
0.0038125712559859575
0.022277088575559843
0.0088275215864615838
0.0030229715341254242
0.0079546668313414549
0.0083370752691788435
0.003035998678244689
0.0034846299148232397
0.0023560416410427203
0.018591576711649852
0.011874334142088584
0.011745836638112104
0.0099086327063084394
0.0046026762617920811
