0.014169078289086447
0.0027627922449110537
0.004241164072958839
0.0097648827263884692
0.009759969898097411
0.0088014967935996329
0.0089779225642206226
0.014327837025456218
0.018223363189527306
0.012225824691498067
0.0044843911422640702
0.012957749211247252
0.011015135579326043
0.0054956767279116586
0.008423132290152395
0.0089214669069220456
0.0047422387323198889
0.015939871870370648
0.0064900593647603524
0.0091388306845845806
0.0094732693577925312
0.0016088806563547182
0.014960768640711121
0.0054263472759724443
0.0063080811688076052
0.0072273355314807393
0.0016264574372299228
0.0080831522320519711
0.0039644318162425259
0.01542115911501468
0.011764723058721359
0.018864273487578111
0.0051668883133457154
0.018126489825701742
0.011994610310961357
0.0038033952621645633
0.005888372566041097
0.010146829528578757
0.020539252083669152
0.014113990587586394
0.0078998488097371134
0.012104703993433805
0.0075352988529632688
0.013579654420637483
0.019090673071290813
0.0071418500865237933
0.011986556884780545
0.007957978064418508
0.013613825900330128
0.012288055136620343
0.016859217203647022
0.013202506914421241
0.010602471116481233
0.013625608264168051
0.013190491690225533
0.012396640261278902
0.0026299192880288869
0.0092375439451274806
0.0062434206439547233
0.008789473409808405
0.0088422331138585681
0.014586253271957422
0.0035088777370178297
0.006858667497623875
0.0091177703442059266
0.010406544703495653
0.0091008188263272758
0.0091968158824513035
0.0075826637847100963
0.013281757759416675
0.014456704006527111
0.0050540121547994858
0.017559861281525889
0.011605661157655288
0.0053527724791994956
0.010710523326319171
0.0048845681594705016
0.0035704140818718514
0.0037469703572106457
0.016640416854056959
0.0090309919663077182
0.013880024300390984
0.017629236256862073
0.018942292669609735
0.0013156364939063811
0.016249332084143833
0.011851692851925407
0.013814690799062723
0.004650841197372157
0.014512409807206101
0.0053095717502624536
0.0073333632390803647
0.01331692832023139
0.0065765837100073546
0.0067224832062677516
0.011079882187479382
0.0021008992558684304
0.0064082068908646447
0.0096140016278567289
0.0060213736151999465
0.0020231092958836409
0.013736633213895545
0.0027779719871804985
0.0082469038421110006
0.012825553366175062
0.011005975605108576
0.005763398078556207
0.010249806012300454
0.003353861118818639
0.0031129959952741837
0.0069784369515212968
0.012919340130112785
0.013361494011796511
0.0075722209167044495
0.008501655095754233
0.0064084635323810825
0.014415087130758276
0.012872300142620885
0.0096486344337951124
0.0067058019337556266
0.01142852653610891
0.0075439207515965159
0.017466989490183917
0.0082436054516737273
0.0073030192507530468
0.014668252848387601
0.0023432926497908234
0.0091538225147990721
0.010009850637543522
0.0078572380531075521
0.012442793172756312
0.003602320332181753
0.0095001019377481052
0.0051334374145802384
0.011497701454311601
0.0086862859895955238
0.00093505096888646833
0.021829054032537234
0.0050137452408815239
0.0059356964756477502
0.019137723896418123
0.0073671767128435537
0.0089502920775490213
0.0031352824550627467
0.0073076925974080494
0.0082303326322464825
0.008277198984943104
0.0043903189407455325
0.012292085663115749
0.019170975805065146
0.010250834168484472
0.01058837599348662
0.012231748664800797
0.0075313906411458879
0.011887206922372245
0.0090849690698736035
0.011867867638555274
0.0067183622670842959
0.0034765243452246986
0.0091138921394183781
0.0064206976182702618
0.0041321819551408687
0.019062884593008349
0.0066400236082962234
0.013936170382094031
0.014578562625972498
0.0092206720435853515
0.01247478687835799
0.013900748969101193
0.013121982024373813
0.017403257016461993
0.0050209451792203571
0.00098627365609313075
0.0072451974055888629
0.005983555784156042
0.017526763987337123
0.010803997985394904
0.019100293364751778
0.00062286639684635344
0.0083438510567139072
0.0097152791147123597
0.020369324455203227
0.010018679512528708
0.0079015238465301174
0.0093023723813595721
0.0079006502525106291
0.0055665487924405187
0.003329681971359146
0.0079488109742796471
0.011802591201888231
0.01493811928307898
0.017410006734192011
0.0093194274688368148
0.0077308786166851899
0.0042661371204792886
0.0055919875142610761
0.0030082719388003481
0.01042352953230726
0.015285121291623002
0.011125451919289459
0.0061323562211605094
0.006228083940533701
