0.023906600859141054
0.010669847876445844
0.011513606603398251
0.012097746111109435
0.0071868016237806682
0.016971281386971987
0.010529757204240807
0.012387627813628392
0.011938958687175028
0.0056484495197954687
0.010602190793092471
0.0089662982830027421
0.014860626202284009
0.0082386249936340066
0.0039308631014299622
0.0087404908544518357
0.0089408336446289271
0.018669962523205408
0.01440853218377796
0.0025988519076859213
0.010122385659523413
0.010843828708930154
0.0024055730549023633
0.0053781402694022349
0.001754617473247614
0.0076311345037577381
0.0057687399450541167
0.0099811618541783779
0.012951682976163012
0.009715085981109697
0.0140483982110344
0.0088051767499000566
0.018242678644779374
0.009422695503694626
0.021158888202910727
0.0013447891232240211
0.01236068110002627
0.012204002188273867
0.0019477416045429706
0.015395297516429195
0.01410604243362068
0.0069169104579017478
0.013727519726062664
0.0065269444070917594
0.016460448491476761
0.020912568824148499
0.0049337235998330254
0.0099582939191049814
0.017284492046378858
0.0045917805285632515
0.006047982674119037
0.018916462927614487
0.0045977624919596154
0.004983752608715206
0.0026471990445180896
0.0056075640815563136
0.0068244400163513068
0.0067132000559976292
0.0053280494400598007
0.010984418985838709
0.0073081407745810558
0.0077833734673651532
0.0084541621223089992
0.0087593524711310315
0.00089263786333329531
0.0046026541402308212
0.0082237830864905093
0.015926723951667433
0.0055717247054573073
0.0017832131307886825
0.011644383220552003
0.0041338355470516347
0.0097278039799722701
0.0068488363009374846
0.0051648148913952009
0.011489210662798899
0.0046859028776255014
0.0083664011208892438
0.0048520406475000694
0.0061802028900288077
0.0056761824964848004
0.013515229565156751
0.007628308017106125
0.0089458125220104809
0.017035666278472354
0.0096256372492201283
0.0071273947763680441
0.015776908441730377
0.0064524058428905833
0.0033394069407825205
0.017971666022291381
0.0043860615969597378
0.0060232329304640989
0.0099676779727291259
0.0056664892624101685
0.012652319496669479
0.0084945010190568045
0.010501505836018088
0.0088809849442954541
0.0095791550803282308
0.0050034414222587219
0.0059310044717550241
0.013007498668564509
0.0077076074135890215
0.014835030609618025
0.0020882038690454153
0.01358489578694036
0.0068782174121443645
0.017953176116287561
0.0059621180187457668
0.0078981957622235761
0.0059821045499934347
0.0036446598965528404
0.0013413485909923458
0.014565663278854443
0.011800327222531552
0.010010585702835811
0.02237762305456285
0.014869406241647598
0.0097379657850630557
0.0032700286592074286
0.0099791349150140513
0.0055731768872624996
0.004993446684386383
0.0024888202745035866
0.015532545511895819
0.017464537442823648
0.011750010388864376
0.01097064313058699
0.010391920382060703
0.0041402415493439846
0.0096808900067853563
0.0053762057273958027
0.011117436789625935
0.01612560945455024
0.0086427623028611997
0.0046176342964000623
0.010141142071510597
0.0029081810288126629
0.0099019391629574741
0.014380000112617908
0.0051219719429348443
0.0048895003485419503
0.01223810073337658
0.0051263800022570442
0.0023400682444625525
0.0021023587181025921
0.0067695753219056106
0.014335055264832683
0.016386430515003804
0.012143215121827025
0.024597685145759534
0.0155357572750649
0.010225340673692707
0.0090044179041690285
0.020791397645427943
0.017835135185064944
0.010760304803869889
0.014932093533231348
0.0034608549740390553
0.021958999373467583
0.01406974229463245
0.0089562760702912615
0.0025239971571703649
0.0068197141788713762
0.0067010102276324271
0.0041276542429325679
0.0055272697728140771
0.0094859665617893583
0.0032977003226348153
0.012792926366627034
0.01338901136809242
0.011556034194298986
0.013644138072503729
0.0035227987589962575
0.010472446743504841
0.018532452963673174
0.0029619139825244104
0.014652863095884818
0.016853935466102168
0.0065624349189555235
0.013925433457954908
0.013201069594826396
0.0093760362277881676
0.0096373998446931744
0.007180855514528627
0.00044907331932683584
0.01501846425106187
0.0027586111448756282
0.019012609201900541
0.010861647839802141
0.012170405091568427
0.0033829265256178961
0.0066909156372243952
0.011792266960031522
0.0030482608614834125
0.0085171395398477463
0.012869371653652834
0.0064302485251333426
0.0061200182215395034
0.01231118722102385
0.0081302822771689171
