0.0056636913593902027
0.013204413412454187
0.014218057658393941
0.0068675192729094328
0.0019546908914845011
0.0020163070279046254
0.013414923270611686
0.0099675137469739054
0.0062578272023853
0.0093005331526472695
0.010622576382108354
0.0013872176479996241
0.0087753021728480367
0.011846753399994303
0.013134610808523758
0.0041267104485283417
0.0053591269760762447
0.0047266171948495018
0.013648402663377112
0.011160976262256223
0.0094297781297807519
0.0027931211198998981
0.012099408505990738
0.010863479333723424
0.015636594329462686
0.007007981082717679
0.0083648281746238236
0.012908453648245695
0.0080491310215366086
0.0026135133646759609
0.01535125549495925
0.0060574506607852891
0.0043201763322158341
0.019173907909905804
0.013437814999627979
0.013091507037438364
0.01815705325372249
0.0061794216099008486
0.0058537154646158811
0.012915088440428935
0.0085563759434156231
0.0043972966193687188
0.0081446836844595548
0.012069852493023508
0.011281297004285961
0.019771729707242908
0.0096618609592409848
0.0016258652822545121
0.010287881529684595
0.0024502492033592923
0.016589790004458888
0.012859906315543916
0.012416983677251012
0.016710147692193009
0.022198472168403028
0.0078515095789001843
0.004018466831879894
0.0019132939178345746
0.015141211921623142
0.0097197883272890327
0.018772269698588782
0.011997326971203225
0.012478304481903311
0.0010551891593202527
0.0088473805920163736
0.012282824408471369
0.0079077639340314893
0.011825970673548928
0.0079153531336967533
0.010348800952880701
0.015329514243398581
0.0068996609232497477
0.010810781314031348
0.0014557447159507084
0.010324710095673878
0.0029662588420363936
0.013288031836888172
0.00087206453760243217
0.010484502298670787
0.0029569163128524071
0.014093753115460414
0.0057770036320858812
0.0049676445145315686
0.0089152708293662314
0.0046908846046765486
0.0064431893599220897
0.010639812669537835
0.0049633103670212904
0.0031584348502934722
0.020565977524841135
0.014481469112385584
0.009300692307237823
0.0025350566660185146
0.01057448676588504
0.0067291751921513534
0.005391872428428238
0.005703029882091681
0.011204539368929484
0.010280361848402433
0.0065234915289512103
0.0057903119088882479
0.013036448933560285
0.012781370545443781
0.01198619853209369
0.0081193942150958928
0.0070906607603690754
0.007722321430111677
0.0019757556715751749
0.0011884949654546778
0.0095440998044493373
0.012965566263643856
0.0058928509575189702
0.016852567629482465
0.0090250836811661996
0.0095531942713646158
0.0068091730923871526
0.012412049759912884
0.011129195898338886
0.0089062362957432646
0.01417328243552215
0.015950473243131393
0.018657256350109924
0.010014591024673752
0.0022191736398286294
0.0084077449352358783
0.010786287294274359
0.013378481433109967
0.016160584773011702
0.005735611140063256
0.0050732437123693006
0.0059734648124776316
0.0081371014325031243
0.010472631166518002
0.0094264069863320039
0.0095177389981427312
0.012117891764643226
0.0130281791014506
0.003492421380496831
0.013202841898504966
0.009903955564406151
0.0037284798589317871
0.0080515562021749067
0.0033294083343218283
0.018581216157348434
0.010819870887060342
0.013328662686209698
0.00092555692387499226
0.013620179344866708
0.003820709814048074
0.0091827947217838334
0.0055288594581606298
0.013272191022053841
0.0075617995876406342
0.0024774319011938023
0.012048281018811889
0.0029168692325389897
0.020485112445867176
0.0064417844618330994
0.016651904790916449
0.020983472457021968
0.012630986074535038
0.0040827009531523668
0.016864610138094989
0.0078331870588014812
0.0044415976724877168
0.01115695923430127
0.011624019889959824
0.0068690469971638447
0.007538833368199987
0.0077226420695721554
0.0054727449810239911
0.0047348088960098801
0.011540326558505332
0.016273652251893287
0.016998535659953119
0.003482526379583508
0.0092980882126664551
0.0030772623240922772
0.0063546737886156198
0.0031030701088132643
0.0088710999213844708
0.0058813760783956994
0.0054310528310566189
0.0058714104672546452
0.0064301393761566862
0.011704900197992857
0.010219581855887368
0.014977083052921442
0.0056775910379683785
0.004578802886709179
0.016109867578576607
0.0046688277124021672
0.012557575854714521
0.009222206447494271
0.0096529954155471463
0.0048725615577822137
0.010044942191089061
0.0082731116782171453
0.0094911517775790061
0.0040748351534853006
0.0044353165305732415
0.0091920827958995293
