0.0089729393795812736
0.014191871691296621
0.0075974300038226718
0.0029334743332959682
0.012276958441592498
0.016580684210914031
0.011663534962760826
0.0086612595910648665
0.0078090678178589319
0.0064718894485271969
0.018036963901648294
0.018681571357215852
0.018839043403273734
0.018552810405696306
0.012467743405580231
0.0084748933495594342
0.0066469178880594667
0.009399630106203264
0.014606350374170789
0.014794915917314102
0.010087378960039309
0.004908232824985633
0.012665586098278687
0.0083155075359478258
0.011069566861482218
0.008634080837232128
0.014162769845287313
0.017639353243464592
0.0036470105287336762
0.018118456338296996
0.0078883836066850829
0.0042025770828741527
0.0019713473305859037
0.0062851986688706694
0.0075786266248020432
0.0071803373478788977
0.01282896245647956
0.0068110134870215866
0.010786192046428887
0.011829572017475287
0.0061735950237122106
0.017310214246158091
0.011092108178228465
0.0083611943345853132
0.012662911383752617
0.0097343614003946744
0.013328649790708989
0.013447560471367087
0.0050634895784988417
0.0159851987941858
0.0071275293591687595
0.0082098545538007162
0.0038071405553886323
0.012631412961016634
0.013234859980313415
0.0047410922518308814
0.011758925936281112
0.0010192911879790361
0.0083055948467372614
0.0035124069966021841
0.0091965031923476551
0.017877685522315563
0.013409546391639361
0.024604366269794908
0.0059050145249214215
0.018712969746284131
0.013531107821872553
0.020184079232063851
0.0083908206660722063
0.013198511839966136
0.0064773968847341929
0.011555293594974885
0.010008957167077307
0.01224336733834256
0.0056279507503957087
0.0080912859555909503
0.014680157909271513
0.01035798108293624
0.007938622182098537
0.0086677309794005973
0.0074409117444220836
0.010227353508411858
0.0051890595140259201
0.0026869954285396822
0.0087328325956551791
0.0081608069612333495
0.010084481372327658
0.010850486993604856
0.0090467515287401389
0.0058015788187707803
0.0043790303491599725
0.019263860730217498
0.008320248007846566
0.0073959676079187455
0.0025802174678446841
0.010725971106636327
0.00683893119417593
0.0064143690011513174
0.011196367932101948
0.012433663665798718
0.0032385224105268458
0.007230687640448423
0.0093807465753155909
0.01365185739717281
0.0057962120987556801
0.012097884746387831
0.011082115656244807
0.0031172273846043932
0.007044108435862265
0.019889761057186532
0.016198809815382718
0.012875969578119867
0.0036156453974016778
0.0024074181977707179
0.015563915415661319
0.014493953713395995
0.020648323106607386
0.012427420179794329
0.012825878828258605
0.0032972424177971919
0.0051750542962077806
0.024845807376950475
0.0055039651092895093
0.013283436157246009
0.0021093633425503309
0.0072469845895849691
0.013748862582873471
0.010724124738124868
0.020468285686185791
0.0097949329728883143
0.008669969137928956
0.018742004834660982
0.024470828389334915
0.0035680393741002099
0.019236669166333771
0.012253463478010193
0.011820379965136928
0.013124193057777065
0.0050012415571918326
0.00018461290701965045
0.015463767316419432
0.014967255829105748
0.012046524496483803
0.019822457191236462
0.0046296151284603753
0.010649260221797107
0.014253619825899167
0.0028732570698994336
0.0068205101756986918
0.013370028077339179
0.0053035180639799612
0.0021982411766369755
0.0064210755593836887
0.009394771164305607
0.0046015172013176668
0.0076942821640211224
0.0087107133804722077
0.012607822410850582
0.0051699806439635997
0.008425221786164375
0.01540787426270184
0.0081392158668970871
0.012715310528266272
0.0079201867325325147
0.0079772736973955441
0.0063716471048369805
0.006394125356030525
0.009418970749675076
0.026205214365439163
0.0062562302925346647
0.017214283804656415
0.022466796902729871
0.0017579302800980246
0.010008220157281046
0.013978910371100547
0.0072180185861991757
0.013063810047360609
0.0053719451037204883
0.012947236043987283
0.015830354433348487
0.024833622669912434
0.014007578669862231
0.006436957794759
0.0084735532910760678
0.012624007623568811
0.013607675698818097
0.010703114529110481
0.0068708058384890332
0.0087359056167714711
0.010350172700022716
0.018936908783154759
0.0035772454072639437
0.0084822720159564314
0.0074386451641995054
0.026400549869503437
0.0046862120872664878
0.017820532567179068
0.011440221422122572
0.0097535314811018192
0.0096915512405712657
0.0074245467888969449
0.014038749600763633
