0.032341223793116228
0.0072747203339793643
0.01052569472310684
0.015059698418362152
0.020187291208675275
0.02918385230910327
0.013883361522441391
0.030082811547507964
0.032698708148777546
0.019735307778272069
0.0096548859331679424
0.020319888636897741
0.021203881783039922
0.023851598055731137
0.012214147152016611
0.019516528092752707
0.027210878914337454
0.023520045584452389
0.010056077188848305
0.010215857160801511
0.013726337350686719
0.015993924882028592
0.015152382762335668
0.020187382073006337
0.0078807614336237099
0.022936525410951224
0.036927544427569139
0.010209706229554848
0.055212890238280535
0.0061167404099317698
0.0079802698060173222
0.019723655504120034
0.013473020022973816
0.011013476911587427
0.013516509638241123
0.0041193303486477982
0.030521533916651553
0.018072007047869595
0.024059268262772812
0.015014646960246035
0.042514437043549062
0.023582606053635737
0.0011088201287869806
0.030243902094550228
0.013985684303197781
0.012170233912207498
0.036647593165658431
0.0088912196589205853
0.035112059711839033
0.01561307111265693
0.016067407280895944
0.020251059940131939
0.018220980358292886
0.015793158436304699
0.037913499526897286
0.023200028719626089
0.019589429288731024
0.010023386893389066
0.010706840542171601
0.027355939550896449
0.0062643154300086731
0.015333081654847674
0.010061380339097911
0.021588779846028375
0.030001010152136257
0.0080652034281438276
0.021237700759911663
0.034340335446534545
0.012503406846954153
0.021671192106143114
0.030175965582383606
0.035054742780105258
0.014808997652906315
0.012676060758707031
0.0070262123921847296
0.016533108182327037
0.0065218197171169837
0.0056447370869977193
0.026400955622480855
0.029836931361819509
0.018849025668949155
0.014826897543293107
0.026741948802403277
0.034444331083003397
0.021968680683024808
0.04527676288838562
0.033087337588006513
0.016712249925754395
0.044952563056078677
0.025262046636095641
0.0017363574269970872
0.022577033388798864
0.032996181116443098
0.012839173794088511
0.014468209784958171
0.0021495963444911033
0.025500964776717202
0.017753451264842381
0.019495347382623065
0.01419967100940597
0.030906628502327137
0.02144892445179471
0.016874869625295781
0.032738061765373985
0.0036067166490398811
0.017115802032832052
0.0088256285437481631
0.028218852847924514
0.027323765877593342
0.015632478366685087
0.03504288340074696
0.052768985073332136
0.035818534946152926
0.033784080633808701
0.0079637638504506565
0.011065035898247632
0.02759380433393073
0.055737136663123368
0.024509654531383436
0.034100275337407268
0.029177925235221912
0.012945310999717803
0.013060265987351931
0.040035415307932372
0.046348229086605332
0.03279933557107776
0.028004699734836193
0.015364934700260693
0.025845624926062218
0.021395639454287328
0.0075507262696045694
0.0076205859332137121
0.033213021005920461
0.021931318451948748
0.01538600738003224
0.024487006844989345
0.01673549973042637
0.015890649395685876
0.04021468094477406
0.024607249697565236
0.012025715293266417
0.020780486517908609
0.020716286104736744
0.040214115493609009
0.013847241599954071
0.025455491892676096
0.010570143585833748
0.016930207771405029
0.011072592787516914
0.0040523799910317333
0.026486490740791402
0.034506241676060256
0.016928393112797008
0.024149980881362842
0.01079222459308268
0.0028126813538030802
0.019803628273048723
0.022922488099079347
0.018982573921004414
0.011217548750575013
0.0040771934013484022
0.065178462738182813
0.011409334124033249
0.024536217686960383
0.037146477531987077
0.0046779024332566279
0.009454014355050222
0.0248318525580906
0.0064199914619108766
0.01904608880010571
0.009373247995756959
0.017788093464707617
0.0043595776755686174
0.011155589362683231
0.033797392926635486
0.0028557683538432532
0.013657016688874792
0.014158852177486267
0.036421548904676901
0.010843575005407471
0.019163359658334517
0.014993072647653139
0.018021860608614788
0.019949861959233962
0.0092633249379787709
0.022719828260325217
0.028095583409205135
0.011620930717663064
0.029894517409951367
0.013480063760501581
0.020076775998172793
0.0088227136725663041
0.026903559181682912
0.034169765137040786
0.018733067367395717
0.044014293574921051
0.031321636878097789
0.024979935156701213
0.033544425342846768
0.026897263441672835
0.011154124789043101
0.015285326387213864
