0.0099801957470272706
0.013941529226196287
0.020897021241656374
0.015279868360694105
0.02527802301942092
0.0038406934348784632
0.034117998229100645
0.010276529504862643
0.01472878451617908
0.016986157785286938
0.02336522100212525
0.015631777711888516
0.019373051203181182
0.055871122359679656
0.022609384689960883
0.013192876273991343
0.03181284884363754
0.012806791711291867
0.019840008791403491
0.029071543902230164
0.023554537836262726
0.0073231165435432713
0.015480621854141192
0.021280652435210132
0.0079998843381020451
0.011882731103492337
0.020994979116555165
0.022114697571948717
0.028725127816912718
0.017424284406270776
0.017692595599433217
0.011915485200658512
0.011751131129847605
0.018386905588789644
0.033030077078903028
0.026739135452067998
0.010949685359526319
0.012589085638970715
0.011461171213630435
0.018329895146028775
0.0076171162510153198
0.016346320458126784
0.038216970887248132
0.018160391801740085
0.0052041199978863093
0.017935152160729308
0.021272905025026309
0.016101334354234963
0.027165654006307886
0.026319747586669082
0.009895282192638773
0.0084571794606862847
0.017310019450949343
0.017626379334164256
0.016769173397658946
0.011581365593523116
0.0047526559519604711
0.020013536316310587
0.022255883500958827
0.028022265588414485
0.021130872194028944
0.020045576016348494
0.026743946405491933
0.030495119144294619
0.026377947343230713
0.01037758081481633
0.010150390340906356
0.0071791212950954092
0.0041296331628656443
0.02229280108694125
0.032356354465120793
0.025329275630135494
0.020224330113315255
0.01322738107406287
0.026941449758120819
0.019247131346930429
0.023301030714880662
0.0050917692657957087
0.0084697193646888717
0.005856663823269913
0.009035493923078973
0.037145722476236959
0.019023863717586291
0.040699915963422657
0.0093188980238650652
0.008665175270302642
0.046951973454707446
0.013717564515422479
0.022066311572331691
0.0333744264199618
0.036267353812896579
0.0036401259761759245
0.025890845006300924
0.021952222067230968
0.013830609245961729
0.018573763580634405
0.011016349578102175
0.011424175311273536
0.0086425854220803441
0.02326093989750495
0.027641588540686626
0.025986593456805096
0.03124061649970206
0.034875921178254637
0.021734552189687853
0.027850072821811719
0.026250025335272049
0.024817630808939513
0.04602805257101969
0.0083589104297025294
0.0074001270987814529
0.014774667695113052
0.0048032658883170641
0.015960021328274818
0.0082503007550233497
0.032972918878816718
0.03905335919806064
0.0086555575595556253
0.028093981788826772
0.015812152299638386
0.026291752206227079
0.030049361588928673
0.033816117497368306
0.010678178479735432
0.020685435736072157
0.031531462479306188
0.024464013557272547
0.01780420527418225
0.027193751259012588
0.011658429588447719
0.0092680304039528399
0.018428556785982948
0.011829388064050974
0.013433145499819579
0.015168347881780305
0.029992726002754457
0.030164187260857993
0.022488201025606443
0.027545275762835417
0.028245560841998085
0.012074151206546667
0.011823276646549651
0.012417699466935916
0.027792784427397344
0.027463580115504614
0.011658923733745245
0.031907791398306358
0.014427108420460412
0.0069906393949014899
0.024744261362510345
0.0021865197445516678
0.042777701504726366
0.022689051811717296
0.053740299966686556
0.018358434744690601
0.043896164894426652
0.033783896764963163
0.02061946270110477
0.015155082112878807
0.014802723903107851
0.025343078852637542
0.038483196836156988
0.014676602537900896
0.019075132494021318
0.028731760327213057
0.010376353861984544
0.02728669622745054
0.013027827683438107
0.0061511644475664854
0.016890194960247185
0.032352482380866916
0.026361917254038195
0.020693688609192136
0.02149501324519542
0.010318236183101973
0.026743990094007498
0.017281258748806316
0.032628947143414015
0.026239676018222483
0.011729155408796332
0.0059019928295462234
0.024245082068938467
0.03710218969064584
0.0034566576273659289
0.030202425189989137
0.011659290591612127
0.015112115871467305
0.019968763958156912
0.016477678625043787
0.0059567193681103687
0.0096127277719180379
0.042829175936656638
0.032371309402750514
0.0089747264449747434
0.0044999568922730769
0.039880965390622782
0.026614021040867505
0.0079751110814508998
0.02412209866332151
0.015014611065117447
0.031455598474113874
0.027614508404022537
