0.0095478548608164421
0.022407326944672706
0.031133848893439269
0.022605314126375068
0.018822880111190682
0.017777300362872346
0.019971130956180725
0.022341537361768918
0.010446117118986704
0.021304383993899886
0.0038490908411734654
0.021322461297146711
0.039974475803788975
0.015986164112113191
0.010793284879467169
0.02600467097225502
0.028143163112779104
0.0036506019520339971
0.025185063572028227
0.025814997845315518
0.03613555240090726
0.0095794137425886539
0.051841770910535649
0.030580335161054621
0.018467539243073559
0.036056669993937147
0.015528182908537452
0.040433264336425863
0.015817960036701603
0.020642125233811003
0.033302684624086767
0.025223115573804401
0.023507807602509787
0.015286819159622454
0.031297037303247011
0.0078462453249058452
0.033762315309817492
0.011013624032184356
0.018825709988851941
0.014512443010517698
0.042655680171095556
0.026120637279920745
0.014260364260559847
0.043232987587297968
0.0089334265440474472
0.013126406057559782
0.017428215499633155
0.021379488401345573
0.01617271163046766
0.01413678524175482
0.02198145874437538
0.0079927119371164708
0.0064152407388369396
0.027677154711613704
0.021341943070756521
0.010436120848310993
0.012959350273254563
0.038552115331933791
0.014385374016850819
0.027472477588661837
0.015269228546250126
0.028579279533090259
0.020436644681716142
0.026863724625613913
0.032042170169219238
0.05619712941034595
0.031231048984520008
0.008175463673234757
0.016240414165135213
0.020804455695431372
0.013423584211300989
0.013338258119060602
0.042651142888067289
0.002945230208369213
0.018199923239205513
0.0031249531555612668
0.0099233931728807401
0.024803760738128365
0.01345175074539365
0.021875315932280433
0.033994131255428328
0.02448557349131773
0.0058984050956367726
0.035908508552270284
0.022472286325364001
0.020001864598520925
0.036634776904741283
0.0034738799426369863
0.021465626462386037
0.0056100264623000478
0.032771823313426186
0.044764471417590906
0.022148380106826415
0.020252573508105113
0.012795143877548081
0.018882698805651948
0.016777419327877924
0.010867384200895131
0.017815846646352954
0.045575770691802783
0.012886188261976322
0.012867577906918941
0.0094573529042544513
0.030933931962685436
0.019781688910586102
0.022117593835964653
0.015374936385127746
0.04291564119359894
0.020586091142625586
0.022964228912957227
0.0077057554441476474
0.032126830971721872
0.034374758587239256
0.011722179360112885
0.012733008573468122
0.011480900020541859
0.025798918835905262
0.0056569655678725224
0.020773688079746642
0.017565918966817213
0.0084891150447139897
0.016514297667614756
0.023622998921025744
0.011303502666620328
0.0042755037238872166
0.027054235725373178
0.016149462822001057
0.013537898210388307
0.043215488603328953
0.023878485815895162
0.0043222790035902367
0.018244785169882084
0.017483769930666412
0.027332321044500802
0.0083226045898516891
0.024745214625015742
0.010839563359294259
0.0029503372939676158
0.029556484814023114
0.034157076103978376
0.022172686242409277
0.037959972008913677
0.021257121246043481
0.014409258727428402
0.051741173235235194
0.014665268501735634
0.024003296446497249
0.016964147272592274
0.022821548607033792
0.02436961448196762
0.021370704003862751
0.0022575835668773958
0.019279849878864993
0.026676498274800581
0.03729866697664494
0.02067986823855596
0.0070022298345791319
0.0088877925649321465
0.02028034195708836
0.017692698173306431
0.023026227762882951
0.010604005660952985
0.025044380999259125
0.025915358084992665
0.035481612228632935
0.015992040443291188
0.01446181232188597
0.035286219523623104
0.024483374374355348
0.0090024081798365865
0.014042244453840608
0.037013482471975973
0.023719190845843841
0.0052435853512384535
0.021869639238643199
0.02476623419860316
0.025665806573943475
0.0092493657000644724
0.021814690391147404
0.021569184049272702
0.017863346764227968
0.039223167046431362
0.031681167752144967
0.0338619304737931
0.021160590876750908
0.014218685935144998
0.014152394448441068
0.0246478860264389
0.025052812827365104
0.028678548905425774
0.014665309120555418
0.026966340937771321
0.0066185410765465915
0.01148163505447938
0.004109029267269867
0.027908236776608492
0.039549225803582777
0.011345631916551592
0.010311303418117368
0.017935647960741961
0.030035937614306941
0.012363495869113374
