0.021858928550617555
0.01027460029698179
0.033083671217963469
0.026022206252980636
0.030936912483752386
0.010352117632654133
0.012741901239218882
0.016758897399334362
0.0080616301118286385
0.017927917728616658
0.012179984663951066
0.037025225435176418
0.033570727605051719
0.0044201953744011863
0.014002342296993153
0.013591603873317731
0.011039608279910299
0.013363062230799166
0.021077091803257078
0.019451488823811192
0.024702812639378721
0.028756741933582644
0.019995534283367401
0.029166740377826583
0.026653922182049178
0.013115577541139602
0.0047518387858146213
0.031962464754642941
0.029888002128002675
0.015056085735917964
0.02842291889096233
0.02313768434638212
0.0097907244775687977
0.01111430502993248
0.025788610534859608
0.014976522736176836
0.027429039113627738
0.026589832459051058
0.010663579451620777
0.023521760896838519
0.017057507891570432
0.020979443731566662
0.034384030110703061
0.025080084435014704
0.028639390114496038
0.018370420480105502
0.036417936837381738
0.017485171982633232
0.047167291143993054
0.0097151246073433426
0.018095029381457472
0.015441143135005438
0.042251563838081534
0.017400383945836852
0.016856050053928824
0.03694843223140052
0.013885497084206938
0.025894274626208868
0.025744930306417269
0.028354653199958182
0.034896294999103586
0.012739577049095526
0.016384245515383155
0.023574139646026161
0.038847202536515468
0.0092113841437552729
0.010059418104186587
0.0046786822605677462
0.033100343790396863
0.028025696460160798
0.02596630188972008
0.0066772641042057313
0.0151135061072826
0.01479458849448625
0.017044638529617101
0.0070085668184393067
0.024412637099880442
0.027235274338457526
0.01107570653845317
0.029078005159229262
0.012024249887280763
0.012575250552296106
0.0343384532972313
0.0095648209625744524
0.011286540718435023
0.008097054243662619
0.027323085841413561
0.042812660965421204
0.025594672970843214
0.017796375897744521
0.045425975900788534
0.02320719076939063
0.036927834159825104
0.039796479160881117
0.0095406738605498202
0.0094747784790066812
0.02849678451787822
0.0020821072519798373
0.014396552240175085
0.041456606754135331
0.027861731770187519
0.0026943865483204004
0.052799123536012044
0.032227339778325509
0.010056955069216427
0.013962109058467138
0.027187434519011882
0.0079031760991669815
0.014217313405279687
0.016142789862630215
0.02147404286968627
0.021322950019010262
0.026499503618624444
0.017997083861615828
0.015820808191984517
0.01615307667471574
0.042355758479532997
0.038164996210834246
0.023252547827213081
0.01206278351744503
0.037075922081932493
0.023022331469349316
0.0093873167373048211
0.02171719227412678
0.01315962854971248
0.037326463261463466
0.014869812083334355
0.014523420818689516
0.036266134306381259
0.021030233515929874
0.02317615595724384
0.043982131029704212
0.028585606396087031
0.014186204997298855
0.029515271848020091
0.013739185846685126
0.015533544339836716
0.016264394167869387
0.050151532090993545
0.010872039274437559
0.020586727018462044
0.0044970198280464627
0.013526087274235528
0.038213210523985547
0.029774400624817121
0.010936243887918229
0.013742159421978319
0.028503364868226192
0.024977478659225082
0.0083279870288588669
0.014596507426968551
0.014961798944313794
0.0073299370878630509
0.0064453374042651194
0.034562082728149236
0.012589332660592074
0.0085025563214165181
0.0036984902817890062
0.030488509386660277
0.0042918198438253686
0.0089648332250507699
0.038068007721249797
0.043560463668568812
0.039887328073698845
0.033230055998931106
0.026046360412046016
0.018827712433979134
0.039802744938092917
0.010150938326531527
0.041007106879923663
0.014665042294684721
0.016973154326726813
0.0093392843218306383
0.021484895160426808
0.032948505774602829
0.032772066813014318
0.010488126098831981
0.028705711383510656
0.018164027819696588
0.021916124876864316
0.026155664219512164
0.011104268073321613
0.0091900445525766889
0.014779106417215889
0.020152943382057174
0.011463396352384463
0.019779096556114404
0.01887679626795883
0.018488149640253027
0.010784514800762876
0.022544008938071951
0.016409482392025221
0.040401293080087462
0.038140487886288287
0.011071830707503005
0.019853804338706819
0.025362658896814588
0.0027613193803348469
0.031480436335567998
0.015003562756742814
0.016608332903291653
0.020634131204623853
