0.072090745873670953
0.27338713969715217
0.35836233237997267
0.32054103137396878
0.056983814477078933
0.30583839139176178
0.12165898130714856
0.20194521029614712
0.28311436354794778
0.34451918182329605
0.10467738253709494
0.12093124047518575
0.15781274271295401
0.24523644062857097
0.25965491253346601
0.27941509505641043
0.33805129226492775
0.36386044340960988
0.27414835824342221
0.3389371007881215
0.35170548726466366
0.1954859590740472
0.3229664434449096
0.15073948344801394
0.19815255724831934
0.41771198702325946
0.31627470073070452
0.19102574276164452
0.33543322891272676
0.27422839773117919
0.29540320196621273
0.22147579674955856
0.16480090878476825
0.15522209121090702
0.026120463307411804
0.038788501240884808
0.090602415672398157
0.29905106318553148
0.36418144134091068
0.3141646121726725
0.28064564600316494
0.1801696712568284
0.21098078112702748
0.12926588452491916
0.22553934566674669
0.23221997223045804
0.2082562532908255
0.20407423435373268
0.29102327768026148
0.29933883390123411
0.24684576726556534
0.34200285582544976
0.26043257684081006
0.34630835347215877
0.31000071742091873
0.25887181000922665
0.23077998102832031
0.25515046535295022
0.39079213910665389
0.33089727626275378
0.1290039162317585
0.2237580997056019
0.25509021099239698
0.08583698745329886
0.27943882140081255
0.21234575619984825
0.22379454694853451
0.23400195807777119
0.31328553580339052
0.35894756794884242
0.2539468404332515
0.25021171045729812
0.2767780144956476
0.10104116792510366
0.19988500003214535
0.23384371632546574
0.24355971435537119
0.26684024902993719
0.14619229277083784
0.27121389962634102
0.40931183233413021
0.24768529376637702
0.22649328980091865
0.3274903968877626
0.25169382327746825
0.2252558560844049
0.33986651284279767
0.31466768955854774
0.26513446783277833
0.2359321116926926
0.18028058020195417
0.26476471231499182
0.42327063435631318
0.32602282125523485
0.24813528287375985
0.28310657981226578
0.22076417730946843
0.13061144649255804
0.25670193601967312
0.096141996134337618
0.19354677718215957
0.17591275616608137
0.30072345919272087
0.10876032027882536
0.11562558588562055
0.18023932256222855
0.2129259952922922
0.084905090676977532
0.27216897900317566
0.24444977969128587
0.30262760686488571
0.38185994010167434
0.2875028356745582
0.18921416763164114
0.38782913365905003
0.28351784921218759
0.25397487167653976
0.31944024694531592
0.28390186724130062
0.14152830979626993
0.11865393138667894
0.20682435263357485
0.22226743686446937
0.20604391935760893
0.099684123272063274
0.14912914623329734
0.24281587899672991
0.35411892837831832
0.28551262127276489
0.16649779221958627
0.086490602591678414
0.12642776189922614
0.20399901901231221
0.23311218821595012
0.17013588227123974
0.21052412244183405
0.27599284688865405
0.081281665023055782
0.1794297937247411
0.13202761410159933
0.18960488135796433
0.14118406900580296
0.19325933479698948
0.19258841150205955
0.2138725329544417
0.25631262389146275
0.30884119328000748
0.46789132545851231
0.29272838620830416
0.27813720703575562
0.30395390222426227
0.2723914892446489
0.29441525635836518
0.24813869622733495
0.242609768671431
0.29329565444055133
0.2373459096769201
0.27060049631959848
0.2030966312032377
0.28608022120559295
0.14817628131174559
0.10555000725243247
0.085512195795886314
0.16455043399557276
0.260746092496282
0.16782204267685469
0.17724002826759877
0.20532152828840697
0.13419654624560098
0.23960449132770414
0.36683834428661688
0.36082872117834913
0.32988293800339163
0.32314706568173551
0.24923876755776969
0.30356106776570158
0.25033943562170025
0.18889275108976702
0.15527066525036365
0.15882065048073374
0.161230825180251
0.37685363674892169
0.23187499386354971
0.36096758300331866
0.29784891734019875
0.3136046682561533
0.24511589556263716
0.29012904999651939
0.24016490619813044
0.27775654166212871
0.33929848572535998
0.23988432695414649
0.26970758289560331
0.24538112960946581
0.21204932554992012
0.11189064556901095
0.085129191397134846
0.30577961387533809
0.082064631914213704
0.14946793511797068
0.31080487369038567
0.10513524528575628
