0.42468363965465056
0.28348336845261352
0.13810764286379765
0.21168483268502503
0.26497269753226493
0.1279663015916078
0.25665058905096183
0.26474438236664688
0.23403811324292206
0.33653266737538817
0.15141441200528444
0.26574101832118163
0.36060017254758825
0.073430578763217846
0.35234630284460949
0.29932900212591662
0.20953604575180643
0.31172729758496931
0.20320851609540896
0.27800018185572101
0.22743228973233201
0.16847488588295229
0.2235312854518007
0.2546240307964005
0.34394899144568386
0.39800422736140645
0.3084658801920232
0.28216553763583496
0.30932932957379877
0.309123626728042
0.26166079307354217
0.35098210955616888
0.34224716479623535
0.3987918986402903
0.32624199088394934
0.18103041595780317
0.29369665259918121
0.27684081338108135
0.25265636410146031
0.23530059725826413
0.26487391590919568
0.18491170946138846
0.066906810550800111
0.21975641098484119
0.26846113805678784
0.31497945825289025
0.28803544856159091
0.27399160900208758
0.35773661556993358
0.12389093846088418
0.27255220072707603
0.3491059172496026
0.24875546720463598
0.19214165058995875
0.044200819832421467
0.15560644508431642
0.18297888447985372
0.37947274236167783
0.1878353811578172
0.27539153846503128
0.21242622770445471
0.11553786019346288
0.32617699428171126
0.29830785763373618
0.29609302865924447
0.27293808587415896
0.1659402432815873
0.21544928942503772
0.24252850453735961
0.28797636768310209
0.36497655896895537
0.35016778803473469
0.31360162147284093
0.15992134302993774
0.14650416413192474
0.21572429122283909
0.27154016256349744
0.1779300574770577
0.27436562599132236
0.29999057515799643
0.19018523063865317
0.22235310492811128
0.30084152125360591
0.33697138335190857
0.20581311275861791
0.081569071585948505
0.36515988363396201
0.29760872533064703
0.30345601709974934
0.35852844494796299
0.22166757444740848
0.24098317131162733
0.28714004920354147
0.26957371940429165
0.25307183276512513
0.24408337889540493
0.3286691947200911
0.23591362492137311
0.29987826918814198
0.33733263494738075
0.34573669238137644
0.24345997464183597
0.14845208610268035
0.31385706689974868
0.2105450147320968
0.1536387615824579
0.054111116700880688
0.15105865039600203
0.11325931558605491
0.20123799241967052
0.2192568049057719
0.27101040643274144
0.20527422632795311
0.33679868996578505
0.17517601841454955
0.32072388278130959
0.28262371004299813
0.20341890418755185
0.33129646059486906
0.31124373430843522
0.32351595182256354
0.39979398845553316
0.32794028532066627
0.32894710318898895
0.33288819494017396
0.38499390546724421
0.25757745268936511
0.20633132746265456
0.13679510536302639
0.24784488182373743
0.22241066897795814
0.29031904060053021
0.23094530760983373
0.18284345790564599
0.21965081873569278
0.049292394560290782
0.29924011001023409
0.32929497100915217
0.4037748048655368
0.10981672194964956
0.20542532878134517
0.081918563043391776
0.11432382067446785
0.18476192227692576
0.28671846721722805
0.24263502517086694
0.21988768604840447
0.28509214136717437
0.11397855373131531
0.16466640179885761
0.13430020192411332
0.070071931005287261
0.35700506161232159
0.24877894658131686
0.25740477150407409
0.080481258347761334
0.15363975141292613
0.11662006719762412
0.30684273882702534
0.25940540756799763
0.21042817104130737
0.26896169545795895
0.17336206385765124
0.25424179574135441
0.22626342127097135
0.010255890630229797
0.14139217330965034
0.3251375950374491
0.3645025671460364
0.29564159502817783
0.22388455405354807
0.28149629239480034
0.064607706080920438
0.15340752514346254
0.2645577517507271
0.25886614247688688
0.023996791351417326
0.22640192780957458
0.27646799147321666
0.073763442057751871
0.24721574395639917
0.33934821784664021
0.3391565739826729
0.35055163228702779
0.32977278822561984
0.28813818236666583
0.083271732593541495
0.25572950018147916
0.32391833577064705
0.40804008160658228
0.35033208371012664
0.17701811555179367
0.13891960708616782
0.25249690241012285
0.35352901134535447
0.19091767238541324
0.40017384090698843
0.28081518990735643
0.24469809029079026
0.33845549117392554
0.33312439575935032
0.21447026620871451
