0.0032815938393336366
0.0031377196224320449
0.012898767014383432
0.011835307036517745
0.014752798464639616
0.012392246492590684
0.021827994567265502
0.011712291752485846
0.020587997956582147
0.0084611665725081581
0.0053027019090337198
0.0099877089599581352
0.006180808892025361
0.0091891877133322541
0.0012157187506431301
0.016888226411938802
0.0039326309460798077
0.011868690049516361
0.0092544091349507397
0.017771202464990175
0.010529347436422771
0.012000042941609369
0.0085964988959249203
0.0081065037240159923
0.0083181669889898727
0.017794186143570472
0.011487234191688574
0.014122393820805781
0.019630397219092339
0.010717575276356417
0.011719355631431673
0.010248949361846985
0.0096056811935616541
0.002895582513421592
0.01914488618343763
0.0058487830967178574
0.014767581748522387
0.0063223378190651871
0.010164388283234647
0.0058871005610519628
0.0084910454962445654
0.013320673835663809
0.012552499427882315
0.01337237881504158
0.023482077480177752
0.0039888045708649086
0.0075553715962019272
0.015016929711345489
0.0068082603595828531
0.0086202236527653051
0.0073161026968845567
0.015819689819748965
0.0035835225628879932
0.0015635639962714315
0.020152315426111775
0.0074001048909853092
0.026416320168287818
0.008924916011969479
0.011290861573150599
0.013174101172145082
0.0057775523363718714
0.0074897765527479577
0.0035882669327266794
0.024515340593391558
0.0056004108890398314
0.0085525907104518004
0.014298538173956465
0.012027451005878192
0.007892656700663447
0.0071355392131252048
0.0042259120580568623
0.006987369154342892
0.01004175068079885
0.014530413236371494
0.0084926014818871749
0.0066612229245275861
0.0018875649578286116
0.0048891590519321787
0.0068017532176470521
0.013821984111069149
0.0084919564219952531
0.011000032896941859
0.013478962533424415
0.0048327847237673895
0.0071641316906267223
0.012185111276131139
0.006967254587551399
0.0073287751606959124
0.0084891279173107109
0.0085359851996122376
0.0051789042617499444
0.016066616917677121
0.0090508356603960297
0.0057553165703666869
0.0047073636996232586
0.00075321666486608159
0.0059531501184342242
0.018300167452556748
0.012201078491940534
0.020060073650678696
0.0076712940651878815
0.0083640909227272065
0.021479870911739744
0.013018455654847452
0.0087951828135829583
0.001681851212963611
0.006316869703551835
0.015394338836254252
0.0099168887985149438
0.013764102086845134
0.011888014978940098
0.0082940377015673309
0.01642169152690558
0.0015785309946778877
0.0063692860219024617
0.0094998864576667646
0.0032312251390958298
0.0043628870952140738
0.0073234622040973122
0.0090537079825812362
0.0065774916107211147
0.012485111276387201
0.010445516513976344
0.0053009086985670063
0.015153803010543688
0.0059545957590572416
0.012003598950457182
0.0042758327611786334
0.012754684354033602
0.0062230313956601786
0.0098543647774717059
0.012124196703626989
0.0045533939502971797
0.0073641107597689597
0.0086712521982892591
0.012480826667806887
0.0034162773395190831
0.018864752590320239
0.011474904120033023
0.019538698434676115
0.008860467838042306
0.0060854804883587639
0.010932004554662915
0.0037918626639714295
0.010818454953578934
0.011693918111271018
0.0028554632205821488
0.014794642090907171
0.0034125466887129025
0.011952655032558225
0.0034370104123847556
0.0064399013109987966
0.0037008562065749141
0.0089753434245288012
0.004813064117469572
0.0087290355675438865
0.0090259697496007964
0.0077744389857454738
0.0064226520645129575
0.011936707194477231
0.007796474859546397
0.0049643805016435531
0.0082871528940829196
0.02498347673422999
0.0083610623766859522
0.0037121632447422487
0.012757719610257196
0.0096366528559730276
0.014009824514826212
0.003894861871562523
0.011564093940726328
0.0069212460111529152
0.00474925130623
0.011085965633923613
0.010155542488798502
0.011197074405591943
0.0022005071852628957
0.0094033789539466322
0.0035773309032126042
0.017162079109735034
0.0087726863235360782
0.011270103858718987
0.0010330596367894044
0.017657798178142697
0.022189359669647472
0.021652020784541443
0.016319025022609891
0.0080467805823540624
0.015360258079755783
0.021653436406664509
0.0079406578608765647
0.0034399574976674086
0.01019746929026427
0.0049885565136731959
0.013500954852782885
0.0095507357746582571
0.0080247209033465685
0.0075525842483325214
0.011960582227049247
0.021410052078700902
0.01911331477058037
0.012615891114092772
