0.0069028326169148146
0.008443066312327465
0.014012537075509687
0.013803155393658255
0.012723233715159057
0.0046415266786249921
0.016090073600187067
0.010013779903940357
0.0019966205856281095
0.0067592921089450015
0.015312100017192942
0.0045791235227458345
0.016803205447474781
0.0073606071771063512
0.01005772016882907
0.01846390821701838
0.022804457646952561
0.0068693974287049736
0.014158625988637071
0.021586259866196632
0.016334676372238881
0.012072478442669439
0.0033893269421390085
0.016366349323031996
0.0043835063300103816
0.0096042626937626555
0.0096825502225773696
0.0075903458073435931
0.010052089475434857
0.010550964001814697
0.014888444962799553
0.0087193871556759603
0.01556647812032291
0.0029989766805962313
0.019759448691918778
0.016498624039718492
0.001603114891950746
0.0094430904677664414
0.01184515465027317
0.010074742090805354
0.016876544169166841
0.012361735798451302
0.010266067327485227
0.010820701390632303
0.0070920508756001444
0.01744595704333806
0.013818184158972787
0.013132441555086994
0.0091696361511644665
0.0065677775567293756
0.017941414004684925
0.0023613014929636119
0.019834481407966762
0.0011009692623594419
0.014675335471005529
0.014804937467124217
0.012845853111215092
0.010233901790508619
0.0014100099195225213
0.0082159157676521995
0.0037959900155627728
0.014064881947094527
0.015804966851473069
0.015398450858734966
0.013354770699294329
0.017420497711928187
0.020221067485984949
0.008623762586872483
0.017169020572379366
0.0044160539068634191
0.00096462127258729348
0.0039048933514475468
0.012693901049597547
0.012351309727698762
0.015681176169986422
0.0046807002570968346
0.0021759537564711323
0.0045821580025861199
0.0087624810347039072
0.0076282013719320592
0.014006392600742899
0.012058870537858925
0.0056883505398932768
0.015081885895525867
0.0022024679095750408
0.015105770692592243
0.010217482697067177
0.01370271084807175
0.011258012363944187
0.0024483718400499263
0.0077246021470641331
0.011808382197986057
0.0081971896709842253
0.010468929624943646
0.015438339258983181
0.006527193221738857
0.0069946044370661513
0.013853522457688528
0.0052364318899228782
0.0042352272279356706
0.0073384440797270569
0.0047819737576699946
0.0024914837985824802
0.0087936348645903089
0.0059638439987215507
0.0084781122073619691
0.016080027426358855
0.013236464981431087
0.010036081653374026
0.013245184692910741
0.0092952717810876571
0.0095294898899828256
0.0052394951245998741
0.0057662112580304922
0.0042349968573340922
0.010138848190916096
0.0040214099438715947
0.0059620752687965812
0.0096207680278028382
0.0029629499189978083
0.014459820542264828
0.015381021749268243
0.020202446845730564
0.0053223973392253739
0.0063366449477183671
0.010596937482795011
0.005471042648615229
0.0059328662084011784
0.0079892492617209127
0.0098811145103374146
0.011788027412609899
0.016428201978916025
0.014237971845159608
0.013612546752396069
0.012582299227309277
0.0050504363475878311
0.0040492712526463527
0.015250940394910302
0.0050058722715138077
0.010906806304411775
0.011687386173542947
0.0033589398314485559
0.010230212133489607
0.020689138230538851
0.0085291414233834972
0.0037692650331016047
0.0026412104407236704
0.012318736732263335
0.018540205592159575
0.0096718831881609669
0.006296607889977936
0.0077971519252641244
0.010778466498463363
0.0087032875386908928
0.0054048826599343274
0.014562949550403496
0.0081800103303452196
0.014582757273813385
0.0086962866921288639
0.0085929831831271231
0.0086688802856230672
0.014271041237246129
0.012036723004558821
0.011226463087192329
0.0025491266723416043
0.012171970855489799
0.0039729899502788128
0.014019617987420544
0.027969468673187073
0.0084772148272991548
0.0084388229560353172
0.01591614456019148
0.010887758807465585
0.022808535701439866
0.011887477466080617
0.0089629049505999467
0.0083888693448733453
0.01000197980937771
0.013976481946477548
0.006627940028752605
0.0043080582533309066
0.013402452226940543
0.010058856649525839
0.003648724632428775
0.025228344967300965
0.0012055787379350333
0.0082040899786914607
0.007994358137050319
0.013849709083624628
0.0076924655083534356
0.0098056566579740236
0.014315989208905167
0.0094950884971590523
0.00050361998631308293
0.016378340753831114
0.0060803678764748464
0.023099724004677486
0.0075730850599694411
0.012483569648686943
0.013492891710201849
0.013242372951633306
0.011295420735466983
