0.56554037711211913
0.51420434714013463
0.54734660225402787
0.52777378234765238
0.56661306907445408
0.63162971804503243
0.6395068663389103
0.65470424554147888
0.65132454396480588
0.6518788682153821
0.63318940029289883
0.60914845515174254
0.66385798763683801
0.6651005721913249
0.65729810320150761
0.69908270294501962
0.65093825218583645
0.64293879769905404
0.627246891810749
0.62868204859081223
0.60909156457155555
0.62469517387869455
0.62038375420554659
0.57920773762477484
0.55116676710844581
0.54961685239772906
0.4537032921788996
0.44744728378646043
0.40324932733772978
0.38502841670658627
0.3504832593191029
0.52514554338755148
0.54507086738302568
0.61835616494441636
0.58664539160332452
0.53184108674500119
0.65071360905580444
0.6353425465999466
0.7018183140603349
0.72043383403866279
0.73598270934064525
0.7168333842620711
0.74469446583802801
0.74885271365909101
0.71503889152672095
0.75218548909116945
0.73434092750152713
0.674756194133867
0.72327511682905576
0.69502077021883968
0.64565107026725921
0.61233572081230725
0.72490373224303373
0.67287507344204267
0.70671342962111439
0.70756738516592854
0.63438037274997849
0.59753539466832617
0.64387788392282064
0.72838927032450984
0.70699747172038374
0.65394584336665795
0.61369418575059231
0.71259434171950453
0.65001858653730327
0.72222276299394772
0.65638163257102589
0.68125518457073464
0.65923372013705528
0.69748552741607928
0.70800414619700558
0.66707006088390108
0.66143329324253453
0.71587934893085059
0.70933577141298243
0.70840935917931969
0.71050016660477611
0.72307074078115585
0.67544879979829198
0.68479657904044156
0.69730974797928191
0.64182319306431934
0.62266814038554275
0.64023350981768934
0.58465553465777254
0.6342617310857126
0.64194673512825751
0.62532620148529694
0.49883908723020692
0.44444909496506907
0.46308155760073244
0.46128207562832313
0.47548374999373605
0.51779715750318223
0.55863199093421156
0.57707784236803727
0.71088624964699387
0.77097808397155465
0.73196851119731887
0.70808951115849517
0.59507225479734338
0.69205136732594374
0.63099975264192976
0.67938516036811825
0.59324239682240276
0.62916488723424813
0.66088351163618364
0.64452798785152698
0.64756040285207628
0.68116677112842217
0.73566223969393518
0.70677133004333415
0.68712340326825605
0.6971580095530282
0.71025498724324188
0.70597754455075445
0.67400573548017539
0.7195107449350554
0.67266685542014026
0.69133759874615353
0.67712929297164293
0.71075441089149038
0.67904953963364323
0.67622198703429726
0.7339558879436503
0.73542502192608272
0.67949281003232875
0.652314274300415
0.64009442699717278
0.66233258720836663
0.62887808432084769
0.74939346495022363
0.73185620686428765
0.7055657422493965
0.7191697233791976
0.73105704475019495
0.74258761926100114
0.73871878904739741
0.66957271828263953
0.63742003743663356
0.62782572897986877
0.65629627846304495
0.66086885873350942
0.71750368805029152
0.72128745510510328
0.73209987235775553
0.66614150889572143
0.70117660048874764
0.70065949892008772
0.72767638589750361
0.71840972044147033
0.69745491705026463
0.67571169545973053
0.67969250979234686
0.68479680171715385
0.67782875945435717
0.72673070936139306
0.71954161609130141
0.73064922815623212
0.64375234526728198
0.74876224489910381
0.706002093022151
0.71748733168674128
0.71562475183230878
0.57580204530755497
0.59454647795789906
0.65727806706558578
0.68284521465630377
0.67889763069044529
0.74052468218102385
0.64523567478467647
0.62675531333948342
0.63526084427665142
0.64291282526307092
0.63305353892922278
0.71854471229829187
0.71729281495168085
0.69551147552168435
0.68099862206414752
0.69623930094670339
0.6784558668303472
0.7058830833640537
0.71387346460723866
0.71597594518708008
0.75538578207290163
0.70042289006626457
0.75162576149388061
0.7271593615331714
0.70093674457514799
0.71565889186789078
0.68261281061705981
0.6846666629781738
0.7442254515698058
0.71215423120829258
0.72563584381189183
0.72135761012769783
0.68794603101419116
0.69352857172922255
0.65083522769294955
0.59497294228076891
0.74442081772055324
0.72360352270373829
