0.015767803935200018
0.013387683432714606
0.021117286936853
0.017508383371102564
0.0089126317674985828
0.0065349032640363491
0.010756235144236992
0.01401776308988959
0.0084297852157044911
0.0083517161252525136
0.0034508271560601982
0.031636630535265692
0.0056878729747176886
0.0051585460432784312
0.0048991696477000577
0.023839083300341034
0.0074903032920553923
0.016847444269236126
0.013699424818016366
0.016366999315633374
0.0051201504447074744
0.019920268269258662
0.010055702312393687
0.021531622908395043
0.01899651902682838
0.0052779352135882947
0.012815243862215702
0.016586941742617354
0.013296755660917085
0.010634677171841115
0.00645786192697137
0.018290234673194773
0.0049451782338021033
0.0071207884806717423
0.019791520058731648
0.0054787789892069205
0.013045107851577246
0.02072446664843185
0.014892700533012185
0.020075170535822567
0.027580012384453546
0.010551591960911292
0.012472918403322498
0.0075397814535817101
0.0074837786547782784
0.009395570393893958
0.016766012087787129
0.0061532758171611449
0.010365559928788163
0.016754681433363828
0.0084321569586358405
0.011528673854893631
0.011134125711305322
0.016934502388881268
0.0049087508813955441
0.024338199023588601
0.0083282413834000809
0.0055866375291332209
0.017871728981904998
0.0080530621037889528
0.018264889334104105
0.027831330225734922
0.014923960248639755
0.019210073565611628
0.018655599808967104
0.020588457033806556
0.0094710279953665443
0.0079686189957342141
0.020225585418019772
0.015707458178482233
0.0055210945246610124
0.020331043418098022
0.030362608862730275
0.010223504072347841
0.029761517102660576
0.024959370832031529
0.0057678611541617311
0.0089377960023020505
0.013670197229325524
0.017577701316318729
0.009663815908551596
0.0061929346617678504
0.014084943564743475
0.011381227257308014
0.012839258809278562
0.0025924229172125976
0.018070551996263961
0.017073560060990037
0.0068375968551943255
0.020348463832744718
0.019798273258678729
0.012612827492501304
0.012619606064697598
0.0045942636930924067
0.025143299779866232
0.0051400164263987252
0.0030428379617434584
0.032718188568138955
0.014044756852419595
0.012807759652931757
0.005775852570807297
0.01273806193259722
0.0038829390183900843
0.0093053256393638307
0.011867153630836841
0.027037757112483574
0.022214194325059701
0.017336357864164501
0.027457304494521915
0.020107018149381536
0.011887772190292537
0.0047257976505530788
0.015572150138296294
0.012326137834026848
0.010187628585762967
0.0077268580819440961
0.0039704377986639252
0.0090168828670740987
0.0078193453551961053
0.018558748150150697
0.0021595294860160276
0.013020983174334901
0.010685283115132947
0.0061538331143042068
0.011846874752788348
0.0060292619755044187
0.011995904518115249
0.013839346783725262
0.018760080767137477
0.0066935004368762468
0.015922554479307644
0.014414587530582281
0.0092451566304734088
0.018687415988236786
0.010985034152098777
0.0196933930314813
0.0076360779809472555
0.01890409428354935
0.0068806018841151536
0.0022772171832971008
0.012702687137475976
0.0065053983383961417
0.018120708646445917
0.010937986711826411
0.018553172337179413
0.0037359390416671291
0.01705056821525721
0.0028354585381644404
0.01503618744578481
0.012147593111381081
0.0056183160937765706
0.0082887236545836161
0.010141163770597206
0.0075672240942828437
0.0071861604814379143
0.012702194777439325
0.011708105397414542
0.029183094976805123
0.020928386395504744
0.0079795641500685147
0.017622851596318868
0.022184005471394992
0.0088085947078868857
0.011212025874029906
0.0046191287662938445
0.0061813077291879275
0.0085869208444098628
0.016101793356853772
0.014205810460151739
0.010218033687721626
0.0089525905693338594
0.0011185141567047995
0.0074688251661089158
0.010501482890728593
0.010235094438454441
0.020113309687855477
0.0094179121659672075
0.011843397533779136
0.011190359323880015
0.018892062986472408
0.011232676996730665
0.025288169223478364
0.007317966739169254
0.0061478785616008802
0.0062559790941553251
0.0090438880766189351
0.01007900613876456
0.011001074254858296
0.0084363362353319354
0.0061167965693289753
0.010079316929166427
0.0035922376450393642
0.028129664323768747
0.0074337902306737197
0.011852963902542302
0.015026001529958121
0.014691020544505762
0.0074371234745391592
0.0091425873984572487
0.027476005076359739
0.014354831769175838
0.002457487757781747
