0.011153587663860268
0.0073337259542438577
0.009602995478212516
0.0089156084589964747
0.00062622543617524219
0.0087644132191696689
0.011226546035729101
0.013226700421747714
0.012745290246656025
0.0045626657776017049
0.0067870274362666159
0.0056043392862893662
0.0097264630282071687
0.019421568879353424
0.0094251065355129924
0.0091336568241698213
0.0071063330646971724
0.02088051035508047
0.014078548790837267
0.013187154610585264
0.010027833637616506
0.0075776237333855844
0.0079343154946668569
0.0035460864638792357
0.0069747675089357388
0.013929535069150716
0.0082584769226687373
0.0072038299076371938
0.012520169048283826
0.0058911440142350715
0.011285152112273027
0.010000697587386004
0.014142252424309673
0.0059008492481869004
0.010403474555211231
0.010470263647268338
0.0068326326697848326
0.0080798457428872816
0.010570449572780303
0.01411876842233797
0.0062004681930122813
0.0038279930565232002
0.015486103106939217
0.0043080930579709863
0.0080511747353064021
0.0077485199421566779
0.013828969103746258
0.0091405619324773715
0.019226130687294465
0.0033847544576107304
0.009742049046012698
0.0041208984743961105
0.0051461383114840527
0.0048571483805012645
0.0043393066655014381
0.008452641837607586
0.0072873460819879894
0.007807221856060453
0.0088487912808812332
0.0044473171764783607
0.0069356769432664242
0.012640759369274003
0.0071558113416582544
0.010112867942987254
0.0087689214246019134
0.011853210525094398
0.0038961423628823951
0.0064217633871087778
0.0050520496129408511
0.0093565927898978628
0.015768672694433484
0.014976663442640401
0.0070403602469360895
0.0013918732841557229
0.00499804844300074
0.0032331257501187261
0.0054356278715823741
0.0059306507197043499
0.0087612876815613763
0.0019733661742777904
0.0065779554761657292
0.014532184361433623
0.01279346408485027
0.015557812233882263
0.0063681868842647114
0.013669181442371963
0.0068644064196914673
0.004551436195501064
0.0080080202471497931
0.0037883859291911767
0.01557713812478465
0.016804446908213429
0.0092191750640802407
0.013739276607504023
0.021205470455717787
0.003099943438862462
0.0085385333372671769
0.0025943043788363308
0.0064777598592942057
0.0039310244676744937
0.0068906179340148263
0.010299464594866355
0.0091525138035678539
0.010682538717238867
0.010190778144825633
0.0069521886978211418
0.0015049439137888073
0.002182011136555158
0.006433129113101046
0.0053988512476748031
0.007528284337968056
0.0074659398881489671
0.0073166574486788032
0.0066215177331959453
0.0123406026260736
0.0096765798562754041
0.011425206850868702
0.0027254155631580308
0.0034157279189848365
0.0082525253636344491
0.0045677933548815249
0.015405243957191265
0.0030348315867941927
0.0053966888038773815
0.0082381114889702282
0.022253689949014322
0.0054943199514114281
0.0084748101260262165
0.014576129266772772
0.0049410178223570772
0.0021024948469847596
0.0078785136398378999
0.0023816757200966722
0.0023400622145957608
0.0061333685150173085
0.0088920808176356191
0.018917929646929878
0.002665082260506945
0.0037228658736870399
0.0077379733722995675
0.0029822071735624623
0.0046186603379750812
0.0083984353874841915
0.0039044674505327192
0.0091265222108221078
0.0091216444550159363
0.0087954038732464702
0.010465104621464015
0.0048899053938391253
0.0038044874929403878
0.0087202229488715054
0.0053742663121780021
0.013284107518749373
0.0062899284633464031
0.0026562530820094963
0.009653139219989915
0.014615453715356927
0.0078839049459451024
0.018145839419197275
0.013966195712964653
0.0087670138493159515
0.0097802932704896921
0.0034335914667403935
0.01437003493084579
0.0087018372040668472
0.022608973380475121
0.015380294181964129
0.0053249621572456669
0.0019363446227376802
0.0090576225740117648
0.0051250860492526445
0.013520058732587787
0.012451411010214233
0.0061745384843358104
0.010321932706589432
0.0069438317467499285
0.0084953059695231335
0.016705488375938625
0.0045468307426043903
0.014721462828623822
0.0050041774001246125
0.0035622416813835826
0.005566566689797367
0.0047928432009649857
0.013304674179735328
0.0018766828349069068
0.0052734809064526279
0.018081702474731901
0.008615505876142732
0.0095424919762550024
0.0070081658870237793
0.0116579600032318
0.015234720596146353
0.0123943519680403
0.013980276436548178
0.012224639627041341
0.0088658452944049924
0.0027429336163598086
0.016378734535768703
0.004052220809289582
0.0063738615601904615
0.0049909866584066801
