0.007755374746643705
0.0034515067917987433
0.0037742664842670675
0.0023752578204597344
0.017498519119750002
0.0093777054092302296
0.0098762919252935698
0.0024032960750915776
0.009620503597697087
0.017858800636397134
0.020326275152762696
0.0076973593674467935
0.0086220250060335887
0.0026352892885258268
0.0078413867093613445
0.0025600577293458738
0.0083615338762560148
0.012099939371821388
0.010481214354996138
0.012647249537625197
0.012784818903335445
0.015293117246187763
0.0097997418945897381
0.0039217603009214941
0.0044037922386067074
0.0014377665743403275
0.0042403901104787539
0.011835478956828707
0.0040867968398256519
0.015150843403845824
0.015411447690616144
0.01112260574465386
0.01020443876766842
0.010248108521284209
0.013708322982709445
0.0091373785036270617
0.0026903314947638655
0.01269293364732401
0.0040440829549594978
0.014796477938576325
0.0079801228519603799
0.010683079518885204
0.0050422766861159393
0.016019849477580419
0.0067955760451755077
0.0089746448038770105
0.0036413242357611225
0.0072341110911843436
0.013315852701011573
0.013675075439397704
0.0096183638733176851
0.011442517713778964
0.00015836384433374795
0.0050325846991230638
0.0042600701550992151
0.0053701611265165724
0.015084288538110058
0.0021856569403576527
0.014544540466704349
0.010091063313514757
0.0034547679413053597
0.011055357417772761
0.0056260977295937552
0.0086970845444718
0.017360562516461838
0.0096417611311733504
0.010009320449338542
0.0047789760285114127
0.00075465652403985289
0.0067673177193302257
0.0059899760345610547
0.0059769926794680326
0.0089427863028250908
0.0041319229860930793
0.0094458439104882115
0.010651538887029292
0.0092789274637757845
0.01064765227243243
0.0033666406201986205
0.010818389039103477
0.011535060411028386
0.0054949844915412769
0.0099847575428389738
0.0067162557421401956
0.0022246420418813176
0.0031232001235710189
0.0080758309221550251
0.010568372047323729
0.017391933139685629
0.0016615953511444224
0.0093020545844320797
0.0069229756658623154
0.0081794055168042945
0.019068527871433458
0.011923428798954128
0.0098685299702162468
0.011230241647510915
0.019712433344849352
0.0079257062651659042
0.0067226443547723676
0.0039405284727367451
0.010609962042567615
0.01386682527157407
0.011195773771326575
0.01128503223073095
0.008349966265209197
0.0095210894688327607
0.012430196935172208
0.019571482646374084
0.0036410894548922932
0.0076732302389055356
0.0052333038787869927
0.0072595030537060635
0.0046369737691195501
0.0028371734295049894
0.0072433069111712796
0.0056090041944071136
0.016402023053142797
0.0088532300935549139
0.017558892439938776
0.0091769735589634013
0.0097797133200745075
0.013477387706230757
0.0079300632251694848
0.011456747975368208
0.02319650035572186
0.0042872941335393771
0.01255005083278816
0.0021761761344808966
0.0087149420051180499
0.019798363767388701
0.0067451757660564908
0.014419285713489442
0.0089059511964239765
0.017069902844595353
0.0097024194525518401
0.0093651494021950027
0.013108264510457619
0.011960569385182569
0.0061378882143884646
0.0078016907278159213
0.0052076496491169902
0.0049910643257813567
0.019335013625107977
0.0037055965767043442
0.011082283713142026
0.0032523208860427404
0.011415038259291807
0.011794426019422615
0.0097904122089984297
0.010077798016538351
0.0073595332807049147
0.0011698434949774785
0.0095192935418136945
0.014641216023721537
0.013591351903291008
0.01425743413527431
0.0070198524291734486
0.01337550048527302
0.0096698227429147694
0.0047743675455362228
0.0020713674663193852
0.0084519946056796219
0.0049511024815443614
0.0040744773908300384
0.0081623525065251581
0.0083639561054583561
0.013182692593254898
0.012119416228460958
0.01167452534678806
0.013990510268489367
0.015772758805758152
0.0095430998382275561
0.0087960747374345918
0.0038371334580522007
0.015826133230310825
0.0054029686100651089
0.0015908667983892985
0.013634078516124391
0.012230884806870328
0.012177508948077509
0.013410367400848095
0.011250011134717642
0.0045543074718510162
0.0054044874396098255
0.0071387030732525218
0.0060164795672873125
0.0034135774014304667
0.0085828244638567249
0.00099908312910118482
0.0052400402726148626
0.0088094194826884506
0.0096370418320036195
0.011573345070930776
0.009459286841134746
0.0049070702733631745
0.0049787842676503368
0.0016618186302626342
0.0096164918320200982
0.0041553692021608513
0.017297338623592583
0.0051466619635459517
