0.10331279760305689
0.041463085897452526
0.16287040531849498
0.1452106949147943
0.19446412867263635
0.15672465504849817
0.20352599567770521
0.27328310123184035
0.30042610127591979
0.14637468994643768
0.08890497577061196
0.14824644977289031
0.12829220289859464
0.19358237567890682
0.20798308482421646
0.19793540467846149
0.24548197881753439
0.19801221154155657
0.14767561394403944
0.16628015948655919
0.088194194983745103
0.10683860730145453
0.16468604578521501
0.081674571546550362
0.16504952565283004
0.09395822774182308
0.19975450222310553
0.25949751561279882
0.17135153856328883
0.216471035915624
0.21967149611578743
0.25004720432160266
0.23775018857763919
0.23564145469348255
0.24204014929053938
0.2152571444446299
0.24635515800192409
0.22996225260936837
0.26742099919859807
0.19909847490390117
0.22471004073723369
0.25994477228705409
0.15418702724082251
0.11849069418128766
0.098526964912365386
0.12172033273430159
0.078516113450289207
0.044163432026158987
0.064406396986875988
0.058995165245889152
0.19470184038445978
0.25780234148300801
0.23015719175399313
0.18869654397788202
0.19636224439875655
0.10129094821292725
0.11025139749944537
0.12271278710728249
0.25965708016519484
0.12815807053231137
0.11556109221409941
0.14105676869376249
0.16428606516711611
0.2405775396821126
0.097962295778088987
0.092604729027068344
0.031299246357306555
0.10420829654392379
0.081059115003437793
0.13773877532675258
0.13948997707663377
0.15066422912662214
0.17642172086298491
0.21312730349127526
0.065264013655702849
0.12879904462480143
0.1536105340124638
0.094843904261662629
0.11967340132957562
0.23193703598899704
0.13052539731159457
0.1523365687500082
0.052142439623528603
0.085965539638232322
0.11961059023198636
0.14857491546330259
0.17276880956180168
0.1844145662766136
0.14477742174031238
0.10964207532955725
0.063117774006412539
0.09051316340728266
0.078868876110059646
0.12288213614911504
0.14903514423164088
0.18259112381166384
0.11853643275565195
0.093643748485405742
0.20952077320413773
0.18055953189205054
0.1493436613773545
0.14437781819743323
0.11374885811355503
0.19646325856748076
0.11584067672937089
0.1105441769055272
0.14300104974990283
0.24968428476729543
0.19067320036862301
0.12560574936581526
0.091680882052492335
0.12990832372762542
0.19341094664252093
0.21179005611613039
0.10765391623804298
0.12393188404097467
0.12937179416019598
0.1685889012905265
0.23738838061000264
0.20074591983442711
0.069643258686557602
0.17988980697032703
0.18812184789470493
0.26270615402921704
0.2945847311007132
0.27480782973092877
0.1038098451032784
0.024044477081793744
0.047519274983388211
0.078591749185383808
0.14899161973555314
0.090864020770304532
0.14851591530403618
0.066772809442229672
0.086984264271395967
0.13887966853442038
0.18070479314078816
0.10256058606709539
0.22829776166822813
0.27409264528682581
0.22022089327464173
0.19134121042888683
0.10662726360905971
0.042131787352523611
0.11057241755720845
0.080854297304376183
0.073160756464101681
0.12638711053862078
0.16770563982993666
0.13296484581374976
0.11844824310830512
0.10565210199157141
0.098769609024375926
0.1340039724998589
0.16625124484444631
0.16808157886207167
0.15755603277883476
0.25599736782306176
0.23561346412324233
0.16616640249975922
0.15363318775915941
0.15870431821098843
0.1494042569898352
0.20842987966968926
0.30163371952133294
0.21488346576087625
0.22916556598755708
0.14473789165863196
0.032966485053720053
0.12842249364717997
0.21216319267416642
0.17416737840979227
0.24519656002181431
0.307257983230246
0.35808146872707236
0.32675053862732589
0.26792017904807724
0.22739969431092755
0.30299500024307413
0.30368344333456981
0.26652987748034007
0.20171875297791178
0.21400834774990013
0.25889056203454092
0.1628414494902243
0.16699911305895382
0.25038519087060823
0.13478023533463879
0.17548732335622008
0.17140286841544142
0.20219648804595469
0.2031721534975138
0.11640478833817629
0.1462067694425398
0.16769856881296349
0.10984117012149315
0.069208056292809489
0.06439597203228567
0.091280109415660921
0.14053833617220612
0.071604006289674935
0.16470925327149119
