0.094299521100708508
0.041067906710459734
0.025134975914039025
0.097398368399343724
0.097707995681503984
0.12054117213019272
0.077707638720378669
0.099854941376765163
0.14206481432927054
0.2043975817193282
0.074565047370394336
0.12664548535590159
0.079353748573929919
0.11393296356154266
0.13830026409627838
0.12166583680025939
0.16340346242002413
0.070238573699222498
0.14224280011663393
0.073132620306799886
0.11716312018420673
0.058627686520537209
0.064452565382380617
0.078416085777476899
0.044550734711495919
0.04950447608535595
0.041644945849696781
0.091227510198374204
0.038286691613130752
0.14207299201532406
0.19772131657319436
0.21018980786714306
0.20662938209987464
0.13443206077725639
0.18833549116236334
0.13892307133172674
0.1131474221520713
0.11347886927401236
0.054951072159682757
0.061522054089479639
0.15526020467683929
0.28048213195015559
0.26087153642885247
0.33678820708191215
0.27135508675268127
0.2212312366027144
0.23034911380397824
0.20533895492243912
0.21957169731658976
0.13611836257288437
0.15074936155951876
0.16930847514684527
0.20663506837499965
0.17138742747745339
0.11142778965974118
0.14429892604042813
0.18617740337001534
0.22540238376360439
0.21307566302013409
0.24429728692938571
0.26178743036557756
0.13512245679267487
0.20433475582564731
0.13724251479914393
0.12110064692835844
0.10695497147479294
0.089716181797775019
0.26195633677220204
0.20453103583314283
0.17462628818279954
0.16197670334792791
0.12256303577178874
0.15598343523149658
0.14261109160997329
0.082866190689217856
0.098667431103402689
0.081805072310181817
0.077509484464753087
0.13005413796691426
0.18101522747496018
0.14381751455892897
0.2638462419917656
0.2553307914953265
0.20087893542293181
0.12534977253889032
0.086172117856700051
0.05522496973091718
0.096413711579615424
0.1662191809576147
0.14822155540248572
0.18707601274830521
0.25847933597136968
0.18369676600165172
0.21446886037920335
0.13874443402169395
0.066053863520128889
0.10264526208948621
0.1327550045225491
0.22771867633542633
0.12170056925451392
0.14946971826892685
0.14924181324932481
0.064877248453998101
0.030067312767986923
0.080760224945944842
0.10159698172868117
0.19480354595250018
0.12696841828291053
0.14750012560497716
0.19266575771478406
0.16164446834087884
0.11707323822056766
0.026109024488597549
0.056087609047281897
0.17576538516816032
0.18556744332929609
0.033376314837294432
0.051713028308622878
0.17094670014574684
0.23333922354873129
0.17296732534704606
0.22858023920060638
0.24909207078631826
0.12732226755763826
0.11222634531785965
0.17804870804234252
0.24098158612269788
0.26009079884964997
0.38987440357591957
0.36688823986945768
0.24793223963707456
0.16695279244646533
0.12099836436306363
0.20439840687517263
0.18625845518797798
0.2972476490486522
0.36695082920817856
0.28540887176837121
0.14341227645382057
0.024829213169788082
0.052544897378319723
0.013284861832870686
0.065064318234051025
0.14334775773206099
0.17369897565308681
0.24958499574730517
0.15230780529452942
0.1092082715335639
0.05977704936499767
0.12859038745674098
0.17786626000423023
0.17237214934053424
0.19987412043282382
0.21317147835715256
0.16734497667612253
0.12666992252319201
0.10035052889465843
0.064698986291124999
0.18728127580413098
0.11907735209937344
0.12214223742960256
0.028837066940138763
0.12517591797062766
0.089490652085866373
0.12232981265130335
0.11217783106068313
0.14344691756591735
0.16992658965282761
0.21080457750514575
0.16815367874944004
0.17152184547136134
0.068372300515262718
0.12638988539553248
0.073618655327095509
0.069512712567592963
0.096623981996870376
0.085499614982155539
0.044632360910253382
0.10258999950254091
0.12788546138725015
0.093985503688007774
0.089273217383209508
0.10289676271996744
0.048712712818859263
0.12683170199280092
0.1964078509075618
0.10557847252520929
0.12813967124907344
0.18070554749898507
0.15915007160727071
0.10487054055143234
0.01260514742050697
0.071591218366612364
0.074743975696870121
0.044842436301497694
0.045894328863046362
0.13040743599485044
0.17554695702166451
0.17883501603635626
0.13597041636681767
0.14994186566647982
0.10011695055113601
