0.06900922668919747
0.097809386078741428
0.07090948916465889
0.074337021181220514
0.11334343847670096
0.16627868533713552
0.098937682578506339
0.13753714825755928
0.075722815896183987
0.073484675894946616
0.099989569696714659
0.12100249465252484
0.024316246187358191
0.12204008130465815
0.18632800157621343
0.21371512654947886
0.17001729377032143
0.15145594548343025
0.050293159670166239
0.096486906858133964
0.14659488352476777
0.087685026835732024
0.093292594347393204
0.089043433333514513
0.014283340227679084
0.083980939365068993
0.076012835476225615
0.075464678633789903
0.023413672138873215
0.072334964163198789
0.15344438883211473
0.22190603280662652
0.26515415478801357
0.20228137150005257
0.1257597094800734
0.099678498835592683
0.17239652791220594
0.090556712509699044
0.13821750412365763
0.1801153638480118
0.18883956333160024
0.036801593834116512
0.074382640779453155
0.10038552423283546
0.023915890707119577
0.046745564509028607
0.060471716147527069
0.091483327319625232
0.22165330243095832
0.18700893421408257
0.0585437043702473
0.18962857961989599
0.15299661365588133
0.27259102325406692
0.19713143321446452
0.18633431602157158
0.16313890011442356
0.10916754072006027
0.1570450803467407
0.1297512404281897
0.14116146870001536
0.13279756078260496
0.038098471948933232
0.072370998896302566
0.15574735375020773
0.089738974906932875
0.10826341608705178
0.038676492418286808
0.11630804454043406
0.048930047359568615
0.10137687555821581
0.051395417375438818
0.07146568069509672
0.098532821287088096
0.15797009172375426
0.089320171013289679
0.072793475971086971
0.13227404080198696
0.12139020175797648
0.093109676402701055
0.057651879340003653
0.076315568024760722
0.1722231308211451
0.17198485548853243
0.11022563481426986
0.22160384355485477
0.15683811155266514
0.18710726805025737
0.056781736552784727
0.11643364327073413
0.1086470862107123
0.064646609201916769
0.037345014806041833
0.081851488216195478
0.11787516875154933
0.19084470457497821
0.19381661983427453
0.079033388299713639
0.10916377985867355
0.049625202277124546
0.21736035989091718
0.099637986306803275
0.15398046478676519
0.10759336375172743
0.15410242123563792
0.12123669317231814
0.03579136306354009
0.072298517250985753
0.10625998114079771
0.17991801163457255
0.16450742546975128
0.11705572088009009
0.13451229541799928
0.13989993637102058
0.063300581668441561
0.09624357348972945
0.1127418461029408
0.064243947897385051
0.083421746062351865
0.1080343106981083
0.084426979675445379
0.090323908199205966
0.15450248990558352
0.097644860525299526
0.11107033515723905
0.10853644303858047
0.1387596081661758
0.085147588450800046
0.11268552643685191
0.13217046360043525
0.05901342555702617
0.092474343985534099
0.12919691320909879
0.19076887246873006
0.22314573779856361
0.336633955508508
0.26332672045397809
0.26839225341552769
0.15262037378925908
0.03419179259820631
0.064473659128563995
0.078391558115804783
0.02238530387582786
0.083233171297825329
0.11028549778276767
0.19868958389285329
0.15310925978482037
0.10031902454014864
0.067675000387922249
0.070464110630414259
0.081004968297186924
0.077511630721940464
0.091546174427501306
0.084685090919630071
0.11007572949410174
0.14309977332513163
0.21262763641100718
0.12430294068314789
0.077647611351408824
0.060248595934660164
0.0020170659969268646
0.11720852336093175
0.11675910876627735
0.15817899589599066
0.15773975595190212
0.088164954024560593
0.09150616720140925
0.085053012393021335
0.11005356787629719
0.19775887343741144
0.14837738870803685
0.18072563911969308
0.11216467143368614
0.22789826157426454
0.21927134692142897
0.22351564541312971
0.19002578652672142
0.22320891737168155
0.16957424066379689
0.082867516117186055
0.048472470119307283
0.030224296873929191
0.14641864521106274
0.17553199846494141
0.16583705676083488
0.072665124087423885
0.15498958477106892
0.089721540092396523
0.098413292915817366
0.078525351311538746
0.050484632209994808
0.047587261213112818
0.15316459985454284
0.12146629316303338
0.12153032307920403
0.066577545686855061
0.10359959695357515
0.17435092219892137
0.18463781566238072
0.13995872174004287
0.18901672419262042
0.11498163980423873
