0.085860382755709716
0.1434823108714246
0.18212726877957211
0.12954171388694855
0.16525666181541782
0.16944325338500704
0.20195285896135245
0.18703510676189519
0.21802690497327157
0.20587509644863256
0.29415454395180263
0.36674983914875553
0.33131520619042382
0.34109408561519466
0.35301684877618827
0.23605390395988257
0.20117042212580805
0.14152862610504502
0.2197539499112196
0.21230446076405649
0.3205415513460112
0.25322904911600058
0.27873921419913167
0.26035223676895808
0.22582515453046076
0.19359767869874209
0.16881414913633183
0.14968888980095796
0.18403293479607391
0.19257392197640535
0.22521791708394048
0.12981164508264381
0.07112618602456855
0.04000502295468826
0.17650272606977482
0.10676587564879289
0.11467247949883823
0.23663708842956471
0.0029399887036780262
0.12929769008394004
0.041166006246595353
0.063188296402000493
0.10266753443113839
0.11258139529832337
0.10685544154082584
0.023099489787099092
0.05084154344711788
0.10891295082223619
0.070430086530875027
0.044933131234406024
0.028145375212654221
0.18751443408079074
0.18411246937663367
0.16185932457420935
0.18726809298907612
0.13572897296642653
0.17374928358268382
0.12823803586950969
0.04333883251239104
0.077977081691548711
0.096825386676753
0.084065159984281101
0.17590074302438399
0.11051648513024591
0.069370903294732181
0.18289202459348669
0.11018973691872778
0.17243161514810149
0.18212290106413928
0.17775604284900418
0.19150603222714138
0.16624250084305636
0.18192788460280374
0.15555655734743137
0.30120589735936593
0.23403343778837288
0.2040952328331149
0.15568782943530632
0.16422320432564738
0.14695047044707102
0.067071177152114844
0.031014932203223398
0.12247742787571907
0.076719395237207361
0.053446246586392077
0.16561435449199488
0.15060569773911078
0.11353432164046004
0.21330344254303854
0.20244704832748486
0.23293930191025167
0.15521509782545431
0.27000300974430119
0.20528575641781649
0.24418442682266664
0.20099528644283868
0.20409071126328029
0.17029721926775121
0.22641084555437013
0.13664397625868785
0.028585678881807849
0.091038380222324619
0.10848291140901073
0.10533698172572008
0.14565149463398183
0.1104066673592045
0.1249991787746635
0.1218675095082221
0.16655490220650451
0.17372567892530627
0.1713881697082065
0.11878104915172333
0.085715011095295487
0.16691800135230539
0.17191855646107049
0.15816390715628642
0.13606092498498196
0.035648767988031217
0.042775805920280408
0.13475920896770885
0.148535536320476
0.064642415500804615
0.12795833702157378
0.073211108866792177
0.14537003947752708
0.20132157239605372
0.13439554553038285
0.10543740382255759
0.14878331769583633
0.18183443108115616
0.19012906364014567
0.20177348522402416
0.19167278937910709
0.16417394401016316
0.17433059296202666
0.19560101874297331
0.095236384008849678
0.15033383659812435
0.26163185662365973
0.21102820744687809
0.11205606824956955
0.16823661049449862
0.047782220460567265
0.027927798120566436
0.067864174140456202
0.091403201579588284
0.023303637965091446
0.17360154127730723
0.12704806942264424
0.11527379170730147
0.13270847594567359
0.12482801897690485
0.18827743056258156
0.31433041779201371
0.24492035101006049
0.17257655234181155
0.23837353972536779
0.28385917404500544
0.30836488188736205
0.20151809980392113
0.15040909381132306
0.16139792442361134
0.11845697085443495
0.15251072778452263
0.15329362283241244
0.11732805361267921
0.20023037215959374
0.14674035368953156
0.040508507066141945
0.097939885869544802
0.048016858928116371
0.24771223710506146
0.09718342481957723
0.24831713252789706
0.14430927228762824
0.10725655576679424
0.19905150974185437
0.18587149740197162
0.12630738605048317
0.11457761764878158
0.18297391956959305
0.1854142846886308
0.19533783810787364
0.319817097043815
0.24037190680430959
0.21843837049004894
0.067009780189920251
0.085713472740173852
0.14358518867261294
0.15066094191434362
0.16998631924803542
0.18114392585843941
0.14377993625792229
0.12956498119943879
0.053551391743620259
0.0064017538099761691
0.085786681540411344
0.035348953670492581
0.14321718955119467
0.10733421218261549
0.030580268906465976
0.085420842159781227
