0.32762888565159726
0.34222791762472082
0.30504960783781393
0.21735008368974493
0.25376460977219112
0.40670954412804727
0.30507540697900892
0.43078553463438174
0.44164356401531235
0.46859034112811332
0.42427827698527254
0.37434812023822189
0.39685006511172066
0.24820375640775916
0.32181753083725811
0.38449360187838821
0.45826562948330413
0.51324876925318796
0.56604956878697477
0.5142940334837961
0.53503013672895172
0.49801958970173749
0.55150982129338844
0.63445758935316421
0.59335988541494966
0.56445217682758075
0.54076921470431383
0.56980301060314942
0.57063049198345428
0.55368393182641895
0.64040388936302828
0.52302131717636235
0.53203309588155334
0.60209865892494707
0.6625591357050209
0.5674360885655837
0.57465115610514284
0.60962107030901314
0.62157518190670946
0.65831252158966602
0.63131143511587118
0.61888591235878898
0.44607332579553743
0.4191782542310043
0.37353497098289379
0.31024260881557203
0.41858924976522799
0.43793981249369973
0.56066421510512854
0.64078618980511726
0.63815682705991872
0.43869346738418097
0.48191167638746069
0.47360950994699857
0.51447203614244341
0.46320891092951477
0.51604506527799032
0.5487580097315603
0.53433706042140705
0.45783986817902239
0.45988531808706234
0.47285899624994671
0.59747798834627697
0.66603387583826579
0.67319190969249509
0.5224717553910786
0.54786518855320843
0.56510852565772285
0.53307998518724042
0.49920006681773943
0.46569006354085074
0.48293234037381544
0.53021374464991278
0.53022351596260553
0.50100073687996793
0.51418027080666251
0.48061669823949021
0.56413235442862009
0.60143178880592785
0.62594749656614324
0.6194133968967025
0.56516875441673953
0.59301831923870785
0.54908191489709057
0.62656000930799605
0.56934890589363907
0.55276204819812824
0.5783971904527565
0.50707465622508052
0.39922628935465032
0.32309269895121351
0.049150564066164831
0.069988690830128888
0.13882144635670723
0.13372554957748181
0.3317014981050127
0.31876084494649404
0.44404940799999587
0.3997789547353795
0.50914465603047099
0.47010732521793602
0.57400511700547718
0.51944974969237723
0.5090389208665077
0.40949742885700452
0.3488056815314261
0.42189705246742654
0.3998396521784176
0.4744808076365265
0.44859013173405499
0.37873089250935038
0.41426748670668062
0.44712700934678773
0.41351725153848362
0.33941135063907873
0.43562802722008515
0.42146652796627648
0.50221106141521266
0.4675396527191033
0.51814332200845392
0.46926489691771228
0.45306049689794392
0.45201791471428227
0.49949432116497544
0.50279147629367227
0.49072201015682831
0.65631882264615948
0.58426095088318175
0.65867699780110145
0.59644740114197348
0.51667068413314776
0.33005437612373417
0.26405377030652177
0.30808930340286395
0.073078434660467859
0.03130767109026418
0.050839525816883696
0.21021534420054891
0.2423343312833296
0.22978867547862669
0.20308488568093921
0.30462641914390703
0.22169741437498047
0.32243725213487379
0.35821060403305827
0.44695803026631653
0.36598884622382027
0.29097067986501807
0.31686160181738882
0.34568642252041765
0.46118312453489663
0.41399943343382362
0.53683954363120079
0.43105530442782836
0.15761373590879876
0.14914585984853163
0.34026151326838561
0.3807976262910106
0.3853610497405125
0.42114406464833287
0.38199132381055467
0.47478745167396869
0.59993903811692439
0.64802181419025051
0.56233872286755926
0.65292553465630521
0.65332898217957569
0.59078592919248252
0.5543904709457661
0.566214978818387
0.56340071029607475
0.64819598505393927
0.52615694902644849
0.58477886600534168
0.52416375458659215
0.48537656857754774
0.6036039200900587
0.69528484662801382
0.64572390872619734
0.55579830309549527
0.47457380872174476
0.48270218263675585
0.55171948314332253
0.50946506761039556
0.5497461032691654
0.53699515584212676
0.5405180348318448
0.45352321743113211
0.50114946320543907
0.48189655026651584
0.4699613988750988
0.49558605639965697
0.48100411156579087
0.5341243614593536
0.55718708294138541
0.51240176902340984
0.65889818851177528
0.55637072867260895
0.50402049910833846
0.42782672826731993
0.37896040356241961
0.3443604045437354
