0.024251461978997153
0.018791470718450543
0.020181120988487879
0.029064517518854013
0.017215600119091259
0.0071929540818760551
0.0048797305508666679
0.013069289526358859
0.007935632841125622
0.038050728253139765
0.0064809716104986407
0.01838781193306701
0.0037248444794528721
0.0043803733204874898
0.022650504312679745
0.010810528056313358
0.0037979147964488031
0.008355062828280144
0.023731663729225746
0.0087357714099009238
0.01030482288487391
0.018219563393960251
0.014673163468756462
0.023307603205006116
0.028229083486871639
0.016119206500199563
0.019283697244597563
0.024255002483994953
0.0048033076051377886
0.043480438345733168
0.016652894593252716
0.012718125718421562
0.039817316318870415
0.011608190536701195
0.02369435344758495
0.019184239633134505
0.015596466654337175
0.011530924657026195
0.0089080822086827112
0.0061230807963845784
0.021971291656788971
0.024076905611790673
0.016069704538684986
0.0072658758107580091
0.020950367129765356
0.011282291956277165
0.025785419060398135
0.024003476135280824
0.026511175260059326
0.013099262269367818
0.014472707931577265
0.023120707227844265
0.022498677103615985
0.010664712660624706
0.032171809013948262
0.0060431427073141366
0.012810783098145359
0.030050311930977208
0.0078411326139567576
0.032746935162449316
0.025428565563503432
0.020512596239072641
0.019347396598862442
0.0087062728445100254
0.016960659494332241
0.013760863794043116
0.014078799202282551
0.029037210991506253
0.01327689806384549
0.019029807891565286
0.018862226263020736
0.020532298506149675
0.01632291892043955
0.025650347115337275
0.019810239033107167
0.014771754518248409
0.01650272686803855
0.029014932674647095
0.022206460551774488
0.0027737253555869101
0.0074000801684645243
0.0079348681658708304
0.014824556809397342
0.011787060197281419
0.012696192251179197
0.0037149698712219091
0.014698230329347568
0.0064330477506739049
0.025490582220197722
0.013010643812773406
0.02607347026099717
0.028900827402304451
0.020940401405857376
0.0035528004226879559
0.034489239362864438
0.011384330075552606
0.021825707696005062
0.036728946991469211
0.017250627500940759
0.020601981596900302
0.013852198208453176
0.018535460665794281
0.0020322189024758268
0.02964292906347632
0.010224032059751925
0.0097574988875089048
0.02228682549346046
0.039673465329404176
0.011550032811487556
0.034952590191871788
0.020311659661367196
0.012327930959157407
0.0023292774675093227
0.020466605957131862
0.013652250507335284
0.017027723633674312
0.027361741693682069
0.004850705875253802
0.004951819410566439
0.01112973771928491
0.016342110268619207
0.028493536961083223
0.038837585759510275
0.014568047268554402
0.017302980757366845
0.018827917398217563
0.014825181161782618
0.01396956585673614
0.016528620647833513
0.011714631955305444
0.036036067514177234
0.026412890363727952
0.028451353468996566
0.017963653548384022
0.014893375569563704
0.011778716815449952
0.015186367647716071
0.0097057548542713468
0.020819682108439722
0.0027032811279837218
0.010153968417699074
0.0065719734411753281
0.012191818025351899
0.027223752629801447
0.01159985649470832
0.013805737357529687
0.026792942312622112
0.018051093824733497
0.020611049784811594
0.027024496106763329
0.024370861216917207
0.020272301282508211
0.026468551563871789
0.010751059567114817
0.035361806883531188
0.017057178918415305
0.020920071277805225
0.0082238844227587714
0.019680200602711761
0.012419466541712068
0.013270166779881035
0.013438984515266414
0.0080991046256033671
0.01241519082462798
0.023749065354808925
0.024909037726322067
0.0065213747486589334
0.019386778673029927
0.021621046545367374
0.018882552070180029
0.0024288496392293885
0.011183783335593689
0.035880502061302812
0.0087056720215532568
0.012173404687280549
0.037621827102795061
0.020523760814934591
0.027645423802632133
0.013281988308711603
0.0051347979979725804
0.01240558906167729
0.014985886565946103
0.0052170084418169923
0.038390765815719013
0.0099403673497503748
0.0035256185015283994
0.0062062643168121281
0.0046851008006511012
0.014856400424987789
0.036807128102527856
0.018315329066196047
0.01378668318687119
0.0095568948277386379
0.018652713396598006
0.012056154289621958
0.0087767690070196629
0.0099869927698705511
0.032736035843913977
0.0071597373189621451
0.0072689659512608432
0.0088786521880004476
0.045533798953682321
