0.016767176756218354
0.015375312570592025
0.014037677013093167
0.0052272778263239917
0.041854824782589208
0.02707317149712303
0.019977458704184464
0.018239435184228981
0.016470707620331759
0.015763965987045277
0.016060595685689585
0.033394247983581878
0.0071601225114185599
0.016554257357108654
0.032174892055862096
0.011659714986232545
0.017261845643270258
0.011521188665620755
0.019389606830442423
0.0097206609082926693
0.0060009502075048949
0.0069552318646374841
0.01628473901992529
0.014027230101107515
0.0096177358824485575
0.0094714304426835212
0.016233322853379754
0.035123473452298597
0.023385210433645044
0.015569382187230351
0.011072049892044571
0.0085348191321709642
0.0083987646419802445
0.024144131255138902
0.012927930167829881
0.009600915706476169
0.017796277049746075
0.02481734101230787
0.01670825161942038
0.015726961702714894
0.0037328079520429513
0.01695026916688256
0.028495416896713487
0.017429426299079114
0.015949970836374224
0.013661062963694695
0.019790595945027658
0.0042872503268457296
0.014046148950458612
0.0051969219784517243
0.021298238185096897
0.016131801463436957
0.012400501562735812
0.004935378753217522
0.016296746661822487
0.019569351191422859
0.016024302031281565
0.015845637627802462
0.0046319246870173301
0.0091554234180129031
0.0035778626259311405
0.027289717209858119
0.020213424123924333
0.0047706153284206359
0.0092626077899007481
0.013630295483100765
0.019748326076535233
0.036276698585340564
0.020054948633926432
0.015521096915438196
0.012714533851004964
0.010474262980779565
0.015269276207534431
0.0050244057267907526
0.014891388357969965
0.01000660430925851
0.016295790289681183
0.023038119133145685
0.010721552350586486
0.014960050366682184
0.025118576869087854
0.015944070640948695
0.014272781986630666
0.012221893243942209
0.015259249129826102
0.01751657313887062
0.016890717819142507
0.0078791866268924076
0.020519334184195524
0.019847804161526809
0.034845200897926011
0.011246661003692331
0.0064974183954826749
0.0030978208367902398
0.0084757664408467454
0.015482447841897
0.0019589308158953953
0.005855079138711832
0.022430412200351055
0.019274839251815151
0.019606062826797166
0.023571049055413577
0.014477393700269878
0.018465335743128131
0.012519429347208585
0.02514176125763283
0.026450884384357415
0.02506818929464729
0.021416266824733802
0.016048723858557632
0.018291951357165517
0.015143950583872494
0.019638683588565062
0.016568876371224207
0.019312377099847681
0.0066696371784420658
0.03653755234458738
0.0052802404153469828
0.0091005394342211412
0.027264572041026985
0.010290953369167915
0.020188047355465984
0.014500321717946586
0.019390783306397156
0.010211387832502869
0.015915375847641106
0.0024914599934120082
0.0080615757428997951
0.033510474021479636
0.0054821640669052464
0.021578615714816778
0.019549067815730719
0.02299506376643003
0.020594464142077325
0.015612604196481727
0.032895699831566254
0.0095343738022309922
0.0085980288771460057
0.029898502992900932
0.018426298125943902
0.011079380503875285
0.013145403257535238
0.0022653836243475044
0.011990471202994152
0.0056278318758819596
0.031116795276298792
0.014629475526048777
0.018016496313900704
0.018795936277137576
0.0069655413802071015
0.015416827537716404
0.013638615705047243
0.0078180186394388035
0.018247895455640799
0.022094072563324275
0.0079121211694858206
0.01677605039141088
0.014871612574168231
0.0067089404912506808
0.01704509564108158
0.0061124408240797908
0.01738924905888305
0.021194157983619309
0.030358194716086889
0.017130479684771466
0.027082910185003892
0.017854763177826128
0.013160101934979972
0.0099694759990305824
0.031096075864492884
0.0023658552167267763
0.015120874107882274
0.010976026129530643
0.013860427872277722
0.032234637837807591
0.0043389121164070362
0.018688000481334587
0.0057523880653157682
0.01029733691205168
0.018678756849997882
0.033199420490146271
0.032932583004264833
0.022022158709161972
0.016038799781131586
0.024555847330659266
0.020897948024701744
0.0090980396982783991
0.0012024522339171375
0.010743790957410307
0.010724260092771828
0.012810655333544323
0.0025261793184322054
0.005477370459569684
0.003556657645066397
0.028432980000100021
0.0058977262707463922
0.011201986089041882
0.031336598921339213
0.019400165778059735
0.02198597964395602
0.015754713015194773
0.020668363154742318
