0.22662654355811107
0.13327063961084282
0.2002811106175508
0.22806376799623818
0.14653401600341506
0.054524184014364513
0.13507407672144256
0.32399357907818427
0.2720724323211654
0.14634313980373426
0.1681132452051666
0.1254284959396709
0.082336141880949662
0.20594758342173269
0.20348309984743934
0.11496719017471727
0.18293553778079152
0.15971072326519173
0.17824959554930259
0.23098783916744792
0.17260731979447574
0.079938910377997316
0.12807206036499161
0.10529140261070788
0.050470354708582729
0.20500162456911233
0.2602710217494883
0.15363913371810628
0.21780594624552629
0.089036422029650245
0.20350164836055212
0.17756777184460296
0.099131368736696771
0.044232679852038187
0.048139499030642782
0.1819104158156804
0.091555144477970085
0.23425079164468238
0.21489251412184532
0.33836738287996099
0.058504793750328021
0.14523056618631663
0.19398643259294612
0.11792947127156871
0.19769863676967309
0.19533112429336258
0.17136031468039667
0.1973546609807823
0.028444793380682794
0.082938978239878752
0.084076127414267524
0.20216801128978232
0.085080903159784643
0.27262453966792111
0.23924786387752198
0.2714924257255254
0.031531936680442928
0.1025056624318839
0.11924200515612074
0.15704606350644781
0.25717348387410888
0.2850457204657057
0.40281406363482269
0.096100975615594664
0.048478205714443508
0.18619528987504921
0.043780230859610129
0.088664745996472449
0.14150323276481414
0.13523503258386951
0.28293667547323154
0.15055367513553594
0.17399575920929572
0.21372689714992735
0.34642128408119544
0.15840217891878899
0.078895254159911249
0.19155636180639485
0.15592789638261875
0.1670713571760282
0.12909776282230095
0.20931050796580505
0.1381322831949641
0.18250109062687619
0.080205903198317316
0.093223321329357373
0.19795210114599693
0.10995221662763197
0.16358414531608134
0.2110668150170969
0.10841806633356432
0.051694682082340161
0.16207801971772723
0.20394400138832872
0.15396517387621256
0.19746673446787538
0.24092074648583692
0.3587014437197199
0.24807073241977207
0.14756810140065707
0.06624958924746778
0.092535027035462999
0.047676676812199975
0.13986962216032311
0.30258326837125499
0.25895648633955037
0.44543265295216089
0.43922206411847059
0.378916958082057
0.34806502892462032
0.31521946255374744
0.21285560296367795
0.05497883339261217
0.17692189827369759
0.17115344357098364
0.23081145561765459
0.17797975759804421
0.13299883016581607
0.14336365144095037
0.039765787495250254
0.070802953158824344
0.23174004226087219
0.1361992194764225
0.14481173774762213
0.040549360292089574
0.0071210570189276573
0.10965560038117604
0.09347016179034677
0.20657166737411176
0.22037144565932684
0.10081213975778693
0.10922142448316165
0.30288499640288191
0.35897786859773467
0.39127789359716192
0.099325679792855961
0.093083327106802838
0.2870023101740255
0.14666189134990987
0.084480079199548599
0.3028494947698539
0.2001070975205928
0.16774577941330915
0.062893915921398827
0.20369443884560917
0.099993779060755086
0.32377641143144908
0.14571010341424928
0.21830044848034258
0.24325683777774867
0.22856131729048432
0.035370164501694237
0.12088631970404039
0.20878042911724473
0.23692490107284458
0.13206854376133814
0.11424600428758488
0.21053629211733141
0.078136469395117106
0.24955880340933623
0.29959125354993421
0.13257426718220283
0.15208427290937571
0.24654779872713348
0.22818860404958802
0.23293066452289768
0.1405302074094516
0.14202627563268275
0.055504697347462759
0.13790010391819868
0.31866590073260748
0.15203813768564314
0.28385564134133612
0.098563374001234466
0.086213235259305562
0.070176425343189075
0.12298519854613103
0.17951993895496701
0.15117788977552604
0.23280421916824404
0.1793302105022635
0.16382245557592115
0.34015379361698245
0.22871520723913069
0.16449017227395371
0.17486334193039879
0.039723661918555489
0.29600137522956638
0.17825490084575743
0.093668233793817668
0.035403377934477662
0.083107619718989056
0.21918656381669446
0.33147719573459944
0.24584142686000054
0.30666113540407974
0.13522130515176176
0.25908440546343137
0.10325077340579186
0.063646169274716266
0.2475273889078704
0.11919927496589944
