0.34184252458468645
0.29712139888505001
0.36298139619172082
0.23471269637529713
0.16009580369729298
0.11461222586336955
0.06624401331735516
0.18319920753578359
0.17799471661055005
0.26657069238500519
0.12748482464145505
0.22713931370159532
0.20688622261642803
0.17277759131746906
0.21645924607911646
0.17871706906755153
0.36154940230545146
0.34165502169560202
0.36581672359346357
0.26498052724496235
0.27506313034858582
0.18448789094439766
0.20740859238228571
0.29018628259192275
0.052471751628188484
0.082943730417068165
0.11923830197338509
0.15056494174768928
0.20148099634279834
0.25115541859884821
0.11981929038865599
0.15543960210837371
0.16950577179563889
0.087071636625506516
0.25644940989718973
0.22667181895694594
0.15931757942576821
0.17256061702884593
0.10169013944006469
0.35063919188817688
0.29752543888375371
0.14947399236988262
0.27653952713533142
0.24695840815564701
0.29623342156481564
0.181243767215645
0.12001044266554398
0.085104654914336955
0.14556185455096593
0.08253494183671517
0.148806505565894
0.40698017973268169
0.28063608998455741
0.27271466341710116
0.30104421779881174
0.36138676099066269
0.34361653647679785
0.2733093125911189
0.24150674352761503
0.12612713125352257
0.13899574420298244
0.28251079012813002
0.094867398592673902
0.1923400018541449
0.19016741519698235
0.13988839528487809
0.03649539665843269
0.28126249540234705
0.31673231084313658
0.20845436623483507
0.11449853930985272
0.22921371096866563
0.20252955866210556
0.15067361212158167
0.19444944485652607
0.16817929851634869
0.23525878873061201
0.2906929245861602
0.3119176142899327
0.2059285770767679
0.17566556663221336
0.21688629258253728
0.25647251408506527
0.32259861497364323
0.24007547299694798
0.12505947080762653
0.22099203909573931
0.30134431091192115
0.38611856904847514
0.26551130135324497
0.15404964891800024
0.1508701770764479
0.15972228040813016
0.090765907498665352
0.086451299341201368
0.17496831337122276
0.30610872877111861
0.21227925810071147
0.14516866226955719
0.2852532821985434
0.31589207159099947
0.23719771375721788
0.14643134561184207
0.12461919251022489
0.26234423031922399
0.23092960280579525
0.16935622494922287
0.083150136560062898
0.10511911733679116
0.15951958306566091
0.31830595459422628
0.24608300291343865
0.22777529383409884
0.216674070932945
0.1710300296926334
0.1541634386885562
0.17481191303877117
0.16097530927941681
0.061016840403905641
0.12136493244054905
0.039639648789967279
0.061262282676412788
0.20947640966897904
0.21247966808977531
0.29791635025456065
0.22351904301903755
0.071402304170526301
0.19715928947469544
0.11768497819472583
0.15167811121457125
0.26930778801895816
0.21199589340014435
0.14486098537761627
0.079291152365933898
0.19784179285287445
0.28029660418149072
0.18456624212333009
0.23257210741428869
0.043709417560510569
0.12079838682650082
0.28840879971947531
0.099191445266262987
0.085397358670418838
0.18112668429498061
0.20797551280089985
0.20411226901075069
0.20843286286489707
0.23749939809871407
0.14391721860892251
0.32977812179321836
0.25668740014243274
0.22769518086151436
0.16132183670415959
0.22450566103667488
0.13646978206400898
0.24449169652143965
0.19360190033875804
0.22249340508259374
0.21885159337199511
0.13660236109246929
0.16357251469173395
0.028352125478493643
0.12415279849364905
0.23611359625156172
0.10050467032900622
0.13135204564898686
0.29787745517562425
0.10486292418599052
0.26921979423041509
0.23648716370589609
0.080957266253390003
0.021844802539634368
0.19810634653424206
0.13363272469949045
0.18829586065267853
0.28565998816291432
0.29148938886670861
0.40282921745289679
0.39916287258571642
0.31894242568418024
0.2291765240042907
0.15663528725261974
0.22958564390322311
0.20179590382842638
0.08266041277984186
0.13977728097998693
0.061548348678549553
0.16251268304606659
0.088757575599103605
0.082563268207706195
0.10607916975252822
0.27724123855116156
0.15754090507810961
0.21854991649034772
0.18776038934655723
0.15706139450306325
0.19979897575435837
0.18793131696757914
0.29731638867255777
0.22134296120373698
0.30836989672025783
0.11422807604971381
