0.10020874300685113
0.044063090175614231
0.09798511250493204
0.15991049852824851
0.25427863154530073
0.22992055220326693
0.0690652862220901
0.068994074081981993
0.084356753155470504
0.15631401698991323
0.18171750098493047
0.24064539025679241
0.22959154858262928
0.18599813896349604
0.17130006592097327
0.22988427650505236
0.12704733869137794
0.15880996324403487
0.14664687028281181
0.27553085367352709
0.25860092182285221
0.12027655831222918
0.0036331219947359833
0.17280317390680275
0.13251499613585729
0.26875043616594618
0.11551637325035061
0.12915274849948918
0.17709573027129408
0.2325596814751977
0.18304185774711459
0.33845647861724931
0.40055578370490463
0.3457803329582399
0.35147463501201104
0.33031442108162951
0.26214972717573276
0.16208298409310437
0.052207384301181742
0.12822552468614257
0.29828446086342647
0.26783281359163624
0.18957465519996156
0.25613918390463469
0.23588971711161902
0.14136165387688512
0.041258229327424727
0.11738003528584387
0.27763933340139302
0.20181642099656696
0.21845191829227872
0.21150669570081715
0.17903000642788747
0.12119121838150154
0.23429020928685387
0.23420028372867627
0.21308425312776708
0.088376728256966644
0.076343506832111219
0.13816014200728441
0.30952335999216768
0.048969136337885855
0.27243385144316223
0.35460086226009857
0.31123386980850848
0.37212952723104509
0.27791062385323928
0.31712551100895731
0.30194281352091212
0.26907725538352162
0.12200844787910622
0.15496531216292753
0.18080726588801835
0.11331172539442173
0.16380279889540972
0.034326356618102814
0.31001701007680582
0.11299927710806705
0.23364143230647791
0.23964363138273317
0.10060902743951537
0.1730981639109716
0.10384415160690186
0.11647308649411281
0.26130150371443306
0.14599014227915055
0.1346494983693316
0.27163237729524708
0.098086774122116124
0.22376811287110096
0.1563484970406521
0.2165366870672677
0.20760998004662648
0.091860263675742168
0.058527568232219503
0.079871709784794492
0.25318411950173841
0.16707392347421512
0.29776549841097361
0.25122170300493429
0.23431636626499175
0.26264048033855092
0.34436187001599561
0.066760162658349234
0.10962021613099023
0.12434030976377144
0.17774804062103283
0.16425522630237818
0.15433926787148125
0.25008756968506868
0.20096247398609537
0.27336620282694635
0.28482280356799866
0.34919458613370252
0.22820997085441622
0.22341249167279117
0.23395581043469182
0.15595971428475061
0.053434121090776214
0.090879088264504262
0.14287127341355896
0.077113602993245267
0.20874506745995788
0.066370522275376501
0.076433594515403477
0.00036693037800081843
0.13530832168812129
0.11010225503527195
0.12829624264791184
0.094799441673234772
0.13292367844589481
0.15048538801711867
0.11518072413173853
0.22917296086353725
0.17845538464331462
0.18848549341864437
0.24295129698936574
0.052304188200348253
0.066715174652897322
0.062893478515886433
0.10051786341811929
0.091369001201065947
0.22104618957490174
0.029395074416328007
0.23512993226617365
0.37500158562339503
0.1342296826968285
0.22383494312649149
0.065967761772705177
0.28691109018017102
0.07162632023783494
0.12845699122049664
0.02458305224285004
0.0812360158634267
0.20708280448057331
0.038777575418672106
0.14820768546280644
0.18195230200976512
0.24778065121919515
0.34703389387361638
0.16628000497099724
0.083280973400281927
0.10022338436416373
0.29834011685970024
0.25403961470919884
0.1050868773934821
0.050473149506445325
0.12048436257561712
0.26229669554905405
0.10480553605927038
0.30538635044503626
0.24086618175108046
0.24666643403174354
0.18624226752152589
0.13408929949428708
0.14551282584974837
0.019434863652419615
0.22542849613369989
0.19525279881843213
0.22989941480514028
0.30930157113871726
0.29366812729278813
0.058922149869838389
0.096635383473801045
0.051024501871374556
0.19326378668265878
0.18010375306186818
0.13081191468215417
0.20348877336735821
0.094198891845801103
0.089750871714378136
0.27283435243604404
0.32176061177684706
0.22399848362957733
0.18186762645144119
0.17832430595953019
0.14535848762732456
0.11898469619117266
0.25620512334609968
0.20276079989548115
0.11129218682295453
0.1313605215341897
