0.018312578010380963
0.041691102401234692
0.025957621140646661
0.033981883226430566
0.01868741331246274
0.0072580275237046077
0.013318093484446349
0.013363701328013337
0.0070227880009115801
0.0081077585633403584
0.014119062895080078
0.015154968935921572
0.01268953440978661
0.011280056892570138
0.022251430849289423
0.019148698971243706
0.031937425399891965
0.01941289570615452
0.011185722877668365
0.038713411218251441
0.018053032843042483
0.023402783542032801
0.0065186508285620479
0.01886855636892169
0.017288915454850881
0.025504609376391488
0.014888379343938416
0.012589791994054347
0.017064037074449898
0.029118612154300526
0.015139376103153034
0.027510103600032167
0.020988380880682153
0.016495535230605866
0.020789374966283483
0.007331351303466036
0.01915752064184513
0.011556841670173099
0.0089014812906834297
0.036622964297745961
0.015475032016293581
0.02765673094533292
0.013237191215995817
0.0080561261481434682
0.022181036259203382
0.019081444028590456
0.023636611585726823
0.014887374512701558
0.02822386323509856
0.010598965524373564
0.027124701927912154
0.017093015061518675
0.023753766906129598
0.0050326580531941788
0.030329295117707652
0.010663848000940137
0.016798185026899486
0.026679387161386833
0.028777199376994179
0.021339016191149959
0.004366282994745483
0.00090095724675919476
0.030221548333102324
0.0097708413883734573
0.0035966537696369674
0.029246372296715811
0.027702220875431904
0.0071181153601461719
0.0019240133072474161
0.017823820670300104
0.025330380063370569
0.018181000995420814
0.021895825487732733
0.010190929117683309
0.022951514434454822
0.020419558834398322
0.018051189309792791
0.034490795605658119
0.0046263166186976158
0.0030172704766039064
0.0054513713886582358
0.037417396156742
0.018527864960609888
0.013565518522462823
0.0041664530932469393
0.0028775045012211916
0.011017911381025864
0.022107384724396609
0.024607646174891553
0.038066666402352393
0.0058814279479314025
0.016181750268318782
0.024216097141539404
0.016631503347666565
0.027124381737897069
0.021586998521828493
0.010780330440117232
0.0035473339384264344
0.032194169889262603
0.0062120880673191322
0.0064457095548929077
0.014256051697890033
0.010749025374847346
0.010887421744468639
0.029847054461690236
0.019130737269231347
0.018107081710020498
0.01327156327756915
0.0078715243631524
0.017014047000970797
0.024086048425917179
0.01481730513405884
0.017695364221686879
0.008764481498568049
0.0065019269760853643
0.0093979200194734668
0.010220829737419281
0.027554694468851601
0.025052364056077654
0.015715433728515554
0.018581283264852481
0.011191880825443899
0.033835524728150802
0.019784365135044984
0.0094003966809026035
0.027819543759935769
0.041562324544571053
0.020129272877616903
0.018027718875680495
0.0078541195509844765
0.011155231103194562
0.0038739776218014721
0.032424331228305972
0.031923442044671312
0.026201900768457045
0.023198760289228283
0.018643764936226926
0.028685840882554076
0.023209192361710564
0.034826165387278868
0.011932782057518762
0.0034528354086999229
0.021085445053651425
0.031488790255365141
0.026314935251826616
0.021116743975621795
0.020998902919223662
0.020272873277473805
0.024695659880493288
0.043164251447420365
0.0098088256727613485
0.0069692693605830766
0.022509635932211672
0.011645739455832273
0.00865419703946089
0.012121155052968131
0.015005837952028681
0.0089130327375867239
0.0063026950857638523
0.02997951273779411
0.021986451113318602
0.033607769206500035
0.024593263932605192
0.01766073524271922
0.014439821283261786
0.0051137685115460333
0.024406703051354825
0.025190192138843791
0.010358558796493347
0.0058921693796676958
0.0029966525238697304
0.016629321804631541
0.0073818054312332487
0.015688441263409104
0.016895482998286113
0.013175907630607563
0.010834620261114246
0.032199896532659693
0.0021971944305250674
0.020330532854912691
0.024091071510696189
0.02884704569855101
0.013012341087718976
0.010391560465878016
0.0086269690044990417
0.0045615709623188835
0.019415844176805214
0.016004829347308791
0.034253837580517969
0.02786500295830471
0.0068216512232902966
0.023087550942969281
0.031259855955012551
0.011482006018904072
0.028357385295037923
0.021191240772102177
0.011519539181785728
0.016824186656216097
0.0077263328462013076
0.023387830700367838
0.020342666405471329
0.017140572296397934
