0.017019508610336992
0.036940603413306454
0.055478342392026481
0.012657670804576391
0.043097881041751641
0.055551145181764613
0.0306598868198102
0.014050231518064707
0.038500441887333633
0.026456281764030302
0.051458027269553772
0.028893992821510592
0.013380027914202498
0.025900690919362594
0.033286573619474527
0.0087305546778185979
0.020164336655304493
0.050107488225414956
0.0045571359625853789
0.019001875649510117
0.048004455609023937
0.018268270906302557
0.018436517676593309
0.036739826576878312
0.017429021254053375
0.025643036575955978
0.026872101184788399
0.0051985966734594078
0.047251210743412604
0.039354471842200388
0.042145038771371726
0.020822992766141368
0.029710110056815182
0.03674505505910456
0.033243423606472047
0.026979890998949423
0.035312525443431456
0.012817921931562521
0.017166114256199284
0.019051838530136252
0.013976251553729224
0.010294249881483031
0.0099914499636420753
0.019325486986806854
0.019831334089133682
0.051255133969786315
0.044267711361284892
0.030687335459814311
0.036571444963216689
0.037226079154982078
0.013175247551192289
0.033973782410529722
0.009777825829468496
0.038731981301579774
0.038330379750780519
0.058760332750683028
0.025330969110360545
0.010272088559347085
0.011912838616864055
0.024210772467524299
0.031191635177715459
0.013404613440991659
0.033702847787951379
0.029551407138838675
0.040977217813801765
0.031359446453852267
0.021638764456190031
0.020186568054931256
0.0092198747725017703
0.0061844105178862439
0.035340812015662276
0.018980406847420785
0.02047017535341538
0.014009785144765292
0.024131917814349046
0.023699732560998242
0.032651417814684683
0.043455550265275297
0.03035703501640678
0.072663343500220939
0.040934770282397573
0.031723188583611506
0.029416216552032675
0.012865038018810188
0.035386275612510634
0.0095971148962230787
0.019945222837271393
0.037029044178595358
0.049224048122658022
0.028603272065681543
0.023792414315549033
0.035379866755382398
0.038987743295574778
0.054638012298860193
0.029078849649097519
0.030801749913376784
0.063723360484593941
0.019397594025373902
0.024091505613550349
0.033978180704730174
0.056940276705271034
0.012992298917615051
0.020537074040698697
0.046919925904617583
0.022963815541063581
0.020388534478549419
0.062244888588440871
0.019275482434551114
0.011828196935410974
0.032034870490928263
0.0096067496310132672
0.016069043151594246
0.062995776639802881
0.024960713687385793
0.015022970201361809
0.05251419895355966
0.010949315422767841
0.015693065465033521
0.032632507931832117
0.050990944986176623
0.046495771120673303
0.029381808125427403
0.052027796893643494
0.035973668250604149
0.039616978850214424
0.037587587385199073
0.024196117501184666
0.036756881123702241
0.027778319346759568
0.0074410401645615123
0.039641533963437919
0.038467865287864951
0.0047826077848094894
0.059186859292826764
0.016114747476447786
0.025065373040311464
0.027672408597103276
0.052436965778166533
0.031516360907977096
0.022301143899250534
0.021949866742191709
0.020972079905155802
0.025278407207807423
0.033741882901687337
0.01644061787557204
0.018910931018566814
0.028193176050768272
0.037335876530584976
0.0014541268467214285
0.019728799407534456
0.0021727223597834905
0.016437621372049654
0.018814012910958442
0.046418326584443073
0.04276432791336935
0.034174035801904007
0.012826754198003529
0.017958580191007618
0.032237327127137547
0.080728268443373941
0.0076728097802149431
0.040042843866451835
0.029088064181650126
0.02669555899072746
0.034979332931414198
0.0044819619283772878
0.010896415720052182
0.036935886010359013
0.062045645769778064
0.015680471106808275
0.038152190979767388
0.028397957725208207
0.0234523632721132
0.042489814358759301
0.033974125923597089
0.035512726156368343
0.0095267826539821784
0.024582796925732668
0.025337733832545468
0.041170036870242656
0.034291107568905993
0.01911540988973651
0.045144282583221715
0.025578303617124053
0.042598287803375559
0.031224413986939707
0.071444282463683007
0.021577634561418708
0.043495904430819445
0.0071256012443352348
0.031623887934248099
0.0073932276494499656
0.014759737092218986
0.032257737598248924
0.018269098871926032
0.017704241375045851
0.034034982207706357
0.034341039259952182
0.04219132706703816
0.012807235314217799
0.030130650571870487
0.025538717796936904
