0.035396670198921766
0.020635273615670021
0.046575355320618232
0.039015404036844711
0.025573696405853975
0.044349468382822305
0.017791435996045841
0.039682412387777977
0.054432302333055481
0.028751906957102665
0.018996363349945002
0.01823777760142211
0.041138453166953928
0.012471138570898533
0.058249446034432106
0.01727812493094014
0.019584947882960484
0.025330862192876884
0.036126741928161843
0.037290449555265427
0.032850504392854467
0.017408490500535386
0.047393251822989882
0.027599944446699675
0.054496336012349607
0.014872892128451547
0.053188746268069277
0.015082905260938908
0.052525145958024134
0.024673949037111842
0.057045451545960163
0.041482224575517396
0.041792739468662556
0.056097045872568294
0.0348179084697618
0.02366869175809427
0.03149494571817197
0.022137915390130894
0.037128859462395226
0.053157741091097076
0.030885904979846581
0.052390638820701933
0.050747165274919064
0.054706964392280975
0.018065407912344695
0.047347969581891469
0.031377663332761402
0.056446230327055202
0.027846379503008712
0.045316186768031709
0.028790630060396359
0.054448924950127695
0.025852688528939217
0.014274000688181509
0.045334387799061307
0.043832684251177957
0.024678435013648924
0.029381636690527603
0.014406727234957312
0.029359985234463017
0.015886716784801427
0.033399048177032764
0.065498318933972011
0.053724227249263186
0.025819077676147766
0.02632465235663935
0.0022801932845721543
0.025914185512046661
0.05615795603726708
0.038956972945920133
0.050115031275384837
0.033302259477826453
0.028560574908887703
0.02581372768396073
0.016629958522516471
0.0040819135168295544
0.016397183655534105
0.027564996268120142
0.04741490122610291
0.015239383382272634
0.030589416148430863
0.027497613863394894
0.0072663514797903749
0.039548773788366062
0.044161277618440464
0.036084601181871241
0.034007745077967874
0.010692741720253217
0.040307920440685645
0.0047080155349960304
0.042657005044398122
0.041723461328854149
0.024630666642585543
0.039962501982485334
0.012088830597348338
0.045721176843558586
0.031456030017551498
0.016220184151029091
0.01792024347242141
0.031935966405109047
0.014213126378293351
0.041264827971330492
0.0090573611523430096
0.027461587202765207
0.016779665466469976
0.0067705485096250908
0.041232800276639205
0.018575184484074272
0.021281874301393531
0.0070834711421526595
0.016812713482531223
0.014597764243992794
0.030954419877703129
0.017990263712970179
0.048627440082811696
0.024364382262584625
0.0050551545624302856
0.047626804632403652
0.042468539510603122
0.054176613122129062
0.014598843802274088
0.041411228775796248
0.053690777803890671
0.071113915947157227
0.012534764682923921
0.035092477819971976
0.083762458682307944
0.010413591137948076
0.021253392509270597
0.051853127525200944
0.036961788752653824
0.037054320526365252
0.024547254423228665
0.011604204811652755
0.0056299318688115265
0.046146312922296394
0.01045378581994473
0.028414440970727935
0.034230342177358625
0.042563369008399216
0.023042889232415407
0.042189404394549782
0.011934156605019917
0.025076639214469058
0.041704955777772307
0.044111672687835127
0.043670150386737973
0.038752641399224984
0.015491228880383545
0.0033567389191215078
0.023844496015158794
0.029476731101194319
0.028888800622531709
0.02828924311986902
0.0071577575024796818
0.021798659882452706
0.049841244610529328
0.062650321127957667
0.058805899476171056
0.023476882222657109
0.0032774228207048724
0.052201140620535304
0.025184271243576736
0.017119332042113071
0.047677989162055262
0.016634210061943669
0.026050040783217557
0.019826900300070553
0.0092516881744574477
0.014027628197311008
0.036891102031750667
0.052105416812305218
0.068579165618429097
0.018632010071994259
0.041045840617096957
0.021494462687448968
0.0024870988992322391
0.015866924016900066
0.018646649782970336
0.051295191387717154
0.070133915483981554
0.023438963106918131
0.068295739011661874
0.062438992380221436
0.033810444552931154
0.043104513142838509
0.047585280774897154
0.0039711507315472747
0.022489141802063319
0.050781572782856541
0.027539720445482432
0.023622171448437732
0.040726124683268472
0.048595840316064037
0.032314662546283769
0.026153444584126471
0.034880620142140141
0.034337300851413365
0.035050578158169067
0.018544644926529526
0.03279069302735689
0.040346409064012302
