0.0084443521051340356
0.010663078189021612
0.012431036553893918
0.012952353539502529
0.012370447660602744
0.014495874387007354
0.021067804031873909
0.021479699333188555
0.027183368121285599
0.018972720075006118
0.0014373708540399454
0.024202741206649763
0.0096078944378149012
0.0072668379155608814
0.021321569080077318
0.036119055024136759
0.015085312420927113
0.024313273749579489
0.0068379032199658582
0.02650586625597753
0.0086401519279980243
0.021698061561593086
0.0018432458359859652
0.011405661113554223
0.012627649369316152
0.0076066726283550703
0.013411790573606829
0.014093028843553838
0.013142594491204236
0.021132837746564076
0.0057244222048712804
0.0089999562412575174
0.018841158438552934
0.023434513731607369
0.018920554786660163
0.026332536656027965
0.021298887170703128
0.0063313473678089892
0.018803624781289635
0.018336844131328932
0.0051247706964858636
0.01665122725469774
0.03036177971963442
0.022165476030732757
0.016306694066502977
0.018795563273155885
0.010067770172268358
0.0077653964092046536
0.021501189140283542
0.014405358387276914
0.016051959823166685
0.02209084774948061
0.030400292780064373
0.015933458857752849
0.0030635914684420461
0.0071189672601271667
0.0097210707478853284
0.015071855407160054
0.0045947152592381831
0.021157996011964983
0.0037531192998913649
0.0018608976056888524
0.016912814136664209
0.015014411186206436
0.025978941139720532
0.012135248146660419
0.019330842141092885
0.012082232312587649
0.02432900444544769
0.014909327825949331
0.018691627154167074
0.027793529481313792
0.0070337141544984843
0.0042122706222234105
0.0057726134256574973
0.020949739299790011
0.0078044941873131402
0.0074634880297081404
0.021392580774465833
0.0070494415927310795
0.0081598296351102391
0.014054227812099163
0.018764384023311671
0.0093952109856346201
0.019415785179625042
0.021927012048435588
0.0061352985821317403
0.022724640705332547
0.022617970267981742
0.018482623972154399
0.0074139921667444207
0.011815696203170023
0.0061496519646077538
0.021275647870241471
0.009691373495620572
0.014741063340825858
0.050127680380110326
0.011662393640445204
0.013557718985880162
0.031921489038540557
0.011626898531784207
0.019940819884419505
0.009107098715348351
0.012120936991800106
0.028330952876726743
0.011371597363790304
0.021834027511006666
0.030652799021492295
0.013131600449759695
0.014661672141778407
0.0037548050193117024
0.009088237841873157
0.0092851349955740074
0.016405248764562404
0.030545989474201722
0.013466032773821777
0.010491212536162777
0.017827962857859685
0.011589904390567065
0.01320299493074583
0.01004114296440967
0.023753132753737069
0.0080705412332401014
0.0067453732994414879
0.0070774597736959904
0.018865243966491894
0.028335895411061206
0.015844283720797592
0.01023182025029371
0.015384370212228101
0.016829135096908952
0.012230267845006993
0.015335139816702105
0.011302328500163173
0.0054008644448967896
0.010200521006436798
0.024978197754388826
0.0084497215196177641
0.0022843239592680227
0.032122031338098767
0.0021291518389653093
0.015191232566333061
0.03539583386841285
0.01529928650179789
0.020346541452089802
0.0090054033946368947
0.0024164454779422805
0.023165470054895863
0.03124796089653584
0.027683625617757401
0.028626915963764803
0.016902552199280114
0.01899488144195044
0.012694962616131695
0.0069577248163230094
0.037569533832906642
0.023144819560303301
0.022675714939407246
0.014553519917807392
0.016439516272464171
0.017584087797740126
0.01807036650120564
0.01233084046337375
0.019363443340103436
0.01152032166116208
0.019395860520413422
0.034636133093554615
0.01491085031594698
0.012983201288210481
0.02805287789793439
0.0039873181224870467
0.016148803043234086
0.0065769401802494168
0.0084802129155600245
0.016379327251179309
0.0069902165716850201
0.017876935934787345
0.010032564044164517
0.0047799463483272804
0.011925578891497864
0.020140161349889562
0.02056821805233762
0.012014769949222695
0.013802724999570446
0.01079681438871446
0.01473246233111513
0.022346565073564143
0.016064059956539041
0.014965026557285547
0.0017858052772071918
0.0083678228984794094
0.018532722239274279
0.0060545132436909616
0.019227880175484876
0.0023991337735950117
0.028117701939513566
0.015882479319653017
0.019254416029194036
0.0051207934822093924
0.018238974944227521
0.024031506630297694
0.012449973297559608
