0.040145275284141878
0.033174797964487593
0.029121367820114076
0.016508331713903476
0.013802388718463532
0.048258311124278114
0.018789707624130104
0.043776104712486497
0.011525904599851904
0.016893631649135758
0.013284538159379683
0.023606886631065038
0.0022261600034306265
0.0035469805236796386
0.023434214305787918
0.031320200933467532
0.018158852491723217
0.028039110340639859
0.030772036905998137
0.022070572163615583
0.027609120945884944
0.024779890898259157
0.018126340413326593
0.016799665886136423
0.02862194730608535
0.03475199122309941
0.0071852350538137528
0.0122336457998342
0.044475371557871263
0.015705802280371887
0.025248352026617564
0.010190682794870657
0.010097172633497331
0.0091872447051431164
0.049015073563296256
0.02961715982578339
0.019769404176407657
0.018687499438460268
0.018909276490405722
0.014453661753338358
0.023223516860799154
0.019219690603849312
0.015343882608685907
0.029211797779832144
0.018396299934709169
0.016696851203150391
0.038207286369161576
0.010374932309946037
0.025111476763734805
0.01019536214791634
0.027634798681698859
0.027800291655930391
0.013909933605752517
0.0045491531671956039
0.0151421532177787
0.01588585968435233
0.010782345727165242
0.029888998761239547
0.0056596358102905782
0.024626523639063445
0.037212184536962477
0.024178955339268452
0.011459278983442954
0.043864701582779456
0.016940415936139888
0.054937719119406495
0.022116748031335884
0.054413767107081901
0.032140550231721111
0.03358126164367612
0.012255435696993604
0.045019236635111599
0.02985905707030366
0.014986167394945234
0.016533474969564498
0.02727319298419293
0.0068202411367107273
0.032204431205107562
0.03986492310435448
0.042982158834833792
0.016334245306111213
0.023124206369112259
0.026154146856325496
0.032846739199847638
0.017071174791079221
0.023307349151808883
0.031424372081722225
0.025545019038307217
0.039824904847512672
0.054976824946016377
0.018187900913937165
0.025420363610701612
0.036821355421159274
0.051230581806442993
0.027606783194854084
0.0079592856742595128
0.019434772629290439
0.012574416422619146
0.0030919904896878872
0.018290242206079787
0.0098581927101241799
0.046883441249151829
0.034767006320093857
0.0048987190060145987
0.028989972651287357
0.027875721281327426
0.027018502086318556
0.010455930111977655
0.036499725247476765
0.020794080251097545
0.044772914298142605
0.018518934970791497
0.018270845651461653
0.0085013691833633297
0.035064163841217126
0.018075143172582766
0.047812450823530417
0.038623200142585246
0.02197077098522442
0.044872812837541069
0.020351593722572409
0.018999617204957183
0.015888906567055112
0.010130462429454222
0.011935350215429489
0.0095279835690112186
0.016820280367856044
0.026668436921442162
0.025722765812616139
0.02120629642666284
0.012891244376318126
0.0080187504526638611
0.01207522836793591
0.0055835474112979604
0.010778367762907881
0.029193002755547034
0.010299594014315712
0.038771426482014627
0.071571909667062547
0.023946525956105351
0.04554990496627468
0.043306799150818823
0.035860695027552535
0.03549868528353374
0.016309227221443998
0.052177628714815877
0.026688894181563696
0.020206639449696345
0.038743133964960839
0.034871589569756133
0.00600914621418497
0.020290100427573021
0.010741608121376792
0.0079741875090270312
0.0056157126824728692
0.029523245616745193
0.021674967025925335
0.012722118166318233
0.030169214131591782
0.025913844600686284
0.020081124845766282
0.020347930539188069
0.021790541173627737
0.026781846694487837
0.015666459463105228
0.01926099094069084
0.021987816067681295
0.023242376374976934
0.0061577079844150808
0.029136427259868231
0.037123291400062861
0.03173899296036517
0.003823943517057414
0.021482690972693088
0.018710977650842005
0.022276899857491858
0.016631953216008223
0.01994421177136468
0.062568132414397098
0.013956328206690002
0.034029321116749479
0.011202584536316373
0.010278032998286802
0.018149369091077085
0.016616732561978844
0.018666445255992918
0.012180130252145784
0.01553295586219022
0.016432427170571768
0.0019423067487037604
0.017749996010515998
0.025735410017312676
0.01323902284674546
0.026427687729811713
0.0092976874168750265
0.022569715889841108
0.017714050615517517
0.047429149667934017
0.017319101311827078
0.0038682391846604101
0.018747437748408379
0.010845589096956543
