0.0069362638395309003
0.011889476549010024
0.0064581635769965983
0.013598946144370346
0.0067425779390005063
0.0086160563893284657
0.0050468766442023586
0.01696779615311508
0.0052811843630540412
0.014781050851635662
0.005177597378510093
0.0041386413222844979
0.0085973836311964355
0.021402995896721545
0.0049941035279713877
0.014479312825611644
0.010464757100679647
0.005744093003897526
0.0067987124649828883
0.020788391624656115
0.01659137908689115
0.0079876556694964927
0.011820576938070666
0.012182093471236249
0.017437491905432936
0.019218716115985
0.010103862543027567
0.018813593229649758
0.013942084227901304
0.0059116207148345572
0.023993077018126391
0.015103656435937187
0.013502717654979908
0.0085845805202435128
0.013571339963897408
0.004553441352961699
0.011861631606749095
0.013046335884084279
0.01609732600286207
0.010017623453777607
0.010867343482306321
0.0076183650836824084
0.0046838011527142766
0.011715514418729875
0.00089161182164834837
0.017969513886443279
0.0024996035610389696
0.013859124773222469
0.011934523729915604
0.0055645690121577038
0.018034688630085935
0.012735670214361621
0.010853570817657759
0.014702771155398647
0.011754854701660027
0.01290617083566009
0.019816947021397857
0.0009778589028446008
0.028468925558186267
0.001258622030879516
0.006648103610069101
0.012991455124923161
0.019100235809570432
0.0085340598505085873
0.015727786065275199
0.0027723802830307092
0.0035145582039533925
0.025840401906319949
0.0011221514232898635
0.027825059028221178
0.0062013425401919366
0.018758668713626171
0.0023568657122616352
0.0087173659030417277
0.012210673446600755
0.020987425997575339
0.013796226012265224
0.015643870449120176
0.011348966011576533
0.0093661062697894103
0.012602663245082135
0.0055210529130944467
0.011018159981523308
0.013060110487707187
0.010285485384232563
0.00064365147593520755
0.023747426101389166
0.025978324626404075
0.0037753933611485014
0.013683626065475459
0.014188301031421992
0.014430379753114037
0.01353678361992546
0.009186881082620349
0.011118579871892303
0.0064822046661827384
0.0088832091956676084
0.012376682023558919
0.0052799271287449464
0.0095314494559647026
0.013210499886948451
0.017339009050607528
0.026191738092706755
0.0054298707423927174
0.016714981259490655
0.011783831694615797
0.028915317570800073
0.008793216538411211
0.01466929643305068
0.0032679717606520506
0.014923232450173267
0.009341544142722218
0.0038353549042349361
0.0099029350484703873
0.0034958754416550284
0.016250911828863086
0.017159225941587197
0.0054530475321885076
0.0068812575410004875
0.012100356073293685
0.0033018172497430503
0.01557634498961206
0.015139788603573144
0.00491871126220929
0.012155254393488878
0.0059550546282505735
0.015681309075591704
0.023211744249101149
0.020535566203495913
0.021505177702014731
0.00055947099554620999
0.015646566711635952
0.0086732012957943232
0.0072043728067279107
0.011700163836310845
0.012476773101430343
0.0038408019754949943
0.017201465608129705
0.0054084735448619303
0.0094269536874936905
0.012898319894447854
0.0050151355712778995
0.006746108983170216
0.010474466775838392
0.017184765581500994
0.019920003914646062
0.0012816038312274934
0.0052322587230313501
0.013688250805450599
0.0066210953342738547
0.016936095245488777
0.019035058996485801
0.0096636431324516534
0.0063207548563213789
0.019353571765937171
0.0019078267109452964
0.030322459276364178
0.011220165443297455
0.0063743627129874882
0.010292318956821356
0.003689513305859979
0.0088032705537659083
0.011538311187541865
0.0073079562076537987
0.014890780609432575
0.0089120513089799985
0.01090044269319497
0.028815881594968729
0.0035749614760386445
0.011835175888118535
0.011855294309910964
0.0096366925301645187
0.0082112431049846737
0.007997335557881121
0.01417296438333614
0.0035337062335278717
0.0068276459946858279
0.0061025732128606042
0.0119108141046258
0.0056619011422709732
0.012858176468531816
0.0096617220850050388
0.0054721869347486591
0.01102646166531719
0.019172890272053954
0.02396189006484124
0.0097730322146092168
0.020636701028351381
0.0041207979039728938
0.011693464768335606
0.010623649564027437
0.012091497705618615
0.0072912219180206513
0.017038941109010948
0.007260815978808545
0.0084353685101763234
0.01987016828842814
0.015075481927398222
0.0098206208810391101
0.0094404507475226579
0.005974057227991267
0.011869387754921039
