0.014384880410174153
0.005963967019836508
0.031878265978364066
0.017204245635390084
0.003540454599404472
0.020828411056355117
0.019019719184082337
0.019924510128320017
0.0051651866014982319
0.0066100196026058775
0.01931005419972507
0.014145521126206278
0.010833575447540995
0.011429732590285313
0.0016735709704428343
0.0033170844527598128
0.012184875520543315
0.010329471829591154
0.010938282046981813
0.0049232024693930641
0.007304954895626564
0.010426283435118221
0.0089525431528082056
0.0037026660678353323
0.016529142915226915
0.026305291839554698
0.013004567685742256
0.010127795027110996
0.01086839923804611
0.018997753426365182
0.0071410679335495459
0.022073944027728599
0.0079777878545460191
0.013514845387434258
0.010302991321921732
0.0072443155980505972
0.0089410509527131383
0.016633054910567262
0.0013799131513812864
0.0073475896891354048
0.015460425204003028
0.022436585994493677
0.0078681051596342835
0.0055528175344123102
0.013223816948235661
0.010759130499062384
0.0069706925433581715
0.016285495005016127
0.0028683159866825019
0.0090577928272900874
0.01310221612990699
0.01444192792578858
0.013278407044813999
0.0043996680179267719
0.006449154441339284
0.017343342802524152
0.011363178997202317
0.0037541151202521001
0.013522678012878537
0.013246572580306627
0.020783659534803735
0.015952573572281435
0.010016539629365898
0.0066873575853998168
0.021285785985718196
0.0096745814597984682
0.0098519881745009249
0.004164487149651612
0.021356771388432672
0.006205215190633424
0.0074124591284531393
0.019970179972078044
0.01018645229297682
0.0079177992464109798
0.0085778350885882659
0.0028484262942570105
0.018639427275832083
0.0088882813952933307
0.0032086707708287548
0.0079924505533563259
0.0077991169589873184
0.0086131751532193702
0.027030531484612663
0.0092854158373445253
0.0057324778410653325
0.01811556085341481
0.0074572234939156174
0.0062255395980965796
0.02600564279053464
0.012088955530873113
0.0067412651040623297
0.0053937173730663982
0.011933445201503088
0.019713573945525486
0.0049350037979964808
0.013611665541381221
0.0031964642436715447
0.01990069588745149
0.01993099771017029
0.0076066896366746451
0.0090098676021848918
0.0091794216416723282
0.015994140858218639
0.015112981194196816
0.013983026857077238
0.023356844517549574
0.01267485729787835
0.037550250550295886
0.0082216541561481813
0.019696522155754723
0.0065722817747942064
0.015272724465671942
0.018965923579442101
0.0057228468676678388
0.0039680457110069381
0.0054215270902324081
0.003592814339107386
0.0026174260190589193
0.016640660106127692
0.01385735334555595
0.007802427525415559
0.0057441228364841718
0.006157490926271385
0.0092425984148839027
0.006569363949772861
0.0065749339635749818
0.0084439938051549517
0.0014014869125797559
0.019237306340403694
0.019438881012390843
0.010852917198383633
0.017645406646673856
0.012219549470589529
0.012432321130418785
0.019470418117700204
0.016750799384402482
0.012674220056750183
0.0095199459887602318
0.031466968057346723
0.0081103414376247612
0.01025388287148284
0.017816948503670268
0.014141874671596952
0.0096492473639106357
0.0069233577407767852
0.011229348690247687
0.012652255308832249
0.011638764386160244
0.0017542921427256041
0.0051854500342215027
0.0077201599269427516
0.014867994696105691
0.0063818650839890436
0.018046021565704312
0.0043670867338478758
0.026208436453031253
0.0047740388691768446
0.0046275499791573896
0.011777764948686511
0.0099522076263821868
0.0074407620763061195
0.014808644281097192
0.0078536548524697405
0.012505243467866247
0.012335049854001454
0.010793982490259936
0.0043395591133472446
0.014181978423284435
0.022982390238634392
0.009639939412671784
0.0036017570376072122
0.0018708634001565834
0.011313466727345432
0.013505661623246656
0.0025705394073807369
0.012278016308941266
0.017596715629345217
0.021601777769208894
0.017379637604660301
0.011411881855013482
0.0079724470573330798
0.0067742294430878395
0.0007306027674264309
0.0061679085261276351
0.010621299463471212
0.009451396771119067
0.0082354895415736179
0.011833125315892281
0.0083983477126431654
0.0070357102195337
0.02373968980348919
0.003641397777623769
0.014992294142857833
0.0088803849165044971
0.01028318370635635
0.013529726026860452
0.0048919611921448584
0.012635132094790179
0.0085660752923235901
0.014985290921181315
0.0054356186372993432
0.02208695551235294
