0.66598336344997722
0.68002770868802531
0.64338722674039184
0.66675815782960579
0.6452819852958539
0.618259519546004
0.69331443139689608
0.59039044985745059
0.53486245058308823
0.55204582189042539
0.57979628868505273
0.63332514947005414
0.68274908241182408
0.68289555889189391
0.63833456588664672
0.70578841643684798
0.67215744711246728
0.63088153744327513
0.62257600703918214
0.64053062351467716
0.63610991806059658
0.60892301668076509
0.64867273486172428
0.61870378056351005
0.64548280847286854
0.61309999627054201
0.67295287056030484
0.6041519515085656
0.63607355643847108
0.52993640793006025
0.45034429512595997
0.65239527181923007
0.69412482812435339
0.64576156481800562
0.65840849315979633
0.6478283644656454
0.66010801889581217
0.69503998280057233
0.69079447889408663
0.69766170278207584
0.68501214629807861
0.65470228569877009
0.70373010055840834
0.70896907032365641
0.65553506743422396
0.6838563802874924
0.65068775412466573
0.71218542486639647
0.69722931758357098
0.68057195379202817
0.6782162880915521
0.6650058461073397
0.61992523493887586
0.66770109739929118
0.68717187405591151
0.69999870666781461
0.69596958425437394
0.6611515867055513
0.67441903468174902
0.62823528847990151
0.58023438081537193
0.56976870382514599
0.64795083672195053
0.68073983989989562
0.64086604356751842
0.64860322494788503
0.70928457722987814
0.70384361042660748
0.66938414949692815
0.68801835259888866
0.69037076284234133
0.54568791436531838
0.64188466982200298
0.61768271108109696
0.63833764740563592
0.64683585546709466
0.67834354726274837
0.64356575194540688
0.62726804926736202
0.63226053632585
0.67230051479463759
0.68417171425674028
0.60331213565963226
0.63225834060399988
0.62801182305684211
0.58295955589046788
0.53944442664146919
0.66942162753974166
0.59415893852895929
0.57386299166727084
0.55004111573663994
0.63386331390015982
0.6368471787224731
0.62966707475410355
0.59534223084867777
0.5865628209110193
0.57493236612104148
0.62429948733591023
0.59342489593593439
0.64272698896300562
0.52661030113501728
0.54396803235513291
0.61346335354317472
0.60521027438706732
0.60315814114686273
0.70435374163170372
0.64873784064009632
0.59658292838518334
0.65183536454199453
0.6359439493850767
0.64835909634531119
0.6268767945743916
0.62047930363352366
0.68191473198363473
0.62062628441266932
0.53002358666685045
0.53573353658734613
0.49627607116174549
0.50145046495768497
0.51421077832013884
0.46768772955897336
0.56164764678292867
0.57302095646548434
0.5401506258244273
0.57155488524397469
0.60896898411824518
0.523187465840665
0.37482276662703795
0.41385183396266451
0.53577943588799759
0.564514924626348
0.48639604354129151
0.50193629831169051
0.47541289866101488
0.62607665406044832
0.55304048884971269
0.61679648847717361
0.6504666914337589
0.6540353856590303
0.63847120651667322
0.6597444415143654
0.60156199254933729
0.67455681619056584
0.65841708925106657
0.69006091458830177
0.62331781854455259
0.61957759662631684
0.64700956528103637
0.63182845128655851
0.59570275243118098
0.62908517415159837
0.62937129070415954
0.65789109018774228
0.67454462302807061
0.66095252933865201
0.64448366166671778
0.6573857235720536
0.61994629354765873
0.63018672858674918
0.65615513648149804
0.68521740325404212
0.6559021506308288
0.64779072404777138
0.65702377888147745
0.70350920564734964
0.68046361703702252
0.66393695925528284
0.63633500645872831
0.6514293006904498
0.67332078133911466
0.63892849536322571
0.6290291838701122
0.6434700148466268
0.66813969099165105
0.69609052779656266
0.68048686477761056
0.65471467592436261
0.65090518160064892
0.66129086376925716
0.69392986371628629
0.67774803101019698
0.6473906234326664
0.70214175203290996
0.66938158501318068
0.67021584195059658
0.68111390535407024
0.62270558289228639
0.61920545582663788
0.63370554931469503
0.63215788009140716
0.65731835240135195
0.61508873141818177
0.64762034691784398
0.64496202759808019
0.64949511824080308
0.67651038978686295
0.61631641633313594
0.62612789459347307
0.65363100154042386
0.69271711292681892
0.67306021009417039
0.56562766203336123
