0.0053286200188945145
0.0097523726028724365
0.0091070151747092484
0.004671525074582919
0.0074557057811206603
0.012271217377173805
0.0023092926934930951
0.0017653006637923664
0.0079895846080412381
0.005403109935014915
0.0077114879321905387
0.0039514490733587385
0.0043128128142159647
0.000967805810899203
0.015595955601090764
0.0040391396357949806
0.0070897354410859349
0.0062008673221649871
0.00727467993596772
0.0071231994907688468
0.0055609021646549099
0.0068658406776441134
0.0094643536567706153
0.007723813291690175
0.01141627627932185
0.010299789427625555
0.0044183871345982381
0.0075446477424606466
0.0097494258820195918
0.003065907279774354
0.020529005523274083
0.0022116927818550212
0.0088203047572026211
0.013694593129537667
0.010193575454463111
0.010567498507191343
0.0097751300534626787
0.0066188487672637431
0.0091722196530304879
0.0072074735792758832
0.0075957136728264478
0.0015912187707944185
0.01278477540820103
0.010649633846090925
0.010758936064981425
0.0056765927304180362
0.0022280940603028529
0.0051568104164725626
0.0081687365115661308
0.011567741526494492
0.00565200726863986
0.010049900735295974
0.0090605689499021411
0.015141985021306986
0.0049615917967038067
0.003460738702945955
0.0028055765649242607
0.011068028042748548
0.006306916432456987
0.008153716342302034
0.0039093910098097753
0.0079802397386067227
0.01147013494862591
0.0093796786676791123
0.010877057971061017
0.0094963590686223641
0.0021686143890484091
0.0031640574789611789
0.0073587459800014106
0.0030401771354110797
0.015980885601805848
0.010392609265005471
0.005623246728371601
0.0085806673334440347
0.012774069456359474
0.0020633134526621181
0.0032425437263500574
0.0091546927174545739
0.0047302579854258536
0.0053340522100808379
0.014208762102706208
0.006263610528751083
0.011784057553618263
0.0021458622600513608
0.0086741461172988137
0.017861182381988784
0.0054668981473794233
0.002200059540391448
0.001920088290723352
0.0052209208797491993
0.01868534203034982
0.013182246588707666
0.0071444453853671385
0.020506502392320273
0.015412277371662788
0.005229041136255632
0.0072072165585877748
0.0037494687774956605
0.005846143471029637
0.01513330790268869
0.015431074638758336
0.0047404758548144198
0.002518214968302273
0.0053220655455694984
0.0088207965364005356
0.0056447125121061653
0.0046630457275215762
0.017749211499001164
0.0090046548273497087
0.01073949554106076
0.0033652872788467849
0.0037071425214954632
0.010917465732788217
0.00519923433529146
0.0031237821366156054
0.013053851824264762
0.0077878059780760395
0.0041108921933199118
0.015860366289027227
0.0089276412730203251
0.010149372436725706
0.0059207185231256896
0.0061373423327646687
0.0066576828938136696
0.0061891675967545145
0.0065911667644400753
0.0098124417167789052
0.0065951765172530498
0.0032011769618507011
0.0041885182036570925
0.0043804497950624003
0.0065110126435337402
0.0087325640554704025
0.011074214158118946
0.0090180470608625558
0.01116652676371128
0.0068991926816932983
0.0013188094624153311
0.0091093067948884478
0.011963836281097888
0.012233624866327553
0.0016338513690329652
0.012359025092600496
0.0088879713491077372
0.012074652004172263
0.017540806160775871
0.0056384930845556416
0.0093446682155367018
0.0045075255861976842
0.0059432689310947437
0.0078128295527048544
0.011489222065006228
0.007139280621205021
0.0020446507609656575
0.0007121985003119641
0.0093646066148073033
0.005571172081897475
0.0063573040629295099
0.0090760271960465926
0.010380347599849271
0.0053575701274946805
0.0062681095683407633
0.0091437130914249418
0.0063392103193026204
0.0091679792617364794
0.007372914116504042
0.0031854019747513977
0.0051357390862943305
0.0091386168845149947
0.0099483339019449477
0.0080676557548488882
0.00090455147024567375
0.0059684769643106352
0.0083586670286586
0.0094684683486620791
0.011561169269448689
0.0091196973879323334
0.0085103936842134253
0.0073517626409680481
0.0080306820898795699
0.0010832935571293675
0.0035333718956608198
0.0057373378056776959
0.0059310692842618907
0.0088189091767802118
0.009332179059869973
0.0060080181459522463
0.001504407349407466
0.0050875836552775958
0.0042543443961478491
0.0097411033340312984
0.020065457601197718
0.0025475735900858713
0.014050821070735018
0.0010919250357245189
0.010866936982218202
0.0043082195111878207
0.0048713637176726098
0.0074488259939451225
0.0030231853642040513
0.0088001350636134051
0.0091818487019521781
