0.048574284112278675
0.048177028538544824
0.032056607283646815
0.060988943342474462
0.032966184805468285
0.036074857746496262
0.038437037726532286
0.04077557344709383
0.020285304554323209
0.033415315845200889
0.019563775358304197
0.014140414162660962
0.060565641827052513
0.026288983109736593
0.025291124351591265
0.028681506290554066
0.023995469727602178
0.034067929810204615
0.010971022472945714
0.042586255298893642
0.039520646736698119
0.016137950028255917
0.028153646212839327
0.05322285187417293
0.02964204737412238
0.020148214834667701
0.05494164537467662
0.012535815709984298
0.017797338905784152
0.035402490677037837
0.048088735576938317
0.026386617299165915
0.034212659477431691
0.011559768234472278
0.046188916245093387
0.035591587262005397
0.049525591453821426
0.051204553056770997
0.036598226987977094
0.015906774698173014
0.017449975102455679
0.036538799829500812
0.010316650179224226
0.068351842040812363
0.054968226815652131
0.037745021302662045
0.021135564966724151
0.030771305893735321
0.016681909877844261
0.062284040219030008
0.024034004241681145
0.012432818551944098
0.0070063671278724352
0.024975905168300845
0.034175394364645423
0.019196669042569885
0.040548649624631249
0.0361548049970472
0.028873927033842027
0.048778356043492059
0.04007757883089464
0.020910118885224833
0.015666955252036836
0.033723276190333315
0.025891813117437393
0.035798573019856041
0.032234009136324661
0.021330382766769473
0.046098557595391644
0.046278219940458928
0.03665273361348434
0.051912282637854933
0.0082396165165297651
0.015316118162429846
0.017918445019955088
0.022909658029526415
0.031550291544756109
0.024009859435350778
0.030283548648144847
0.029012028114938429
0.030081678645338457
0.029245109375444722
0.013062398865272528
0.016367908696367946
0.0055786154964486577
0.025892923159681815
0.0043688452342632994
0.050823360326796373
0.083811789502430303
0.011710000430459713
0.047244714639124552
0.032795976444041738
0.041420508711809599
0.0061115690060893745
0.029057094001507543
0.031436338456738246
0.026790351726004701
0.034856512928123855
0.0075146840380340679
0.028751397357859323
0.032917314121770638
0.040825177010792989
0.063652832766398368
0.051763344869714074
0.062523067203871657
0.048637958138521772
0.02710435019811272
0.029605626078564425
0.021132249379287763
0.042850374352768623
0.034439642827363302
0.0097725960406943018
0.032342127262588991
0.021183587955200627
0.0099279066673429762
0.012719546823866907
0.021562279272227064
0.049846576597938785
0.024098222463212051
0.01276219680958984
0.01208059988153997
0.012442536378982794
0.060796130097735636
0.038098398704819444
0.022830338766818573
0.0066308925014745383
0.0066595958093754798
0.01773962614072655
0.043054652608929454
0.040318920842090128
0.037400991031289792
0.014277997541142839
0.074752251422237889
0.024831452997739759
0.016904575159390731
0.023249159186232507
0.018205108083318471
0.032554659425321923
0.014793012051576376
0.058713811015019879
0.032889746722304776
0.04159071943279849
0.011575168662205121
0.0082177543603121662
0.016642694361923557
0.040790858733246213
0.012874153209975311
0.034258632754128653
0.021167597140397735
0.039524995575804314
0.01911373953312645
0.065943473545006431
0.063086812465241296
0.059192469520740233
0.018719099100998358
0.030620706841506268
0.058751919519890325
0.040146926041103433
0.051690224291809632
0.029241089536004072
0.046311518158979346
0.015914902849222406
0.044033137074990611
0.037683532223540872
0.029785677938063457
0.027981552944130544
0.039453899933546061
0.053128153106973733
0.030133114766541021
0.044822097192471169
0.049764150557094787
0.032087668481502844
0.012995111272098885
0.012292482687673885
0.039575403343912574
0.066210936492474018
0.018527157500834376
0.015414624228991843
0.050684167810353377
0.066086117854992549
0.015882029481453921
0.053852170890197747
0.014994985235328547
0.04591659732602317
0.026189226036022195
0.013638940443737741
0.028665695871182333
0.012362102122622832
0.040129711386241267
0.01547815818490649
0.047017256702458272
0.028580777728248859
0.043625610358335391
0.001933095607207607
0.016218873515396737
0.036301298942933026
0.023595420830291657
0.050150156505870853
0.032389957336738488
0.046164406929305055
0.010861097641729716
0.0509241842709032
