0.069392121653010411
0.077725922579191004
0.022049668760124607
0.053958964831400676
0.028599219283980029
0.030378186936956774
0.039429452171951811
0.025940576120464034
0.034962158735100918
0.018669434150421757
0.045006352389868561
0.042092816508276988
0.016573614640568526
0.041619990356888764
0.0077686542401235216
0.026078161097039084
0.045976513049512502
0.026393212734262445
0.041163944693273197
0.047208255576169172
0.041891704990498761
0.027870191552528848
0.03407794230747338
0.030907634836498919
0.0049741758985798867
0.0099349289771936775
0.036027046938966231
0.034771012080070794
0.014238801444726536
0.011973615620522004
0.021233069231730732
0.024509813829309533
0.063761802237900192
0.027709493119750031
0.030764627636688781
0.067529318605446281
0.0098313407354387906
0.012014313439065834
0.052787412640420445
0.04721828121363391
0.010924202857581312
0.021159102823248621
0.042999278727871647
0.021510437731020182
0.0086122986799611907
0.045611102348885005
0.023381597049659031
0.025931975897575288
0.038472130246533523
0.038277407232714479
0.041816383826276206
0.028212862874116829
0.014814494605740131
0.031099403043733521
0.049583552250826612
0.02951196186024882
0.0066400609017131761
0.039035086186258637
0.034724099033726329
0.085840891836251251
0.026208592836574195
0.035258148712007255
0.026037970961895588
0.037520123014436198
0.021439267602193685
0.039065261798836272
0.016852899847603128
0.0463675404079446
0.013147884408195297
0.03390591258706456
0.025938993049037594
0.035826587750574075
0.01029881942593173
0.00046574613540095446
0.016993111933770715
0.019909599235801913
0.055693037227529059
0.044464997606394524
0.016646241947921338
0.045860809466364331
0.036938493247627845
0.07354792133511362
0.029279210162020567
0.021112696411524811
0.038552358330132999
0.027064855104576124
0.038396373173455532
0.03649284263156613
0.025077746967013023
0.053681975974112936
0.011420684496574397
0.052642209633100449
0.014548788741478823
0.060799642698389986
0.028130505363145365
0.034883706120367966
0.027320951684488715
0.033959803585906619
0.070063170092455135
0.0018629524455312106
0.031189777743795794
0.028058040509620959
0.017802184720087901
0.024459931082844222
0.039461846327300487
0.050398398017572385
0.034006707294007933
0.038031166163870415
0.020094578714361811
0.057052608514001062
0.025795432330036401
0.0048819415894961766
0.050464481976807689
0.016320824656312658
0.045006229748935415
0.023891371873842736
0.016746995174314331
0.0061160316784980547
0.055807040292396824
0.018597316762935651
0.027615113409096836
0.064003990361583205
0.028623529515712228
0.0057469554974484234
0.05519591770139147
0.04074613039389853
0.034002987554728747
0.023673227997520075
0.0075710367037419308
0.062906833707094462
0.023218978294726671
0.044950708393536612
0.0098363422999206956
0.0085361698691420861
0.014979002130365444
0.022367427067285259
0.0035150625996408706
0.021083519170490901
0.018237428860651644
0.028002080422841129
0.014764223832586553
0.03075174133852094
0.031950399986661375
0.035347627011805695
0.010708989006055779
0.013132468389020869
0.010475933824377942
0.026619531068190032
0.0306154609472362
0.044800014536279922
0.0039202669312540005
0.039988926659013456
0.035503835927295731
0.020712750575447966
0.021842581882622218
0.020172333668637073
0.084361518005645245
0.0095935840950008705
0.032124101368965832
0.034763776129916643
0.036766342597046489
0.032995420787526694
0.032033925829596924
0.042021187353478963
0.023422962234410084
0.038143493024004861
0.042892351767467675
0.020054475449199256
0.028957276318054719
0.010768760595817464
0.0065677151592620844
0.046899543808668169
0.043442238877590467
0.0013544422487461786
0.015726889869234102
0.0166438746283398
0.049710605544869668
0.033928273273848904
0.032169894633520796
0.027829178795951575
0.021488658667632065
0.010686222466397817
0.032407370405751486
0.016578705236869534
0.017833909442460036
0.048829220022146201
0.061526685160423054
0.024064620462931716
0.016412316185586109
0.036672631119446956
0.023674320443622759
0.019135708952148521
0.033261605094741721
0.019218687827183625
0.034986929680786351
0.056873605454328111
0.03900340592328537
0.017349946426425931
0.0060359551475601412
0.042436222889355169
0.0037717008418537991
0.020828525271519901
