0.014248096512457594
0.0082692274006215868
0.0093470445575822517
0.0029802279670678427
0.0026580718224446204
0.0036760302922286734
0.0080884202528284498
0.0084636084437057103
0.0029685346592215416
0.0073787224366687991
0.012847468475112339
0.008692049252941517
0.0068527878057837582
0.008552794206562464
0.010452893274054902
0.006155318185818273
0.0074487081572637281
0.0083483985782371838
0.01767962999003447
0.0032507105619000091
0.0037506446360438287
0.0053283206540193839
0.0022988987614295658
0.0031665154833802021
0.021457869053820938
0.0058961102452103741
0.010875832842783251
0.01313351791179221
0.013228780519631876
0.0094305303968324917
0.015732136331153924
0.011675957199495646
0.0093748770013745326
0.0060200663983335989
0.0014226381954751191
0.0076235639060422576
0.012199443032804305
0.011112576909582037
0.0043341249837787789
0.0020215214696107562
0.010006706052348045
0.012136301536664073
0.012762516931376575
0.010434730677493233
0.0060532178650969911
0.0037947756206450313
0.011852008105790382
0.0094348495127857205
0.0074250196402496377
0.00044207499995060776
0.0072328692746972132
0.012517509143774577
0.0082377334478426264
0.012935146367427519
0.0079250897940421287
0.0082336062945906723
0.008386022783065222
0.0057375209926015308
0.023102612869496591
0.011398244566678019
0.0033156519587516984
0.013367864391109121
0.0054555639491359704
0.0066008365933731177
0.0044106695334869264
0.0027497637569332306
0.012954480871506613
0.0037081642564194112
0.0045543591188002656
0.013911264382099482
0.009612416188350098
0.012954838039895913
0.015533571799711033
0.010182100260390833
0.015150868697899248
0.0053227669539855776
0.012724686029539753
0.010444539170865456
0.016843729497230304
0.0047809966856701153
0.011164498468650023
0.010560839797617317
0.0088792172715499874
0.01183484451648858
0.0056978239380797704
0.012035773295981137
0.0093727115561491638
0.0072641798058324996
0.010640469533814895
0.01109879278121622
0.013803903216641702
0.0066605111101468162
0.015065206982512644
0.0065592800145512263
0.0045778728017464888
0.0086847116870974825
0.0085578748143419273
0.0082422051259220894
0.01674089692753879
0.008891983527767303
0.0072271777502247924
0.0052373001328527803
0.0092755698318312159
0.0090622611229431473
0.020661436193994593
0.0051975177558958854
0.0071983664868496295
0.0083429933132195613
0.00675535020821882
0.0069413743314441449
0.0038572686041507529
0.0036923167364006828
0.011989090527898998
0.0097678628713166599
0.0066186285570578813
0.013234262210433109
0.011270773060583952
0.012304759110895154
0.017984447101950022
0.0041796028809398741
0.013000137491081745
0.0063904523074659828
0.012247090256154156
0.011587801584180031
0.0082119836807708225
0.010070444345644382
0.0131375244098552
0.014904443412150352
0.0054097099690480887
0.0085436296053723864
0.0037758780701891773
0.016062015136983653
0.01064820437713857
0.014249388518366162
0.0063457649249606509
0.0047765039997971111
0.01273958066750662
0.0038963268996780958
0.0092118137937835243
0.012990585526158399
0.0086062121705083993
0.001209696130825653
0.002142026623370119
0.0049966045438846335
0.0074094822574746642
0.0074359681583750191
0.0014581142364142
0.0084730728179934628
0.0065410520107883471
0.0029060456736245319
0.019783525321780949
0.007289640504192567
0.0064063055077770367
0.0071871596288551583
0.002888506082235627
0.0052881737741460079
0.003438400783009333
0.01139905399070963
0.0069557002171667251
0.018225986635867795
0.01524214310063032
0.0065054493329933898
0.0090765773197233317
0.0064186588417832775
0.0041555744434611901
0.020016623573007753
0.0071310287427624151
0.0077173632704598399
0.010102354800905825
0.0020871556456608202
0.0013790043884669408
0.013893659409875081
0.0096630071419028553
0.010133520322738811
0.0031758202928477757
0.0036063060414030196
0.0067050628846447163
0.0035598448272396821
0.010259942157356015
0.004672470202429546
0.0086718660944697917
0.012998320237357872
0.011542295621949852
0.010042357691743319
0.0036463306395205842
0.008350307564120231
0.0046774296816623189
0.011818475832745468
0.014065924278213796
0.010660682102636772
0.011495701202307284
0.0060491590227265126
0.0066373002956087532
0.011432602736614251
0.004839743945329926
0.0060866574442416501
0.019292131331624975
0.013865334470401242
0.012699655845857593
0.0060864010412249704
0.013592237540227684
0.0066257862211521606
