0.0026239131753108724
0.0048735488666359688
0.010585715343849741
0.012182420682246059
0.008865418651536101
0.010663445251158971
0.010926350192783662
0.017059682463699016
0.0037628500538831574
0.0085425364224636958
0.0016826993646276624
0.016043905054891689
0.012396761280514092
0.010930106342349031
0.0099623133623496403
0.010354420540208992
0.0081857346619536395
0.018356301703032814
0.013103285049994792
0.014806723894037773
0.0098268435176725611
0.00077777955317470616
0.0042653003730168792
0.0016406291686897403
0.010484140869266877
0.0020850752898597894
0.013346667714546824
0.011177628776543921
0.0030873997565287617
0.0090823218222673124
0.0083130317142998938
0.0043562801995906016
0.011879132670205026
0.011455704878814369
0.012968666030748192
0.0125819958751051
0.0099109610264448682
0.0047616933006843307
0.0027399069098437774
0.010592577614929087
0.0013880895524114895
0.0080843433213627688
0.0083111465885482867
0.0062438065715278504
0.0042760993157827509
0.0015300207035646516
0.0027861590788673379
0.012940481615922865
0.014776672833304692
0.0069739801341670718
0.0073644097602947774
0.020969626470174137
0.0066423313729124453
0.018331722072915255
0.008430935849506169
0.0076708196336905433
0.0059627983378968156
0.01196747322436836
0.012015518710382259
0.011419413718517546
0.010686910013213785
0.00032629440341163464
0.0073928442596704171
0.0080440612602216185
0.015802530668563287
0.0060253923335766464
0.0090171924647159101
0.0049872854357128748
0.0026231034104672469
0.014999075780370418
0.010013351469270767
0.0094840451941984958
0.0089811143332412021
0.0065102142682487577
0.0098053651719604527
0.0090104437646845673
0.015535450120287219
0.0094423191663452772
0.0051366004778679629
0.018860070755007431
0.0085025944876645897
0.0049341769637485074
0.0068087908578646052
0.0095748173692137995
0.0061027343987968682
0.0058789570365576612
0.0040812217387673202
0.0076683818645886231
0.0031648683006020814
0.0063059196972397548
0.009837659693959418
0.0025955692493113843
0.0065921956517343092
0.016587233909576296
0.0085077181850972822
0.0042064907641309081
0.016030964436561539
0.0078634022086279294
0.014141744759803064
0.017337540188138122
0.014969954895427247
0.014200583661775363
0.0047354220091763198
0.016879131585048581
0.0058731292852361302
0.010561019528861414
0.0040489902657157321
0.0015745939434869184
0.0041056836711532421
0.0096903488072544765
0.010272115922025061
0.0030452420103619605
0.021464708386864054
0.013030356894359954
0.0048331731424995292
0.005368294381321536
0.00070838150618975939
0.010451952597624803
0.009118180521881708
0.0022684292511183698
0.0097930495182199286
0.0083715125660521212
0.013499125516397975
0.0065237359744598619
0.011751061943343221
0.0068904121249871494
0.0049270155878914524
0.0089886606731127017
0.007618942257878277
0.0069384354968688479
0.0078892166021897938
0.0054160492890279284
0.0070321598828515667
0.013744131633012458
0.013450037583012811
0.0076653240876782408
0.0029127177962766011
0.0040090181165278703
0.0087131593087182244
0.013225037633380754
0.0050260449497657204
0.0075917273960398844
0.0083764848055692034
0.016741858428078793
0.0054343116083461476
0.0099559800973988352
0.0085710693735472562
0.0073924496357187916
0.013437959466233591
0.01061830357861876
0.015001881025578645
0.0076840883589642632
0.0082977389461525268
0.014338692237655021
0.0017490883914790764
0.0082469661696364556
0.0059964077417683148
0.0065777621068097789
0.0081146405828153873
0.004968119706817091
0.0093985610218116234
0.008886082740787794
0.0077195378544667797
0.012764411165869427
0.010456285851252873
0.013143053785217518
0.0067390604326193204
0.013537323653257318
0.014212119076915258
0.0084223875217479711
0.0022209074327907714
0.013083843627312334
0.0062747472390041262
0.0097411243780661846
0.0010941121111429446
0.0033313569557812512
0.0040694880843204703
0.0078569211490001224
0.0082278564362715315
0.006873046978955499
0.0061979014224468254
0.0044915504296379749
0.011960962364025024
0.0047166282267674282
0.0054345823903637928
0.0085938471671922045
0.015749795642430078
0.0087798310863445653
0.016442434569826497
0.014937613726610066
0.010888929447960983
0.01578621724588913
0.0088799661770636723
0.010005445700946207
0.0080537338926825099
0.01016814514146327
0.0022698825515445652
0.0050195496612129775
0.0081285127717905855
0.0029912004440634586
0.0057251308503424164
0.015512889429972799
