0.016467983998868334
0.0080413777421953735
0.0046844895498473847
0.0036091861569593092
0.015018462756389767
0.0030150228441931568
0.018671737125648395
0.021859665922556754
0.0094748851651321585
0.01386868255269352
0.0053238304429649589
0.0091073905163897486
0.0084074613520722166
0.0092987039971527789
0.01163207645517335
0.011337306380961889
0.014122871603940291
0.014779318173424543
0.010456568995996647
0.0086065953627030446
0.0052763215822675914
0.018028786057133109
0.018388966716795931
0.0024833745391455836
0.01278738349999271
0.0068774382209556718
0.0025872758967328442
0.0040209173059259952
0.014416228521203611
0.0096701362806724256
0.0060831582158147176
0.0059047298326006005
0.00558252386024332
0.0031478878432729942
0.018944727584730599
0.010600104325429995
0.012749435818841342
0.0064843691058556214
0.011066098402757938
0.0082500832788881887
0.019225446384358066
0.0015123562258112151
0.0088175167220667684
0.014704961988848268
0.0058652745691685389
0.0054472232572703085
0.0081449936513233092
0.0044286938129579692
0.0062674990723022746
0.0037649051133569092
0.012088072017487194
0.0038614611758116904
0.0034969491595600159
0.0091240056303834444
0.0091503063477991753
0.013790992034225341
0.0021339046196927917
0.0076748090514275578
0.0030992558444249961
0.0023352945292660727
0.0066739495458614474
0.0076366524570074161
0.023358602291962502
0.012688960349543834
0.012265207612807036
0.018459579924359242
0.0077020999413100477
0.0076760341375975739
0.011667576276744199
0.0097180354484269899
0.01260117932581477
0.0084332790115219224
0.0056531241103752339
0.0080342002197985162
0.0098411493039343989
0.017174030063367138
0.011132005461811095
0.010939142694438578
0.01225922406247431
0.008085731093641052
0.0090842824798249462
0.0045711420850176243
0.0016799448014051959
0.0090340363964199685
0.0080993145221510184
0.0086159540838564898
0.013458812879385764
0.0061952845690229743
0.011393607433898133
0.0094102939695915339
0.0059205452073871319
0.014972915483140545
0.0079098895789928379
0.0087822131873672386
0.0059844220254155435
0.0055507897751579331
0.0077731003529719457
0.0038795666941422685
0.0064921879669641597
0.011037428104439148
0.010516117846725227
0.0071839815332787769
0.012120920817494156
0.0059135852056274151
0.018431197504245385
0.0064692684329564045
0.015109581718471985
0.015465665974086829
0.0059579409193142811
0.011132254139540341
0.0081145764395046029
0.0047891736257655339
0.0059768620851895285
0.0096473029471158354
0.0017816922120873111
0.0092543436230154933
0.007203466129600173
0.0082523276444104975
0.0042670760016439609
0.0065294323265620968
0.010372925139972861
0.011511563921527697
0.0022047792160156086
0.013316565670070569
0.012757558255865244
0.006217600078812521
0.0051035040783943613
0.00773574872521509
0.0068586380854037572
0.010000733260391003
0.0092775795142561995
0.010913210781523987
0.0035087283845576496
0.008283532873708593
0.0079564316927562065
0.0059877301895671364
0.0096524383844143868
0.0076819130105252693
0.005825318581038361
0.0067975971068609314
0.0096000907263265618
0.0020424821885120423
0.00128638478928337
0.017707670541415869
0.0079579067362592834
0.012742611060384677
0.004642248080877061
0.0088744669682543371
0.0034623692374885903
0.0094673727272613431
0.0097480422503833132
0.010193021267385379
0.011466744677942836
0.007890542832969371
0.0093366673699996038
0.015984125989479122
0.0062953827110210931
0.013449524170726651
0.004864179228788448
0.0078217398228789693
0.0011786930658518892
0.0084999795466648535
0.0016664697369077291
0.015086711301879207
0.0084242893618894678
0.0053935133309434748
0.0089853008898449251
0.007158990977031085
0.018294292151746758
0.011617943504145762
0.0042005039111762035
0.0066805130822363279
0.0045622700290033642
0.01159667282762996
0.006131586510984605
0.017459032350414769
0.010281808921641062
0.010261714469852502
0.0033725966313393725
0.006271319381849277
0.0099685591662054488
0.0092530184761674544
0.011721629049760198
0.010800447979913187
0.010624481487930498
0.016073292048690752
0.008501970985351907
0.011965688548650693
0.004928648969803215
0.0046920855774764897
0.01992742140870854
0.0066104008842293198
0.0032579667419240905
0.0026027024335801108
0.0066009941877743054
0.01872282779537927
0.0095348439501884551
0.0056707926741211721
0.0147335990991047
0.0026104787228388537
0.0096616649710940319
0.016263355745677489
