0.032667556907232539
0.02137241104655295
0.035330594536132361
0.014920925763323515
0.010889676814622926
0.0096141209380006323
0.038818092617713393
0.021127945999978859
0.019955690225578845
0.025644724101693574
0.011976502550468142
0.015187506998417951
0.0024922701829958212
0.029045995369362518
0.033968118760506205
0.011395837869265119
0.01109355861155251
0.01587745233396368
0.0092494242196421387
0.041245944130353027
0.013504083521083411
0.020494718077592327
0.024149906532905836
0.013208374374639299
0.0060030518345998065
0.012805307793626581
0.014197641668857675
0.01925509979547169
0.022903020727080881
0.031516210614670838
0.00984165584715933
0.025561915100824787
0.0079825652234250272
0.017574121997733613
0.0026580615189115597
0.028585067623296514
0.009482069671461691
0.010180479911809568
0.01911970508428712
0.021546992816612615
0.023372945238060661
0.0061393184381192964
0.0087948215582125556
0.03090924376177254
0.038644890445018384
0.017412945370562878
0.022867265880982632
0.012017948950819434
0.016515004293431279
0.029653522982697855
0.010723887324993027
0.0061521767985433301
0.012425930782401185
0.023187616620118184
0.031122367034004946
0.0074457407760637065
0.035692144886909367
0.0032086821263912178
0.036888702096505736
0.021406799802394325
0.0054558407080304858
0.011904890732555802
0.038220177761511168
0.013154068156236065
0.024350361140764904
0.019323906002552859
0.018887171309424026
0.027806096189317606
0.03338437314776363
0.022726606730861416
0.013961046142248287
0.0048303939548813256
0.025250815037505661
0.011372351168608571
0.065359026044552931
0.027831263514911754
0.015315965044198311
0.012576817845362293
0.022911923740448176
0.041622415378647845
0.012243050626950625
0.020359065549022087
0.038908391622725171
0.012712381669941746
0.01615950416923775
0.014979722518122152
0.03781157563880027
0.0089210394383572658
0.0017750859726090135
0.01257001573986625
0.025433195638795147
0.021126611722930042
0.020617375172320321
0.016668092929258364
0.013205003827501663
0.026181709300952309
0.010909000712802291
0.012589785429468609
0.031961261004498566
0.0071890204483107557
0.028632147684744421
0.021450504625739331
0.023858253116670388
0.023685226203095867
0.022622168189226213
0.044075248732104902
0.013681062922183082
0.017985581712215461
0.029669051679947489
0.0097958806904489028
0.020426821760621716
0.031235239150460212
0.023091891940427049
0.04305544662849705
0.019992274563774306
0.015623078794879942
0.021743987697171448
0.01790524431663678
0.052999405588252127
0.023133867048500813
0.0095253951270358843
0.016570494312241918
0.0073691448768711618
0.030753830215272504
0.0036304841319229303
0.02803852046226555
0.016349496248643656
0.030673407952380261
0.031944530884570915
0.010185358106466062
0.015176885677727856
0.0043038234658306302
0.0083282214764973227
0.0088577645840091299
0.013927779240181459
0.027038035149096893
0.01306284544033549
0.016648217575171598
0.020121171379707443
0.018248705119208765
0.030763016263539115
0.0038678761625470116
0.012682067115320652
0.026223158395172929
0.02376253734457353
0.035934374975296487
0.018346279500848734
0.018873990232519375
0.014061071500193357
0.0098139371153538237
0.014338636026225524
0.043350747031660815
0.01255496046213656
0.032008434187702502
0.0089884689498290413
0.021402685509626745
0.020241133364008172
0.018375113605132144
0.023463570078840142
0.0026211598116489426
0.033104834956711869
0.020345598294902574
0.010619929174609069
0.0037339574477217147
0.0087644424672694513
0.025097509919216672
0.013626013085566092
0.016991537253101919
0.021799275224662348
0.005159019960434952
0.017567369167467952
0.023170439519369288
0.019346909924343618
0.012886640302370031
0.0062697267808171338
0.014151502427118741
0.0082935714464635654
0.010960799551595308
0.026165582913840291
0.015898181522420264
0.0035534397080362939
0.0071856464368766117
0.037349892041675478
0.024364596019066605
0.04454781022665074
0.012777415013787532
0.011145900232770962
0.0098666411200800663
0.021832409717999973
0.018760221918172962
0.0059236117760159968
0.013000497833477747
0.017330905041170637
0.028495369258218172
0.014236468055214266
0.0146454819332811
0.01587846730754261
0.025203272355093117
0.03279967340207305
0.025687424947790569
0.018278370397116682
0.011374781754325301
