0.0062056602803597085
0.006095298569503204
0.0033851606203431899
0.0031411031913752955
0.0046361353695770343
0.0029142754896157455
0.0052848303004317237
0.0069754633693048552
0.0057480886835744958
0.0066213266021394749
0.0035514717428787798
0.0022716782817867897
0.005423480956290032
0.0029127287653428037
0.0021194392335214442
0.009239081080348651
0.0025337393407644502
0.0048361226635312777
0.0029962881307575222
0.0031375875863605658
0.0021885511208327808
0.0035892334126293871
0.0027558986365095973
0.0031601678977157821
0.0029469773408673963
0.0068384040564668331
0.0035796517774896422
0.0045111834899103772
0.010854543278386756
0.0081231682784819615
0.0021772722825201666
0.0068819874305497478
0.0058212684923514418
0.0037246138041739964
0.0022774092413480928
0.0034294815690107607
0.0053325568431409464
0.0092494797550644308
0.0020757160009502052
0.0046657908843650946
0.0015438326953614841
0.0028629717006963492
0.0044393164449169058
0.0038861611374363253
0.0014466319900729456
0.0045985496041660674
0.002606126739755933
0.0093890554275078471
0.010314067691827284
0.002493396457806149
0.0083136542345202315
0.003296331806210728
0.0041403473279244801
0.0045837089398965943
0.0020408803405850013
0.0058110698038673983
0.0053174664757354396
0.0039782983137834462
0.0031681649585820273
0.005203248862293796
0.0028469205206196461
0.0031062257919848078
0.0010801776884670474
0.006080891089884446
0.0023746039868550455
0.0010514504621365595
0.0038051363904655642
0.0058627333283018113
0.0059070823367928411
0.00082717148474493942
0.0045343998768930804
0.0021171874224452376
0.0044491992656549607
0.0034822205528467899
0.0041984548401981436
0.0045840689686779497
0.0025095059199347273
0.0062659600675628391
0.010160127356074725
0.0051545998500577561
0.0027270340708606322
0.0013756635081630937
0.0029524678496229396
0.0088813177189157114
0.0032020851252707924
0.0036114294215340158
0.0057713263921709617
0.0004419477425259525
0.0041065714421287484
0.0060223860881512565
0.0074887188417853837
0.0052486669338844757
0.0057080034364122255
0.0072799641565052696
0.0016250869810543857
0.0053625264801768179
0.0077107352943403956
0.0055321368593821609
0.0081228282850818595
0.0018754886057078409
0.0041969020830312509
0.0019058654236642103
0.002867763555522076
0.0036012961524908246
0.0060967605809329429
0.0033437407040755917
0.0058652469850458949
0.0073896317738463436
0.0044871210418005536
0.0047696939617136828
0.0038105124191524075
0.0067752647165604781
0.0056331599511768148
0.0012015251986122158
0.0025607619807825393
0.0020130492265742692
0.0011046998186667141
0.0057118202417888861
0.0070376854408002315
0.0063121083960741712
0.0053434180699392531
0.0089995582515367666
0.0086077448160272723
0.0048350512855750375
0.0018632058640418395
0.0029313973832158519
0.0028367583990684727
0.008060801921737748
0.0021965920840639952
0.0055306537654733791
0.0035756099977896656
0.0018532802698111312
0.0014848121757245064
0.0032349400612164533
0.0042484091588568893
0.0088412675957728233
0.0017272241136605403
0.0026631504642779251
0.005633246140876901
0.0069635110507288026
0.0046834276694887088
0.0051317051582344536
0.0046085499120445579
0.0033812386227858827
0.0038921355062612761
0.0067929833389870076
0.0020006564613050137
0.0081736434093267665
0.007515239794605214
0.0052406593139906095
0.00081549464430925205
0.0017690304877179225
0.0027124763125939548
0.0029600467609932073
0.002679236201354743
0.0024640718882974443
0.0092518858663132898
0.0023593729752147967
0.0033583511335703491
0.0081349639032647428
0.0090219192445788882
0.0023380832074063793
0.0057277630187393732
0.0051098174812522334
0.0063180692349494548
0.0036317090260981882
0.0040509941143017326
0.005457424856960256
0.0035281120054673552
0.0071469447996668515
0.0055521563198299342
0.0090806749178085743
0.0069046691760598607
0.0037233044748117292
0.0024425616967806828
0.0041039071657450743
0.0029416365277074052
0.0010859532922011387
0.0067328262341920493
0.0077053562774878391
0.0051514894291094697
0.006571942566741369
0.0027796218793022451
0.0027572354648790886
0.0047104161311491916
0.00041241647803246266
0.0042744629924846974
0.00033019873812147515
0.0087159023729436076
0.0054889974310396014
0.0057126566594739234
0.0059160177459902982
0.0017492557048654875
0.00050276766048443949
0.0015163688891236503
0.00093055646997155844
0.0047446279709315014
0.0038975537792328568
0.005547026938055478
0.0038206430084389595
0.0013176647249349516
0.0014628153456513829
