0.01139033421138342
0.0021565786941397311
0.0032877869615016244
0.0075708511718407473
0.0070915258824196283
0.0036932014137592392
0.0030257911879786482
0.0038332269641303722
0.0027326784652529361
0.007902908564876767
0.0099039417726605374
0.0034583521570270195
0.0052538930506640224
0.0041486831761671627
0.007010098628147692
0.0043660170498606926
0.0052321128392832971
0.0032545182527308962
0.0052816748038318345
0.0047047367448066479
0.0014452765067568642
0.0057847188267076887
0.0056104575152262073
0.0025427855236463668
0.0006628520718422121
0.0051713664155626973
0.0049028411102035119
0.0016780059880767261
0.00075718697635810783
0.0073414031174499315
0.004531220585586364
0.0019875009261592627
0.0053795638228245008
0.0042499148592940756
0.0061516309296224415
0.0017304433987608032
0.0055516573968009131
0.0077025630983909646
0.0049707219922666395
0.0023830161669797728
0.0076632666941867048
0.0056918826382635892
0.00098574279595116604
0.0074127904361508175
0.0062267160082127623
0.0057984236391572961
0.0017124231154927922
0.0014417950436612515
0.0064739821346007261
0.007390891194878982
0.0013014755283258944
0.0050647346552772851
0.0039237672176078917
0.0028174860571132882
0.0048558131497235864
0.003877811413567518
0.0036210070887173003
0.0044725116107587814
0.0015921886221806863
0.0022727536565154706
0.0074082969799970566
0.0067124508556863109
0.0012032165975926681
0.0046223776569879194
0.008704176406439534
0.0041595665058263764
0.0039347350273260893
0.0083552342645995571
0.0049133243865178804
0.006337324284687914
0.001843742888638866
0.0042408913921046891
0.0057458488101350324
0.0045889212164680251
0.0043341605763942814
0.0049390715186403648
0.0043116431928173216
0.0078907031561633832
0.004935293330803921
0.007490068255091087
0.0029428159570722718
0.002587963783306228
0.0019056798853864128
0.0088653510465320582
0.0036718036307593332
0.0027169616091267342
0.0019767156824120526
0.0029595686303163352
0.0043111511148487512
0.0015818974525629095
0.0009390853535020965
0.0062920467216381112
0.0014848233743586412
0.0063629054730128072
0.0036392804614914188
0.008410286719552091
0.0067162545170905003
0.0054016314431552092
0.0050125938153463001
0.0046650602678956687
0.0037475955760946024
0.007591543962047767
0.0015200729042772279
0.0034525635603780643
0.0055705893620485994
0.00092924099729355765
0.0033722050538391507
0.0034347878234795653
0.0026117142514238993
0.0048171800011191099
0.0013260170233451755
0.0017526847973927074
0.005202354135729159
0.0086322993274230743
0.0024539745582569735
0.0040107143546553896
0.0037922308173227504
0.0011042617395162961
0.00044081452218031584
0.0051714237369613744
0.0051061443907848498
0.0034361521675851728
0.0098768303783014801
0.0031310894860558541
0.0027660983813241366
0.0099445849304406631
0.0037981903192777309
0.00025809085911152871
0.0044269999656635431
0.0082829607676109616
0.0020519549925983125
0.0057357184373306655
0.0013276297392131025
0.006873091595147757
0.0031436637408622536
0.00090321992393544792
0.006019895431242454
0.0021152224691125742
0.0070452330242328958
0.0047082157362866956
0.00084934833239354302
0.0025128357505641869
0.0028735239696443325
0.005059871286049413
0.0065499658971480655
0.0047382681374852935
0.0047277818816871073
0.00067485496198157265
0.0090829862273156727
0.0074296623126070254
0.003854828692264064
0.0045097726175952531
0.0066892717458895924
0.0090729297016767865
0.0038986461285274374
0.0066691151343459534
0.0046847102826707574
0.0011308219100918163
0.0038229918194520708
0.0046362600497512202
0.005128747928755866
0.0031176643823192709
0.0019681307576226619
0.0086813660509993205
0.0035530367918721827
0.00087977986911314887
0.0041039418371726514
0.0050181913239577868
0.0082799545895020088
0.0015851709846087885
0.0020417154886654353
0.0040617291633456573
0.0075851617086072423
0.0090531167471087706
0.0034062328235629096
0.0042090201628529767
0.0024869435129774224
0.0032243229246977944
0.0040428962714051369
0.0040061723421794442
0.0024419700545335469
0.0033254616210481921
0.0020313987482978896
0.0017907980871522957
0.0021134721104063389
0.0056207578757842876
0.0060721373456452407
0.0072471108668212382
0.0073138716026224758
0.0048348744154006152
0.01026482718418429
0.0024491149970851519
0.0044759974555550223
0.010532110559856133
0.0013508886176879504
0.0035230827741459694
0.004420637763018341
0.0013920298626637392
0.0014364303649789243
0.0029992187064033235
0.0041337496435991244
0.00036659529110291407
