0.004508287068633386
0.0069077961937947805
0.0024957638666503789
0.0033711113608101062
0.0092873921763158094
0.0044970291108191651
0.0055239743368018868
0.004396393305901458
0.0060977608218832444
0.0039633435302933043
0.010400350187901346
0.0027219528366121113
0.0087590323085938501
0.0059335540494080035
0.0046932058583042469
9.1888088844264138e-05
0.0027042886223575128
0.0041350431664316989
0.0054984239595470483
0.0013907154771323608
0.01431667124994603
0.0095545698089726881
0.0062507234493707322
0.0069013091137039928
0.0018871564558479849
0.0058891723973318886
0.0066105428071033022
0.0036004218645087089
0.0067630796976648651
0.010915436244744881
0.005583139683727375
0.0047934035843491575
0.010563909930477818
0.0036822473686887592
0.001956792132509942
0.0051439124432124611
0.0086153080314153533
0.0084566868937088636
0.0052289531567961661
0.0052679128059169413
0.0027883242161946282
0.0048324257780323291
0.0086040337429130458
0.0094582433769890631
0.013814510024563423
0.0110089994269122
0.0069555193101190739
0.0057168372866863975
0.0019228739719309663
0.005299787583700896
0.0074195826525832991
0.0085358350820060325
0.011933240156481343
0.0059957564676930463
0.0023587980836445627
0.0075733062888923624
0.010864053586887464
0.0084980270721363473
0.0098533151268533677
0.00022542641386048045
0.0080459803114771439
0.0032480931586432943
0.0044976808629401347
0.006942550261331005
0.0023590852325421955
0.0030657173581922471
0.0029821427530689433
0.0038794657770514348
0.012128600019291148
0.0044114819007728609
0.0078598334312579912
0.009723255277032947
0.007239496844459418
0.001804883574511253
0.008515108262921494
0.0018326195460193887
0.0022246886973366999
0.0038050808953036938
0.0051058371858782835
0.011691143175990645
0.0075427575176351871
0.0048954196007397243
0.0024978583700380284
0.0042745027408330645
0.0030083918792588346
0.0058380748353949749
0.0038232690668549099
0.0029122994802853915
0.010734114350863905
0.0071340401657107935
0.0072195904670355636
0.0015804065592387479
0.0060753162850660175
0.0056095702277215529
0.007216514736749881
0.0056238271836986245
0.0046851842026888893
0.0068672993256082716
0.0041865401137482607
0.0028198981007532737
0.004641046106286113
0.0025206838988671141
0.0033480687917737902
0.0048617853166304957
0.0032521441569070136
0.0029068430904993373
0.0030313250751682927
0.0069166124046090328
0.0098308047775054579
0.0065700830885835919
0.0053572324763295435
0.0029183373682243542
0.0079851947639331799
0.0048894490894554913
0.0024113837852314107
0.0015717577191537355
0.0048604847331020912
0.0049605656238817415
0.0061308236635183528
0.004329491476097581
0.0028569435937184041
0.010994263900289954
0.0012850068459692395
0.013080761546737882
0.00273544195850797
0.0026380201789804104
0.0019094059906502379
0.0070272721526708753
0.0077986125725673641
0.0065086159006230255
0.0062210944053921078
0.0014814483499342918
0.0008683078214855865
0.0042436045452262814
0.0084945196165789275
0.0094168945175936662
0.0097552645867871011
0.0060668131557082361
0.0030612971791260215
0.0036540143956547838
0.010655882099367773
0.0065841540640502391
0.008238848573292188
0.0049694589145878685
0.0058767914294151208
0.0049200101884352906
0.0038300904223069858
0.0024594809378170406
0.0024179744562074965
0.0020994686976109887
0.0054060047082620348
0.0037484731363735748
0.012124742449073266
0.0050024294530589472
0.0065433732807435151
0.0060024311777498972
0.0091744210730019607
0.0072618366722605986
0.014072237728906587
0.0065214984362256274
0.0052080142043182745
0.0047578252274211932
0.0068935756030381809
0.015743891874058589
0.0052504402138865399
0.0047228594892364945
0.0016817980437807624
0.0072039859285922296
0.0017644123668641722
0.0065262008100088397
0.0021227491247878699
0.0029338590606348288
0.0058605134726890541
0.0051379338553990501
0.0078533090444202654
0.0093919613023273375
0.0070801190521040652
0.0040125104470717004
0.0037182647614797397
0.0082617501404928639
0.0065622133217639904
0.0077514257687791724
0.0042910049643259266
0.0023361820996440196
0.0040017669160299987
0.0072564723477797936
0.0046682592073348577
0.0061354254102530771
0.0023384736794066037
0.0025301094714154336
0.0022941844783396469
0.0018486352830603715
0.0072148780907289947
0.0034139264475592148
0.0072180052653544559
0.00040706562882006966
0.013855505448452337
0.0063509207652436405
0.0092335553133750387
0.0026750385723297312
0.010111201808245832
0.0060126720769941057
