0.61680343986509478
0.54859550267193014
0.57258313340196398
0.65300902458155041
0.52183870152041811
0.54375256230351587
0.63593411791008125
0.63113500555905533
0.56954220444761472
0.50895949801934293
0.46107666675557074
0.60736217955198757
0.51472177780493045
0.49568017767489236
0.53296595217621712
0.4651638940454153
0.538062731273934
0.68909670596024042
0.74676583441739741
0.65561339944896802
0.664482213516572
0.57325853850742892
0.63233211145457313
0.69445349718272686
0.53969417695444477
0.52126672469273128
0.32159352420255205
0.36851636048782288
0.46723542917802818
0.5069504286074652
0.56090827770726448
0.38845514046864776
0.38615394302056433
0.2134799133805208
0.13535136464191966
0.21676442365175699
0.36214219888920596
0.4065108493173456
0.31491956899948265
0.45411803281496299
0.43421408643500325
0.38766122639080441
0.34214763262693942
0.42777461775386577
0.37461194133108239
0.45054963797360426
0.42591441239586619
0.3555461574824853
0.58728924009085071
0.5996386800513549
0.58751620800581339
0.41800645209576265
0.41181934165005296
0.51826680621294841
0.5945530502456261
0.67399906705689372
0.64866284441412436
0.44135935016533129
0.30756652817162905
0.24247298317541252
0.13954640354824285
0.10949784330038546
0.41634341688250454
0.34534756801397443
0.43490640549933646
0.45885799593504961
0.50343446046246099
0.53997165312389717
0.41494729331120916
0.47085459965175769
0.59356140336342311
0.61194151120371765
0.43263141772308511
0.4137358292094438
0.41563029766543075
0.49820786012182794
0.40117888097125048
0.38232482348627556
0.38512411008073566
0.33415164194815822
0.41474665007211664
0.40368108679258269
0.30909064323077712
0.14407959037547283
0.15873410000670557
0.16350058669779971
0.31688557867288347
0.33313836023947802
0.21901515603009655
0.064120144916818569
0.20105719910743911
0.34500010353983074
0.32092605359052045
0.53163482620592084
0.50157540629775055
0.38955111298608763
0.30181343204121758
0.29615221110605289
0.42696495358054465
0.40950514403650762
0.4824663609626253
0.54626355981500763
0.52286588632276332
0.55894223251700514
0.4824674315107042
0.63139717923062422
0.48863473722611445
0.33600165691637085
0.42534835981673791
0.43151635383447234
0.35954968624197037
0.52650804493115588
0.58582094289492015
0.38614310926326967
0.41586614277299561
0.60078744626918357
0.70796557482621414
0.63025752618889086
0.5489235185765593
0.47926769234038924
0.37663030390498003
0.24690320329965043
0.27040900325205897
0.22173836032879249
0.18876243683057753
0.29125879184683195
0.026359655259878746
0.22159580778981164
0.16890332131342126
0.12380626400400645
0.1080784662228091
0.10100383072046069
0.30257696142833712
0.41639631762772911
0.3679659114316306
0.38323980756096671
0.3924871575440213
0.29453006130811565
0.44197099861301392
0.45999129429607416
0.48285028473565766
0.37170483207485672
0.47910397247068021
0.56020986553731944
0.65212266402750441
0.6220611056726133
0.47907190563221469
0.54970937148406562
0.50857109016796387
0.29970950050926026
0.36813370024597775
0.22520810334308664
0.20733875570400745
0.28830321492417871
0.36607992745925155
0.32006816212140982
0.38432407470259811
0.41673553829352122
0.43726939532422593
0.48537901206056766
0.64840455149432763
0.63751120404516359
0.55086999303145467
0.54814000592600243
0.50038659564595334
0.48535775763430472
0.55895205948927329
0.52277668216227169
0.48267613312925617
0.54470626984584514
0.6062295666095554
0.44726868316442708
0.37704156272120937
0.33244263771354421
0.37186397999442922
0.42413905671330815
0.6175430967253005
0.6092428622178051
0.59926140679315276
0.52582628527925335
0.39785388133561794
0.26927303849644724
0.32920314252978333
0.35445973567428812
0.32658536380730291
0.31447348253763002
0.20800355186791841
0.32796532209966706
0.51993027802266889
0.42424679485455913
0.47120669218678568
0.62961041647906657
0.62973484903004606
0.60257236313111717
0.60260042351178167
0.52511928511880668
0.53681187212315062
0.51212661866662867
0.45958893526921757
0.51909337345738837
0.29197136061351908
0.32193666735270582
