0.018464682294580356
0.017959656519694115
0.010975403264144904
0.032802847694938179
0.009146397983011709
0.021803804111596947
0.010964326016110876
0.049580449930208631
0.020817522123429823
0.031040402016178713
0.022485956476614357
0.021172977142661906
0.016828568823760728
0.014282750806829165
0.013894321916667311
0.035100117051203937
0.035212982787802813
0.013864046701728038
0.018215912434871903
0.013939523566383531
0.052022266604078458
0.028684930617278129
0.014500227634609071
0.010573872101232699
0.034088301556445481
0.038463583317710007
0.01166791756696374
0.029888525513119615
0.02655150737975694
0.026400579309223429
0.034987300913732179
0.034987353332103982
0.018351438084550621
0.025689480384098001
0.038202934356938972
0.0296932847383077
0.024731588717845591
0.030740615082121451
0.053557910476223054
0.015442472364633041
0.027779612121349596
0.026021001704359829
0.040644978514049732
0.011983859599055256
0.034571706866703363
0.0065559995865688151
0.036043740748687388
0.0074297326261774065
0.014434385523226978
0.0099731653869379877
0.0055792509687007845
0.02363036429019998
0.039557112316995623
0.014299381217603132
0.026652016354533712
0.041883279545944348
0.048321141282440312
0.040437789401226311
0.024594045749397338
0.036157355895148152
0.0051829312883806856
0.028198302267293675
0.029672510139836163
0.046158621527870827
0.017201973364639238
0.024465480006316681
0.0266344494648975
0.020685007699293639
0.0315823675177112
0.028587056308412594
0.027741453783998848
0.031804778899218879
0.039412959195389112
0.017889224414002005
0.010816722277471364
0.033947989374173253
0.0091051578324216308
0.031421480885553521
0.031447067198035923
0.0097730963447482389
0.022796959453016231
0.029249008057216096
0.040123527556408238
0.031937347314758217
0.03252810797673221
0.038098609202025908
0.021918501052324697
0.025797965813770744
0.010020105115375868
0.033536417351997166
0.0088213593881803828
0.022091251133019879
0.0024957312741677707
0.03787488144342166
0.053997244101292592
0.054315679018271348
0.023593180064141902
0.041822259474430704
0.025184856373301812
0.036194235100380279
0.0072741509569233028
0.018533191912469989
0.03339157709639308
0.010395215589876999
0.033221123449039457
0.02652234806524767
0.0063761262249307088
0.022152191024665226
0.017121284042549405
0.022796378459616923
0.009632033121596266
0.0049181947839218249
0.0088802518401689349
0.03623120048892866
0.020484854911153934
0.030980267294712774
0.012735993576088874
0.015553726589014697
0.017647786335774168
0.024647614258918638
0.045954501152441055
0.016141960574239004
0.025757263077105252
0.033123458782367235
0.0079455426033255595
0.038066768004510088
0.019489139407249369
0.053671945914554056
0.024883256685158946
0.04942214054093149
0.0076131857761368611
0.012168655469669063
0.019570345519722903
0.0098979779632394141
0.024214713421043324
0.015270549713017311
0.026029341911744067
0.021730133601450128
0.032459164553849403
0.035091043811127695
0.044218738297130522
0.017132775625738429
0.025711778075175457
0.022270126964954281
0.040912965686585145
0.015811520891552636
0.020662404374433677
0.042663914431857373
0.018451020215783393
0.0059991998608421504
0.023093043803980345
0.029783917611521587
0.036397091236543812
0.041317241155067769
0.023933908644200693
0.017320682518852434
0.053328485674051435
0.016320059425201927
0.021180394702135806
0.033956392361945434
0.026825703198498484
0.0042502830901729781
0.030884442985436245
0.030717518537968724
0.01523586788601896
0.02479682227959093
0.0070906608593018488
0.013706363230416928
0.012033686426945004
0.023801033110238807
0.022851991868918026
0.051008533562376362
0.014480766075934235
0.057975381679321002
0.019254383742838107
0.023560757290429928
0.005678066108156782
0.01213149683456905
0.013920887041273101
0.017574973100605993
0.032605275828925473
0.026537795580390693
0.02391078414075775
0.015483743028043189
0.033963737694046703
0.024908356524890589
0.017890279754487232
0.010528473865210278
0.045411711287805544
0.026093864753482444
0.053341896934605552
0.0086824119709343634
0.0066877818337107405
0.039809419018882145
0.013319847049390435
0.03136457209393452
0.0088308592153044582
0.036430460602350972
0.024719638834358716
0.015767992568523057
0.057134197620209444
0.021606617685715288
