0.016547760696543318
0.0066610797558213433
0.0036729472923741984
0.0013899347173561422
0.0025020929014964396
0.010647720710538275
0.0058320082949669559
0.0059248363569594439
0.010476129944207416
0.00090632454550521925
0.0020699653529445412
0.0087575381503725517
0.0057890418175376625
0.010969189468416818
0.0041081655443407561
0.0090316356863411849
0.0095015187602367785
0.0077747641985954777
0.0053626181193563603
0.0024359065212366253
0.007087928757488207
0.0081166881281092267
0.0047253115163475787
0.011982618175588487
0.0059358807729426649
0.0068520415367549848
0.0042770128949102225
0.0052043760369358113
0.0061697440080840356
0.014418656544753557
0.010611172090944983
0.0026162681035813958
0.011422163977399634
0.0095499941180215882
0.010243800922606558
0.0047705558008681297
0.0047178303366936982
0.0069001906485944703
0.0042318474724341252
0.0079127329329130615
0.011309274801029452
0.005252328930161
0.011618353075315765
0.0041449013876371787
0.0123273391537554
0.0036015871184098477
0.0018444155675478248
0.0060378849368480413
0.0061391497394399832
0.0033409547089008999
0.0055163467524811721
0.0076493457246175458
0.0089224035736516633
0.0050300219760503456
0.011549886874354483
0.01008669319862017
0.0044342358182144475
0.0080103339234033049
0.0027049483190257988
0.004746211435065568
0.0038179397505432888
0.0050723690121522438
0.0013577631411660568
0.0080384663913313711
0.0069096137857400843
0.0021173570764479728
0.0034215979445226187
0.011688009262281848
0.0058222667236890032
0.0036189169060124112
0.0042399117185067791
0.0053089485017330509
0.011231440708177026
0.0114394381656276
0.0010389739134338011
0.0016997482209949552
0.0022351492794085727
0.0078263667116205693
0.0021206522364739396
0.0051571412090208012
0.0052123366357229237
0.0046725732475304382
0.006322712652956748
0.0091211613377902741
0.0091734113875637079
0.011394588169451794
0.0072614948633888989
0.012757158511540767
0.0058368725337733674
0.011411907839478373
0.0041374592331767795
0.001346135167044448
0.0062642444442754675
0.0051274063269377123
0.01337551838915711
0.011918377678291946
0.0048021407662515525
0.0092575955458641633
0.007644280501779596
0.0034941147755482606
0.0037031791414330341
0.0050420774146156724
0.0091164984934895502
0.0048269045067205543
0.0037130936898561125
0.0038057926924681736
0.010529866363077699
0.0084335278468716038
0.0011680891832765107
0.010411483819918866
0.002752164162034674
0.0033365201458965981
0.0099321789019616996
0.0047194802198818027
0.0028385416140301349
0.0011927692445671081
0.0066585497724929712
0.0057126046010424298
0.00256086720398604
0.011345347865557619
0.0049459149813353151
0.0061018730112957741
0.005541664540129494
0.014754647582298733
0.0038579081268322701
0.0026463182326346684
0.0065837650393327889
0.0065951712482640564
0.0071659050353037809
0.0049855247620110201
0.0085898685189862139
0.0054543474276951684
0.007178483205830275
0.0029051913377980067
0.0084453427335191931
0.0037843112561092873
0.013646408196553614
0.010063784454765233
0.0061228397125558907
0.0067611472890134377
0.0086920461166106744
0.0097816846577935962
0.012650125795042665
0.0038396454189284501
0.0074514346430001417
0.0046565769984450141
0.0080748702384382115
0.0071468665536504892
0.00072553763841829593
0.0029230260500318957
0.0043399440233695226
0.0059650402379172835
0.0052468988235396356
0.0090966835541485269
0.0046281659722372942
0.0086554688029430032
0.011405368955319083
0.001958343298574655
0.0029809822775899229
0.0085522629982206517
0.0060504071733290523
0.0051414718836568117
0.0042196030974235186
0.0080123955465076918
0.0095586540179969544
0.0039447071566668986
0.010701799942528498
0.013442549614679207
0.00037657353685120824
0.011806421629575032
0.0078171874432464497
0.0066852430268928278
0.0082586134494823105
0.0044287384769921122
0.0061994845842880302
0.0106287501319785
0.0028629247264319565
0.0080204795448764847
0.0021373977243711365
0.011354913376904661
0.0017559925351455171
0.014556425546259402
0.0061653305068921603
0.0066352621389756594
0.0071348766851930595
0.0052436154574055909
0.0075067492655806001
0.0030141161769250669
0.0016488144099262195
0.0071198890241937433
0.0045333894636503886
0.0086305677259485535
0.014946080717724176
0.0090534462360847417
0.0074638036657315157
0.0051656075439399599
0.0025345522356465199
0.010969617366227197
0.0049668768444873588
0.020059253480025734
0.0091662553300860088
0.0056461485417594456
