0.0053762696499114835
0.0089154276485809685
0.010682323898558327
0.0089553112840245804
0.0032170277176824889
0.0092029372859060207
0.0030328382686995582
0.011366357234618898
0.018090579357012099
0.011120585177545857
0.0039697665762802991
0.010002649934059908
0.0071227655425593435
0.0011709680189229377
0.0029315065616189917
0.0087726485517258587
0.0021001096981438246
0.001890130640943189
0.0080219351633218829
0.011266541778848973
0.0067649998867502113
0.0060020609460893805
0.0040428635359786814
0.0074590528252818132
0.0055477420225727107
0.0040684588941665208
0.0093262923328994059
0.0047275174414128131
0.0031238036439414133
0.0088290772283583993
0.0042871843148608191
0.0075966093255359678
0.0084108550192262006
0.0026146906963917236
0.0049906489387659524
0.005915412804116075
0.0023908633383470019
0.0044215515583786082
0.010228911558118487
0.0058390646888242656
0.0031517555495758414
0.0043833774319924643
0.0060852533907088885
0.011944746066312585
0.0035449277718468987
0.0062099751843946675
0.0057379129908124759
0.0038864551035336348
0.0063279663524956542
0.010953819610301258
0.0066015933048957278
0.010433786328647979
0.0083402579026208342
0.0038567290978184913
0.0049636703462421911
0.0041732991778344313
0.0035300340117048403
0.0039856691971933344
0.013309838212640828
0.009241278411716668
0.001209522141137092
0.0035263618251276064
0.0054502505079084282
0.011871157253687731
0.010544837315794021
0.0065866375859571684
0.0058949638498879625
0.0045321596392343478
0.0053695103969387389
0.0011668996143512592
0.0091981508833402798
0.004047040033198261
0.0043766564126082024
0.0020219629077219792
0.01186212645691726
0.012333888330414634
0.0074693861025904411
0.0098419525220898273
0.0085590754464967191
0.011399937400669226
0.0055309806490720474
0.0024646632858799501
0.0096689859128863773
0.004381168664206926
0.0020220943185601933
0.01029118448732369
0.0012132205325838894
0.0033081150635713005
0.0019356388031625791
0.0079032457073440719
0.011574248359282623
0.0016518206712388495
0.0075401588462154301
0.0022494933158318919
0.0016626405665123739
0.0082922794664278508
0.0046880125862633687
0.0074477927284850977
0.0051207729021272531
0.0073563910702985286
0.0021637935793671634
0.012859780616864214
0.004605882813421518
0.0024695198652687398
0.0076526819204666974
0.0058661441784164754
0.0046654762365653637
0.0053869140985439365
0.0087230887017145271
0.0027654713247733786
0.0075587318408960325
0.0024368163375954139
0.0010933414957293114
0.0039501297308921464
0.0065484575098531776
0.0078782306504369803
0.0041040950048178513
0.010526285562588888
0.01094349610186327
0.0060094654271598442
0.002035164825033253
0.0018759367297875068
0.0052151476031604303
0.0086254533975479511
0.0099043855998211996
0.0083792385412870436
0.0044258337588406428
0.010227974055968052
0.0063970153909115287
0.0043899473539273761
0.0034304730164380717
0.0087913408249802368
0.010030217009525553
0.0037670022952379844
0.0033885395249244731
0.010598635569534456
0.0056423042321772929
0.0080457356211774949
0.0041883148007277292
0.0059414604318871163
0.0073904368365921387
0.010849117739370194
0.0075027326612334966
0.011864689064689654
0.011837238015720583
0.0073498061919431493
0.0054578663344368459
0.0088649697597552243
0.0064533410376558043
0.0060089552819556835
0.0051165620312489573
0.0080566340597240174
0.0054215489090737113
0.0092307028757990465
0.0097760756696551373
0.0077551650079496163
0.0091786274017322429
0.0036050921356666223
0.00578176039107194
0.0086947487269693861
0.0047266824095865924
0.006613929528405965
0.0035777652648818705
0.0080423702070133718
0.0084694564370489146
0.0044837394634630037
0.005685932830632701
0.0018755455855443209
0.0053486216211272525
0.010828276223622691
0.007841874808907464
0.011014294729299315
0.0045523811304379463
0.0067543568500166573
0.0024331793750726428
0.0097582308381888062
0.0052488587961971424
0.0096720229441176093
0.0057276814834385974
0.0053809298745528629
0.0050204984318789831
0.015184804979228335
0.0046700607338316406
0.002774815654056656
0.0034032946623474567
0.0079361929441201986
0.0025319694312840296
0.0072133813570131123
0.0041058177974154413
0.010438270379097321
0.0044545077604027632
0.0035879165058888838
0.0038970775108782222
0.0098246400993812211
0.0020090597793696401
0.012544931713854993
0.0042193005305932157
0.0084569974540159038
0.0053981924240386319
0.0022434755434762549
0.011536306338732193
0.0031505593097669697
