0.0026850020941574029
0.012369420742826378
0.0076847092144052337
0.032342682896466676
0.023862764380235942
0.018443897104331267
0.015931164244292705
0.015485300763719014
0.0091968189959794645
0.014726345439624904
0.0066318747692737587
0.022380324163652897
0.021677062511637799
0.014757712179890706
0.015839212817106294
0.013590127849629667
0.0079843440508758808
0.010093491116484653
0.0091231095394489776
0.021458187140786737
0.0021856120951991419
0.0056177898087540158
0.0038966556753531941
0.013048181213663556
0.0093992037455908149
0.010780076632614754
0.025959493040316774
0.016125162576683283
0.018712097230004238
0.02793327989526834
0.016697227104238103
0.029513890411443814
0.0074491242224217777
0.012745152458222254
0.020930273348936185
0.0017847059336194818
0.015506476876943141
0.010961394605857449
0.019954979157752181
0.025316932829152271
0.02069374175463146
0.016742754645762799
0.015282843714315274
0.027332690520099508
0.02086946043774569
0.017163695143410641
0.011260195311588823
0.010257308151409524
0.0074726634820588876
0.0032495548127195861
0.0064114421788312387
0.013731558705034308
0.01603121835860559
0.015855305306393494
0.0097489473981554418
0.015903634154405138
0.023160085403124153
0.012829782000519034
0.018251285183690551
0.015123111059188562
0.011270221996748779
0.032118311345514759
0.0088265532829740704
0.01522307922613382
0.023035538770251211
0.009537097964457961
0.017776760546725504
0.017815450603717243
0.0054925020287297033
0.0074565926295002329
0.01315267190506646
0.0075101035278346785
0.0073977431944526354
0.013199298208069215
0.017725346898238906
0.0079145987191377026
0.026374927159178569
0.031339312874123927
0.02407904845655718
0.0079814974413253432
0.012676013357179348
0.0077375724955835419
0.0066318272774172887
0.022506139626916555
0.0033304802365392754
0.020269360624110708
0.014941093741887302
0.0090720258867155925
0.012540529783636435
0.010853307915834673
0.020108527221732383
0.024037013469297895
0.023844059010990536
0.0097367791923434494
0.017911457381044112
0.018078773673372919
0.020972272213871716
0.024645350692864169
0.019206813527598447
0.033666450253104184
0.0081706301925134027
0.010965991371274868
0.0056727909185617289
0.038421115610795926
0.022981248574565773
0.0050071924856537418
0.016991582032171288
0.021893144597825993
0.0047145390685361666
0.017025099324448352
0.0044633997691907734
0.0059909329477428322
0.016108918556380261
0.013253567468023961
0.01726752879864097
0.019406076930356658
0.0062289769435572781
0.0038052048523298391
0.016060646450651476
0.017404219807128175
0.017628190276730734
0.013728499533877433
0.0026368032763417937
0.014034461703487978
0.0015394771995010526
0.017320657601237733
0.010102339386929197
0.023738524340565614
0.025207419977637129
0.0089551130995266914
0.0090391261593189762
0.0061314510288052208
0.027782609677289627
0.022654582677114867
0.01705689328087984
0.014846474403736383
0.02008342661879324
0.0059284879128178643
0.012544898766054628
0.018367036052293763
0.016321359840440492
0.016099928038771041
0.01302731819411081
0.0066355042977796815
0.015611595718907009
0.0062952680855209399
0.017795608383861804
0.0048374253946155124
0.018785698622195975
0.010702115583472624
0.016084378874637196
0.011360641681503284
0.022284219408651596
0.031119177981897311
0.0097562597265364245
0.014793130620825115
0.010284941447079676
0.019824727072710473
0.015027181737127821
0.011988319125346049
0.020084058390738371
0.031967905624548071
0.027485649624764994
0.0061605338242654772
0.0147616676180857
0.0059910341072994828
0.017825364361821656
0.020935721535671671
0.0084562787819576057
0.0078113285302257932
0.0015873766271185901
0.027045482650029238
0.011071587195271116
0.020959680259290424
0.0064952963450759559
0.014589468787151578
0.019236475268845556
0.014514720932480648
0.0075035642693615503
0.01285802275802706
0.02280618519156756
0.022778404898526616
0.031544665159798285
0.0083060279545264185
0.0050175635917749442
0.019706847482871763
0.021526317576969191
0.01119489753196508
0.029590844420303197
0.0073023914451259874
0.02096785661333217
0.0031866940697104439
0.011702214136315243
0.013456039771281769
0.02356522301525639
0.0062299106001109453
0.010137860169980372
0.010479342564218636
0.016648057608194131
0.003406788101291722
0.021130218144786241
0.0063495772139258175
