0.037348998630578029
0.0043421831427707643
0.0096349254508676166
0.011297261623578275
0.0093104236358231146
0.025763186496253955
0.029343105114723357
0.018690320611742688
0.025299549590751324
0.044958810580827215
0.049416815505831553
0.010830211028536315
0.05274219910163807
0.035818485715135455
0.0093042705322553022
0.014404656242618693
0.031432443006784085
0.039989352857019142
0.021305081509550055
0.031722055541976435
0.015194897443878901
0.0048750173718017983
0.021810364470722179
0.041746552303295478
0.013200019714003405
0.027875724607048666
0.028857860285769289
0.039883365815271986
0.013979927857831533
0.040641933232670568
0.03280437277033367
0.022044634306910237
0.030874831651708002
0.010008332482579287
0.041278507776600304
0.0061309407289812318
0.0097612473870045593
0.04088539339168476
0.02592416832125486
0.0071789163967528324
0.031886585192823301
0.024105188691705238
0.018574003669524542
0.029096271634312405
0.056175785019480888
0.012323119316293632
0.027392717823227612
0.017059468682717273
0.017163497108793575
0.015237546211728582
0.0017264986863396216
0.0036975597765941991
0.011181215908697854
0.011692961910216831
0.036003616489189601
0.017091666114085548
0.0023117943816999137
0.01527170132440334
0.047702815646202448
0.047350679267615325
0.020997495783707118
0.032550069370664153
0.029245492633087872
0.027412420548435849
0.049804887918539702
0.023320299864173225
0.007758668654075763
0.028094819144272091
0.038931345530019756
0.027501385278900576
0.024122015025880093
0.011588459378749137
0.051243376438426511
0.0055204322149739861
0.0066564510920161064
0.040616305203723675
0.015927921122246867
0.042224357266645085
0.037423955146012856
0.018336217080180652
0.050253197892903514
0.012511688177045758
0.029972522482518589
0.0092767888958480167
0.053290722497213533
0.036379475179754983
0.030731262911246261
0.024538869943507045
0.017215323482022437
0.027172444908150635
0.016745178935128328
0.019814480805134631
0.029374528298083184
0.03384831321881189
0.019529716077600682
0.036663168277639969
0.021424919179047826
0.018242083879975692
0.0090870638316615064
0.034180395360971588
0.042666218980507209
0.022752466154511868
0.024315046160994825
0.013795807172717682
0.013782217945489287
0.018602979594459404
0.012960406540448903
0.0093882755749667042
0.032710632168604196
0.034892598195355742
0.035726226285055084
0.033058878138334143
0.03362339631464565
0.022210298054534516
0.040040063867561614
0.0083636187117415075
0.036540827392885666
0.0022786628820628649
0.037323258683146045
0.044533890284487759
0.011999215669145061
0.017015536836493136
0.027355954254472341
0.019522451794815161
0.007118441565044771
0.013569964117078849
0.033806534987188656
0.055403211869881598
0.040681374609847859
0.025738647898424134
0.045380663393483518
0.0084677100799187971
0.043587534714099777
0.036496098336136998
0.060818503563838541
0.0074788773953064778
0.024171087198767618
0.014442793867252893
0.035325924762943009
0.0095275292031999307
0.027592976414484122
0.031331808956882416
0.021145893709136245
0.013711122830697843
0.022390606371677356
0.040148805704055546
0.038765872997672715
0.020862136082602404
0.046929876571461769
0.023376973847095139
0.042344053810752201
0.044526079650549374
0.034712662485731877
0.015678789146637333
0.0086567198533331509
0.014314342396948228
0.034928247134178581
0.0091183882859917874
0.012703640298091122
0.0085900414808655606
0.023637140526958287
0.020353602103813196
0.019053197901784509
0.024339950993160567
0.029940612127341698
0.010315833759127627
0.037018711757874467
0.039396121535034884
0.0047604989031610357
0.043267126070127407
0.046873979596117769
0.022775167237078658
0.039882362420244497
0.0088484032631339742
0.047431158012063879
0.017640620650659224
0.030932475837306246
0.014322991992581198
0.020548332530197253
0.020984443731516297
0.036429039712298113
0.041375888316631602
0.016006977059268596
0.010228174052445095
0.034066287061316598
0.013469975365436121
0.013262660671717528
0.020434481451260828
0.010048223901629766
0.025394753576308098
0.02408915104083446
0.039982421015875395
0.043828876603899856
0.015760055633981626
0.039459192592465116
0.035447592280868641
0.014061413214541414
0.0052525698735577091
0.012574264151853027
0.025406822588882692
0.024350172084846872
0.034319843192514146
