0.95227376458240354
0.95341617511149279
0.94808338044878282
0.95321255857728127
0.95447141484239617
0.95199393325263215
0.95681783689634425
0.96169188956421647
0.95823134889028272
0.95588463673763058
0.95760707199695383
0.95151943452709886
0.95482547517292826
0.95516439898585959
0.94737726895344987
0.95655975917716163
0.95209050016904073
0.9416986969215736
0.95790918919694401
0.95646881853764454
0.95777546133267732
0.95528517965372273
0.95206347696622962
0.95437967494675491
0.96329065782590817
0.95134874202227637
0.9503257224611481
0.95568242474630749
0.95297382147695575
0.94992308700971262
0.94902514705808561
0.95283762424101581
0.95865146540786728
0.95984953257245842
0.94973152405570482
0.95367211550694497
0.95744124615574666
0.96025447450921619
0.95335218204329286
0.95052189243572249
0.95562380385671775
0.95544585581263319
0.95926550477869288
0.9458267476731369
0.93668593917996512
0.95169782842169626
0.95437996206349529
0.95904279570657969
0.95202482003179145
0.9582301267701242
0.95327215668671184
0.94414348567643136
0.94758366593312404
0.95373784942833195
0.95099012619721179
0.95362376539105165
0.95165939504930619
0.95240028058833781
0.95862647148807478
0.95866071454198909
0.95735719226659755
0.9595553889927616
0.95399090563235056
0.95046192847335742
0.94415487057229885
0.95264520410830622
0.9587220954620177
0.95584132969884472
0.95269827273348651
0.95456451098429485
0.94846339088688825
0.95149907181956794
0.95166820300749255
0.95471588026627319
0.95459499551684301
0.95465323558997484
0.9508701866607947
0.9567183455748477
0.95618259506172287
0.95925962199358894
0.9536438751331745
0.95595914624941736
0.94871394503210238
0.95252738175285145
0.95852995600877877
0.96052755596971084
0.95576092248083899
0.95305120227498319
0.95529559962286792
0.95366382283784012
0.96412752384102174
0.95125006147512781
0.95396082839532315
0.95445559192839302
0.95529033482057268
0.95358995245093692
0.95307787977979574
0.95615304366640297
0.94644476899999008
0.9552796403882946
0.95511995065059152
0.95443605316089075
0.94817240281064741
0.94935702369274466
0.95386119014499793
0.9535066414006117
0.94600225434074758
0.9527775897270826
0.95632446867072241
0.95119230992741555
0.95830336588237452
0.95591295146029631
0.95806578244259366
0.95480447132766821
0.9537073864859551
0.95605586483236471
0.95201696934931213
0.94340226082954459
0.95295207014851446
0.95014086934278075
0.94610020525274263
0.94955091740363951
0.95123720514564924
0.94957909195204926
0.95728686087794768
0.95188120527045628
0.95399630651823586
0.95299382406173183
0.94643787762521525
0.95585363005641055
0.95326378371387799
0.95983453873218039
0.95255270305095885
0.95266062172432497
0.95081798069973111
0.95345513758075662
0.95543950025762636
0.96033720983382609
0.95703777214776642
0.95563769165752033
0.94993567098986265
0.94410019096303299
0.93846194839164521
0.95563507333360154
0.95176462991848354
0.9602684539486257
0.95369417183102845
0.95938801205629487
0.95404961019421908
0.95213213129428942
0.95787155813573754
0.94303206288545405
0.94347897298064398
0.94772615724520159
0.93964103656421649
0.95938705421699655
0.95882461847807776
0.95542429203527057
0.95851024173136345
0.95461536196013808
0.94930224240340755
0.95122610915017647
0.95350064505698851
0.94850719489875956
0.95382798909082667
0.94650320272615673
0.94964309134186931
0.94184624768151759
0.95169310992667411
0.95235733741939332
0.96237091281842213
0.9618307934236292
0.95585926745305749
0.95727683986087442
0.95099820336664442
0.95018290001124994
0.9542020008035913
0.96266762068536427
0.95582220969743392
0.95368431145322585
0.95163583555717457
0.95354984142914601
0.94795597518130725
0.95446591369460421
0.96255186247586866
0.9530486900077848
0.95604823801047978
0.95880399648483694
0.95643100061752384
0.95976966742249659
0.95492523989941325
0.94359826265443247
0.95229135019565125
0.94253554363271497
0.95237636239883028
0.95381479613508324
0.95196765507408532
0.95503481852025751
0.95340694089365186
0.9583545558278509
0.95559543397702007
0.94617957322169577
