0.95607378078405703
0.95877704743644332
0.95618371901330879
0.95150320673444966
0.9578251790967377
0.94467532094112583
0.95702059629166869
0.94642322506159426
0.95347508857748908
0.96031639648460376
0.95706061373623774
0.9460783361351861
0.95491158563094547
0.95525542526511409
0.95336004050462886
0.95064913027697695
0.949052507543788
0.95394179908663401
0.95533018463560992
0.95043934591435408
0.94734064818654196
0.96056957763357209
0.95601023883500391
0.95679419958455814
0.95502064441183587
0.95188504314428068
0.94591264127398722
0.95751331794185157
0.95239760389092842
0.95461483975968975
0.95782931379960923
0.95308808398962297
0.95459502602779733
0.96231693644844796
0.95522385404078192
0.95314116367140211
0.95552980951323041
0.95078727750288716
0.95184833578027694
0.95628345577703389
0.95643774682235772
0.95748409126985401
0.95245944759429058
0.96057331585893624
0.94649394968556477
0.95161675993351236
0.95120757463842309
0.95421812510384452
0.95205413826484797
0.94752462795359027
0.95177724919582762
0.95382493270444124
0.95022215184885028
0.9570417006258618
0.95700392026462466
0.9552046933391416
0.9500935794208063
0.95503922504346594
0.9565584607713089
0.94697682405019579
0.95422226398790366
0.96260341026547047
0.9372504917974116
0.95825598244488996
0.94593348892465046
0.95566383203757987
0.95415932515209279
0.95951477275184183
0.95590531589047256
0.95080677589154561
0.94967279673135441
0.95833827041207476
0.94893237257287133
0.94932531930833608
0.94852331432502457
0.9457356514470725
0.94851503305303664
0.95372774986883924
0.95066419700143989
0.95357199748388077
0.9478592342308908
0.9521640654926401
0.95342396981540822
0.96100381054111683
0.9469902070704681
0.95424224613976327
0.95876187484712772
0.9565733307898463
0.95644578539997716
0.94558383004711832
0.95746356633876073
0.94833240628892967
0.95780814825706162
0.95472806794957632
0.95764675605369598
0.95352996137614154
0.95357736975023932
0.95437509882056937
0.94809060869479389
0.94128710929539017
0.95050008674623898
0.95057320175371174
0.95525121542286118
0.95123965128727028
0.95559484315561771
0.95430747172986652
0.95113645063151453
0.95233607165543566
0.94715398484242319
0.94942187849366866
0.94966851104490779
0.94300376817653486
0.95723825962734443
0.94198351097914024
0.95471304851056438
0.95372435256985799
0.94360097689505107
0.95887200481351098
0.95764817868797303
0.96026109430869155
0.95425227955103542
0.95702046227576676
0.95157264696073374
0.94015516058758708
0.9456624170113257
0.95196420275115234
0.95692217351253828
0.95193713160131699
0.95700959195109669
0.94781640345070084
0.94130500901360092
0.9488756956830815
0.95743586753252374
0.94631150278352616
0.94880461819314044
0.95090903181370434
0.95965313817664155
0.93440058546761628
0.94964975433241228
0.95407189369199086
0.95713205852485639
0.9454103717820449
0.95672160457750344
0.94144962883376915
0.95594986511145452
0.95138120999743003
0.95512652830006417
0.95735740870663633
0.95293114542328128
0.95365018207332597
0.95253971267950133
0.95585732465700823
0.95205372205488215
0.95533013311889214
0.95167660832623713
0.95740824687981074
0.95238853139867252
0.95755752460742249
0.95742682151592062
0.95033096170712361
0.95519981452529445
0.95286048130848999
0.94813017441117509
0.95770568290339608
0.94812732698538094
0.94604702473550073
0.94934092416258853
0.9549666159243877
0.95445254517780387
0.95355419617008974
0.94999958871063039
0.95362490951993839
0.95794150772160758
0.95727749492909608
0.94996139283865655
0.95789795499146824
0.95293936504460164
0.95422828717755159
0.94966419875727981
0.95996610257515247
0.95254278281165616
0.95041992721627977
0.95768125133186255
0.95566270864061609
0.95028720237294362
0.95262656138691382
0.95458587359036118
0.96151445337957209
0.95854390006668033
0.96165825040503039
0.96526009492758746
0.95119048819073126
0.95432806984073626
0.94779960019511456
0.95055497196727867
0.95882694737176388
0.95457241704118712
0.95663137261822084
0.9586192118945045
0.96142907492946916
0.95036869761748222
0.95259396742482649
