0.95182330757394285
0.95572567787726914
0.95265716505883669
0.93774075366682252
0.95060121492468974
0.94502880283106572
0.95453752051348806
0.95175566773988785
0.94305367733493284
0.94480929856162199
0.94995945717809183
0.95095994758122215
0.95352523285392998
0.95975965237729777
0.94204598350616209
0.95711456738722944
0.95515632261918382
0.95389397594188829
0.94898037888481235
0.94883689835116403
0.95627243995572664
0.94569726499421991
0.95782983260976517
0.95341066915743977
0.94747751118261136
0.95889436075664514
0.9482012481845663
0.94903708548767562
0.95212108221191993
0.95629181854844003
0.95157980841989542
0.95881770598610516
0.94917868017768281
0.95603981429568274
0.96009206921292189
0.94899967174258448
0.95224750029193239
0.95235811216063249
0.96149968399472308
0.9513812338785449
0.95061992836914366
0.95014279681355784
0.95120212231983348
0.95603392477872828
0.95298193474990056
0.95582077659909026
0.94014992113323737
0.94302937490887007
0.95741957663038491
0.96013768409155664
0.95668347833176814
0.95209716153745449
0.95703863465757133
0.95134686989392991
0.95498996185345575
0.94123717124524986
0.96521684416382425
0.95839847770706543
0.95224292458378312
0.95220349001091587
0.95218648501604286
0.95755475357732522
0.95629591624115828
0.96039358269421338
0.95343262477267188
0.95833287030416736
0.95468989701068374
0.96022024343690027
0.94827582317146319
0.96270893278519254
0.94557307749399921
0.94961075545758789
0.95504272746394159
0.95466635014048051
0.95572693613117421
0.95556279086155327
0.95497464248188735
0.95076363730006874
0.95650225531395017
0.95627558948772262
0.94665123097088
0.94964150711932693
0.95782040823823889
0.95820039514767552
0.95911736235037703
0.95911631081689475
0.95443802193707139
0.9518717125754389
0.95109116124395021
0.95119429977748737
0.95752117144627602
0.95113866898711341
0.95943827562480899
0.95553157050990878
0.95425051461052413
0.94937188386144211
0.95496387856732123
0.95494142265498294
0.95430556348863704
0.95670171725728614
0.95839459937453308
0.95448717486919499
0.95225578584442405
0.95416332923793745
0.94827026818475169
0.95080724908289793
0.96324813984415081
0.95438504020463255
0.95692756260600709
0.95689668464546374
0.94883395421334715
0.95266563796438442
0.95611394459296761
0.95494355303660827
0.95632575657290531
0.9601201732347493
0.95495662136650461
0.95945314948417748
0.95815971867651839
0.95596698254449475
0.95466536645192535
0.96062691424938806
0.95303189443026892
0.96011140229303749
0.96028767258214132
0.95363747665889187
0.95906011730670937
0.9506555395273899
0.95509807140773706
0.94853329568437639
0.95986838208324743
0.94923512524980902
0.95629167967417406
0.95275982270399751
0.9519832173255901
0.95366712094175488
0.94862136795252805
0.95869800668917948
0.94874880407432882
0.95152673085598083
0.95997371839700907
0.95171134671810598
0.95565889631985013
0.95300225722126319
0.95117790650538692
0.949400553934452
0.94897967258417792
0.96049644077170848
0.95789185452644166
0.9641037881920258
0.94769252801445081
0.95860228332124908
0.96163920759740273
0.95359852847783799
0.9520894550117579
0.95126801009203488
0.95457785270081219
0.95636532203267322
0.95049515896756076
0.95150090911446827
0.9486583078775922
0.95857366247178111
0.95893896272222834
0.95166799265333291
0.95790995780970556
0.9497536512498681
0.95283108176958653
0.95651245278521213
0.94547310441647547
0.94956581224833869
0.9582697205397912
0.94808523281471702
0.95404715848019606
0.94769083966789269
0.94041064745456204
0.94984438419552342
0.95691133818971097
0.94438966754629772
0.95637913250219331
0.95237638881859699
0.95197187610057821
0.94986538663480213
0.95153628130925416
0.9510740551616097
0.9580441262001187
0.96056888472824842
0.95976222348936313
0.95702791497400685
0.9506757008511818
0.94346132908063174
0.94304764435508925
0.95570390877259981
0.95984632266770786
0.94193963605133901
0.95589704474236037
0.94884966362972711
0.9495489949368352
0.94905502468039638
0.95633542280511352
0.95460382888950657
0.95585506190140757
0.94793909110278785
