0.95202329295441823
0.9535299441431675
0.95780695109792402
0.95290051440710621
0.96241790044174125
0.9639721547891561
0.95734531893501573
0.95789680824457257
0.95457368422101152
0.95483103940223046
0.9533377576727935
0.94321991592233401
0.9548235222072109
0.95328052326894042
0.95887608675658365
0.94465079320177925
0.95469182816660647
0.95546419945116623
0.95268646864267292
0.96223425225487536
0.95426921359196248
0.95441979580554281
0.95252027066372447
0.95510192703741237
0.95538500023948114
0.95609696412994027
0.95125162339929892
0.95715184130628328
0.96028562395255346
0.96448323130872549
0.95109916055491284
0.95445951348936253
0.95369113038416231
0.94857763753251134
0.95143292950610725
0.95645262270734077
0.9514129203526156
0.93898631563430268
0.95539069428969881
0.96061137034274069
0.9530168969363092
0.95777877137587464
0.95606646493473291
0.95732756489188187
0.94419758930628495
0.94414187009800843
0.95138013387894116
0.95197045131242142
0.94955649220787952
0.96158247018432386
0.94993585632145594
0.96003415732882613
0.95418965915415432
0.94573065405902701
0.94687897707966706
0.92880170882996926
0.94841787205653982
0.95914237063138907
0.94508621690109929
0.93096773271266342
0.9467225328730019
0.94990920098607823
0.95792295919898285
0.95159689098406031
0.94067554111491758
0.95075732953774938
0.946558869040245
0.95392043603295129
0.95568220327840026
0.95338174583311641
0.95935654647377266
0.9516171221842622
0.94994362992667991
0.95668541900796056
0.95401367884367694
0.9430385726280186
0.95787367309963567
0.94712215964688695
0.9454952024977763
0.94834362997032606
0.95012153717546066
0.94917018368816175
0.95619807724361727
0.95363063749303711
0.95668429750405504
0.96068563029294629
0.95163976085616653
0.96176137443663168
0.9434231221528252
0.95767590699198546
0.93937830648245835
0.94764755503719611
0.95356408202401743
0.94828816962484053
0.94596570834839033
0.95798713050503914
0.95347730324801427
0.95720552805263526
0.95661078986928505
0.94017581748045753
0.95118998937653521
0.95976746218599962
0.94231161718030365
0.95686633076604244
0.96245495387958369
0.9537964223364892
0.95913726885962491
0.95090397313373998
0.95532839112787238
0.95553666289982753
0.94649513471985547
0.95761972979800603
0.95795480108260678
0.96038995090265977
0.95511034315524268
0.95655513063414854
0.95561654324799472
0.95150541263152266
0.96005574121699377
0.94911678897719221
0.9512555727432469
0.9558699716258402
0.95867958737393155
0.95791604016321541
0.95457525868961557
0.95277375901295069
0.94850324753602466
0.95337098543034415
0.96370083241206916
0.9615932520800331
0.95916168384058287
0.9518422988372125
0.95796367557098838
0.9524347005250593
0.95365321890803267
0.94149337064432082
0.95067340351077179
0.95413605048735872
0.95536471950665114
0.94628638917559871
0.95249518021892954
0.95550547991036094
0.95665439738408986
0.94968459952839812
0.95570130943385467
0.9492716815732033
0.95687351087272465
0.94937704938213763
0.94562376699118633
0.95311396132380455
0.95181449646071448
0.9508805800401825
0.95390107845914596
0.95023078793385696
0.95962908633656752
0.94997782738115222
0.94797461984217579
0.94550953239766833
0.9483087557382015
0.95948111665806635
0.95385881780804649
0.94845688112863891
0.95691073162258344
0.95209759231826396
0.94873950506325766
0.96161067861029315
0.95395055539344831
0.95297289468325741
0.95883274424123688
0.95101092167023937
0.95706477540537227
0.95628226595998045
0.96022619570699119
0.95413614060258345
0.94987156232482595
0.96095915732652359
0.95498135472391721
0.95721262598816825
0.9568228168061228
0.94677476139541095
0.94566730425147094
0.94782711327429847
0.95587635027636009
0.95611068744505767
0.95785507815641058
0.9589782294986553
0.94536070426528018
0.95612487532501578
0.95680708823120575
0.94939204129033172
0.94662535470338904
0.93815446389421453
0.9521801349814758
0.95478441414786674
0.9519863445636656
0.9402232171038174
0.94940525521010211
0.93820232329451436
0.9627917558195882
0.94779508802775658
0.95815071322506962
0.95061495872719715
