0.75809692549993024
0.73650124178809007
0.77048253977819081
0.71891240820124935
0.67522047980761535
0.71396853620265988
0.69800350775588305
0.66643666305786919
0.64554942884431588
0.66458076590420379
0.71385418974109416
0.69691851381149572
0.67302376563620669
0.69235457485748197
0.71912882418340618
0.71341112149211583
0.7101612472006259
0.69985883417072037
0.73244986103947829
0.7434321471670754
0.69299747190490069
0.70131350344038235
0.6732794642297858
0.70354567493472053
0.70035241771485601
0.7029713928826119
0.65609786997268926
0.65361914081280981
0.70717113429249367
0.69046657834005043
0.71898742906606761
0.73690662138801344
0.68601863955301212
0.70566782463867284
0.73710595901769072
0.69312160691155345
0.68487736248388742
0.66673339895502193
0.69327787991364209
0.69668637371515896
0.69699217084046439
0.77349815336050298
0.76331662551371515
0.75838006067617303
0.69334721379420761
0.71084477387462808
0.69085464612221659
0.74835716881795689
0.72434609989492627
0.71485305903356455
0.707439236188944
0.75556415913595376
0.77446850364177577
0.76243003185649239
0.73978332750961728
0.74210912380680871
0.7516269612225891
0.73711457476609432
0.72505685173536971
0.73080764282028432
0.73310038956875445
0.73494523251326926
0.74319880936850402
0.71213443147445332
0.71028310787546245
0.72025251674550139
0.7298624451704967
0.71391940784484487
0.7262201777564985
0.74838392652644814
0.73311449838034182
0.72842645915769211
0.72373944497745524
0.68571611851679126
0.7239321846276584
0.77488009152247228
0.73998245645414962
0.75322372131997051
0.71951551675773773
0.71149507448099847
0.71941992897069473
0.6898655935576874
0.71904884407802283
0.72298305836408439
0.7649848304452852
0.7012449344294972
0.70434715451977292
0.64974833000893528
0.71978062595951298
0.74349773876611225
0.74460459972173165
0.6973226237337864
0.70072722166041101
0.69364233889174076
0.69056009498285575
0.71356023332046203
0.71975097179618475
0.76014140898349658
0.73200908285839683
0.75237771518376806
0.78816272190803593
0.7766984167977492
0.77299815734363109
0.75050402177212394
0.75459875352352868
0.72828199816962724
0.73667441180986837
0.78199046380420401
0.73601697896998863
0.75789131459124826
0.75594215334911374
0.74343701257253214
0.70642055516975022
0.71845161875382169
0.74290707181519477
0.76834079065980654
0.76267787902918904
0.72179531306029188
0.76433445460413785
0.76199463319292804
0.77368921873745033
0.78634582137016984
0.7308092975404149
0.73254137637384675
0.73171390912239387
0.76499754382338314
0.7344531369924101
0.71788064386198147
0.7251988047684953
0.6732995465696382
0.70899523638521977
0.72864587444896345
0.74895979388534728
0.74223693824444581
0.74068998410670894
0.72443899599604389
0.72721391733783725
0.71864883524061163
0.73352258229018341
0.73943931404169105
0.71836429795729062
0.73696844453670241
0.69729958716636786
0.67107728538664446
0.73441392841950837
0.72892378160867388
0.7699760041439937
0.75534126256898837
0.73898914751110389
0.75934412927968009
0.76597013343251685
0.75338819446061966
0.7547621964438882
0.77568361273031172
0.74840013429172958
0.74300340363897222
0.73524919467981609
0.77232282958495135
0.76732553090567179
0.72426373746153327
0.74859052521254577
0.75817125524091211
0.73912842134940338
0.74680733381260223
0.73761100829140236
0.75893806826370469
0.71120737224860675
0.71777706910565597
0.72103383697303092
0.6882014473853687
0.7198522120823021
0.77007045129378182
0.71690713664373495
0.67159849268766736
0.65645035421242071
0.72077869198799815
0.7845912720683722
0.7559254551972755
0.71229039865093557
0.73290320911909679
0.69962781757473558
0.73682979141515093
0.73617196343533375
0.75190749991174144
0.69753534023861397
0.58836451442921123
0.6021060115714203
0.65347940825938478
0.67511677656841584
0.62971724349741243
0.63177840773848404
0.63368928682596071
0.71625469945913423
0.72993338506550254
0.72982745950421513
0.73506170412222804
0.65546857784055368
0.61871717720952901
0.65275828157565152
0.64724984334825442
0.6811426790141637
0.69827643321893318
