0.0074970437984698364
0.016316981640645864
0.011219813471443029
0.0043615792137234669
0.014050079670988697
0.0074738627717869256
0.0034632621252396424
0.0099736468396760328
0.020207319720032795
0.0022206080270498769
0.0082390879041078155
0.0046603223326889178
0.010816892676232068
0.013501653711714497
0.0043037305073493331
0.0095816041673725209
0.010607397104983386
0.018822876997022574
0.009569671939368099
0.0066978470447105884
0.011498985413611166
0.022514520442918653
0.0086096431147378583
0.0031235177975146196
0.014537623014749129
0.010653547450379591
0.012678707766135435
0.014930119493091944
0.0038534059793119946
0.016805692183879156
0.016822744750233026
0.0022412487937132457
0.0012361831803144351
0.0062757548007620449
0.0086112944598880168
0.0060685554677093797
0.0075941089356508298
0.010719161162516961
0.0095936008147770521
0.022116085408225353
0.0074497968021466823
0.010710353256331063
0.0093513173955156008
0.011993348506865632
0.0093598034115686055
0.013588856100052355
0.0047712051086040101
0.0076483194386929715
0.014392991600555063
0.018691467939104634
0.0098695569391737334
0.0055892896238778633
0.0096259506805623351
0.0044497921204219712
0.0036235254272911823
0.01977510005331767
0.0032285326029588622
0.0025613434539130957
0.0042662310693833728
0.010023954349965617
0.0078999400296240266
0.0039062542387800362
0.013754793922004776
0.0085294564010893158
0.005076068070557954
0.012232287937730853
0.01201996520899014
0.010807057752611683
0.0047698619917039952
0.0034598961875868641
0.0077680862814997276
0.010602162569150897
0.011259171107856025
0.014514256282383849
0.016214235739124807
0.016159650439974679
0.016712079882286356
0.017842824184775473
0.015016875699956116
0.0070745793001975484
0.0076276243775386414
0.010717668709900499
0.011481386652570189
0.013084434034197444
0.019340198619683599
0.0062699375708534059
0.0061952060151399795
0.0037815183030062293
0.0074396306822966003
0.011500704489741356
0.0043311253521684722
0.0033112058460330685
0.015399855916853456
0.0091375279307103624
0.0053607299433105276
0.013820378174111742
0.012779149114294007
0.012470160683134571
0.0057428248517529014
0.013926814485102494
0.001168720700338887
0.014385147573288499
0.01045685669215562
0.018384914122911621
0.018439794900523821
0.014457106444160168
0.0070473840286701455
0.014999547491977875
0.013662357475107294
0.010697910207864716
0.00019470023519357617
0.0059076650419041385
0.0046916990642296335
0.010723870775534173
0.017019486325668041
0.012490650448000873
0.0031625278139177262
0.0053900355014869557
0.016524698858523167
0.0046223141325908938
0.0092854066335124018
0.01541077818458376
0.0095118162352803726
0.011098427176713211
0.012078936273223231
0.011976449673763901
0.0043096992184150276
0.0058976746582445503
0.0066796183032311746
0.008707551217435671
0.0043044851492676931
0.0053890575150655146
0.0025672033800161328
0.018035220424205835
0.013208706216063027
0.013696441328622275
0.019609679199248036
0.0026027373771640764
0.017845667471254177
0.0027155687842406301
0.012137385640334791
0.0073340690756916642
0.010351808340167565
0.014521508164411527
0.0046546422547232074
0.015245058963898129
0.0099968798244865313
0.010048590495539361
0.012501989495352181
0.0095443195110418624
0.0072840850447140068
0.0032849144259855926
0.0065300535449455133
0.010400948441031722
0.010479806899077319
0.0089711747408849976
0.017671067510824711
0.008967748646835496
0.022121280860488788
0.015309098354309335
0.0056706220842887055
0.0030369068938710751
0.012045287321038409
0.0077543103017893161
0.0080501456956878596
0.00370547331997293
0.008488446880967157
0.0032254989714284271
0.018080655758308261
0.0072687872622863858
0.010738225157888115
0.0049269862909244733
0.0049405999948614332
0.016405038569398411
0.0034801858594908377
0.013488827511531454
0.008800098731342779
0.016907770132485879
0.0043674725299726021
0.0019345424127500416
0.014489881308787124
0.011943164982733127
0.01106371035404774
0.012029623314831489
0.0094109494211267498
0.0079056485366862297
0.0070566979922103571
0.013648337769961036
0.0083998228257449788
0.0017234861901777683
0.0064154528616119748
0.0017970037205048861
0.0070663954828888934
0.011398675601128876
0.0037008117824610461
0.017354161304913351
0.010464530811102966
0.0035280519767847446
0.015033783027248095
0.0094139828775031756
0.0098694228108506064
0.026285720462803967
