0.0080546766208146013
0.021608612160536968
0.008389158109120682
0.01374804912966965
0.0056690383281348755
0.0074659710320777268
0.013365315043757384
0.010156694117962843
0.018590421417647388
0.0095314566380299351
0.0035247606116296172
0.0152915226447988
0.020333881314205941
0.0049270549083539972
0.0088867010903626326
0.0091094481688345566
0.0077624935678435409
0.0075960891260971218
0.01150649684279288
0.0044735211517375256
0.0030106057152145356
0.0056504979369668947
0.0059783063167843375
0.0093067750792502017
0.0057694633032358122
0.014911200669027501
0.018894438855495802
0.0087863551778101096
0.0022567061240534245
0.014899753892437025
0.0038738456281964448
0.019632470040640344
0.014355006855093964
0.01850260270659751
0.0072485150911967
0.005177649870855755
0.0036873053518246494
0.013043745157892051
0.0070114672840347857
0.010339885348434616
0.0077251964914334869
0.012588589962062153
0.015675313506067753
0.010127527825334996
0.0097130142469780984
0.004804720419594715
0.0045698835521378661
0.017063008297860588
0.0097446919113466784
0.0016194494941876463
0.0076790644512077623
0.0067175606730197008
0.007087985530877544
0.0082429131127525201
0.0018907445982161686
0.0023198923979747309
0.014220022394747929
0.013338550053169201
0.012098430736629098
0.018168034835512662
0.005781841587754649
0.010251670376308829
0.01562089588222562
0.014861549743191576
0.0088198205831984018
0.013742397876865497
0.0034098794697150843
0.017188660515475941
0.015834858502301222
0.0079620975846159178
0.005581029164069687
0.0026238671309418184
0.0092882163502332905
0.010263377924070578
0.011074654408085426
0.010303889952308933
0.0096337670285953619
0.012767803826586167
0.024320205621463791
0.013618810195146627
0.0051604491568644157
0.0070337568548034203
0.0074192667325315821
0.0054008008482115139
0.019780378451714264
0.014461445804448813
0.026053635123790157
0.0089482047745412102
0.0096898806000044937
0.0068802306669022342
0.0038071954958519253
0.0067978642462729541
0.0014333966476044297
0.01489936317262576
0.0077455151005042921
0.0090435627096474031
0.0076822125740283222
0.0017390137541102196
0.011957597440019755
0.0095382949413825857
0.0069855566894592193
0.0043329961982966018
0.013166647662571184
0.0064359391145315603
0.021117020738376333
0.0029522245575604351
0.0085844862932701119
0.01187039545474077
0.0079770859200146097
0.0081510981742222658
0.019541455910034124
0.010298975776411368
0.010641547819114288
0.0043348783241573159
0.0051326448949962043
0.01009022751137168
0.011593098074849904
0.0048285236963647908
0.00092758545708275595
0.015862150025663029
0.020935274146839305
0.011949974626544985
0.0024694778015714389
0.0079680627973073292
0.013153205979990991
0.013331934858002397
0.0084927237068902154
0.0028177738557188504
0.016655045178694296
0.01100415275546787
0.016454782109288888
0.012003636206496356
0.010702360173770969
0.0040796736188721304
0.014602244401274372
0.0072256947662198588
0.014853091314338079
0.0014919038221441468
0.0028242509186081795
0.0027535192881377839
0.0067780441301847818
0.0044187486632469904
0.0064856571680643651
0.01257057939816038
0.012189868357170428
0.020856385708880328
0.0090362407575447241
0.0030875035575120982
0.0044964303703693594
0.0083051751490140525
0.021684323191908054
0.015051305458839988
0.0067518239637687164
0.012808348875339432
0.011596297914744955
0.0130154548302557
0.01096692557612701
0.012703614449800789
0.0049884343201888962
0.01583493462621683
0.016157279786203547
0.0069284499858072402
0.0099585724146613857
0.0099085415031085426
0.016986522250901116
0.018600740775401574
0.0072046436159623351
0.0072989696323444491
0.00052324783073568479
0.0046616865204987413
0.010968526104167074
0.012253761066262399
0.021345510197912799
0.018191294431462463
0.023301752255550621
0.0069576850600080462
0.0053409167673216604
0.013372769574776603
0.014371845667510919
0.0010112636288422672
0.0081071231701524641
0.0042056315681815908
0.016065646020591497
0.0052266837203939877
0.0065077277997328715
0.0049210018425126937
0.013004825366469373
0.01990142573758269
0.020740767110256495
0.016921784928897649
0.0093505128175289994
0.0055150981020499383
0.0041539576708036277
0.012339171417408127
0.0070913729410250681
0.017872998885028968
0.014598307573337618
0.0059092893740137582
0.0073450016236433699
0.0031879028349858164
0.016686533652885333
0.0064403095097530505
