0.045685209787335652
0.012722538517188433
0.003546536387545038
0.0082283953413812144
0.025708577919893741
0.025608921201205812
0.018068148265366107
0.0044186520615433576
0.039694955512879236
0.031814851212795106
0.023545734017379461
0.017376135252466406
0.027784472468881469
0.043315887232929839
0.026723358477686445
0.011031333352462955
0.018927525307830553
0.025756630724278758
0.026046336830727223
0.055829673758549254
0.0028879781455086119
0.047992828830570169
0.014559856318127246
0.034957814355293937
0.0363943378740108
0.030125816619147976
0.014446979380141039
0.03147345720602205
0.065319477604829174
0.014605720892884687
0.045944708158178908
0.0033439784237501791
0.016648354032490334
0.014582994614767208
0.0058312491695597917
0.045346789454044349
0.0060005021239397894
0.026781977417630831
0.031479923282778675
0.01622509119621297
0.036133316055309131
0.034526304077997082
0.028948507689639278
0.0047114579353665764
0.03936386578630012
0.016989710509681042
0.010974486160312108
0.032169140850183513
0.031020033326392752
0.025832415763886913
0.025011507578137145
0.0078792309814667647
0.042474161514975198
0.045990693632568816
0.041765540940681606
0.024424401648351513
0.041090149363634088
0.0058063801974757136
0.014684909805041172
0.017987065861233695
0.020506244249404854
0.017022180778811114
0.032048545845165678
0.010844097940172751
0.013584710169412095
0.02361807532229972
0.040043257360116345
0.03953500693841798
0.016838953119076697
0.03200923886794272
0.033073488988163258
0.013041822599296682
0.041994153331854377
0.045111016876759509
0.009493803984218039
0.020843595812596098
0.048746499018212638
0.023936732123501898
0.045438974752634531
0.027015874520695413
0.055197116791113887
0.014177922423875031
0.01091817013056641
0.024630598985777911
0.038342251161944348
0.021957210349528373
0.044961889078840578
0.023962186389160492
0.045906735092309879
0.013297099686164545
0.040544645305142839
0.012505474029984169
0.018041158709017582
0.017249528765336596
0.029642254110540556
0.035159584492593418
0.038470836220116676
0.012561658963466556
0.033902833496317293
0.024555762001687204
0.037179832747566303
0.016958491795951682
0.026899661052791273
0.012052351240898868
0.034658376252292095
0.03488233635992289
0.038336307781524637
0.023199313107532586
0.052647105258418175
0.031339385307468069
0.016483212385755907
0.039455515517781016
0.019623058508816509
0.037565730965495245
0.04320844122021187
0.034154639983530737
0.062635068265779359
0.045009869833870196
0.033346281385626349
0.01200373882730239
0.052359615146837027
0.033259727099911186
0.027758600195098602
0.0079181732874094753
0.054488396938962
0.057378329113747101
0.043016312094724035
0.03616520936045018
0.036135707302379166
0.062059992222021888
0.022023906323684679
0.026179737466198668
0.050499758775769107
0.022200291368088924
0.044366635901260623
0.034696267392320873
0.024046406140998178
0.022031711487336642
0.04589265083310979
0.0093508464870729526
0.048123404556517077
0.044917026643236671
0.023465242619626854
0.025015256585377506
0.036501862068848999
0.017210990826428525
0.025123979800210867
0.018284981543963928
0.018512739709369029
0.0091436700548357969
0.013652408441395253
0.035541630170451109
0.022931409967989071
0.050169098891063094
0.021925885182890095
0.068229315885605171
0.016603316280358309
0.031835302048569838
0.0091506614373241344
0.028463837738833594
0.01284488739227191
0.030744374251253006
0.045808440130268718
0.027451721597271377
0.054710518298406188
0.016102650655981855
0.0067437431810581814
0.012508699450196288
0.033387751818343595
0.015138854272235625
0.015930707939055357
0.015122206928304351
0.011962447824356001
0.038434489100207671
0.025420283901827521
0.048533816200558917
0.010045870494535262
0.016050552087229285
0.029936912796604386
0.065723019646566599
0.024546684871413555
0.02335659176844173
0.021721583737690425
0.017808747465749317
0.02633237155619424
0.008476382507074904
0.044742914546291125
0.049712380629594939
0.032496166522416006
0.019680307346543087
0.057273883064706543
0.028977868112988126
0.039065413197301904
0.052078729995813755
0.026611386909269768
0.0094998553360636159
0.022122838626055592
0.027808726504757502
0.068992098966690757
0.019157361723344184
0.0053925806412516647
0.024928645538071517
