0.056649396633356192
0.011934815692607782
0.028761656095115801
0.010881703778509378
0.01163592829376891
0.03403743630658012
0.02303066662994685
0.036855798815366922
0.040852667303142097
0.024851601907994389
0.0434138247487518
0.026750665377502869
0.024855324183129072
0.036714779778821122
0.016378284143230708
0.033641050409810101
0.018601061310260292
0.017419165781795434
0.033630402271849227
0.010514711249297433
0.030827098132880138
0.028277047802486605
0.012678631582463131
0.026938620111386136
0.075494766854193054
0.031623067186352785
0.019644867596452693
0.0057024641458409912
0.059513231806389254
0.013128669668444238
0.020290087449958076
0.021803680184643938
0.02312513897223565
0.019526199913118852
0.0680065101805674
0.01264697119404903
0.054134992963412149
0.046416883048009401
0.042775367234429221
0.01621055244942295
0.0091596787120507128
0.024461399256651143
0.04145771989541952
0.0055425258932703817
0.041308186097238013
0.023582325460196146
0.015655639754859299
0.015060782315299927
0.02707917037727723
0.032369395476202573
0.014968998630791873
0.02386053543605984
0.024359492875230759
0.0065521803334803461
0.03898545815336444
0.012022345396390922
0.052179474283421366
0.029401612758529306
0.010866454904217778
0.006075958293706352
0.020427057761000487
0.012301099640101256
0.005691552477803819
0.082771646214104377
0.035365951178539128
0.051653943700256673
0.026510144165163209
0.027292747607200938
0.034302422002275609
0.032487919238818969
0.029721375835320207
0.037525882396873211
0.0054961490538439142
0.028679902176428941
0.0048852187909245838
0.011948346907175484
0.0081546900580068537
0.05322442735694332
0.04523507701192004
0.051553761416057851
0.023765712097420216
0.035340723390406885
0.0092576477956666531
0.048075752730024048
0.026292726332697747
0.054331244158504231
0.037450309705830111
0.0016896590029655393
0.029757300246732055
0.017884075559907411
0.013322317985137022
0.036627156144493495
0.019926404125309684
0.035469945454563431
0.025082460745179929
0.039179571288607544
0.013802714345735007
0.039752807166828275
0.032191187702836264
0.020699425963200766
0.026079372187722171
0.024336128714486149
0.046715107638057682
0.025857455014390896
0.042667127772453607
0.038961117593364604
0.032342313282880543
0.015667433952757912
0.040953321256994128
0.031368830181339999
0.019213848375273349
0.036415710843210339
0.020698571002677611
0.031909180774781457
0.018059508419309072
0.026241526593923408
0.029210111471959076
0.0066153826745396606
0.039809984903963563
0.018378000389907709
0.010242299802547653
0.011982474153076473
0.02339839640254885
0.016348427270270787
0.041044499837151596
0.059285349253121018
0.018749116882194033
0.037412885036731493
0.020382571227528189
0.021011662091952019
0.022354260042411259
0.036466216364094098
0.032566403583148849
0.020362866103687236
0.028873039963802576
0.017955360686241081
0.022107470723754498
0.011989076516422342
0.0062764537409461347
0.01674503845564191
0.024705487796329261
0.040231093832831945
0.031966460869451471
0.023790580732888828
0.017201972989564551
0.05178901737167934
0.025778123743988173
0.039083374790845747
0.031708921649044389
0.028891490095981309
0.030741513000081544
0.034206234974384769
0.025074612860492451
0.037475269130294885
0.0035941461678423874
0.050805590122160391
0.016761396040163395
0.012161220047295564
0.030539212724633405
0.012784761055762144
0.016044676842053764
0.025110837837818419
0.014888551520064628
0.020505445338150852
0.021707538144064696
0.030983013745506851
0.043485407483011045
0.036986824268194593
0.012370760014377997
0.014002686034997254
0.032448696889786396
0.046543220561557359
0.037763686760351502
0.020685563124349493
0.02972778317116594
0.042222595575326753
0.039700282213785403
0.031423644519663792
0.027132583124948532
0.035532960638394083
0.041428172974765372
0.053770951396320238
0.039194114199364298
0.02448892793476035
0.052907379068345237
0.01758219736627032
0.040543235640051162
0.021553120375067025
0.026913976632406394
0.016498682579525911
0.030436322506537151
0.02245152358281869
0.013330407123757904
0.023130813686592623
0.024920993284420927
0.011652071431611104
0.0059237134916249696
0.017690083143756412
0.0068223182293034659
0.04876364751570577
0.035509451141197627
0.02740367532885753
