0.049056012403194744
0.013026147511602547
0.02398013137130476
0.030498592181627118
0.010764668684437597
0.01944021729007378
0.018813134225773517
0.031989234252942464
0.029334086719687198
0.063247513615480547
0.026488526208943597
0.022231385621389391
0.015896180202763691
0.031721322266478405
0.027440753199336587
0.015709171015981783
0.021165323708316329
0.016421530831765299
0.007275313678807651
0.012324264335503174
0.046411947220738367
0.025163448416482086
0.062685688273886445
0.012077546234060146
0.027447463040811016
0.023090002848653396
0.019548231626162739
0.014600563805213643
0.010560672774568475
0.010927844142066137
0.037153547673428787
0.024300481629360236
0.0061851422261032804
0.034066974553546417
0.005328656922293065
0.011938506117941118
0.024420268561573342
0.024240537309547432
0.062999845302882301
0.0075313421324798187
0.013578741086743253
0.018647757308780436
0.032718623258622535
0.03496511367322859
0.036347399869493029
0.028602763488482466
0.002115608876980978
0.045090987659182347
0.040011022176019463
0.024042367399951654
0.032702650324385039
0.0023270286885629346
0.03426653962002553
0.01225620134391958
0.022906786809789921
0.0098136476574163037
0.027293191420827707
0.029386336515067023
0.03214108039929961
0.01431961168851607
0.026746218275589928
0.020809331899976705
0.036335707064096064
0.037493120935499481
0.014005086086842684
0.025697460620839486
0.02972143335909112
0.044069302588532047
0.019272943232427835
0.027410259349958895
0.038261994576391359
0.036001055777463487
0.024260972130533548
0.0090326733910278626
0.036266913279629401
0.052075833572544229
0.011615324977172065
0.030661426773927074
0.022350909682438514
0.025611906851848915
0.031595372723807545
0.0058356238193141285
0.04605180848250439
0.024136657096996701
0.0096534949940913443
0.03581599664742114
0.021506683166023315
0.017119497790171492
0.05855773073850918
0.031706184010365221
0.026153145769479594
0.032621551393827615
0.0371437198292493
0.039797892949111409
0.0040470329732907422
0.046617055593659792
0.020713132889481813
0.042751996277114415
0.019470576740206306
0.015269370386403998
0.039247367602359841
0.02839901523170511
0.025495253857716019
0.025375525263904412
0.026617929415789363
0.05373981386059503
0.041798182342560171
0.021475572104168474
0.02187579186294723
0.043590535984062997
0.039669222626147103
0.017734885388741319
0.00063121976531230206
0.015802280919220549
0.023349781768175037
0.008710651105031577
0.026101943355799212
0.014401935319715651
0.044889375886600302
0.024328081515727774
0.021598957150175378
0.062722525445378513
0.023041320202866627
0.008913829588335441
0.025456829688744666
0.032425506962138681
0.0077310404237183822
0.058536557230083448
0.0088678817437666656
0.028728984837593344
0.017239326258254483
0.021325364257195532
0.022070932941084573
0.015822015825077654
0.0060966570087519533
0.013837310364387442
0.037392761795066884
0.0021836434261271347
0.031138210820584322
0.04724550012221166
0.01796971940353409
0.03329665361003685
0.049034883901523579
0.046040178977765696
0.018506882954979945
0.019477497998987053
0.011363635612336345
0.063595513795715111
0.024169709051394643
0.019867498974020306
0.022005640942058098
0.03549108444010525
0.0061531798124788645
0.016858684489711291
0.015454648146870515
0.040258162586332809
0.028458775995824883
0.0022502622274393892
0.039405928409765867
0.0076678784536895715
0.0041963235656729721
0.026055364051517881
0.050711673980595402
0.008913675627469567
0.056719863486093584
0.036951001904057021
0.034713420336659105
0.05101651470831086
0.036179047516700563
0.030996376662982016
0.051879910198843304
0.0074170904217255151
0.039943419583182399
0.030485417104850844
0.039313916006614547
0.013720130749519697
0.013912591838176797
0.016143388198538791
0.019750685924930133
0.055479103669932153
0.038790359871822673
0.02093940075940158
0.032938100759584581
0.019514140332913432
0.021289052580867166
0.014928807887448199
0.019168697011333335
0.001599122682371043
0.035075970287615631
0.025574647275910509
0.0052425905998022713
0.045349268638639986
0.034473447847193764
0.012307553594533741
0.021548420485789314
0.021138164264028321
0.0410426672841505
0.031398338499281947
0.016970912950215071
0.030826282330213596
0.038248767744297058
0.0066323746131451778
