0.011496684958178511
0.0060508565210858206
0.0090781944492840765
0.0053532267520458397
0.018334760943029861
0.021160046065497536
0.020523828528834845
0.016052451007209666
0.0099957925176144408
0.022845748574252481
0.019834379941812804
0.012885093286991309
0.0029543361160069238
0.0046677990399395242
0.019998986483245482
0.0084498666980009178
0.0053726172103547706
0.017530544155318791
0.021898185658731997
0.0055430659592401697
0.01956848718156395
0.01606962430395821
0.015187650835212528
0.011123681245551817
0.011156049541417627
0.0030037545904732063
0.0075343158769448108
0.011501212760376007
0.0086508782273154398
0.011707502502084745
0.0058086333596232007
0.017150840959822874
0.01884295035402973
0.022193055972802765
0.0067270290352111689
0.019849977099783124
0.020608549168504749
0.021442703329953801
0.028816519056623389
0.015690827703045595
0.0026733489447383538
0.014919029364013025
0.011822254872730814
0.013606899370965098
0.013648598957141692
0.016735042179813683
0.018544385807361508
0.007910810284866971
0.012336880162077993
0.013022203413114365
0.0087397254312856429
0.013127078485678716
0.0035801742668934815
0.035730976148039557
0.010014259468584211
0.0091851641658408905
0.01750854965745675
0.021976273796329115
0.019601357817103229
0.019149451233371993
0.015501550342801316
0.020874384937097545
0.0074590983677553435
0.010981030900968301
0.0068635238064247055
0.0076181982256085419
0.027402636446199981
0.014533699993292385
0.018331272837536373
0.014321529590229939
0.022435014715069646
0.014226403026707772
0.0035798387422073968
0.017794667346389334
0.0055591232539688711
0.013286012217411786
0.013539179000326224
0.0083398790478484593
0.0098054067515149883
0.011431781510375851
0.024132279642166826
0.0062590106350692365
0.022864606456065573
0.0028124367488386709
0.022662395780948964
0.013624521932064045
0.0101818864858387
0.0065546952465569304
0.016018448597974237
0.019423816336443023
0.022134138711395347
0.0062267775964388967
0.018936310943136962
0.0039614486771221927
0.016201431522209004
0.0096880154130848817
0.022404576307617226
0.0034105662234652835
0.028845390763362379
0.0073035716761455172
0.014474198815631761
0.012968141695657381
0.017939446274529886
0.022158285945318355
0.017078036432904828
0.0090320522317430887
0.012934535567642895
0.0096669825004866202
0.0060287400936566522
0.023593456508050163
0.015793145838646112
0.014994098539041517
0.027734577308064202
0.02120126074562053
0.0066022993528653462
0.010033798392273254
0.003423191123499049
0.004370482607077706
0.0088541878278963586
0.0045320090149376571
0.0035085896987733585
0.01868534864016037
0.010195524731941085
0.011542665651313682
0.01670303548729233
0.0103801484502461
0.0093529640565145015
0.0038762091560073193
0.017131847182064439
0.013741853821867522
0.010397682915929738
0.0093017856078359811
0.017050773199602926
0.013793122124268413
0.018448972625926732
0.009844897364945638
0.021424772059558818
0.0074736776871168276
0.0030397009775282582
0.018878054922707867
0.0035788109129931554
0.012257116091355658
0.015904483860444865
0.0085728907775551467
0.008568153334863389
0.0084671348620709765
0.018217620130531055
0.020793473574668257
0.0052739104662107017
0.012559102432145607
0.0058835166776680164
0.0035815719441236178
0.017078675579487626
0.0066736231282942763
0.013793988574584639
0.0021148488745620442
0.01779224199753051
0.0056427596931707619
0.0084366947538412878
0.0081221051985747028
0.0053993863725998381
0.027309273371555944
0.017226428558273634
0.014568145428698538
0.015322112512269418
0.0096860020602276432
0.023491553710392771
0.008189804304561378
0.023654148593029275
0.02131606628676826
0.0058160978632001209
0.021053168086779716
0.01664982603694443
0.0072880609322452487
0.015554071061910431
0.0018286632543244963
0.0056328268571516618
0.0051095393606154322
0.018990940881736123
0.015952920043630713
0.018969446780597827
0.017392117548442776
0.013152530064211462
0.018966236609823814
0.0029527983389785045
0.0082569970393724292
0.0081028318731022498
0.014577859034955886
0.0066846649743402039
0.011759171318449241
0.010216993885930028
0.013035637069514714
0.011641091930674849
0.011497776047793075
0.025212652243261083
0.0107395112507886
0.030013967191643585
0.017571421693359696
0.0084169748614062959
0.026311294315929847
0.014807713198885308
0.010349712730898969
