0.0095512185146220622
0.0065993348748602312
0.015303102560259617
0.0084356028640552288
0.018627604837746801
0.029207754384816074
0.0081535115433631431
0.0047223400409513797
0.018428061156338795
0.019363928166259745
0.021223952355362685
0.030803022339218014
0.0080941299170045611
0.010418165617906584
0.0045811743443976644
0.011955751290789027
0.012516403813150351
0.014925098605276995
0.016204380239620772
0.010563395138146395
0.019170301393236541
0.013375121480701562
0.015607546304332155
0.010790717491636515
0.0029031106351447454
0.0097930557690520011
0.012380786435030643
0.011972971729824262
0.0089342583693331357
0.026663188640304373
0.016552601961141129
0.014932772590566457
0.012026030769486414
0.0083470437528366092
0.020683782020035783
0.010952949343648488
0.0080680462751198095
0.0056687528630637619
0.0084340445157856745
0.0087656170985337574
0.020978819031341273
0.018864465600593041
0.014797567360243062
0.017662948403071553
0.0051369126472502226
0.0031759162980962946
0.022687160797960002
0.022316309445232874
0.044924454550609803
0.0092239531964515269
0.025999294327652564
0.0051793405221984721
0.016849965496813439
0.018270483023880752
0.0034118673425518639
0.017854009127989848
0.005265129044831565
0.014999178619860176
0.010137912038331524
0.017505517253167093
0.0020514952834855696
0.00038072572568943573
0.021434891832920338
0.0074206400243369327
0.038297816797714518
0.0026637667437166197
0.023885521375360059
0.0078565279888530102
0.010159812433589327
0.01969162216256732
0.011923379864783664
0.026799657572171322
0.016485930463443915
0.016111234982266829
0.017049108928769215
0.013156082197280667
0.026193606100328198
0.02179717710592894
0.018731515977714143
0.020318388274804356
0.019875285133848009
0.0097435743847874307
0.023764173794149877
0.01904239074206825
0.019120142965956714
0.0092135277984893241
0.011413094740704885
0.0096330446626583972
0.0095976307015344514
0.015093709754722944
0.021609819531547489
0.0074781127069484046
0.0058907820780344051
0.016554238836915511
0.020120951692482045
0.022877804813319729
0.010923849980707856
0.010513725674080047
0.0081233454293157294
0.0045303097565841015
0.013814510591923937
0.010506042316142708
0.016039131027300178
0.00974592305671413
0.012080032070646304
0.0060466661251603448
0.0039758194033252476
0.020149139384117221
0.017372370406806975
0.025439182056925417
0.018467327300536213
0.016820122487476743
0.013426969390069612
0.0094456700932305775
0.013811679246534328
0.015244461079539653
0.003073871013122518
0.012860740074934669
0.0026214488506783639
0.018013973476438825
0.0018432076092280922
0.0089212974217173346
0.018845339597142158
0.011608210435854738
0.016936354563364009
0.016831757861362626
0.0095658478647729535
0.017211263680128125
0.022616928408470776
0.0016200948025448785
0.021551076915039366
0.01114600399902823
0.011418925430073109
0.012001223339067078
0.016814321506464995
0.0074329818016953845
0.0059256223511286454
0.018741632564843926
0.018108834566888648
0.02587034571258947
0.023339536151294069
0.0079789823981064132
0.0078861054922433477
0.02857391127914119
0.021573018709577459
0.017321068825192503
0.020060873672048077
0.0070240603257828516
0.011755953057079301
0.010001654280001417
0.0087324749818355092
0.006711474725769228
0.013367020220842976
0.012703988233495075
0.014482707190513557
0.0041610531769318091
0.0061724706103445
0.0072704505492926742
0.016798070626623578
0.025514237677626367
0.003681757287302705
0.01747857159016895
0.0023060742313852026
0.0094770353680340303
0.0021204331669032721
0.022215803775621237
0.0095975452236070988
0.0091164368598926591
0.00852434272424543
0.011104451142720493
0.0084025139266298756
0.01483107882013621
0.012846285616087531
0.0057038413511318548
0.010700533455240267
0.025911896071628741
0.024517816976598689
0.0063214567792204326
0.0047613680357501079
0.018732688035428002
0.0088716161066344397
0.023694642564930285
0.013059783202451115
0.015642296631925869
0.013470154064770775
0.031923013338004708
0.030622249510191029
0.023693783784300249
0.019302575378599276
0.01365678786945511
0.021400975990251845
0.0049167255058930404
0.016683539974065818
0.0039058888320887418
0.018723357133518349
0.0023108815581636996
0.007804999726436784
0.016977338244571594
0.018603355982291993
0.0085380583590374554
0.0091636164924609655
0.017248717467908972
