0.0039131107606097488
0.018699849138709281
0.01512433934110779
0.0065226323323324988
0.0034353667498472833
0.021339590693968419
0.003774208016486362
0.010541156789361737
0.0076402782193704683
0.011255508666611272
0.022646166268226273
0.021277930369114142
0.012649830591823619
0.011297529390191539
0.0091861599132193553
0.024352372419459596
0.011258992292461094
0.012526438164144348
0.011909853626637015
0.013208382882049736
0.020006231251878604
0.012207622330231737
0.022013162385037695
0.018746838562106485
0.0080496533165886862
0.012299893964230032
0.00786898053164241
0.0112629938188528
0.001113140368318357
0.028673022564771455
0.0056674677208749412
0.0039696193314238291
0.019891586919215925
0.014861372206915162
0.016596250287640793
0.033821832819266491
0.018534602218129609
0.0074816067459267215
0.010451493371192576
0.0041725915714436422
0.0027157779913757588
0.015009643713903354
0.012108537202149076
0.011412379591403553
0.0014325793743117888
0.0095512138212773736
0.017770258040868032
0.011304619454486017
0.014286315594790473
0.013630026346877662
0.019989573080913051
0.0081164885199679401
0.01355150566034438
0.01342928366791608
0.023012727468642313
0.006232413248412832
0.010203865704189109
0.009022275688310823
0.010792607014083175
0.018318058892028716
0.021087993129929618
0.02457115253345462
0.010480253367419888
0.0041237542057373719
0.0088403810302374007
0.0057125847962117013
0.0055960316853463695
0.032193180981660248
0.02104335061671242
0.0084787698764446692
0.012582273446160577
0.017526909778606287
0.015255036841056823
0.023474986736830055
0.018291205294739661
0.015122146267179679
0.0072859436887636317
0.0081103636705006504
0.0085328583737823809
0.026029266600946729
0.013440808193951541
0.011177846695296147
0.017227246101708442
0.0015411792024664609
0.0099453924912164121
0.016086971588474341
0.0055620879854880751
0.012583519247510316
0.018905347771422994
0.0078082061703227358
0.0081865942431464597
0.0079023120887470981
0.0034642616789712986
0.0040019510788043191
0.00067379744074390596
0.0059427826699968364
0.0046062628636679504
0.024934052308014071
0.014629820062627974
0.011333340977105961
0.011027870536279284
0.0083918872150364737
0.019960397485303646
0.023760284291157469
0.009111583698108907
0.0088243672592384602
0.011684868519481178
0.014035507057628597
0.017829606177663146
0.014589819367694953
0.010529624821736262
0.013832608745663439
0.0088650184114070774
0.0015515611736476973
0.012529522015436053
0.0081904093957425195
0.022739060458263422
0.0062589014850277956
0.022725768942133736
0.014916881027726491
0.011703807112333346
0.010559434069741747
0.0077465770540491767
0.018777842175818359
0.0043724710382100932
0.010686501423861234
0.025534294840267154
0.0078259804868454751
0.019570574151459637
0.0069663411232465207
0.0033931706782448336
0.014269697361019398
0.02067818669183432
0.016818499812270411
0.015231827323266211
0.0046962855252782321
0.021583682817509133
0.016392098817458664
0.0088601256361666089
0.013620871379970381
0.0058402328437171004
0.0057939969893861009
0.007669913621150784
0.016238903047695059
0.014586347969082531
0.01159679025140934
0.015393439214572421
0.019171715410727815
0.0053455451844889234
0.0027834388763240468
0.0064569820154491246
0.013379549690969819
0.0093298113021737794
0.017443802539490915
0.0080151020322168278
0.004238807201894422
0.015389311523238271
0.011819478394775465
0.0058034330966211948
0.014368865264670027
0.0091684887317447783
0.01388074911235075
0.0094601360493524675
0.0094406310847138675
0.019041614925552244
0.011144386451699547
0.0074789293418447752
0.01586677635183896
0.025941722342234925
0.0087952973945500112
0.013544184745642038
0.0075773653595960682
0.012683376402383236
0.02427799790432715
0.0096319753849981316
0.020681920678873429
0.0098071129963252027
0.02821843201795764
0.021847348088701795
0.011251454317595493
0.020107706027227345
0.0032132443203162879
0.0043870734022040643
0.021384329303871581
0.0019848000870624207
0.010354525456795053
0.00712777999570759
0.016630719787070539
0.0077347394433988212
0.010439853070058703
0.0086300715967880214
0.018053202166734894
0.0026780395683896558
0.0076723378239871637
0.014171469452459012
0.024332445469683946
0.025276965113537785
0.0076702849097615364
0.01826319072847863
0.01492461445374183
0.0082365510505493407
0.01122651113703547
