0.0035470010542596182
0.027155133689438983
0.0066590366820950698
0.015460968086655211
0.023768400160585932
0.041023664885137132
0.024276872406330492
0.014105422215591691
0.0016266488677112872
0.0083497195124791115
0.0046770901077819267
0.026433271185354604
0.010590789018844804
0.018647039702982107
0.030975196875968832
0.018850977635267632
0.025056437276256654
0.0041307871186450542
0.019557136704854438
0.014494314814699382
0.019965362099127332
0.033649276652034626
0.017701420487215451
0.017498410115347762
0.042715470506800336
0.036141057401950109
0.029056073390796959
0.01559179541388264
0.015276384629253528
0.01509457469597803
0.021544911965095205
0.012829871252532135
0.032932762626119182
0.043825985384936879
0.017341338155582104
0.012403114371295598
0.026082460398715132
0.0128295262910648
0.019580504319526723
0.016335114590762815
0.035282336013250641
0.013896485511701799
0.0056968041032049973
0.015543762302050472
0.038849988842682918
0.036966034679632387
0.003390888773399403
0.016654799570844866
0.017164573529052183
0.018137972359899085
0.023440624313589401
0.017467281294808831
0.0072397756284023011
0.011749992704895965
0.014727159490915603
0.01904990696279462
0.01479342926132979
0.0080497961967663251
0.023487030749702677
0.030919868092144875
0.013187238028286013
0.033436483669532099
0.022046958302288543
0.032548656512018145
0.034069996207679573
0.018214279244556795
0.021617972176214164
0.01966815725514625
0.027474915732896458
0.032026002426147802
0.014683208326539866
0.036461496530631653
0.044251465991919647
0.022202040871560153
0.025560423386360623
0.0010645433498718011
0.012194753043748046
0.0041099296352054802
0.022699978541619363
0.042435972086302877
0.0098952511293258858
0.017778402316426436
0.0081480043790695001
0.015044060694039416
0.018477161144269373
0.023669397161170301
0.04195750816036365
0.023833750533449032
0.028587561513060116
0.032135600567838735
0.002146235956066507
0.031660084195591152
0.0093179317186634966
0.017848431782995677
0.025449120343514903
0.018941607840634825
0.013077698878045768
0.0095913421961880477
0.048375997185185073
0.012350885351413907
0.0039809154306726545
0.02782119433090072
0.015403070878866797
0.015772149812621313
0.0074847468696157844
0.015675069372684959
0.02561784135982419
0.029767846738724953
0.040847309097398067
0.013263646715212208
0.005102143098780358
0.016107299336530944
0.019733476660119553
0.021185782899696599
0.017659371626287602
0.0084902038871428488
0.00058381982576010218
0.028024745514557345
0.023509542168283933
0.030480273000305331
0.027433544058203956
0.036812621304656581
0.017148779174228742
0.031446292248471772
0.024316175088204738
0.0067323279118810938
0.0082791918443943652
0.018770728889393542
0.015502605721487813
0.026123300410797853
0.028474240509564114
0.03133248747803262
0.037043102674326082
0.015918580388048772
0.0093231424420795444
0.011256299970687184
0.018929658393777155
0.026271924638291734
0.015844471542980555
0.01822792567351356
0.019619498135595447
0.010227948195835892
0.01566363941147686
0.0033294005628187336
0.016763379103622921
0.0092421825608770998
0.042013345058015426
0.017811778722905552
0.0024472596249818382
0.0090221526593836487
0.0322719824703563
0.026893009613088322
0.002882876828873828
0.034953512918013359
0.0072856196914767813
0.02666870305938767
0.011066003727286075
0.029287242920230584
0.024057381318660254
0.034426216904901871
0.0037711620720296342
0.01682706324063343
0.023056215059254856
0.0067956312996599079
0.0092877181326908274
0.017380880985003327
0.013900292502740313
0.051173358455950765
0.027994751133289534
0.048658648175025722
0.043323967350822994
0.0112623495901373
0.01266381560498708
0.034505377256855416
0.031052022297617773
0.026009222963847303
0.027713451183062312
0.018390339914754167
0.024053303666801119
0.011992383520127005
0.021251130252798275
0.010193562310935806
0.014194218161958167
0.024513356483203658
0.02645125988019369
0.032824077512149608
0.023725978952467686
0.020191125700306692
0.012626867451427791
0.027075969358051313
0.01711753557221226
0.038743037424230464
0.0092970899626825879
0.027644704853949292
0.022935372834987162
0.019359778126302091
0.024692210775164779
0.013311415408483469
0.036584777192629481
0.048581593567323292
0.0068345816214657913
0.01346657432283218
