0.033771131975604704
0.017981959140814872
0.026221775654034447
0.019731046506150773
0.018056634063457998
0.022248389013074715
0.03438329627726959
0.00526496381503556
0.0020392718424302341
0.023656878846412401
0.018396147361177499
0.018198446053620792
0.014961519044448628
0.029473405286762296
0.014630635994698434
0.028164973981778696
0.023239466341092852
0.029612957127120303
0.037154241150251434
0.032463714785471096
0.0499297112448331
0.010819974392503103
0.034305587335391671
0.025648082412614126
0.019219244587297381
0.019222114825998955
0.018724219590544881
0.025916392062074356
0.026936477228784263
0.040617649504021858
0.015277966063010342
0.05221400635474964
0.037425848944433529
0.031396776373095688
0.030685045941192337
0.025003882637340196
0.026875224564395755
0.022423793123592859
0.055392941546472202
0.014087668897352251
0.018938284776454928
0.001981434596697868
0.012540913920656616
0.01986837241653526
0.043246077873154209
0.0046936333842533852
0.025087794217549617
0.0092147958460736708
0.0043875827191875907
0.015530317581411086
0.017093894765144283
0.019133612879972974
0.013939629286329769
0.033739245218079979
0.018244584734291004
0.02068127678382534
0.022659674989942293
0.0087455059110180151
0.025847340032468601
0.027634999896480023
0.031923581349213352
0.028153871861700326
0.0045127841544919641
0.0090200359286141518
0.010551329657188007
0.029980141033628761
0.010704787320940332
0.014295502501470955
0.034266736435544842
0.011407956200930044
0.014976025325853093
0.014432169516956169
0.03426064308788198
0.025448863786447055
0.026274376377279057
0.02979639224373486
0.02505705444771399
0.03798023833680142
0.010178868863290998
0.023331211263047068
0.025622294635459206
0.0063393468864215196
0.030155328872753785
0.023605838151298457
0.019735705825169321
0.025395320385173559
0.033589524689734453
0.020879073478107888
0.025970683667190068
0.039395111576091366
0.014773051904954647
0.045335707227851969
0.010083633030772371
0.028235568462311126
0.014176244583672677
0.031927591917043856
0.0066484805141492258
0.0093269585154601813
0.012756372446556271
0.059036667948474911
0.03140322576398058
0.0096475628471596828
0.017128627153579951
0.022191986370090341
0.0052775616232738475
0.036553508734723072
0.017924145653011529
0.023359496281241975
0.0063179819450267117
0.033235630759834586
0.034488589151815456
0.013607503109068496
0.050716373105225782
0.0058680797499548239
0.035853630565326297
0.029886807798192878
0.022047139473866571
0.011577527691637774
0.011817331226682578
0.011666011422100362
0.012567430916321284
0.032334758932477184
0.0025125662626024879
0.0049821519281667854
0.031095229509300808
0.022227137255816622
0.017948424718870669
0.038480661040827618
0.0141903568858163
0.0289452444014992
0.0069259627987052902
0.0071305738091277252
0.012395466892027142
0.02866907877037049
0.038057683934693852
0.024054791113945942
0.01842372026143883
0.015949306176306365
0.014514966820923644
0.010981278929646659
0.031101610098730612
0.0041645197936165911
0.0078133748427500257
0.015242969003185293
0.026211230054411113
0.031840050360603174
0.032167365532517672
0.020293663250059761
0.042439645438385985
0.012192483442391117
0.048195180876752043
0.022533811595727343
0.027943392480787619
0.0018387207532164912
0.034955787717172226
0.029138202399201032
0.019512800990362247
0.010813554677160499
0.012472633742760227
0.030826604229078305
0.035521132001233392
0.0087099211350885053
0.048098230678501705
0.013707708035354628
0.029258424438214213
0.0024111423275553069
0.0082606673602021279
0.046727583299837915
0.024093073540163434
0.016666875752372055
0.047085369192041641
0.023453858894845109
0.029878123545659729
0.020144039766948296
0.03690633489990252
0.024947901761244607
0.047285220954053332
0.01664690961028209
0.03061881478989821
0.0070281894747777456
0.021205910039378453
0.013838701104712893
0.049699854672076563
0.013492550569975545
0.013336252178886664
0.010128252223520597
0.01793448132384105
0.026346658477973354
0.0097526486470140838
0.028335733929181973
0.010916487403543798
0.01549485958286066
0.014654978671938294
0.01816390648602511
0.015243577010768502
0.030233246130366143
0.019802284981190774
0.005705117679698799
0.035666401898896867
0.03860512279112157
0.030100319540300513
0.015225917632109863
