0.048035135332572941
0.016705566350151815
0.028047776285330062
0.025462592513504492
0.032305490620332632
0.021482856812654143
0.038980941114634314
0.020120115557388737
0.027517655540033381
0.047371201634110065
0.023486960391140722
0.017008054239372194
0.031914698645266457
0.011690070624865045
0.032343639916585225
0.036587309834769294
0.031331352369962297
0.032672091821825885
0.032062432000729432
0.0323831614967236
0.025669208084095112
0.012012342643837009
0.027895962767982979
0.030232375062045493
0.0378267708387326
0.043925498400388577
0.025963298644562829
0.014644930722758224
0.020193438506390608
0.023711312375144622
0.019373085698112576
0.032459967464565635
0.017325296710954598
0.050967955231758524
0.022023911785868513
0.047341631206255771
0.0082768237040586022
0.035525585241713738
0.022069896374025781
0.013803055496898068
0.022221285069886482
0.017454420527283493
0.012316324281812648
0.017418927012503093
0.02075666214458198
0.029980255368110626
0.028164557874105947
0.035820291806242119
0.026725813993577891
0.011127291106884351
0.0077327099898120361
0.016090129593396341
0.038785809147296929
0.037991526100555728
0.021744318091237128
0.016422814084499776
0.024489897429479192
0.0095974613107347399
0.039323519930714666
0.01786721594272583
0.0057756157365172929
0.045597956262156056
0.034584965811501812
0.027608618711185685
0.037275552496377949
0.040274218829720057
0.012619440800989486
0.035149644929383585
0.015077251361541073
0.0036656292229134612
0.021794985824709869
0.015260426670044893
0.0034964687573413554
0.044013202042770705
0.026885320343070594
0.0085931050882326679
0.022840009643415048
0.025542814017718091
0.022938087186514199
0.023497786539007675
0.015944116569067603
0.016692155729633906
0.024353631246566355
0.014860986796311705
0.01992559395702739
0.014250711276436699
0.014069992513377663
0.020613407442347086
0.0066622217577458143
0.030865601587432297
0.033043285725920454
0.016862788614514308
0.020820591027565338
0.041360421686131167
0.025993577456244032
0.013094105080836006
0.021551654218743797
0.011242471142163434
0.014261775714855001
0.0053830828378832402
0.010865349529044934
0.022617369783914109
0.030043255328720046
0.016493327096095672
0.01629506647136611
0.00058001877581711342
0.01083076428187793
0.0367650526280787
0.036055469239886694
0.0069322661663383349
0.013487956095723914
0.034749524980085114
0.04090366374710358
0.035505430950532602
0.014845430314226329
0.018494948294047138
0.0098110570663831054
0.013131226976474328
0.015653286648525847
0.027508581198093431
0.015438558388184302
0.014357481523129765
0.013980565452344561
0.038069182391889181
0.036237688048160854
0.024677932809006684
0.0061919077803809968
0.021751785846842838
0.011700057106341468
0.039766716961763628
0.016423794692772914
0.040532421122474661
0.015889801914908065
0.0051951391674385176
0.035455396455661238
0.013812364147862429
0.035080521623305973
0.026599716736238489
0.022752856543557992
0.030056389126300143
0.018787980773762092
0.021817899063127397
0.024418837099778282
0.01355146485896444
0.015748002635134241
0.0129318039317714
0.013622226865561887
0.029430609780494232
0.023721825856786886
0.061912277444963838
0.018179742004283118
0.009683684058528862
0.029166326249284873
0.023447345378231038
0.026164322781074202
0.034203710980193418
0.026702007021411959
0.021378806854109037
0.015870747253729178
0.041705922275173932
0.026361315174432225
0.018625470553244258
0.026553426898621571
0.036374237622305503
0.012537800244679495
0.013643561482198183
0.047246063982398272
0.047611403058026858
0.038285909888571772
0.013559836616374653
0.03324183502168257
0.0088483250929152334
0.015374373539355628
0.024992492626445113
0.022075978889028149
0.010782189182022329
0.0051452184914851191
0.010225667208635872
0.0147999576342536
0.035518463579625167
0.034928334627365672
0.021569367597178691
0.037208223428898374
0.017733427103501665
0.012657986736177703
0.0053522136126418424
0.013178393828127818
0.0088539932130248782
0.011290671286657523
0.019847588682717267
0.030402404410923938
0.010597016285214164
0.023888800994717855
0.021903944554280855
0.029433791536392348
0.013809574184436867
0.044460918343944965
0.014929253887959239
0.047299712653755564
0.02463023428012634
0.0350490400984746
0.025185751876762322
