0.019091151266495299
0.018665858981610502
0.034911346493969056
0.0046609591433050936
0.016865763763408665
0.020548962689437084
0.033678738731676136
0.019460702320235529
0.028402971175256045
0.01123555084641454
0.021127947863932208
0.035897561012000298
0.0098718569011905753
0.036904506164335986
0.03529381606415951
0.018441244389111159
0.021610089778772632
0.028224891603614979
0.031088347368186442
0.043845952186503487
0.044758944961833663
0.029467133407740882
0.0092496499847744135
0.0077983324352191869
0.03053387525574287
0.015235058057879416
0.023802678320281379
0.022314713733549214
0.03521958619169762
0.031292757267175383
0.038199090660069705
0.022910404944590127
0.020589359519798112
0.017730559951885501
0.025169193403788048
0.020009952372338154
0.030947992612499017
0.013283642510929065
0.024066946162072653
0.017164279135313851
0.013900425216053339
0.041751548050490229
0.022179280588250482
0.013162107419083748
0.035896180770252931
0.019203138250771395
0.010470046398150931
0.0073149944061737318
0.062694635662796303
0.032418230155502846
0.012843280796426758
0.011756518440786078
0.008017239696915918
0.0067717897693919983
0.023293063094192164
0.0034431526636743317
0.038255950456301931
0.023571834530075716
0.015201290066405469
0.012627139126440048
0.0074354127901328547
0.047786848544672716
0.042971089180759474
0.018011746553097112
0.032597188536292634
0.026352935139797987
0.03624041435430829
0.032457512292554593
0.035747905481000451
0.01222304209390724
0.018299529149113754
0.026164274717625242
0.023582447551116301
0.033574049145339298
0.030330074418271263
0.013285089803625496
0.0044181827488807331
0.017563097569759469
0.013432622056277366
0.015840867148704921
0.028423480142476913
0.052612977792309022
0.010264317913104372
0.019801107463298408
0.012039552386100338
0.031448236550525054
0.020636179413138181
0.024104408309402855
0.025659506654988614
0.036058930963386734
0.012888406754029434
0.027575497993269291
0.026867435317889422
0.017405696788334139
0.065924374467633079
0.039433709137345604
0.010911506713211883
0.0065784419529323285
0.051578384574746651
0.0070002660344041928
0.023553760560356237
0.03014249262117014
0.023170808801550459
0.018270520534473644
0.010313155053950678
0.0187131218695748
0.01360100829867
0.014268899876232963
0.015609740393432804
0.012463948137746055
0.010925872660311378
0.017593996968865551
0.0073338500981326412
0.017091140515450298
0.019937335360013294
0.038415010765347195
0.051325990360944915
0.0056167353413344584
0.0048689447103871372
0.035002858022181685
0.017903936967485913
0.025634832150984166
0.031186378182856207
0.011433961548044609
0.014128032269569069
0.02603123315154008
0.039276182276743322
0.021444238958976621
0.022758532653058775
0.011945510614845145
0.01659980838654608
0.011462657057476199
0.030050839995105466
0.018064700009535074
0.01095908345618868
0.01066530851886434
0.026932122082454414
0.036324213107062589
0.032581674681489883
0.013693282578463948
0.012629840500879837
0.016299248181226057
0.02685888842806591
0.019181873266523656
0.031077467967478879
0.019861305447601119
0.016172489470862597
0.025376340811731964
0.015454500557761493
0.027062477958429473
0.009663783499357757
0.021874006454840271
0.013308798278156429
0.022564658567957332
0.050542311535036986
0.021579890083674821
0.018519673648156848
0.026947291045726681
0.039223745593640696
0.021660513370256228
0.018740752410137972
0.022059817487264734
0.026946583586545055
0.0015465381923738906
0.0042617654347663972
0.026393211685293318
0.025638380412205494
0.015052771624944519
0.021643650259966118
0.010740609708492809
0.025656823499014495
0.024787724262104231
0.028574387447850284
0.042293997306798725
0.0064121121730348393
0.028417153992502157
0.01161061760050492
0.0052024590998087476
0.039338324576054795
0.019131435999844716
0.015362700855586027
0.012987968944565283
0.021923032289726654
0.013565598990483922
0.022426030864913928
0.017284011039866379
0.010852617765845902
0.044870959420577672
0.039057337274020214
0.02714837281381936
0.033885469588804853
0.016502344593773425
0.033068224714375545
0.013785625045294602
0.00050511370806474774
0.028426936741568321
0.016249912647378201
0.0099942061357633782
0.0094336484233372344
0.016715834961515297
0.011630384032850889
0.014737213975107374
