0.0056993378669800594
0.046461333638410547
0.016581827666286263
0.013017435598380981
0.033991462307947043
0.024037999581111042
0.017824696782416459
0.010025743973822575
0.017270584717378901
0.020542089812198176
0.031600204009834591
0.031558774199433384
0.022246304455236655
0.019946462216874034
0.01896693368451996
0.039112158409288035
0.020808468267918889
0.020116845975924516
0.029986569747704805
0.036317275522554558
0.03667514808753166
0.018271362453811536
0.010545882476238314
0.03196238606903451
0.030512614386096142
0.039413049281269055
0.026736015217367504
0.018075813400989502
0.0048788346125048648
0.024705325358922184
0.0059000975081018436
0.011157576942782492
0.0271445375542896
0.055033144897684294
0.029570516685043277
0.030676450514522228
0.024493473104949589
0.0097190171005794076
0.014584422654642075
0.025002293692759893
0.028526581609790796
0.023897762356788629
0.02132314382833542
0.038529159501957538
0.032870077397359546
0.028833582771300804
0.021194989576948386
0.028180392693786593
0.016188441295063211
0.039622192429985652
0.054396113259208533
0.023081757850864259
0.041020109990569556
0.023544418879832205
0.011344536151692571
0.039821170776482361
0.02328364307933161
0.058300537874503969
0.022841351021054276
0.019873720716123467
0.021987779736233934
0.01174053357576926
0.015268598824855409
0.025950884833746898
0.0054636059733324562
0.036053298538388318
0.023793778375053736
0.0069225257366161046
0.036066752796767666
0.025952607535260384
0.023477090281199427
0.041238406129775855
0.0030127622794252139
0.026939630883930872
0.012232281976478262
0.02196777414604472
0.032061724543404606
0.012544302621066553
0.025230425907883481
0.015288100760179781
0.01972009407071865
0.0072044546367349927
0.032247107487005114
0.027760938055610349
0.013790550950586719
0.020747308812304414
0.030965741022492783
0.021471697535480463
0.014874788171154538
0.031723578826322735
0.010157061791859153
0.035418393626516387
0.011021743597621932
0.021070615061851407
0.01862441141108305
0.020282954669548468
0.018171151867384085
0.01475246620376785
0.0084470907636570777
0.042023683877853012
0.011306508892056529
0.019460580012043531
0.02991693292835344
0.02098071812177232
0.0031776146341531224
0.012278027484629951
0.042625436473318457
0.006283648915692999
0.029745475279052552
0.024102470425249045
0.027436059568591888
0.034799906155286602
0.021811300548242329
0.028747603886733229
0.021156109257515737
0.041865473097349837
0.012887044688130053
0.017708558871786424
0.0060157606215334005
0.02271217723439083
0.014900031379197059
0.015719549593059035
0.026663541176916768
0.029580534280854619
0.027975726264720065
0.039505876467606615
0.0080339384984716988
0.011550007570557288
0.037726289299440337
0.020842629132099683
0.015566226658625509
0.013399640798911934
0.030384578405977285
0.022870156519649736
0.037509069411647999
0.025609531552773911
0.035490646523538477
0.0027590682859370691
0.02536388688258169
0.02212833072369744
0.036211530615707012
0.047052421915283089
0.016915614101414067
0.01220742981145813
0.01632733124470916
0.0064397021572787068
0.025962875455994877
0.016609932657256462
0.011079132828786383
0.01309901404631842
0.011949168409692951
0.019025740232466767
0.032050224531432428
0.011793758402016158
0.030022053417484668
0.0084108278143185597
0.032830398077806189
0.011894348293175322
0.014099595733468768
0.029583686227555608
0.02368239498572566
0.019799103984930587
0.0039028499903497058
0.018028641037357945
0.010772795919077812
0.0418779223441864
0.0062025550700577662
0.037085934385867499
0.023166615045620152
0.011156935739104194
0.018322549725065022
0.023546958196046033
0.043215788121322318
0.0081724787635217219
0.01519942442343559
0.019292604140926574
0.0052648758382254973
0.014213118608703348
0.0065115093670219774
0.01409383927902076
0.01097856475691514
0.027834672742492465
0.0010584813123182557
0.02796100899152075
0.022913374790082354
0.019459016001272492
0.023399452261058627
0.010567462343081988
0.038149316332943543
0.041935962566043254
0.031364064885360018
0.022752285200703028
0.015045314025342319
0.017354092810596373
0.025677081628276074
0.027346778800312332
0.032824350097522742
0.031428676101508915
0.026209039442922889
0.0018652465922826286
0.02671580273225916
0.015138056417598807
