0.034143701953428314
0.01005048978236941
0.0027869549892522464
0.0058928950054721345
0.013624179340718334
0.029662592781627799
0.0086949132670522383
0.018915191478565102
0.030704927949864076
0.023410840732341228
0.026500987468000073
0.035101226235031278
0.0051717864693411816
0.022008608909757449
0.031060983643531784
0.020419503010574342
0.025124332128537961
0.020299247031916007
0.036087592771643459
0.015587613074620905
0.01616616525002991
0.020662837977543928
0.030985511755821843
0.021089670666503826
0.017375243006828769
0.013230491288392118
0.013409060603999358
0.021217160373435004
0.019773979613849482
0.015427909476419246
0.02529740976300638
0.018195269796708834
0.01633011058776207
0.031015504860751698
0.011917756080894511
0.051559023780143168
0.028878796507139877
0.020411815101418852
0.031098971926339699
0.023498109764575757
0.0028029010947628187
0.005649814149922599
0.019452404976623077
0.016285184588466797
0.020803515507337184
0.038714705020193099
0.031738260829925431
0.0059542975724978129
0.03294130912613577
0.018194483940448182
0.014844657684811288
0.005174102031025707
0.02128810510169294
0.0338021628868918
0.016982273724929123
0.031169273594363722
0.0088134674126275452
0.0030682931052233918
0.036087909293590015
0.02287142220217666
0.014948279345061603
0.0084663523152201433
0.0061133554666775248
0.021485404682824109
0.026763082893583007
0.038774214405519002
0.0322206718906397
0.015944359743339156
0.028163127246331788
0.015737274236943034
0.019514238742400925
0.009730375747262791
0.0083907155024643097
0.011331571801918768
0.015973277647656381
0.0154305581471923
0.013221581041269683
0.02316757098895476
0.027198250315444709
0.0048479212690191774
0.0067990516603922985
0.011636462062516695
0.027475546590167432
0.010296786382310226
0.011457660114530924
0.027331165473001386
0.030983334722601161
0.0036585144304178241
0.028090826699115945
0.020756338308756107
0.022507156515550856
0.01521265894828799
0.029799032595523238
0.020576798644526592
0.018703800599441829
0.016437498086358793
0.050480238790832119
0.033438537995184821
0.018788422690224047
0.017908391008096228
0.020675354534635978
0.020958298645305566
0.025126223856174273
0.0075999025922725899
0.035991111927294449
0.010324987234725254
0.023198799245515433
0.026377593068890509
0.041017982185732507
0.011657412042167642
0.01958331982602585
0.015052496348526418
0.021160095529877292
0.012362324736874056
0.016633804765634721
0.011920196483830735
0.02006946863188229
0.022895007409169502
0.033075543403895687
0.024968718314761842
0.013596221286198465
0.017704839957943974
0.01021412372087537
0.026293878345209125
0.013373695682257084
0.032122367720173843
0.013661298536699971
0.0053684679960712585
0.024641569403763372
0.011419659599387445
0.032832280873578867
0.028937530954144083
0.033036773296339202
0.014251488932304357
0.025641803428129568
0.017752451249476282
0.019624828192576684
0.018687215520388729
0.0088326436768348376
0.033488391690889997
0.0092705091147329746
0.015014506517481714
0.011626209958124479
0.016349033407696962
0.015750619575785482
0.018234318579232557
0.014776851519898465
0.010640220571890594
0.023398794073242989
0.029493012558431817
0.0055089563325061352
0.033222197391757927
0.0041920525388363409
0.03370929968974351
0.018362132327401231
0.011493513079352997
0.0094856413540897501
0.020028090178536573
0.016534779444221531
0.028083448757944964
0.037354138694180056
0.021386059889499258
0.02522323028282468
0.017373747498909194
0.024287039988652614
0.020015296243161559
0.0071603977163222643
0.0055497097364381074
0.012955374089574877
0.011806359537609751
0.020808463538701222
0.018577949223483034
0.02242464856341252
0.022285397211773535
0.012341177002594558
0.026035517915089585
0.0038631000554585292
0.0090092316377040713
0.0026618554722614932
0.026187946645525952
0.0095380568966215405
0.031257610855806479
0.031721370012191108
0.028120530295016138
0.0098395375892979878
0.031580227693782721
0.017630627630965425
0.016994819647836838
0.010353922100744522
0.007836214157509843
0.037385272207346242
0.028276381414877757
0.010571872673116305
0.047992955009623285
0.0029559283907102884
0.015881810808821721
0.024352639981485315
0.012118175800560554
0.0059780826947005107
0.0023143203033763097
0.035151924914844652
0.011960306297348794
