0.017267510670194042
0.01220195811909335
0.032551557133049219
0.031026360261310702
0.021998777055814319
0.012743796149864376
0.0073654635682518033
0.018296408251715014
0.02048452370095067
0.010671863225467437
0.036207055693099496
0.0044659076282597904
0.022172786799135941
0.0028860387847711071
0.02134753262381087
0.017645314201831613
0.0070487967075768239
0.036244204528199722
0.017387141275680137
0.010501939601720047
0.0034508589250868958
0.031173192404785215
0.030543192232550073
0.044785867499766645
0.024971448521950174
0.0078726027052691151
0.030048362096559939
0.017433524629483707
0.025572469705911028
0.029896676223029474
0.015336290601384216
0.018818107316943253
0.03467109652771156
0.028207951127316409
0.011459449063571296
0.027902538877957489
0.044660412507582646
0.0067513561914313786
0.024264490030273471
0.00049431754585879879
0.0076089214337325172
0.036542284483470862
0.018977897095212418
0.020221254736549836
0.0083371847988680404
0.023896606339455416
0.0092534421946481905
0.0057444162958524289
0.015873719096483056
0.020766448884615513
0.0327487898264954
0.021833095141389529
0.020172144060630063
0.015717850046595094
0.016918845865796828
0.0058377267179892129
0.027535450268368372
0.014211273819507687
0.022827652311503705
0.0047215960938904117
0.014033690098539001
0.015628052383289948
0.018552586661451428
0.044562325352625429
0.01508931654577877
0.015077100248321562
0.014371962102727407
0.034539401852088945
0.026278953395988566
0.016114743644077945
0.005541350006697655
0.012702469651002472
0.022164101632752717
0.0077522122637110127
0.0072568615610906157
0.022550150193647915
0.015644238796198029
0.047139794039006269
0.023225771281131694
0.024193146019113654
0.0087319797805381471
0.022932133326221432
0.023461299508377186
0.019994967471042242
0.0085458041798301861
0.011309131196124846
0.010631385556317997
0.032040311809605426
0.031846219777688443
0.02760541527495675
0.027518787659611365
0.0065884456292288748
0.010268366361570183
0.031234224300862402
0.019409596093328863
0.040406452128345711
0.014432107708866078
0.02304819951590785
0.027975614356268125
0.014372586585827289
0.012303097573647972
0.0083747767008529473
0.016257378014797048
0.027248853539423551
0.028869271137373326
0.037043739560849519
0.0099923653011000698
0.0076736446730167511
0.023551970486375282
0.012892720254669733
0.0063509877117351341
0.035233429168676451
0.023104112543368416
0.014406130282940409
0.021041021451445641
0.011947316665536625
0.019770709443479636
0.012580347850943432
0.0052149321595631529
0.031476591579480045
0.042809602310177289
0.020416310479506712
0.0080642670642663179
0.010773644645983025
0.022644487546991467
0.0082313445920498256
0.016931598528284821
0.015115847589646179
0.031667176596402599
0.037480655755872873
0.032581483314152289
0.03449800673231819
0.029434230667156093
0.0097590015993517312
0.00046563122067029068
0.0078378601045854084
0.034332733459809132
0.017092041347940051
0.0098339047528611112
0.01319849918619029
0.029830028602923251
0.037845421167449975
0.013448299518670145
0.018782690232175416
0.022447069090405631
0.027977790334200284
0.015510322774150589
0.014775896927348479
0.022449228193595544
0.030498996878126444
0.03327538275362054
0.026091750602461793
0.027092004868787503
0.02915427060878072
0.015700307520974434
0.03777576167565045
0.016300508090122404
0.0075333102651728226
0.017081474873545693
0.039003518566098294
0.012445210494961969
0.042725898704762337
0.016433766768009138
0.031989173630457605
0.027430572453090558
0.015608955261881099
0.020163736465418476
0.020687575626566704
0.028693122852403777
0.020657263341153278
0.00073090880154955465
0.010383028564012554
0.0092186934379877676
0.050551784511184368
0.013760935374663242
0.0033752793710724268
0.0044130830054321182
0.032253689934658297
0.0093914315067017834
0.022707544365768093
0.02254427249977875
0.010451505316678388
0.028230474024648098
0.019894106907739906
0.031367087199545
0.019639069934745304
0.020133140281709552
0.02368068133185371
0.014210227378781177
0.015618794318530072
0.0051665471449007551
0.018106545032217536
0.039889174357134141
0.01718007421229532
0.025867518308054251
0.022542210746000942
0.023702650066193449
0.0057107763544469742
0.016321700654993738
0.025575932553455239
0.035608366685968437
0.031434213916386483
