0.0045006010362250923
0.034029626554412863
0.025621557959735541
0.0065827984803518797
0.0052390234860435507
0.046326554316926859
0.015162049501773689
0.016258278601312296
0.018231778251967101
0.0041380556170139667
0.013028927202108248
0.019421189579335019
0.0080931402309361248
0.03639940638273545
0.0071772151097320375
0.024298900919289275
0.01534341407970214
0.0067795853046237675
0.035783777049952899
0.024392141008928683
0.035774823765713538
0.027962894103372177
0.040961119078576837
0.029908033033972214
0.026222973464208075
0.029007711613129847
0.026315364348128315
0.0098442128388591763
0.022844005083135062
0.0085739661595732423
0.025279041047238278
0.0065468137875996871
0.022245214667835283
0.020119328368685255
0.014783365574301797
0.01245670830627295
0.01513795416403939
0.027618220079250608
0.037311123621885642
0.013008022551576987
0.014401705313218311
0.020905123898815055
0.033326048635420831
0.020202129862294117
0.015831160353805399
0.022082394988807295
0.041366238474171764
0.023230752769838273
0.018439021425393092
0.011777903736612014
0.0074685239336822092
0.035757100983378351
0.01551499694053389
0.0097091524025639652
0.018097383569402058
0.013290740731797887
0.016796312531455398
0.036467407551617537
0.015427140027231568
0.0051646484830179269
0.04433225785447327
0.038725185454378225
0.014247786229819145
0.01176988587349182
0.039009856291007852
0.027784422383443152
0.0084016459566947106
0.0062429782171614734
0.025513457671653618
0.017657077908084913
0.014170585104354734
0.016575491244186613
0.029423818170792395
0.044992589410853281
0.019742389783042408
0.029498960658442101
0.029166791557481191
0.021825421097447818
0.027369920338984624
0.014511963671551225
0.038287183520622638
0.017307744439589798
0.013928595907831038
0.015870861599793472
0.019333072843022554
0.0090590765815621033
0.026380725829517618
0.025660104050342997
0.0031217323902034627
0.017821344554701551
0.032272876356584296
0.014587646015105498
0.014463132750231001
0.01019413629222584
0.01419505520085647
0.007449507743054023
0.025495027276637154
0.025082730972202975
0.0061462140160814666
0.02087623684361908
0.010191950247905838
0.021353326073221178
0.021091019762040975
0.029149057397400577
0.0096477258829409159
0.0076028228161385165
0.013464275287287334
0.024772324793550789
0.024850882166572281
0.019477839937731355
0.024367421405998506
0.024815120653930267
0.017010102333022793
0.0030698455886145181
0.0056538187520556839
0.040996320104703277
0.0037161934900142865
0.0045148429389578245
0.014379145497817129
0.0082783629021528828
0.01735855806985391
0.021262179449712763
0.0027185779886228188
0.018375029274100951
0.018827097594526679
0.019557642416891736
0.040396237385664627
0.008347224839593494
0.015754022461790161
0.0074649078262211078
0.014989883515331261
0.017141406987636738
0.0074877448157943611
0.016204365586531294
0.0053605477947024993
0.018408944589130224
0.014977072841833068
0.030245707884202101
0.021660719076606841
0.046215534308142112
0.022619872443617805
0.032042295226522709
0.0082847728659749889
0.012906162094623206
0.0096580459456875149
0.023108290114048163
0.017344230416040957
0.007008711089516069
0.02270941901234429
0.011044916281400446
0.014811675376019602
0.023476057570489123
0.016169765139113178
0.014382041139420034
0.013063894769728905
0.013583234972509978
0.0022185637044534454
0.025973371854013834
0.0067966245375168169
0.015213955932121668
0.0085669244272727121
0.023831876089036634
0.0074210302381552441
0.023545541518616792
0.011610937977946257
0.020633391186288152
0.020838149121965577
0.03909258068067923
0.015025268341472107
0.023857441255837598
0.020092730976768169
0.0063628076260807184
0.032904526464261633
0.027510641678216541
0.0079222591142592835
0.021394894269616861
0.002186863702527026
0.038611602095763829
0.014176161519420078
0.016384783547214923
0.021360141864989215
0.013883996887828222
0.035978414678024623
0.019014995325854007
0.016858183044720525
0.035273227666658163
0.012727707263581947
0.013986637200008097
0.010333141199586849
0.020806003696412067
0.022192144091030229
0.016590030370342051
0.033009179107558212
0.0054105532532358015
0.031996890580898767
0.014678092637898685
0.013503750712592463
0.025277867390367165
0.028125366304435986
0.01941583389625233
0.044745772167580196
0.014112295976729047
