0.020077960082938887
0.032251687657208643
0.027644987173282114
0.010467263667616298
0.017967605247820564
0.020053814574133657
0.050689876078789151
0.022919595564546091
0.022744064283747104
0.015432171718113435
0.024242669804318911
0.037140559212567065
0.023941460324957416
0.015294610276604571
0.024179304905319523
0.0065045737471910161
0.0022883460643276002
0.018032581983289254
0.022100390021021515
0.020549025309029727
0.020542230276901663
0.025663909480662141
0.014592928437617029
0.019259575786696261
0.026364525174384059
0.024525550636983324
0.017400078629505263
0.010692362934647159
0.025362228418634759
0.055272352193718503
0.02975162723425551
0.0083861980736522589
0.004197206715411789
0.023922531011214231
0.0032400268106875475
0.010661663004101787
0.036548869441050472
0.014066483882988865
0.0099471856372254832
0.0055644126782341896
0.0075872934247304255
0.02383124160495087
0.022508688602940061
0.014133706820158555
0.020602922449210151
0.019529532834826002
0.010233579146314675
0.014293793859979753
0.011348020736967154
0.01505774593884498
0.048095043393757586
0.010705595455271891
0.0038263534906430464
0.0080455728233168149
0.028256109155812319
0.014004191404189872
0.030082224885236857
0.0044366541560608031
0.028608887387045992
0.021964285228466791
0.038990618140750499
0.015897757572399852
0.012619390541086148
0.0034612147843654144
0.017657198909505376
0.0067631464126576566
0.021799965125254121
0.025812096174064669
0.011315554353051727
0.024451179109922266
0.029390948963069142
0.034308447772406825
0.027714498104259466
0.0038173713072511186
0.010572452917717006
0.014945804868792567
0.021609698381185326
0.0076826340908951714
0.022430877237132989
0.0062873006349916192
0.028092833094185067
0.016891338025736519
0.03763139972387642
0.022112739265841341
0.032810186979827072
0.026273969527125459
0.045685760503069425
0.029534962859070979
0.038806261400860666
0.011669961410138019
0.049297748481030114
0.033442308123261259
0.026482085909184657
0.01243115905162852
0.028883214384140557
0.0416769247012777
0.028234421883339036
0.0047318046331759241
0.025907356764551283
0.021247013306634081
0.023362290813564428
0.019248774293151853
0.013332375286725068
0.029501818275544819
0.02352186721365299
0.018926239157305003
0.040968816471238165
0.016286288090631821
0.011949359522769838
0.035939359538749972
0.031899379884536665
0.028785362240407297
0.02403619084435071
0.0028662000014728997
0.02310119481454961
0.0240144006317041
0.016640040309921215
0.0071873612027960861
0.0085223092526676356
0.025841522143735675
0.0072048539376190152
0.034747221024057279
0.03123848680368364
0.0098828971882269998
0.023701550461193661
0.04840058715786473
0.034834592665157815
0.022073202322714414
0.0086191086108990678
0.013352179750490911
0.02606603077786427
0.03021056887738861
0.02274733203807915
0.011218765601909667
0.0032922996942426606
0.015692233698347029
0.026495573338728221
0.031849522075885039
0.036320584390934781
0.014270712871078258
0.019380350325822818
0.022925669760616239
0.016035939867968824
0.0069320614090872578
0.015656073730491455
0.011387779776782061
0.012038788840905291
0.0045077842573191468
0.0029747237432332964
0.029049512988952197
0.022170130618124645
0.025819076214642883
0.03811996846599066
0.015324508246489323
0.017188327143569705
0.0030433661479678993
0.013480652203542434
0.022772239513329073
0.021634665108913528
0.021059358284197308
0.017719270607873153
0.022718239866008426
0.029739694350467923
0.010938182201349109
0.0090145243822472732
0.010360187796712798
0.015211411725736344
0.023142398772276997
0.026591015037758656
0.010582894006814942
0.0091325879447315371
0.0090133497665197768
0.023495012793359443
0.020207065288512262
0.024700270071195764
0.023999718241228592
0.014971411622716901
0.0077282784370914428
0.016285439507212264
0.04214234627365273
0.012952745079918962
0.013796528799991815
0.01804519577570959
0.011009923300090908
0.027627289083114535
0.041156176758832562
0.015643224226826014
0.011412936818859
0.014103199778435233
0.015160321910205395
0.0065449114840644956
0.040535618704124005
0.013614531532805755
0.019055971845839563
0.025598243585996033
0.025699833115491868
0.011703454883656492
0.0045143501327469526
0.01375539785903962
0.03868305083462717
0.023041893135057993
0.023185519300515368
