0.030897441415495188
0.030247752329380581
0.043981001391420922
0.020280540716174383
0.016657827633050026
0.03112807849574659
0.017430614953315895
0.0063072862431585884
0.0095635900641622782
0.016689413922112369
0.025219268495297435
0.031627992161697489
0.02118317883138518
0.039986094649268063
0.010646532511345185
0.01063942579409735
0.031076568319541836
0.013767002849126422
0.021342403296378917
0.025108099309828321
0.026839540276497733
0.015309791237539906
0.022026167376461486
0.0071125553125374634
0.028226313740259516
0.014419305781285007
0.020282580104373029
0.027882681892334192
0.014114958383841593
0.01811356402184602
0.0078302791618557535
0.021769551047494125
0.0092588750557864499
0.024188392596145053
0.015987292427527187
0.014178921564341397
0.036379796514094752
0.027113320028932002
0.029678127891832717
0.005083127108244683
0.015779960631078189
0.018072287013863965
0.025943083487145781
0.032913363140762937
0.025904753435807226
0.028256548865216783
0.024783373139449442
0.030675448682969213
0.020911929521145227
0.019486766484091873
0.020715879125100149
0.023599956272319193
0.031971089572971935
0.023010315082396343
0.025491613372211282
0.0078061817419531566
0.011651346102865745
0.015653196132141157
0.014660378042027217
0.018468555669773571
0.028210331622564838
0.014657326761602266
0.011073631314274341
0.049900735764409447
0.01178989681600617
0.0090394040134369365
0.013569882099216519
0.020299025988212864
0.030530840673141886
0.02539045962069755
0.016058664728660174
0.011983396070837492
0.0088848733070403321
0.004686049545730527
0.025466017055032014
0.015398706745026228
0.011841982462732182
0.015310950601591404
0.00945450601715816
0.020392719470897856
0.028056536372952946
0.028254026830512726
0.0049724878026965154
0.017480413462244611
0.026841621327801542
0.021530077233087457
0.029622013882862151
0.021096388191995448
0.021060392397533181
0.0032070096979667055
0.02485991859477292
0.020949408806434335
0.014188164454670325
0.03083579176337552
0.029428255938971967
0.026475756887089232
0.014918906254643189
0.021887895974401269
0.025940488342620742
0.024078854618339085
0.0035440001795665772
0.011373673918289692
0.02201334141256189
0.024361548557314795
0.010871280332957537
0.016391809199318885
0.014097941125917848
0.0085601440025878054
0.024174907046248861
0.037988984938628678
0.0084538070550206172
0.0067904126319617876
0.039212902399635707
0.0068500523256063376
0.021722624677639413
0.003647039781206713
0.017901330187433593
0.0085425275243402338
0.035386297972841367
0.02723744100144319
0.023274554904079894
0.024127782380963511
0.017135869585343882
0.032012996324090152
0.02160038394464385
0.043176077174270758
0.021290067589175048
0.026604041429384523
0.021638939881201
0.012655179441429232
0.046611859124982211
0.016500784199453881
0.0006129254103377455
0.022197244222971792
0.034138585467391604
0.03119228522077936
0.019310065507395512
0.020803129554285919
0.0037187437851968455
0.038625653634118469
0.019675429778101626
0.024868136543300081
0.017931056202993383
0.023251932821172994
0.027974055312460899
0.011611915434203233
0.029899957130619735
0.01334311986148032
0.036360402923723348
0.024021463963293643
0.038092781518519241
0.04283001118594857
0.010953668816613334
0.036192674482409495
0.037546307384395683
0.056263458486915614
0.043574853008175221
0.017389951773334324
0.036863358455411964
0.018649147030136023
0.027138723341236709
0.012918450240752655
0.009585628292489809
0.0093679718061291245
0.0054882302616294587
0.016601527076583026
0.022656440287712559
0.029558438445835031
0.016968374092318449
0.02169232022844015
0.024466386430308108
0.029052277768040938
0.012163517867880043
0.044903262632817971
0.016424482430602398
0.034935010598464607
0.022795527553489906
0.019373006261965493
0.010688585239393656
0.026303249219769786
0.0086636749529083231
0.029130465886449731
0.0077993443395663236
0.010501369306586983
0.02325533334342984
0.020052893505648893
0.01165029344333798
0.028840321747278588
0.019865620174581624
0.010786367954484313
0.013096382665363292
0.016236986935442906
0.026601039616632835
0.015508464490725132
0.043597301956081878
0.018301845568646606
0.010207512939714327
0.026336257900738541
0.015281812495191987
0.02187286866294566
0.018235017174586317
0.021004621874843993
