0.014573566217223831
0.0092525932331018971
0.021053367896691027
0.011974374454581048
0.010100791680726156
0.018583125559937515
0.0083621680502335583
0.020162365100761741
0.031345429617078577
0.024631764909499143
0.027477335991356964
0.017040273713128318
0.023370937741952102
0.016941272247138661
0.0078743175213181506
0.020828561614154133
0.018099367231973706
0.012480847533193201
0.020243840650713375
0.032317714796506095
0.033455874459675274
0.01879019921083722
0.011059213772447929
0.013307032182066879
0.005112290858295199
0.014697802926347444
0.0069985603306152991
0.023795578738899821
0.044004858083956773
0.022796098529706325
0.013632337095355255
0.013262326148696759
0.026586450744705597
0.033521445449284294
0.019188320485481285
0.0062781787078607671
0.011321435952764471
0.015395480387787973
0.0059322342096097738
0.029108884498899503
0.033215033403553924
0.010764735303703293
0.01081698138433391
0.021964059283922414
0.0068212438147618824
0.019190608012136276
0.007754858284455159
0.029652674526371364
0.011310144345045526
0.020320180241571232
0.017057203786213958
0.021379828698333363
0.012765258302349071
0.035204155052902295
0.0065117514653567797
0.02370549236151585
0.0026351968967377195
0.025674430876066787
0.019327977757104996
0.024405592962754311
0.024410273158811016
0.0018271677324569651
0.025010238132565532
0.01779809172534574
0.010027682792924422
0.018241799361342303
0.017485520243171342
0.022324806262494886
0.026784091937112318
0.035235331230991436
0.020895310081844941
0.017867230977481816
0.0031233045579999487
0.023359606563254628
0.010593607048664683
0.015286433343773448
0.015525285839524748
0.0087397639168896018
0.021033252430156028
0.0078012328265659068
0.019334765986600208
0.0090464230976146642
0.027417021510499798
0.037257604460646611
0.011158090655418864
0.0077574372428700702
0.0054014286750459382
0.02341776291892805
0.032958342750118531
0.035422662155844192
0.018855162972432796
0.0092043968760070222
0.030967711393245792
0.033623194320663671
0.016165425419748115
0.017852937304966631
0.00036499834824735354
0.020993010129789755
0.012443072915363493
0.029944102589859727
0.016440430506891902
0.026737526051481244
0.025403713741882678
0.012728906031603069
0.027825466271476643
0.031923164309635647
0.018325659006549724
0.010382002097276383
0.015614948255812541
0.021874963500357173
0.014551846281568295
0.037310875745091933
0.011883643488669335
0.035479382787677802
0.015006131344761848
0.01909662987241054
0.01824087554633402
0.020132437823249957
0.026663200180727029
0.0041460285943105864
0.02416401413087068
0.030711909528929243
0.013750292271320479
0.030923901229672451
0.034200608464999366
0.011521977462029468
0.04484035010971766
0.016707583333778565
0.026996330009354131
0.019445079479807365
0.017782463419735467
0.016681128061834104
0.0083461768693086028
0.021721582433363733
0.017988244025828347
0.043375927404463922
0.039116397120874551
0.012859527434919733
0.0085712275332929019
0.010969255092277775
0.011247555061000706
0.028748604601187229
0.04709590157842148
0.013046722680545603
0.02078121870647387
0.036083928018684472
0.029624648590238896
0.025576039367137021
0.033537561117130119
0.0057524625211549567
0.026520528286200818
0.016257795348617671
0.026133006515148501
0.0066605046151183176
0.013016245003969522
0.024416453195131527
0.021504637666036309
0.020092825826160506
0.0046331289826490726
0.004116734168421541
0.026828804499637343
0.019634737584131617
0.015382941297067744
0.023691354444355512
0.028710595755267201
0.033152633017528549
0.022124604330862118
0.0087205175549607376
0.019983242790947677
0.021115694547005775
0.024099996224639125
0.0084441818416820733
0.0095107398559120399
0.036494627788631981
0.01309334975675948
0.017332307954007028
0.020586803826569459
0.016880312403364257
0.012874065976362117
0.0062777705564717266
0.0064622696682674566
0.025015732960048147
0.0040553383673731193
0.040710980870431832
0.0091594387918806745
0.042849627505212345
0.029352765541311405
0.028046707658645226
0.0078089738145923453
0.016776853860666782
0.017122941642318243
0.025878352706271472
0.033704463233054829
0.020952384376279103
0.0095125941117978393
0.019792864582781483
0.0066201910091450659
0.0092235120454802581
0.014937165288756745
0.021093058167962541
0.024109381390377948
0.0219342192783019
