0.026814426405519835
0.020941828966991368
0.018121144236321812
0.043519213053775853
0.0081429329078754088
0.021969792655652642
0.026595096286753807
0.020016550539539196
0.040837474796060945
0.045971205301676886
0.010371858613719817
0.024073896784089534
0.016831494996021486
0.019260665033165078
0.023858970501679129
0.0074564728450885343
0.023916262976801324
0.035104586110249643
0.0088623832873619829
0.012899971340647173
0.030868880040904309
0.014752450557482973
0.023801189139963545
0.039789793647312111
0.031102014839157605
0.020542311969621967
0.0070038451635449127
0.015306995875866607
0.029833999182971669
0.023699577259265279
0.031749933865513988
0.0048080731010506708
0.003296507133647457
0.0072776343627045737
0.033410267181359414
0.0064833374897263858
0.022317077808939666
0.033253690110128339
0.019423686522466177
0.031639430020954269
0.02844140881338747
0.029071135610114492
0.025684988631260768
0.014267505245744652
0.012796813687448399
0.033246365123667659
0.012304565027075668
0.031271102363448322
0.016357533561615817
0.0090311680227818884
0.0041605304622821856
0.018184227301181684
0.0055726711647922991
0.020067156661542917
0.032788835676994428
0.026897744074970791
0.01246217985940504
0.059145835875964663
0.010499288531495269
0.026845529321307245
0.020461046269247874
0.044743526710499089
0.036459872830552867
0.012877993034800717
0.021722521272170298
0.030605344926606801
0.013060582928197098
0.010539277328165141
0.015455668311396694
0.010663919178967087
0.021586474761691225
0.023479065001553643
0.049450173806781454
0.026731494275881625
0.029048102661546539
0.047473432151103577
0.031125618997066139
0.00045233224697081652
0.013747466869362438
0.0369632504064559
0.035627070214313071
0.025842527394583214
0.0052253514878592188
0.018790839577371894
0.037088055688951529
0.0054600402547605913
0.01087219961594782
0.021100828825935204
0.017505115086123901
0.0093939441124819383
0.01797233530506601
0.0044124213943735552
0.010066948409614355
0.034480127067919634
0.020673419477110606
0.023527233317839485
0.022408412115143311
0.0071198121398738804
0.018939219167861628
0.027845377730863544
0.036283144357264048
0.01352951084162648
0.012977787404044708
0.027668305276108619
0.018010630082939544
0.013475531347263073
0.01969498086918773
0.013277024806434052
0.023974359388430254
0.01874982565982795
0.010384748543424296
0.018631175060228242
0.03783286347382242
0.024431753102946808
0.033559845219455001
0.031442968943082024
0.015245089303746035
0.021877467646089502
0.013659010757872687
0.014978243681644628
0.020992333734676537
0.030177062558737699
0.023118747854923797
0.038791214524706574
0.012058775281400314
0.0084549062511200482
0.024638839460402618
0.020476212899355171
0.013480861726240424
0.020997370036641722
0.021665886136915061
0.019332725052502241
0.021495498142852718
0.022388354439137576
0.037473387093125671
0.013108522653237057
0.050730077343324173
0.026293731718161021
0.02874474417785219
0.01309160099790619
0.0099471427929625957
0.01711462801038607
0.0049397308687968303
0.011387585533028051
0.01426341333029321
0.04411299132196593
0.033979979961102656
0.011306214082447689
0.024759357367135137
0.028058777419910284
0.023716949318947068
0.0066516335566623279
0.063561499006309169
0.01858613109172837
0.0048415982771999383
0.018634433706648752
0.022785859560264077
0.034118962012231323
0.022620153217821602
0.0045100917940087363
0.036638615182258506
0.0048865744248566727
0.040052610658475464
0.0027053401961880381
0.020463704445932936
0.02966408166720565
0.053688416170840976
0.043354149044051049
0.036706870671052771
0.032800629672372898
0.046229644611053729
0.061275671819447632
0.02621507919937751
0.017328036904571298
0.02224396466762708
0.0083552803832174973
0.025273747729896403
0.019604005277318769
0.0085951208004815451
0.02928056675765555
0.01454959871511265
0.0083973018382194186
0.016926117559895738
0.02016238404340856
0.01032091366825422
0.029748720938385802
0.028113191995995629
0.014405319947807384
0.0094412672096920829
0.011181853645650266
0.0037133648339518952
0.03433533057608866
0.019552222080980765
0.0046871492632727099
0.010781725945576337
0.0055529154258514351
0.027483157359881352
0.012560965104391336
0.035929400545576889
0.029061058620541654
0.0064430979295283788
0.027182245473279576
