0.02253492353482299
0.017867447348284177
0.0039886217854607471
0.014923098397597661
0.0045337923140065101
0.0041202663319875833
0.015718371296336603
0.010738765666231928
0.039307005487065103
0.017548707025249202
0.021032737155063111
0.008879950174709151
0.0036299607361613851
0.016237078422073378
0.01437638995158708
0.017651128274554107
0.017485118129064774
0.025648225847772477
0.022636339029372392
0.0075562913211652399
0.023942126047658888
0.010565049630585769
0.026691018157860069
0.0067728114016841166
0.0061218869077380956
0.011080825433656422
0.020226486722642913
0.032059681574159615
0.011261699287908702
0.011857825278512334
0.013408309047912336
0.0087513296670164165
0.0058503939389114934
0.017424439598641431
0.025534293319790582
0.01136744345346
0.030382529227750116
0.015223385840421573
0.015232010524671416
0.015009376429691735
0.024054042747364661
0.034730137372147571
0.0095234244894581259
0.025103405574698659
0.0046347656944218238
0.017396782444301363
0.0086717021247838671
0.0070333979792608844
0.016757016848569253
0.0081930039250122742
0.0095009570055991453
0.028455848089874614
0.019133807654331553
0.013905974774254497
0.022984680131557782
0.0034095151071305329
0.021431149543464249
0.010051034234714817
0.01225390348591299
0.019520317329404065
0.015902654265921242
0.011525666163253763
0.0099916475104906526
0.028527217321049663
0.01316851621987121
0.0090635201413490005
0.01977586957549634
0.018153156462651508
0.020658919689482788
0.021459190295882644
0.022920212607352553
0.017527287590501518
0.011657090241826989
0.019766659384363634
0.015985419119621831
0.0053033960632649152
0.011861609138525072
0.016168603970360997
0.021048800587312573
0.030353191681572824
0.001594559227428889
0.033358975711983839
0.015609939141201411
0.013721383277066354
0.0046185005704161971
0.0033754730427706515
0.013105446423300224
0.0094780063333819182
0.005272599265474907
0.0081368486239635513
0.015336637388003857
0.015691621577294167
0.015625861610225587
0.034991563383689597
0.012222629314810229
0.018198941089784777
0.021178504422093403
0.020826893389920123
0.019955396282343822
0.025753360095680654
0.047221697042352087
0.015827574986724859
0.0077308130568807835
0.008969342683932317
0.012444009214283807
0.0044977996458168065
0.0019114649465388079
0.0048762937807377031
0.016227330472699357
0.01463140891987246
0.012005744623609732
0.014037946866873366
0.033252159366689772
0.016859918660928876
0.01795706964525522
0.016069406797253317
0.013176467169267002
0.0093719586114189377
0.0263423369816745
0.0099866178101260007
0.0069242313548768947
0.013190030873955596
0.0078814940715026399
0.01481095894496391
0.014677523087717486
0.019432889213910256
0.01763976108457355
0.022369979286346313
0.013093876952523871
0.014739878405681984
0.015578358133985728
0.019034179607599271
0.035163122481729168
0.012359324727970536
0.004603427538603125
0.03217022824163638
0.021225516794387788
0.01679206026273225
0.0046192030111853639
0.011307468774602163
0.024970924583662919
0.0059923366656959845
0.024499469633388754
0.018658523012361067
0.022247992933192462
0.032210916333904688
0.01095647356260104
0.043261960778073844
0.010591796309263296
0.028652765910693007
0.031263221356347751
0.018500348440450048
0.0029548351789494788
0.024230369371656481
0.012877744217027018
0.01814801564848615
0.017323629178074323
0.025457186927344447
0.0074039463574614535
0.037991294852449432
0.013600793423915044
0.0066304012035362436
0.0048571728688758132
0.017121711249542693
0.0068736994658484055
0.004995685808529088
0.0092050983914846764
0.017860286566504079
0.017932860545148813
0.032464281998268098
0.026595675307704267
0.033542766904672255
0.0058846032043057194
0.024987819346285092
0.021785772649351387
0.027857908443982976
0.010692129289823216
0.012820877392624715
0.016010979189059783
0.010093490242156498
0.021181449026105699
0.019614479630092337
0.020574938878814199
0.0046322190860782582
0.012730476624829637
0.0099517428400764142
0.014962328614096547
0.031342328727674042
0.0096284862740191306
0.014032435740556829
0.020057894650232222
0.022458141907868219
0.014170687162448743
0.0073744732530008749
0.0079950516216500539
0.031291686560940751
0.02415936860583388
0.0068591085762642421
0.0222262103559633
0.022827093006427678
0.024123948082408499
0.0097260923347924598
