0.019073740982956534
0.020176712680017899
0.014669778282612447
0.015514250741974378
0.012300968707106823
0.0074965038591483001
0.016682432556747735
0.0065307895957034687
0.017895522823587126
0.013974401349074178
0.020198295007670005
0.004988870622266264
0.0075262321814979407
0.0086512250310061319
0.018236658603976823
0.011392094184523938
0.012053792476853852
0.016047773162702259
0.014478917656760366
0.0061586803727448547
0.032480748132015465
0.0028956048205260234
0.024816214568323846
0.018991938434738783
0.0052698176474204814
0.019588330899446831
0.014833979552967377
0.00654025529658811
0.0037869104504132463
0.02050360848155483
0.022375205042336341
0.014439793554985935
0.0078456202113808601
0.012511122238824337
0.021747916572299679
0.013106765786295124
0.0060414947612978005
0.028480329088130765
0.022955397504634153
0.010919968701557948
0.014122573391806753
0.010508842260210321
0.023615483231135066
0.02542014548348898
0.030538289105320401
0.026226410204903416
0.030188656228128937
0.018357664195477269
0.0018071784002100671
0.021739560745724605
0.018755441662725986
0.005656242288246318
0.018391638189036195
0.0093603599200278408
0.014349914715454555
0.010410526691266334
0.019321896860507976
0.026794707154246339
0.023228358355797573
0.014515207648126808
0.0045820314478559132
0.015360131808452457
0.01109343522611732
0.022251128767837046
0.0081945011612144202
0.0048789460612511971
0.0051171123629939778
0.01185776925202639
0.014315589657515457
0.018466092327605692
0.012091733218574921
0.026532514399857512
0.027376754789294754
0.014684773708962193
0.011969930717326977
0.0061577018594359996
0.0054188453221281673
0.013360025399891751
0.011586778188619905
0.0082932708424909921
0.018574741288102034
0.044084184616250459
0.011753115911243147
0.03609283341578301
0.014581014470305699
0.017392368623960833
0.018555271766032715
0.0091384064917366201
0.012613823005793775
0.017617136081594584
0.01444004607143998
0.025204917042007891
0.044017581239125914
0.030275613401616327
0.0046500056410327204
0.0052689006715000326
0.022745796499687134
0.011561797606574912
0.0042561605273266538
0.023356567776407669
0.0082995555201280189
0.016978944306506236
0.0071922302518319207
0.0083016471603325603
0.019786391993791206
0.015648130888193047
0.0072913286540206377
0.0072830261756975006
0.010159189435003969
0.014843801236950387
0.0081072145784159607
0.0037028994244187189
0.010328935574288092
0.013667110159852452
0.015433459993846701
0.024656234463931309
0.023659449990730618
0.0066226985714469199
0.028083148085488889
0.012887773063173853
0.024026229882946695
0.015880865668489522
0.016313834863874555
0.020319328334445504
0.002631599842186633
0.0069226505740377937
0.0072322945900574467
0.011405083987290883
0.013224809475662895
0.013665201275313923
0.0045280326404130286
0.013388620379898963
0.02898101276091971
0.015525567031017328
0.023379090293091671
0.023337392128379465
0.013614373692340028
0.021487721416656454
0.018889587119462294
0.017613788043465198
0.024065156743908606
0.017228912039014777
0.024498131951666384
0.013219247856879116
0.011993714434957061
0.018800210514174475
0.025744123986279389
0.016108702421606357
0.030783091162293663
0.025311408802095384
0.0048431258974845409
0.014261245422191574
0.028516100999159594
0.013264687105511862
0.014584745572621492
0.020476958243765185
0.033824638784829296
0.0084170593202475222
0.012548489159976185
0.01966208426967431
0.011711333520070821
0.0083574809600594352
0.0083690100513806268
0.019561856623446658
0.0036348924023439592
0.0037139148181621422
0.024650136843929114
0.026028117301075768
0.0040452394499783601
0.0030946244203272706
0.0039530956007297292
0.012749271759996201
0.018809282944623439
0.033921898687593127
0.013800653798179371
0.012421378050688651
0.0043143360580487587
0.0055702383333948793
0.016287507847495268
0.0030631914295908094
0.029539742610158119
0.016619194557740375
0.012445443424191341
0.029076548550965978
0.015178264164429345
0.012818899747293977
0.006777461963825753
0.020266817201134022
0.013293087058271863
0.012649687916838303
0.013657682136805255
0.0095777437457727523
0.025225335125202981
0.036210797016699853
0.0080193923284323232
0.0065851408996615395
0.013837926772837192
0.01746533427503482
0.023960996013426602
0.011717189798393122
0.026264366921727393
0.024249794116342368
