0.66956246185969681
0.73867584783028439
0.66706650213313656
0.65662517509845564
0.59617938781434787
0.67305774205114388
0.69819980309284313
0.6444586252259038
0.6698995223850559
0.66392335876787523
0.61761821583307153
0.7006851528743625
0.73815950226630334
0.67792864932003283
0.70738916070108637
0.6473161844294737
0.71600898337831353
0.77411832993288199
0.70003297093262551
0.64719074077546779
0.7154838235934512
0.67324716842808319
0.71281641987555189
0.70412164728629922
0.68850934312206225
0.72849425407299973
0.68814057515384963
0.70631914986217226
0.65434980282986754
0.67594864705663882
0.66595181409040671
0.56275044405596419
0.62927568799330669
0.67184762619276572
0.67676606085921676
0.69457759761320237
0.66086597347186615
0.66891658502002571
0.65610516710795408
0.64942899539761068
0.66922860889073477
0.70023977834082185
0.71894998831270751
0.6626298856331112
0.63990571397223339
0.65657304318343712
0.60159295418936098
0.67085460903681005
0.65041927069200944
0.6380628824114124
0.66409484924376416
0.51350730056773453
0.5736620771620714
0.58613670136831253
0.63550326549692504
0.6819756863700992
0.68130829821348138
0.68905492660699275
0.68574288414827078
0.71316136821417797
0.57473176993072816
0.64919825126449349
0.74428671910321931
0.74338711015804304
0.65884571070886866
0.61288974197340496
0.66558770170382764
0.72852642171671778
0.66469915034228166
0.71844593220930575
0.70674281237591974
0.64398803945515015
0.62545079714931906
0.71793171123346422
0.67892040881835591
0.66010970890193166
0.66853394596407245
0.65398910644611519
0.65295924778236758
0.67102908899859925
0.69966248538637033
0.71226263800182177
0.7109270104599027
0.72795745819150071
0.71112667529626361
0.71859901695057382
0.6996404323379195
0.66862713193140255
0.74532362141294362
0.7396205961577389
0.71519675978866326
0.71829344648762239
0.70387396628587329
0.6459092743333924
0.65981639081484533
0.6734258514155198
0.66084604001567415
0.69389184931303094
0.7347254275836772
0.70705056455459525
0.61150691180043548
0.67510057571345894
0.69623073615285425
0.62941245700575188
0.69292257340918495
0.71372732732579136
0.63567393771299674
0.66523594297689825
0.69902851893130336
0.71814814664366766
0.6921825102277982
0.72838405904977843
0.69608651325184667
0.70576591658437315
0.74773232162152137
0.66613858945786897
0.64835681783631804
0.57082433600183957
0.65140087861640639
0.73663530912863351
0.7105343358333388
0.67385166382864958
0.71954076539502831
0.69584351172042924
0.7217549840740547
0.66603673361421956
0.71464825787872321
0.74743571926661401
0.65456639211341716
0.69265382529413866
0.74293408413370099
0.70078843029977678
0.67720171332821621
0.63634597855688479
0.60898078042162929
0.70221225525835251
0.68287996958821173
0.69964128944614101
0.70801695018917887
0.74271221026974332
0.74477327170666363
0.70780447369768285
0.73476824816975761
0.70044174459847486
0.68812362005286432
0.72955001862327351
0.6842745898285445
0.70012052027083094
0.72336504829244175
0.66311417559018004
0.67616806946581265
0.7275989610941076
0.65704607675742921
0.73775624152584485
0.6487478894308577
0.70693186917909545
0.59807425306800344
0.7502141689195605
0.67459029609891641
0.69746595479708406
0.67205806723052608
0.68818943576307423
0.69706534535241516
0.73423815693589944
0.74136534175796587
0.72991343791051133
0.67937615417363262
0.69516464637015496
0.71845633021690891
0.74266408398604844
0.73505749369657858
0.66236335315131378
0.70314708742841836
0.750999162815987
0.71120211580217796
0.75569854044221552
0.7278003119889972
0.70390784601827927
0.66129837355531573
0.66036697327210803
0.6946830581964305
0.73268971550877104
0.60802083909963123
0.73450855447425922
0.73039019576438946
0.70284622111429751
0.67434786067458918
0.68293285261513903
0.57685939513001272
0.65081559439575631
0.68943914949650786
0.72259279342199934
0.71591112987112926
0.64150225276047113
0.57818444372593325
0.53237269140868082
0.43892735797860877
0.44216249134064428
0.62088363995124674
0.67148490306711883
0.71409315465251888
0.65015455365751162
