0.7060041568265637
0.69404815261811537
0.70417628332370519
0.70130567188311943
0.64631327524954596
0.6592200516684561
0.70163507526513713
0.71073379804036685
0.71015242672666057
0.66824826221020406
0.66138550509550276
0.76159057718219114
0.70013586336955802
0.62714340774885935
0.57348557839734315
0.47740799410682649
0.70306886370040156
0.68978331194394182
0.69292784178196021
0.68001816572840579
0.73081678961046137
0.70144063691549008
0.65942141555692779
0.70098114206958584
0.66431451092904537
0.71607892536607975
0.71946029784873788
0.69248258197103907
0.59873447750207986
0.5723839080268901
0.65661075190124862
0.62662231806871227
0.69872350085285551
0.73556850331413215
0.72289577163993846
0.66002154381672506
0.68076664572498857
0.66088566676681237
0.63845713306659124
0.71726441022124987
0.66579639232799059
0.74114314483497734
0.61344670341309804
0.66040521952763198
0.63522502813502069
0.67399912550573593
0.6767327393585687
0.73864080780833696
0.64697449834439169
0.6094961907368539
0.69164839126830291
0.68423788912660821
0.68238007057664729
0.6973146585233686
0.67731681263333887
0.64343393551181327
0.70226483142041662
0.72018916599846627
0.65940644387958225
0.70880310020823289
0.73161474496771062
0.71275146652659005
0.69343256783879548
0.69919325770582208
0.65415907418507757
0.68511336908139198
0.67533859043541844
0.71217434686834635
0.70754214280345151
0.70833494830811561
0.71870509086779855
0.72986536428486548
0.64602915252702564
0.64358323956335584
0.6939657717174661
0.69873661562039391
0.66965568749579518
0.67572542246019762
0.68790460483657001
0.65453927980002746
0.70085053939976905
0.71101384890446495
0.67863167786367407
0.69561831281532549
0.67045161312538915
0.71322111453604953
0.6979920194447129
0.73692948950369908
0.69631152087184989
0.64485751607835795
0.73736243156864478
0.68945514623824078
0.58591877822693716
0.70569623788953373
0.70861671493972234
0.70749623046884347
0.71014654505569008
0.69266522359396832
0.71432371457150601
0.61623873318075673
0.64125732775935207
0.5055542431026524
0.75060585062764917
0.65869641501500331
0.65487999852434398
0.71383826471704004
0.63742312308713989
0.67388448133379508
0.68283487527093223
0.66819256575366792
0.70424634754600046
0.64907712871371892
0.63918332226108776
0.71952487097496343
0.67199482652261611
0.69673714320868041
0.63234331823423562
0.68534106376321302
0.64369015011552444
0.69856762905447212
0.69056204533517718
0.69266660961537241
0.70056033457666
0.73393046514521076
0.66510651560494738
0.65488444625651376
0.72868426351664095
0.66712469412000697
0.71056122050279702
0.72974248357438321
0.71167518798778107
0.7002187208362689
0.68545934286939081
0.69563150309982313
0.70172251887788983
0.70188850044017981
0.67617277520208696
0.65897741607199944
0.70068698956618669
0.71510816242136321
0.7245110229055749
0.69794874914970284
0.662346437181214
0.70220659139862551
0.69870646933344149
0.72678391658070285
0.68008265522302347
0.71607162496139498
0.69692985777832062
0.69918190858860274
0.683884449406857
0.68313720689857238
0.68574822299967453
0.64289304710244766
0.7199476896178415
0.67702784626228374
0.69097351039209709
0.69097994038786903
0.65756536227357565
0.70182803946991212
0.68358290801061783
0.66057632804243183
0.67027224529785623
0.64693357039391808
0.63169300331810774
0.65208712485353759
0.56387572709526879
0.64013010144003379
0.59490414802084302
0.63712539272036106
0.64885443587059544
0.67933479239375327
0.70607370570076211
0.68928429733474528
0.73594592326994179
0.65658322539010794
0.65513879931532693
0.69593592877674293
0.70238138125481642
0.72177573095213043
0.71784700959223124
0.72743707338725783
0.65585235408643927
0.69717206474844862
0.65519325673076323
0.69497360095936667
0.58061979855064538
0.56447335878004756
0.51646349641821798
0.63560464857564103
0.71221031897225429
0.67467573636984746
0.70080077195009549
0.69473775884680988
0.72979742416982252
0.67663970070170909
0.71432559619154301
0.6878582053457587
0.64145387314783875
0.71031443549653006
0.70486139086668098
0.64515162697137907
