0.13513931400678872
0.013923467391054122
0.15950897818238388
0.07071911970909972
0.053044346294807559
0.084670361827876267
0.13109368170070684
0.045814491566515798
0.14889264474761066
0.15265655803229602
0.17041042331259243
0.04610341528722528
0.02042057988237192
0.033373692409123169
0.04337004855584204
0.20873871732624968
0.13940379376531914
0.15211705752987989
0.17016629250341231
0.2027211182048389
0.24599506359952464
0.092090053583274448
0.18041970347598715
0.29824348014955238
0.10752694239886643
0.19054910701396849
0.18235714358136004
0.11701741016084827
0.26377600432338133
0.070868390802561299
0.20696368560931724
0.19603983558922627
0.21128983207490831
0.22767253477611385
0.13509295934486742
0.06886986246025982
0.22409526289019158
0.064475054450961147
0.064286354039074997
0.093509171915141048
0.17410840123890195
0.14726119955832198
0.080806302894835258
0.18385363929999635
0.076560943026090331
0.22654805212781357
0.13962966136397995
0.1706513228462114
0.098604364072304301
0.16030637045934493
0.066118098664179628
0.12280950962967502
0.15682330332714506
0.054135563048046495
0.096786653687954513
0.24849482286928951
0.19728244301285838
0.0052756583887019794
0.075700819247236956
0.22762572886631582
0.11198743444455564
0.16779021727419702
0.16355640910963554
0.043108701674682046
0.059086682789307801
0.037045857020757363
0.067125577927316007
0.12852004526747354
0.065909690212088354
0.27593622888414387
0.049277658523058078
0.13681865168421167
0.082036642624765857
0.19779785889312029
0.24447319516111732
0.042148278065758896
0.089378981861248374
0.2136560560015956
0.15410375895767231
0.18459873805011448
0.12346907095911427
0.15820708712548429
0.21537391934863029
0.20912546997267398
0.17089132677520516
0.1877443894724958
0.082561298912272874
0.12629555546505192
0.1062135231982594
0.092182037797146066
0.018301713050634758
0.066323304161705787
0.059242846709878616
0.12466961737542775
0.111047080727582
0.18032791050562524
0.20373553336476172
0.13712251494860037
0.1449596598880801
0.044466143350774222
0.14567607324107487
0.14593462010722438
0.10132281846313956
0.071424398242311921
0.14837926948451141
0.1968340075971951
0.11218242058561013
0.078035610433824287
0.064506731177146573
0.19907335223022329
0.21020319662265721
0.033448287666615464
0.13215371491638639
0.18954468282850015
0.10462714563033557
0.14132096287651777
0.042189311329322472
0.055902972549117989
0.063126323664386752
0.11773510304565628
0.14821364937099019
0.15829645215522542
0.10477358392770698
0.038364005535019306
0.12057698362573589
0.066851859894460922
0.079959301558105794
0.20050831351695061
0.053007850689737498
0.12315185303495828
0.016629337373447343
0.21737571307354472
0.05588968438296163
0.16442084918374775
0.18295255406894453
0.11864787144363698
0.12184287988483714
0.10505173155913111
0.1048255287393903
0.23060168879114193
0.044197011569514048
0.094037959333255192
0.20175462880096565
0.12441838771389137
0.085471265825063411
0.16766541689517961
0.058581853185262045
0.056443356861307629
0.042364152136693381
0.039009395485317427
0.21003855624996007
0.14094620540932848
0.065772380197124045
0.17050850839754197
0.13916605812963687
0.073960427384851715
0.060993019924076047
0.070030643913105442
0.26078966873445097
0.16803084608201607
0.044595124549801669
0.14471907556776326
0.22929218390070122
0.081307374738843086
0.22943391606896793
0.12813943971044012
0.14184230495107533
0.15122699718223462
0.27054600798047079
0.13505531044949232
0.12879853769122071
0.17193368940780443
0.084765703662015413
0.024953908669126938
0.10926183370631741
0.24451891573199525
0.21505107355257932
0.19167558827363884
0.042261213969362131
0.17755373109852088
0.089682014489128978
0.18538220704205677
0.09005399629468093
0.13235687124858464
0.19836199350898834
0.054771062929811043
0.19406156494558269
0.13043326463125707
0.14261127341941029
0.18709673147457351
0.16349193963404957
0.1812050636306774
0.10053461243321067
0.21357360344569262
0.16165632858780538
0.1669369525573087
0.10675722236420662
0.06899282905076061
0.19924887908703229
0.11347920582423238
0.069814111732296597
0.19353153426244799
