0.15909462119239351
0.097677526823816321
0.20074744329622032
0.14617504292581576
0.24238411621847888
0.1871964011478445
0.20386911642433417
0.10665729974008971
0.084168246085623524
0.16365605820738535
0.061456424015207636
0.15700235212787567
0.19265205121738563
0.052815247603842659
0.18559946137669522
0.18772947964799264
0.17029627821410753
0.092370069448823908
0.17883667517580748
0.20414463979551664
0.1617764589971461
0.30025960176900895
0.17110229187774911
0.084647678163322623
0.17187676950427175
0.14251342628765507
0.097056646286692749
0.13660131222916841
0.1583686476862731
0.099644965136358427
0.050072868127552662
0.076880878483272352
0.044394105385317968
0.11786895029133307
0.1474907300625114
0.049856897536475167
0.069840585389066734
0.18226092265445379
0.21172675741050265
0.071511930016244146
0.14695160294424087
0.071834466342098238
0.06351165169029345
0.21664637573167542
0.13505833496306366
0.12378694529954258
0.048730608435271099
0.17773101465671559
0.18097215567055627
0.056766214918878066
0.091176020445415007
0.17359399619727103
0.12813959959064922
0.11587591718722545
0.1507656972596646
0.17024500621015529
0.074657139048007248
0.1527051606773247
0.18820927112128705
0.19178239773050593
0.29663204372398544
0.14407440206141986
0.064209585147958326
0.081214110143065912
0.12045414818851408
0.014973304448358165
0.18991676264386809
0.020968739057050944
0.034786959903004296
0.16946116159212965
0.01803797379840584
0.10364832115570533
0.16424467764950407
0.11556797453388551
0.15994340509594096
0.179230949154007
0.16170680742835186
0.090779961129108272
0.11738502007877673
0.18209814557854695
0.075198390244606242
0.16503989726748264
0.16665281287490338
0.16301708602748305
0.1647120869393166
0.10255746215845912
0.033331629621669037
0.15856450298289215
0.19483087205353919
0.15060408251965532
0.034194043520853569
0.06086416459140357
0.21195632175736306
0.05110192018796688
0.051630977331087194
0.10408852064523275
0.13523366435206244
0.12245960922630993
0.19268058838768473
0.12255085242988779
0.12957147148578085
0.073459700972446973
0.10080594063144376
0.090624927820448301
0.16770495518984735
0.225835049214657
0.090515849444397042
0.14565735168198329
0.18832014551030288
0.17370272898375055
0.13946075050283843
0.11005675643551439
0.1655862333783322
0.052388710395746961
0.1847553859237881
0.16511083844380758
0.055449452376403613
0.12111494463377799
0.1391831579914114
0.096258907210016495
0.20026392207155619
0.12723630454903917
0.088979823044440298
0.035892802654517858
0.10748447932812023
0.19176147449185302
0.10396573272662682
0.14115948182714441
0.11167345948688506
0.12294547456515247
0.060861192322025158
0.051141840004003687
0.11884313099455461
0.26855093288151338
0.10974089217812576
0.18730320422968955
0.066995526900351696
0.16084083698678051
0.13387381729993905
0.12666383285382979
0.13696930090551146
0.17581240489007555
0.033569031091602489
0.094621286527192858
0.073749901287118599
0.20124715129578977
0.14109843054209414
0.1364646043314863
0.14290816955349431
0.20573461617946867
0.20666410675421518
0.20625644887226555
0.17880383712322806
0.31342147936025716
0.16189422859845759
0.046281186771974167
0.052099562268026339
0.11043945329029453
0.13613157132471143
0.040708403860934363
0.12138181546303312
0.15178010086690208
0.12425330081150598
0.22665374948064257
0.31376369417836791
0.16017673396507812
0.065725429568175869
0.085958402704329875
0.11297134200071657
0.032092506509634459
0.093553798025162685
0.11369469138938505
0.10745294511645577
0.086185130115026737
0.083680797265184848
0.10004691605431243
0.12803964186622332
0.13170019185151213
0.081195464129825451
0.18935783189927463
0.062977229045081115
0.20405316189478553
0.049284947717674756
0.18149745078942939
0.16569386301555808
0.24866069200771113
0.095509192984341379
0.068458655229067911
0.12561323475248251
0.11242836832419556
0.094912272170472087
0.26523959380662177
0.088029496536076085
0.20199703031296865
0.19236472207960068
0.026141922088926493
0.099842384104572232
0.18241125659045848
0.20666967088872765
0.10782515640907758
0.1321214915567886
0.056244797075642027
