0.011784917477237667
0.010489054701975533
0.012537579516242217
0.0090079422219185613
0.014767789312009397
0.010451983480560659
0.0070857058106268325
0.0068735562910473089
0.008249975531482252
0.0093156831056150063
0.012057200735964987
0.0064076217091458849
0.0068806118876957208
0.013159187337271413
0.0090379802165116256
0.0025171395857482735
0.0075878554326337371
0.0079843017961194109
0.0054386937145594434
0.0033431263280636367
0.0077898658873166758
0.0062600600516228783
0.0063914843237248302
0.013192179000800363
0.00053962645753980517
0.004792044724458276
0.0038998671275459786
0.0036986291993148833
0.016870136785992383
0.0082787907278652987
0.0027809761360985995
0.0071959018533496446
0.0088862520591258612
0.0016303053187670617
0.0044622319958321794
0.015926481884849467
0.0030814214832163428
0.0078987008528835362
0.0069998431428396337
0.0053482632494089889
0.003881041625209425
0.0028306313083000423
0.0084375318842383248
0.0097314052981774066
0.0014724809577928656
0.013566112295339404
0.0094692350745367252
0.004895832587303953
0.0029171907708540877
0.0071634792796632304
0.0074202013590530143
0.0086936625263856794
0.015594450168065753
0.0019556374005205456
0.0054911715361489885
0.0045453937185560558
0.006582790965619892
0.010127980033929345
0.0069806135444350414
0.005314603573441927
0.003038210925419785
0.014981806386626318
0.0055174387839597768
0.011705253158818048
0.0033195727482482596
0.0070410963825512677
0.0045071898362889105
0.0079516269338747048
0.0032864118718305274
0.0071808638488229746
0.01054984548879247
0.0023149646686913628
0.0077780912242753058
0.014874745934543899
0.0074930070478391158
0.005179586075245538
0.0055580181061350717
0.017287940728175868
0.007698082573139386
0.0018657630203162694
0.011570631449328458
0.012627189416206811
0.0090261914205024898
0.0075226756125412377
0.0062717606373050129
0.010184613957583355
0.002873046589889793
0.012528516607212277
0.013592495512951554
0.003797115880949256
0.007573195104529867
0.0028589532379777612
0.0092815911394232287
0.0063505542344586023
0.0075533533315883224
0.0058222198266740461
0.0099986658656412968
0.013615329485405125
0.0061405521349227818
0.0075876660869961905
0.006416063200602333
0.0054337040748122668
0.00011233772680278581
0.0095587287181041602
0.0085187907371022491
0.0059516438046722337
0.0017257509069959983
0.011730001761214632
0.0078067414729422269
0.0086426932648994009
0.0067307064041352664
0.015314873911280764
0.0012831377146826435
0.0059687165132170537
0.0076704810049124878
0.0085834119712472276
0.0066655007182659662
0.0045252457858451786
0.0055033268886053623
0.0063250608312936845
0.0025708345661571621
0.004972813394627084
0.0065702342920526437
0.0079648718751256266
0.0057906514047534842
0.0067040766517455046
0.008548993906344414
0.0037492754033807466
0.0048835105236624274
0.004641144570334689
0.0047543991198072252
0.0073533316150552535
0.0085261510872784909
0.0075872807216790464
0.0037090672822619685
0.010101974745976424
0.001962657135493687
0.0073038435545810668
0.0084212081186497614
0.0053517339133614004
0.0027394453638090728
0.015917073869809624
0.010890588272699531
0.018610985144339256
0.0033193398864821335
0.009954963358397486
0.0032806286199592782
0.0036827454165578371
0.0027603867374432394
0.0092478340008112052
0.010252758752442876
0.0041472871167869962
0.0065555993334140391
0.0030983561233501123
0.006256928577894871
0.0036735472353819154
0.0086046336361830563
0.0091360744100229801
0.0078005111001559074
0.010812815975073149
0.0054167917353104451
0.01001714652275486
0.0045497381892880976
0.010082432947599359
0.0071707603138316889
0.0020724634504454783
0.015735109477447783
0.0020037753971757959
0.009786227382472314
0.0029607434646985774
0.013459167916356094
0.010951723838223135
0.0027879801058539539
0.0060974366526664438
0.008139797044372581
0.011612797740737419
0.0080078427602876551
0.010358265834072376
0.01103670146728869
0.012512116188299598
0.0061370872209132715
0.013070052934142214
0.0094538134897783847
0.0030059776155696148
0.0092763216862126689
0.0096505194105608993
0.011613208721017588
0.0045647397820621763
0.0061520900602727432
0.0058092462294443269
0.0077368958173385377
0.0084372133288509663
0.0019637763254143309
0.0083508707184674607
0.0067049503995002232
0.0027613535827852491
0.01043547369012522
0.0089095337639414577
0.0027427600193846626
0.0066027128807637512
0.020765158261673355
0.0023173358958795973
