0.006824543352795409
0.023365667385645564
0.0094356175962795712
0.00078057880718880894
0.012252442413698453
0.01589234186948307
0.030920897045165732
0.0034746524621164054
0.021978118456551777
0.044077956346853145
0.02175690301180843
0.011811873609745746
0.030457065425579816
0.012772653482207458
0.023730058641632839
0.018853625297094098
0.017906774511036252
0.015098222458942791
0.032279866420645259
0.022321326025405146
0.028408133449174224
0.014405574610844607
0.010672825664006425
0.029230517585840662
0.022068252837869323
0.017327585801263038
0.020507718049825582
0.036370312374654178
0.01170784787305793
0.034444523325108653
0.014990721002907487
0.0034878161241389217
0.018186276751992157
0.011119648944899476
0.022353620632476992
0.016883972050831031
0.004721511958167785
0.0072491315887611091
0.026244664430513188
0.024145789422553819
0.019485244976272766
0.014600127408950123
0.029218572244738849
0.0061943683606719268
0.032512537691377318
0.0026179636514562813
0.014515187512880889
0.010378604270001287
0.0087581769771854223
0.01578020193602175
0.02057369104901316
0.019923068572606964
0.0112010511683442
0.010778118477503195
0.010332551088283319
0.0099064540785031366
0.0029790501334695141
0.016827625343443994
0.022336967268328227
0.02135666454019804
0.012797584963614267
0.0031184981074499603
0.017858083016136856
0.009492639998811208
0.019508107449021494
0.019908561558064752
0.024214695323874436
0.026963932066057909
0.012562399592436633
0.015896597315462894
0.018350326871295054
0.0097502933320600654
0.019320566228076035
0.025179180600617395
0.017093261207913164
0.011737897926854401
0.023411086014758675
0.016606277779943227
0.0054322890434757541
0.019386946012012917
0.035395294770691817
0.02316511100097067
0.011913481895248882
0.021132032369678477
0.027566222830008584
0.025816322665545795
0.011119783337693038
0.0006325507289013921
0.011839801474555796
0.010420444277812994
0.046946683311168504
0.0063051722844682002
0.023300070386786019
0.027331966515820962
0.025490963760485732
0.0098544587754994962
0.021991424539314665
0.010538212300366752
0.019447691672135579
0.021020710909254971
0.0063038559603932585
0.011401196252220736
0.031894452130668854
0.029810100893203392
0.013626791939793945
0.012606589282571325
0.024250507529793536
0.016495748105273544
0.0080303041471838608
0.02272679381222218
0.03055605270195879
0.013454935865765702
0.015444853487888854
0.025637325849804299
0.029769330121905753
0.018043918086530122
0.021295940481019883
0.015699897602779393
0.024762056999576752
0.024310819117378084
0.037289733995295699
0.016318634942827082
0.0098780329600314954
0.019621212900359054
0.0072662167023592782
0.024181546197388278
0.036385492131993352
0.0035391902865384577
0.022095465434335795
0.040780718397340453
0.018559032112879754
0.0067622659246042854
0.0055594475072995161
0.0067566986448879384
0.023627202884887111
0.0063353970734187047
0.014713128143931792
0.023158170247951516
0.010708952996999576
0.030518715819541187
0.0075215698203642189
0.008683402339287832
0.020714480042260511
0.039532625001437074
0.0059001162489304808
0.018660354207539403
0.015056683910791702
0.016758515883552982
0.014224037732019384
0.035828270759173969
0.012974812548401658
0.010723288375181128
0.022038222417782076
0.015198804894808548
0.021342277949568705
0.022269891536104643
0.020961513406367642
0.0078516636116607152
0.015659891790289322
0.015634151080761247
0.034027025915354593
0.021290770486889436
0.014867187569481204
0.01934113056191155
0.021959893461349217
0.030087074719302297
0.0083394478776308914
0.023082462511614638
0.015999302416297677
0.015114459468576206
0.017221229898782504
0.014907373661585281
0.020243654998426893
0.010914471903695953
0.019976283674821349
0.043088105329233704
0.0091839656169960555
0.024560621346643184
0.016036166464339117
0.01037540756978984
0.030205523442499323
0.018062130104564166
0.023449769181447404
0.013506648626658685
0.00852418707386942
0.025444466331679492
0.012182913664209745
0.0056755671555333469
0.013273692158875283
0.029997142907028977
0.022850242208098046
0.020931452281888488
0.0018404391155272474
0.035846216191850841
0.019798739406495264
0.024565979754553002
0.025825583479438065
0.014903803698037113
0.016053985116597686
0.025837257367719333
0.0206390445721145
0.010254070611447369
