0.0053431635027415434
0.0059110233746105861
0.0052169203495615367
0.0066767094198472675
0.0010340765551271798
0.0043456292649622598
0.0034289733989694847
0.0038715546823654833
0.0038120667380546116
0.0038099453613257978
0.0044050087024630931
0.00367433859611939
0.004610863973036808
0.0013215216378968987
0.0035259652355996126
0.0093917014554549469
0.0012210039953503694
0.0028625068712726637
0.0076268114347336925
0.0051543923514400999
0.0065510821239330519
0.0071882296849194588
0.0063408370068068981
0.008366417767606181
0.0072683087451964621
0.0063199714915864692
0.0062380829226233239
0.0044915246692612803
0.00693573863342442
0.0036076398051949812
0.0094624436431709445
0.0059922680367467734
0.0048070520322263883
0.0031562861564114393
0.0086448092420476699
0.0059755373676310033
0.0040890282046145083
0.0030870058514580511
0.007216592729608123
0.0046938725021878876
0.0023253012919766639
0.0089054968520311164
0.0044241536398088701
0.0025437893849623422
0.0057599511272503016
0.0039703176410733846
0.0072719873734599328
0.005908665219768728
0.0072202027975211526
0.0035344658728613566
0.0044282887472507897
0.0031550442873139518
0.00090913284403460316
0.0053749491567141594
0.0030134308429779783
0.0035359806224660385
0.0043121854468063346
0.0047362935035987789
0.0035931306758228043
0.0013752541696617092
0.0073173616012452694
0.001663380872328107
0.0050374965776257942
0.0048911934144426593
0.0084839968130851883
0.0041015258628692352
0.0012203581621785154
0.0021375829351489729
0.0044548268152033877
0.015502630354899769
0.0036055390697653576
0.0024470362080709837
0.0011495549222761254
0.0010245694616084547
0.0077381196613049482
0.00052290681714246617
0.0045476026668654166
0.0020772172760204787
0.0072492630338996363
0.0058919790809193722
0.0017935350260293414
0.0065016904267398735
0.0037953206694903803
0.0059406225256728607
0.010083500142854532
0.0028005536842546741
0.0076274013503689073
0.0049365653191276032
0.0070938025613249758
0.0024376767948186451
0.0082107188757068374
0.0063295431801170471
0.0064197588427751745
0.0033331877293449035
0.003139321598050469
0.0011261928773144431
0.0078173639714852316
0.0080782950569216177
0.0060590510503836783
0.0032844394705950756
0.01336480329275455
0.0052464652960599002
0.0039982846163432329
0.0027903899233022869
0.0015731390380914734
0.0053137291047215783
0.0033558940151160442
0.0049850528564041501
0.0027003861198790216
0.0077794615986715426
0.0065811101920494539
0.010353851455362398
0.007665504377411105
0.0012318766866669492
0.0062195563773786771
0.0029493594702110918
0.0073543519105856254
0.00186937074665413
0.0055675564053451164
0.010881260880044891
0.010570402433724556
0.0052205907804494271
0.0057098219367398163
0.00068248423730260825
0.0049654171073001208
0.0031817382687379871
0.004067670932188577
0.0050711243919231682
0.0018501113963970035
0.0036706925792059164
0.0040874376440890947
0.0029067282323718933
0.0026209319393898129
0.0058152842540156336
0.0011360010471337179
0.0039916165294322662
0.0088613054666102
0.0094254768746392641
0.0037758215003473755
0.0062989496095284389
0.0021802793167646816
0.0031793533424587118
0.012410715457760135
0.005186250485441312
0.0023122953341876795
0.0014582932680256347
0.0060338984318656164
0.0013584423693306009
0.0019222558554769377
0.0058985288778611597
0.0047185236611893139
0.003161667431377419
0.0061706862048765358
0.0037420578752431636
0.0055893826054609717
0.008853170801737505
0.0036336226432382599
0.0042384119333652515
0.0034043656059274795
0.0042148153028144612
0.0083656975159166064
0.0058106702413499118
0.0060014802050566002
0.0035164768056866126
0.0058655847511684895
0.0077344011478188432
0.0059790174830102617
0.0041379310515366578
0.0036977040920402999
0.0018833681548326706
0.00099007459795719035
0.0030953386881627737
0.0078267047010267925
0.0055438408220510171
0.0032462774368122835
0.0049299523851324394
0.0028222056675857926
0.0041076495218041846
0.0088179589111359157
0.0031946296285005524
0.001312943684010509
0.00074455407061343451
0.0071741496064902316
0.0018933988854549671
0.0073498410736812583
0.0089111934037944887
0.0037309056252205811
0.011383174359800852
0.0066947064446641977
0.0063692356395751463
0.004002816196844828
0.0034219069659554135
0.0014688979284156363
0.0024156060484508044
0.0083630196437396165
0.0078448216992055269
0.0042577137731951232
0.002128035939172138
0.0021253154251124774
0.0043661320211755891
0.0016080546521404445
0.0095386481959130031
