0.0023985879743621155
0.0087579875369147922
0.0028680158858230016
0.0018832553770812982
0.0020861545566145134
0.00099501630893073
0.0054795513342500556
0.0028080257814465984
0.0021474213148886746
0.0017958921925564995
0.0041317237321391335
0.0054697005277387295
0.0044592089021731661
0.0048835892722651313
0.004364399138304915
0.0050333375077966005
0.0038492748673957145
0.001662937444691106
0.0030068323535493166
0.0052810868516936019
0.0066492154880854002
0.010519770402662979
0.0030618910726927175
0.0039185326629712402
0.0068350219562036529
0.0014938458992738016
0.0016662000020363427
0.0052562486533975581
0.0008931979576137926
0.0051230700011894838
0.0085461315145263055
0.0026576727362405662
0.0036404329054287718
0.0034762367390511278
0.003970004247112047
0.0030499314647384691
0.0035243327861336298
0.0064360045815021463
0.0014832099943952932
0.0078707836479698992
0.001322495952367458
0.0011880441770576067
0.0026003796156664621
0.0025079967728738398
0.0012220157517469517
0.013202335865652873
0.0077883065841975333
0.0019289107355533333
0.0049332083222290374
0.00068093395432719669
0.0052748890352723654
0.0050844934346874222
0.00086721089222675861
0.0019552034815738719
0.0074061108143029615
0.0028704359956960874
0.0010080995223738409
0.0058185827529935704
0.0036562501198690116
0.0019534149305212795
0.00034769066068199007
0.007505022325051367
0.0067137178381555434
0.0016720218214461612
0.0080362201772240672
0.0042001514278691872
0.0072968367081865833
0.0021052725679167306
0.0042453875994377093
0.0046804760456825769
0.0031168973844430069
0.010762153322914567
0.0031465732677839996
0.0069327514823013595
0.0097806986444685627
0.0081905105006583323
0.0014497906699457359
0.0045422305696103124
0.0057416687618099867
0.0012187653711148258
0.0060905162453463559
0.0073624735888639676
0.0068349426276923964
0.0049605705755416674
0.0051860444284522762
0.0064105713807397586
0.0020667556990352017
0.0049227959973544982
0.0049684565846994082
0.00097160688251232143
0.0038788979153031758
0.0066149520915489536
0.0040217424622349864
0.0013819528278646805
0.0057272237546513944
0.0085405314508628233
0.0075981977381481937
0.0061944119729530995
0.004817587299967915
0.0090317547313377398
0.0058622208796630468
0.0074391102162299659
0.0091878309966854557
0.004559042590650899
0.0051699817071965519
0.0036345110463045652
0.0068754149262443848
0.0065395967085613372
0.012338449901123837
0.0026871186754459024
0.0012595956646108413
0.011209844178329893
0.0052119203788949745
0.0033333612812654306
0.0037595097223677896
0.0055510141652855482
0.0051841895704392068
0.0031625245945085031
0.0035090332848021948
0.0060312569682482876
0.0065752491663969743
0.0080078890897509539
0.005752691274241481
0.010981638956719325
0.0052151662371115251
0.013810845279904655
0.0073664995723441385
0.0050315308267664541
0.0059432745470730502
0.0010960468091378074
0.0064734711595543521
0.0021360737648618063
0.0063856696036313941
0.0041722205848113226
0.0035259082418632407
0.0021152533479096847
0.0035480193361651928
0.0072252303035494608
0.0065279740364679621
0.0025348161703804772
0.0046436503242532632
0.0026608607218023177
0.0043310097106737146
0.0088534060498710789
0.0045719017637282687
0.0033736265878570016
0.0057051305528646084
0.0052582651631726506
0.0040965755889824243
0.0040712231782125945
0.0053211805545865434
0.0076949935541184063
0.00098094095197083769
0.0062482540658249722
0.0026455181278740606
0.0084696357802314451
0.00092382693050499639
0.0050595454462782612
0.0035548784901456099
0.0058276986479818063
0.0047494184782883612
0.0039599659937619661
0.00034306946807163738
0.010492833115603686
0.0019155876088056698
0.0080186882093297978
0.0081458950307699545
0.0066018303107221697
0.0049345301410782102
0.003328749928479484
0.0061350976973584253
0.0059295965336098565
0.0040095020460532279
0.0043894517764864385
0.0051296658794970536
0.0064586668460518875
0.0010561541469160407
0.0043764775485292742
0.0098436779974480654
0.0047375473297980126
0.00067175411832716588
0.0019188121659287878
0.0035948473552995333
0.005017544384174781
0.0053151417025373996
0.0029215513859963353
0.0047800709769130739
0.011605863901582346
0.001676881375326325
0.0021110654191305103
0.0029082016483117971
0.0088323900605570688
0.0063772606188196145
0.0038238981155431875
0.0090351438503430553
0.00664008953990213
0.0049339311662020295
0.0049814013730385045
0.0071065719797271222
0.0025385331211782358
0.0058968022241601978
0.0067762045129157334
