0.023605861511042894
0.010602540062879581
0.0020312389949470335
0.0080236125533933791
0.0086768573533737049
0.011845752170494873
0.022989229422714485
0.019185994850284348
0.010938359970779292
0.016751158435249439
0.010070838298982464
0.0099820048936012963
0.019371263034398151
0.032206384893356269
0.029437900301933734
0.020885111235650237
0.024835464154246801
0.012872891715193204
0.014134605483511722
0.014000782091920424
0.030956384243478796
0.0066957228594645701
0.026145300652485517
0.037389778851516967
0.0024261142842893261
0.0095163587577791683
0.014401401035815961
0.017064469195134154
0.01758625943365958
0.016183461248576163
0.0097449651410669129
0.0096465607490709444
0.021205954152305098
0.037039311632611524
0.016321148818282068
0.01167030582287317
0.02522943969234679
0.036098017158843615
0.0037664399981857011
0.024769038998492247
0.014035791784030284
0.013916541669403086
0.018482127273096199
0.0082441878943194605
0.006781248530627379
0.021647235905695769
0.010101343208994702
0.0070630558236768762
0.0067945519535860741
0.0075490082259765936
0.019778824569657617
0.019230098400889659
0.019756832295350871
0.0066594912215703194
0.030973359140108288
0.027138499062214227
0.026866431297846965
0.033896636576068583
0.01487623858618483
0.0064861737191557051
0.01803466151064205
0.014021617395407316
0.018034507580663776
0.0081037581833082271
0.0091594339145346579
0.0089438072555563172
0.012034233006468862
0.024273503714308579
0.004677272276693273
0.0043052755933493817
0.014299741662465277
0.01196705555514448
0.040732144800727385
0.018382888822519858
0.013205110408485795
0.024996254322221037
0.023224698708741248
0.0060417919346954316
0.007838723961314905
0.013329690704207657
0.0055301824659256755
0.0066134729352364547
0.0098593679435219541
0.017319802468923812
0.027668010727832915
0.023582847140377203
0.032883233053465646
0.0054191160798281787
0.0167813813504917
0.027466462889697091
0.01550081687468668
0.021941633369087603
0.021148831917373961
0.017365550930568813
0.0090878835737932453
0.025641602676303509
0.0065174176549027026
0.0041671849533562845
0.015224642415432039
0.010438514165961721
0.0047012639585989752
0.0043436266473038422
0.0098810847865902947
0.023751213765742064
0.01714457972692324
0.010077117208172216
0.0076759511075593784
0.0066836806386911607
0.022353766976919678
0.032847641124704674
0.014456528324781392
0.030687190444707271
0.013193099963648411
0.010126425164616794
0.034573499287297929
0.011274418030383222
0.020957190152424626
0.0095149024695051886
0.016498318727240228
0.013746354537416117
0.025620325719333151
0.015465928891137154
0.02330709343724157
0.0056200358146745941
0.013214952944920779
0.020140033378156161
0.018135699409112166
0.011288755037128168
0.010102063782779259
0.006311213554909113
0.01890180480982015
0.013478839924238453
0.021787219508361724
0.013246123363129296
0.031710566335179574
0.014636651476002996
0.0088780383462856386
0.010375524827500595
0.0059004503278350514
0.017391612256405294
0.0073305669478325791
0.019996589298780825
0.02372594344383645
0.019968349274291634
0.020872768147140223
0.027460961579284637
0.0093543456655428067
0.00861873071276467
0.0028225833212404245
0.025876925567249506
0.012441148638099492
0.017856424799135129
0.014279193937403427
0.048406680305736673
0.036263293690202758
0.043524172224556949
0.0080602541140211339
0.0059790406791645099
0.016258010459502273
0.014137829282813605
0.01971948901517177
0.011763144622532078
0.0059600293698837768
0.012792811967689005
0.010991219852638113
0.024221587990217418
0.025053533866558397
0.015380852362478816
0.004772769850686245
0.004320029448388339
0.0018687352203904299
0.024710779153550046
0.011739389582412361
0.018347585393505852
0.02249945862666753
0.030620198562861599
0.009869716596319654
0.012535214535667435
0.0055792128981071122
0.016844763640546
0.030087811455414806
0.034559497974285251
0.02093781154813117
0.011752921304451949
0.022678618753389151
0.017416744672564724
0.021396974633560176
0.011650665665119948
0.0039798186430908839
0.026980091304120605
0.0055775058443624931
0.0075762419396135303
0.0054613197329744234
0.0035118887651535945
0.011463377261140913
0.013723021061306025
0.017735738585804097
0.02314913572828008
0.023692054631680583
0.026586874281207123
0.02010258203242591
0.018031694664142565
