0.011448909523340723
0.018214072400634593
0.020787122771741984
0.010929522419584026
0.028271879670479439
0.022619680611622194
0.012560144033468317
0.0098956716504871103
0.0097348255499872683
0.004268293297363869
0.026789538014492117
0.010180890219640526
0.0062387421792031899
0.027866170987637367
0.016952798687609013
0.028554701688895751
0.0063862825016521218
0.0079208373307810692
0.012895631199898033
0.013395384878389566
0.0067446191986365823
0.010047060038449336
0.011285961507385239
0.011741718336407201
0.013953862330266473
0.0041799504708910215
0.0094309699760712334
0.0027783404843703262
0.021064625606374669
0.029954261065823905
0.021683224622081027
0.017527021938236499
0.017828049958502488
0.020796438651392305
0.0048020395263629386
0.016504875233760478
0.011999756720782297
0.005518402872734412
0.011972439804947495
0.0096262835478808807
0.022272590649685071
0.014285258837847816
0.015241554206906205
0.010575513266258321
0.0087866787617093961
0.0091414810090038462
0.02150707349291581
0.0040751828705300639
0.012901510761635607
0.027361234385015271
0.0094986291898301132
0.012544254518221614
0.025531337581923018
0.02168237809587447
0.00691262021507632
0.029599166577905799
0.011093765843662803
0.010743845110456004
0.012635663800676692
0.033900402608005399
0.013142668326554844
0.024378849719186524
0.0086830349890428763
0.020313356650466373
0.01133915764313863
0.0085079013450795153
0.021488325131682535
0.024476975414521915
0.017786416598098282
0.025796858261465976
0.016459606345304054
0.027043300274087474
0.009377880969089699
0.010685061648681011
0.029732798664996431
0.01604143106905323
0.013089561759720167
0.024876566366434587
0.013073644122540565
0.020674894628510132
0.005054339430430637
0.034990135808026811
0.04337510262240056
0.0080476697376397812
0.013013876385028648
0.017666782150622604
0.012992088155959014
0.012695397637217609
0.011442960921627032
0.017807382947152867
0.017702222175914356
0.021338918876327058
0.02971583203408866
0.013544144814862703
0.022412691061108724
0.013793040583295529
0.030215443484204619
0.012953281045591142
0.013596414982936124
0.015507525698814504
0.0052726917567265438
0.010668090852511284
0.02453264818459553
0.013681457882698162
0.020866783289851611
0.02238279528330183
0.015853516524450131
0.013832427851100334
0.0021413087124907602
0.033514264056750225
0.01328584285841009
0.026708812965092671
0.055415081530355292
0.027321156913845724
0.019444639204149738
0.010680836740992492
0.0084796971086249298
0.0031155634409140991
0.014968984810143927
0.02122009569021175
0.016434230086225021
0.019344964657133402
0.027285226427826006
0.01054599379880309
0.039353670834611748
0.015513723214496844
0.02229904651725053
0.01287532499219614
0.01156977529622299
0.021757028609294925
0.018929576519568309
0.026100096311044593
0.023794722686134587
0.0018550051018037233
0.024040414318298901
0.023383648867857619
0.018217642415002143
0.019816261704474116
0.0067377000265285911
0.013113960493512114
0.014084227552410809
0.015747451761282401
0.030683682281827603
0.014715310471955661
0.005091651380873587
0.022006773761902229
0.010418953460712499
0.010158434576305532
0.028861745776821782
0.011559349931451312
0.012946832562884591
0.014526028864858133
0.043829708532894723
0.01005123347731106
0.019660805217601694
0.0065244468120364578
0.0034860879219111148
0.023605534318413755
0.0053816679625543363
0.0026808671325155705
0.012529843965618612
0.014949493139649673
0.020694988615289144
0.0060543162084797948
0.005690589648343878
0.021256538914265943
0.023258282562112941
0.031187013240660102
0.012232561231695327
0.012246731390839111
0.025778444680005213
0.019106600476068023
0.031589467254390477
0.0038785072181111288
0.0079883215117089561
0.017602609337602229
0.029369861498593521
0.0090681523812930695
0.020209271563762489
0.0097210659040401319
0.018515005081817124
0.029041167712678416
0.0052777989316846793
0.01714861530178315
0.0075659710363429637
0.014485865771934581
0.0078020162899187688
0.028144743288381475
0.02006136453756303
0.0083548610489756186
0.017080570220154898
0.0024383110258705764
0.037082609132941355
0.0085103252614946775
0.0085561061985401695
0.026717853794300837
0.032041011234508227
0.024635345874372994
0.027413323437222005
0.012073543382321425
0.0061564427370371733
0.021382391908233572
