0.0051939635501577963
0.0071865342875720439
0.0055441841929435298
0.0028057952022302289
0.0055861282685162441
0.0014524106845841135
0.0094726220526004969
0.0057687670711901173
0.009590664277007388
0.0083693064077643708
0.0036858657093149691
0.0065488764043122134
0.0066510347300762218
0.0066818698739993842
0.0038835895215889736
0.0053698773404653706
0.0057715942128801533
0.0067294670744001027
0.0095956933286524011
0.0072083779889761538
0.0082996211533189809
0.0020894142138791847
0.00138084703823192
0.012039380885666561
0.0036142595831208119
0.00056323453658753593
0.0030742675480837827
0.0074884397317530405
0.0019687497736358001
0.0054771039047379604
0.004464380825622726
0.0055183996713177308
0.0032215573580146048
0.0059711838232992366
0.011148299945625299
0.0089746313982989236
0.001446141936189345
0.0015635222286746863
0.0058676019673575405
0.0010176927783003234
0.007994258749232451
0.0052140000205791806
0.013095997808599996
0.0081748415261818173
0.0050972871914386165
0.0039662642269011669
0.003836778558666494
0.00540929778203061
0.0021069277411170503
0.00075569119210745642
0.0043319075023046964
0.0031699953171423446
0.0087279217340446927
0.0030620631949791195
0.0074813074457190524
0.0084872286155535642
0.0025715171657364404
0.0038965653612064361
0.0074997498294046838
0.002543705261340463
0.0071992308978447803
0.0026199359062203326
0.01167444183008111
0.006210402119844285
0.007150268566594814
0.010483023267511936
0.006379220253532685
0.0023014799001822204
0.011428341359593452
0.0022467961571723959
0.0049775252566496729
0.0033135504948067873
0.0039361055184374246
0.0059352288525238075
0.0026457372409258479
0.0094680054322538523
0.0023781406663506946
0.0074095076482664692
0.0064601325400486138
0.0059112685294493662
0.0070042133954305611
0.0059759843003033136
0.0060333746129487276
0.0012527224200180268
0.003053146323080637
0.0074300399329348694
0.00761326386155072
0.0054899019936356132
0.0065294227098477899
0.0079059607105373721
0.0012485302114102275
0.0014229860696127997
0.0041837229830146211
0.0022344098198128636
0.0059184578323855661
0.0078501391777882363
0.0013402944058309675
0.0010603180478781251
0.0042134883498626385
0.0029267056998287136
0.0018120887881822863
0.0035803538783009971
0.0046159983053685591
0.0063169927764375926
0.0063924059663346237
0.0034406258530801496
0.0057428038377907841
0.0022378688608955095
0.0038422830702226998
0.011492379558083469
0.0068610368089368681
0.0051329022646733067
0.0039381130309364748
0.0040378934954722161
0.0045135999262907065
0.0058620064838808073
0.0048658941221466486
0.011592632449567037
0.0018424489426822207
0.0020908407414568916
0.0020795232641650356
0.0048643562200009639
0.006814148110860104
0.01112642600538862
0.0044265669446192464
0.0054396509106263086
0.0099469882432024707
0.0023176590527843838
0.0043334044310041316
0.0041898841132591395
0.007176424828268654
0.0045554288179847115
0.0038253288064441214
0.014212238409434213
0.0018004366326367521
0.0014411711422911702
0.013075899971334366
0.0043414210732728919
0.0048158008979335091
0.0086455919978738784
0.0022902259408649072
0.0075536017760462473
0.0080910445824358083
0.0032197996231380769
0.0065924114003533124
0.004945174936749769
0.00060675983663929572
0.0075806667867143827
0.0082864546790924008
0.0015596033102146772
0.0065995736743337625
0.0033998548960803006
0.0040253313479648289
0.0059989096376212676
0.0074760515593847087
0.0079215893051491817
0.0031093746445477106
0.0043706097866166973
0.0051620413086494498
0.0080154943238644593
0.0041322784898809081
0.007607171275789807
0.0007554784441532776
0.011053415939686981
0.0042911364421657442
0.0046247106467009027
0.0038071647989657629
0.0041694327506763725
0.0062014853799923914
0.00409728211433367
0.0085236728498438007
0.0027666614307247073
0.0039940134000324744
0.0059970785147842884
0.0035835150849919404
0.003876069803701233
0.0062951691939094594
0.0056204519687617438
0.0047147824451526958
0.008730866571234645
0.011134465079332695
0.0053104036257730662
0.0073323685271549201
0.011962878716751155
0.0018948473140316935
0.0037586490582538581
0.0024444896483358193
0.010138922333848036
0.0054794576412836521
0.0026143379731660317
0.0043051587437034945
0.0050106619335028987
0.0015974219760556334
0.0049178036298985579
0.0090179852147996616
0.0013236707470037769
0.0045229629485546239
0.0056113221528842402
0.0039949457841334255
0.0060155554940188385
0.0050280489956339262
0.0035382162439023678
