0.0065279768242836817
0.0030210940974207644
0.0091081333525131966
0.0039196021317704386
0.0070996887745666433
0.0040685101772360618
0.0018081787358895332
0.0063945928478813217
0.00023532798059618825
0.0078052119669020465
0.0051604347869748501
0.0028653927117016898
0.00060471935888465798
0.0045004983713622373
0.0046233924143799111
0.0058766090853248623
0.0060598846515149763
0.0055307607660980548
0.012055106698006567
0.011408326319594632
0.0047264564812002814
0.0059680860084701829
0.015615441394754426
0.0054865252985634091
0.0039520445627415288
0.0012029993492581072
0.0021123195636403905
0.00170168849054194
0.0065571205071433304
0.0051746722196822992
0.0021705386807013907
0.0030056428856628991
0.0041902997487042485
0.004905664825853407
0.0046421791434563472
0.0022896612302262336
0.00284617680715402
0.0027735846219474939
0.0038222364242136734
0.0065017659389740336
0.0024910711015439968
0.0091135452400633761
0.0097040208924280454
0.0073376416518105992
0.0039420213938285041
0.0078441941374576829
0.0056756068850925181
0.011180516644202729
0.0065516082723965537
0.0060387398468768711
0.002556817800822433
0.0056734451031543402
0.0073781157398796387
0.0036463967254678951
0.0070020575345305985
0.0061647075552047018
0.005232827056278715
0.0037637342074622725
0.0076532978687363544
0.010473057086640558
0.0039029614917735554
0.0054496511563429592
0.0044618567428746994
0.0075015337690113081
0.0070591996743258204
0.0098157952472855796
0.0036329236060540036
0.0020588340125101811
0.0076730927252688652
0.0055201751934779346
0.0035211841567892536
0.0018118544820244587
0.0037044184220857688
0.0046964865138265227
0.0063433549472282271
0.0073817697197193421
0.0088872634222630972
0.0034629716096749507
0.007643146669888772
0.0077467729975161407
0.0030311427719108635
0.0041339678020489547
0.0034417798984435304
0.0071362125845553176
0.0024119635296857354
0.011957302126132619
0.0048138644781921839
0.012518062504164609
0.0047686482878608119
0.0065754891753914985
0.0038482024699232919
0.0031251760050456769
0.0039622131246182194
0.0034435126874919402
0.003005545776103315
0.0043511026205636551
0.0046590158793492643
0.00093684238927142934
0.0025446204104055499
0.0027334828202002399
0.0026081283721453648
0.0088874547472649005
0.0074025004992124997
0.0036752823544280036
0.0052269624096553885
0.0042644961092048773
0.0094453741827263682
0.0084997815996234582
0.0091332317486550567
0.010151451221609487
0.0058369877014291544
0.0023534677995377009
0.0072818984517532444
0.0046905549588017676
0.005810144684642477
0.0055233761048237955
0.0015096242470559085
0.0094035741705662118
0.00020162853975888548
0.0072289460421575205
0.0034500713792445861
0.0023952600677650611
0.01109597482085547
0.0082158127418582791
0.01126111360067927
0.003560557028872373
0.0043649232736254406
0.0026449846694982472
0.0052145252237051501
0.012096145545976543
0.0081667772795172618
0.0070749982417612437
0.0064104452002060981
0.0075062640817407187
0.0062996618233065174
0.0004085000841724108
0.0010004725289903278
0.0030644049523514817
0.011508558769902878
0.0093533902654549753
0.002450011528758502
0.0031752493471109379
0.0050322786912823684
0.003901099361696362
0.0015366757690926096
0.0050245887039991411
0.0076493559473743535
0.0010162009041710196
0.0092492918946958606
0.0061447857932651739
0.0039875776178304101
0.0080774289998922777
0.0076229984661190242
0.0070510836755446693
0.0076302928114816851
0.0056716444304360627
0.0068899036474223711
0.003246879083365818
0.0025301240870315858
0.0081556159215823935
0.0060266493976680446
0.00578605476636131
0.00267819490733437
0.0017982828848486635
0.0092244319798829352
0.0045552957752536859
0.0044175891179313101
0.010337306757757615
0.00420950451083223
0.0097512138384717659
0.0073600361725322362
0.0064899514551878291
0.003098397717513691
0.0011700036371644559
0.0020451977913454955
0.0024473107782131075
0.0014615716363053685
0.0024427378696543094
0.0091228802459127449
0.0034677650915917631
0.00038504025940803966
0.003637735482368773
0.0035835136025724888
0.00083262024781466826
0.0050794281315685473
0.0039444164189633459
0.0085101661039070943
0.0096169627198987827
0.0077692046840987707
0.0051582001072588146
0.007919134701312577
0.0024524666172137653
0.011417123562707644
0.0021987637276826961
0.0043056154766656562
0.0046474318196208031
0.0035676528347553132
0.0075550674652368182
0.0036270018126979883
0.0050231955123965786
0.0040818054870691125
0.0036235360868306582
