0.0022203592737815685
0.006909004136172593
0.0083992729375983437
0.0053642757376152978
0.0023014693718614089
0.0046135384260305818
0.0075534636709323295
0.0082059073762747164
0.0082833998214998147
0.012882467579262988
0.0031844139232741447
0.0013858447172434743
0.00071509013977907388
0.011573818703490904
0.0012587708802154396
0.0044640188379147325
0.0057854525122159181
0.0022879039650983081
0.0033301349573055011
0.010742428634185879
0.0035544500573124866
0.0048622872396379916
0.0083680490509880721
0.0057482263407974748
0.00022473413893931237
0.0063473775766793392
0.0063659346221319503
0.0021743586730998089
0.011230407348979591
0.004379098081420711
0.0073579593769812759
0.0037577672389273072
0.0057967362816035662
0.0082988581879387627
0.0078062009458809475
0.003675238752909319
0.0023523213347479998
0.0040416641513650944
0.0017549652187259439
0.0014245017686844725
0.0051768493157725503
0.0061288041984850824
0.0018158365413086226
0.0016519887003398231
0.0011622038396171624
0.0094139022914646164
0.0094522504633953539
0.0070284080394675524
0.011253580577854213
0.0044633840846448961
0.0065015530251983341
0.0040407822735309927
0.010455094986124704
0.0081365316645834289
0.012920978757140834
0.0043791496690889506
0.0068051001511580571
0.0071581147796492949
0.0060574025034778496
0.0089625858767224849
0.0012984574604926007
0.0022428554520652678
0.0057867766660046364
0.0040108487399930373
0.0065376084507443319
0.0033770380368925092
0.010983862604411348
0.0044138827324380486
0.0092941308128236845
0.0099541275320050339
0.0078195471153747372
0.0046221247822000348
0.0045947538786643852
0.0056719613194265066
0.0013135439110599722
0.0084733314917345877
0.0064941354500311545
0.0047873608753665588
0.0081861029378572751
0.0058479327595112223
0.004997955385335184
0.0089582513324799155
0.0024963082845731563
0.003461265434592564
0.0086843945808974792
0.0060678302698624186
0.011592694370458395
0.0030362022838706705
0.0047937502244398472
0.0057100700699263505
0.0034504206099037604
0.006653930635366824
0.0087584863454435447
0.005737403886914961
0.0067822438165590446
0.0057471731546416948
0.0061677694566435711
0.0046438509180048168
0.0018153479041076144
0.003127012478283734
0.0042741640482405812
0.0020642035392212893
0.0090241414410542134
0.010998934524391695
0.006829060450802611
0.0046086903739104594
0.0046689126126326164
0.0042295519460087095
0.0066348294836605076
0.0040994313738557655
0.0094324654281710864
0.0039737728100191225
0.0072714129018086292
0.0091246099512432548
0.0075614052286167941
0.011780831446599553
0.0025932921063198484
0.0043133768169458736
0.0033048142187853328
0.0071179682104297003
0.0068423882815367831
0.0093549540188478976
0.0041799577641972322
0.010585826089881584
0.0057037639400089914
0.004277015627098351
0.0081106308998341193
0.013119717119862923
0.0096019614900755765
0.0072521957765763695
0.0018327507504165941
0.0036577627820149668
0.0046211850164908667
0.0062131984741584205
0.00331847519365603
0.0061028046171354988
0.0064048376946228003
0.0038462385111650904
0.0068564701707008839
0.0060050493561609663
0.010909748927082741
0.0021791892279754413
0.0055783919536962498
0.0066874814659762943
0.011359680363694653
0.0040302092018705375
0.0025433068164271602
0.007947957768622782
0.0051625450373571531
0.0018655699721874747
0.007587652571356877
0.0093959260353267907
0.0015347607733403716
0.008659925916443106
0.007982659865430921
0.0034546082217979334
0.0067313558438879383
0.0037326182952020243
0.0069612674060307578
0.0068333303521780631
0.002723532312601707
0.0072435402553575404
0.0067352990043144448
0.0022998075411137433
0.007770795712222685
0.0024952612616135996
0.0048406555603682016
0.0077808648981855071
0.0046156637694576546
0.0043347298780866891
0.0011160704845529974
0.0095053107121769002
0.004830940119532323
0.0072108258522197953
0.0015920724786418264
0.0069785010943164034
0.0049664713482471942
0.0092792723234448159
0.0046893032771779392
0.012090230998522892
0.0046321852306407396
0.0089936841569772351
0.0037793274504813626
0.0074737739584858761
0.0077527233822865553
0.0042080774598151488
0.0035916151065186947
0.003955234751957532
0.0047366713901612545
0.0066894777502868492
0.012220843646771277
0.004350640807460766
0.0094021765258435579
0.007163248268187903
0.0047499344678709615
0.0046911977520676515
0.0016970457163069151
0.0025395783794882835
0.0065358110269872352
0.0040676980816152135
0.0041359825340299737
0.0076845297189815191
