0.20928532960144622
0.090006643275129833
0.21275210289503949
0.15382340238220751
0.23629827172099754
0.045395493547218946
0.051632368251844959
0.11502646042605821
0.03662036286278459
0.05658493153034929
0.11919247845774222
0.18581028864222826
0.17929176094222515
0.18155036982454525
0.062012379618704802
0.032056851935569633
0.055316571496418235
0.11530183656471207
0.063606585022257259
0.048331344033314655
0.040735105892779434
0.12271709453166207
0.038368513632291421
0.010436480541782154
0.11240536479666102
0.067919725685389606
0.12742397772658395
0.051932077874770881
0.1007708434894234
0.12082981123819342
0.18169985780126954
0.041940970250886007
0.12779649649370273
0.042243210275033617
0.10361530932872944
0.076890722074703335
0.10016931066989372
0.168516320982211
0.07033800829223423
0.16826768627108687
0.11228237335234154
0.089589131347501599
0.059528483099176854
0.022931855686299765
0.10241053904944293
0.11626320229292862
0.13283561945172365
0.1170196760577925
0.10709415545396592
0.05325580543667658
0.1013399958058398
0.087655951582973859
0.099039096321679315
0.18316385413324379
0.081110266724575678
0.081829418876663285
0.0079701282633220238
0.081739037323453334
0.066208273213933036
0.092386358295278095
0.17015128282408437
0.033480907366459908
0.11428252107567871
0.14071549825700069
0.022147272020546383
0.050242335321736373
0.11085343513126954
0.097772003382980921
0.12904317454877984
0.1099314470107005
0.038551325973855501
0.10593810094062216
0.099030797707420432
0.10654107491377804
0.096534751448190737
0.066146510549515355
0.12622894073939256
0.027663711189994399
0.13317333279881793
0.054349646339730044
0.046945537056219865
0.056000464253994992
0.051435459544721132
0.054155851671316695
0.046677421536036628
0.050972710846045759
0.125007917418401
0.080682434228810426
0.1635986940634159
0.17542079435978961
0.1190010081858984
0.035368195041853845
0.047041553840077056
0.076401073456662125
0.10448938684827098
0.082989379415935371
0.022364925598339021
0.041030557993855639
0.056103702423746626
0.080782740197072114
0.060467130084363385
0.035373478427833865
0.059360945478201366
0.12939578538191807
0.13316877747960548
0.1020061863395969
0.13948340469197709
0.066134653517525135
0.015905624891337598
0.10601984459768081
0.12680935038797167
0.15155907819645489
0.06169704190010853
0.047825605943020183
0.075984689188788854
0.0092761324478016181
0.11596233950109157
0.1189864582247262
0.045149083044169369
0.13949015402532
0.10995831290963214
0.13552190700729327
0.12483149444292123
0.085030024022069314
0.16350564104115792
0.083593601580396651
0.056368764896327701
0.071192408725282569
0.15221525003279032
0.097730235107459637
0.20008144049180943
0.12774586472433966
0.12892021163588194
0.052026490764056389
0.10227927776192773
0.11578979553052235
0.11108514912128624
0.14563265084451055
0.12828622085295419
0.11537077333967566
0.082830794082860842
0.037344563452928956
0.16994040420584539
0.16555152429747255
0.027201530580186241
0.11587757916022738
0.10765710493867497
0.15944828099427269
0.16016484505228909
0.061299547385818484
0.049121823245275621
0.067942218763915263
0.1364336703069452
0.081481676974804643
0.06056426285102564
0.16320004571323252
0.11701980547271927
0.063766447794686848
0.03461387121149774
0.12957500672985028
0.074898401272236431
0.085602777759175866
0.07114349473869315
0.052256585396508862
0.074017275187354001
0.14786271810976029
0.16468232170441796
0.084276589722908746
0.12507827089152435
0.16609558169951696
0.09173299054332977
0.043385315162310825
0.054534404210473786
0.13328534576601309
0.090297098850327162
0.1269651992068758
0.05231036155227161
0.090844059941343605
0.043384969874201131
0.054744842236484945
0.041874453951893001
0.038123125607499732
0.0594514302628067
0.079779317281090181
0.077871863241803688
0.13143087357906977
0.13864224354818033
0.14553656691981962
0.021433907850701137
0.052916409151179331
0.066798406123831963
0.085284542796431231
0.059966093216650584
0.10620600640462072
0.098134715812872711
0.18239446556149413
0.038532605338694924
0.084310453975274049
0.13722094953503411
0.08047583486472748
0.13244700384717836
0.071689194822637053
