0.18871564644315253
0.014564059621200666
0.099743604082348974
0.059295834484255683
0.13838169924195853
0.08720791370869177
0.24483051403950462
0.17254696944457334
0.19896403156291365
0.07793414226007099
0.059178175217250779
0.12771063234078839
0.10608162214399845
0.022963253292475404
0.1098766252218329
0.094041915269706219
0.11439229948803378
0.040426983135896336
0.043355552706557901
0.19509909853118476
0.083419536558866456
0.10275335683616527
0.18016776002615414
0.049073248589247477
0.036211450125754802
0.13039052403673229
0.04161390822397186
0.085184357652664217
0.076135301581191028
0.076822588936682673
0.041044903694991933
0.052932105425117462
0.088030245505135649
0.077449164150780778
0.12740756313411367
0.094794458544677732
0.048169107180708229
0.08321646535898912
0.11471726327429488
0.079747540816912765
0.085707589048486521
0.18615255938346151
0.099878190775327211
0.058521587417098044
0.1132784618635571
0.069362213641031803
0.12327712531778851
0.23380258582367
0.14995759035861123
0.14263578569102908
0.18661168288666613
0.18409885908300605
0.10852055378762034
0.11640626680196475
0.10064570105141794
0.029178768323551089
0.069599440736926754
0.063037986622296441
0.077843686642654439
0.11126041627503527
0.078575302417189782
0.051547569377702419
0.034965534799546859
0.13343423212280711
0.05544430775836421
0.15281527537437845
0.11483184371255938
0.084104747636031429
0.11952507915106908
0.16208909096561733
0.11612142089384109
0.076911698952456337
0.092121622240984039
0.072252805175493443
0.045348929464715533
0.12509126194681713
0.056132707272710435
0.083768300638932258
0.20150588447706294
0.19259328576686383
0.19181515159505136
0.082964602188589795
0.13000796764954764
0.13036209166195853
0.068102163087490661
0.24038194385455516
0.020540529222248648
0.051760764456841732
0.017251688425150662
0.038376420016676828
0.077468820211644904
0.071298153819087995
0.085146220148745455
0.14788156677549741
0.053607611853108993
0.1261342345540537
0.18019465938271434
0.049168125088591197
0.088803018825722529
0.082240998316143815
0.074626708673170436
0.07540266831088642
0.18851140181764367
0.0090931569109374173
0.10382699170631167
0.17830967391223712
0.10063642436984514
0.18931273977756513
0.22089601672503767
0.095759366916095323
0.24218273940726895
0.13586923994655914
0.077755889747291584
0.10338067499095627
0.038523005533026504
0.094516736395942741
0.094009731181466508
0.049858861822970918
0.071082012295329469
0.016673478912509046
0.10131998226388805
0.11720782126244957
0.15857234786603133
0.10635899999388766
0.14700550204977769
0.053716687366349269
0.13728626646743036
0.14695564846314563
0.14353253221991466
0.10960423814936314
0.13016827654137461
0.014235952816661715
0.019183052959644141
0.053499172299968235
0.058251712305834868
0.098922912549364098
0.097861049280690227
0.14772125761446622
0.097237683197840596
0.14443691408433076
0.11669456830496569
0.075996739838072036
0.1016867144912653
0.17291414075999217
0.14891288706670608
0.10967666453505488
0.13970267642890882
0.033940658346052421
0.13032571052900213
0.063706643993666517
0.081131841449492009
0.10242544013311146
0.078252386738386914
0.042372120568823037
0.026970678344295125
0.16398463175249067
0.090105283203176179
0.16422668643336327
0.050565622147906407
0.03357899582917824
0.13004626088700763
0.21449958466072405
0.18423666067462088
0.051160620470654831
0.10776382416499533
0.0053431096082828863
0.029112809041456574
0.12267979250721289
0.14414832387874899
0.12578910203136184
0.040776744022142999
0.12954095646338754
0.19030375038018563
0.13170979077779688
0.14702938566251869
0.14007533767879649
0.1995879011861279
0.055911898747128611
0.055192328115151713
0.049470371557349672
0.15391139522956537
0.026435916223712316
0.056961620253853089
0.032040590129438384
0.07386773590639345
0.068293139751932699
0.0777915648893963
0.080449865972612347
0.068386802795764506
0.1348170373723668
0.078781803782108195
0.08238329520027686
0.073012435432949302
0.086267494522063004
0.15118336648170805
0.09983457578605659
0.13517429303912129
0.09177051016401494
0.042237595895994004
0.15003481722586173
0.068774802313404423
0.06680936315334414
