0.048502262357304732
0.12478442743524747
0.079864376523945999
0.025177989465681009
0.071358372298742881
0.11987592662020451
0.093473521789636069
0.16137912629064402
0.086253127649218914
0.089606337736555033
0.053064335927170365
0.081097513006103919
0.070149081976675701
0.13496794953017016
0.14462153465427735
0.1751976863239488
0.11520510698153891
0.11333399777756946
0.09904764272861552
0.13196452707870654
0.17864263804720112
0.18083508794123704
0.08688234751517257
0.16217780898418468
0.13132747774568101
0.12255138012059212
0.056576548873514716
0.086877231464629751
0.13271470682083567
0.18735806222446244
0.073453559670547897
0.093463742786230014
0.053148241356350823
0.057532657060538929
0.091944718731456446
0.045795670002109698
0.0054984240674172966
0.11778239312159841
0.063516531350915659
0.1010858152822728
0.090155148301316893
0.09590532039695053
0.092353227848872246
0.074075076709280693
0.069811865173947996
0.093722886177935394
0.098347010946286034
0.102831909067857
0.13662914572074852
0.047627204653943926
0.036016707320132686
0.16714266224801677
0.149718612805817
0.12189772518146917
0.12793710522408946
0.081710045432073761
0.075806098470236935
0.097177363319957993
0.10465062757786946
0.046504450774834435
0.054592327420757078
0.054744574964752005
0.094564277139639538
0.036174565553657716
0.15106252091428174
0.1100873499696423
0.24622977702781859
0.063424813651608181
0.041101109963993458
0.096211010995271698
0.09430286141706562
0.14954621126521095
0.10843181499002937
0.15871424187189534
0.11716740455309176
0.095351862882258373
0.1303817283467463
0.17607130579442273
0.18109640340863542
0.13331050759112686
0.18831190887687296
0.12087322561615207
0.055681627135254722
0.15056738048453344
0.088940523584765313
0.023433987534290823
0.1000496417686132
0.075272953231847767
0.10006091777845529
0.10428783956456544
0.11931951656635433
0.10259384085187218
0.093997489819331384
0.071625558790884142
0.11842108756248763
0.12298956883984044
0.16287463380084746
0.061210967243648919
0.17117467473191694
0.11464638975300011
0.071238894848626388
0.073975585304816391
0.093403368863436351
0.015376961809929271
0.17036633061312212
0.11690009870895252
0.06678822926880304
0.12491923639207064
0.086973284251235294
0.15594775812115752
0.064847327152939865
0.12223008860007878
0.15887844613744651
0.14425973033695019
0.11052133521551605
0.040430542540534617
0.057533735127311851
0.16342730462657937
0.037824809831717016
0.098872275726297129
0.083397664637185204
0.054404185619475985
0.17097819915052687
0.074317086883582795
0.092761589844941178
0.14063720333789967
0.083732285556041536
0.098119854569817908
0.061170626036139771
0.091624709093520162
0.05844710571668469
0.11611222815593915
0.1362763925134548
0.028646633760678837
0.15165387529924096
0.059889166903433336
0.097522248542824208
0.078432943942971789
0.04857861063197428
0.11868799968405626
0.066650081844446346
0.11833269469986971
0.090659321753247868
0.08361500822614143
0.12301336624345116
0.13723709464908732
0.067062251399298306
0.07517321040227691
0.11399606486015613
0.099082183625709586
0.11429946894696892
0.15322132814571779
0.10736943050670385
0.071964044481232295
0.07962311851953989
0.096527981669024432
0.12745844824122907
0.025655384515222649
0.035336132261895817
0.10537527495622241
0.06185475614163017
0.025277617826498715
0.037866419626163716
0.082137413889995278
0.078502931794082798
0.11019443687939245
0.14245882473503702
0.14275574863277113
0.11576017832779067
0.040747471164037138
0.095469630368600247
0.10227400035228842
0.080209681677494593
0.099561376409702598
0.096807093414970777
0.078091545350782596
0.032778706222649202
0.22774900948750212
0.051602355442093878
0.055637818576203472
0.12190007887174507
0.067018350352332404
0.1196660092703459
0.1347708098278029
0.069631792869155648
0.052486201785485222
0.099073743379129095
0.19401522618131856
0.16386322975705878
0.27599732533724741
0.20655343863519643
0.17022328862428263
0.14009018338168225
0.18655805989117025
0.15218360018746319
0.060550763263210683
0.083928678352557462
0.088883222385031838
0.088908938759419437
0.11072805812579486
0.081048880755827044
0.069938696821902693
