0.021250718970178304
0.024165877156851572
0.019955505906870164
0.0088615647387178895
0.006799815672221033
0.029687412900970322
0.0096090320266032838
0.0057197551769258229
0.029409782048421495
0.0088695352152305083
0.013767559858572748
0.02325135632360319
0.0044225702950560792
0.020943116413078507
0.013573017882477037
0.0095551220427106589
0.022836866653839948
0.0086957113594116828
0.0077203669286207499
0.002574981857843365
0.028153009234877412
0.0071244957883484237
0.013630160154986188
0.010357947819896234
0.010697461509241991
0.015303271777701473
0.028018645495624543
0.022446452523680521
0.015187464117845148
0.012782279930104761
0.036043526813536543
0.019179860156449787
0.018594446146544982
0.003661402396583897
0.0074455535867658379
0.014588641262872059
0.01594723959225965
0.033513139243405973
0.0012038747381575819
0.0082623196357025468
0.042532469047836072
0.014249098180718109
0.030449956546242923
0.01563709633745149
0.024724135668989275
0.024041642024575118
0.0058430901813940408
0.014595943205748876
0.0073069549628906553
0.0215294319199494
0.012387553540877715
0.005175935434171575
0.018965790129253472
0.016167087491078119
0.014958944677479429
0.020714350801523517
0.024890683354567341
0.015470339692658437
0.017923327934379361
0.015380834286859789
0.019766252171908708
0.0079089554432693054
0.019909616971505877
0.0038882508909243297
0.003866749915019591
0.0038815633107234962
0.01905468848167214
0.012810043267324449
0.0050172448459172752
0.029023510961219641
0.014701334903512395
0.002856565168588255
0.0094477109287187284
0.014824521241011843
0.0048804216067269294
0.019499613787163774
0.012959919279676269
0.023561112329675619
0.013514752255249552
0.021614683649121245
0.010575837017956693
0.027198253696247107
0.032106513511091832
0.027752552895882434
0.019237298611953776
0.0057155550242548939
0.010144009032770483
0.032159529917258192
0.023670391993803618
0.0070217258097844014
0.014543617159493396
0.0068876225338800551
0.0054120427323838876
0.0081632303976924975
0.012061841735855516
0.021972824562049246
0.011568172015558393
0.01812168143689848
0.029084438539510513
0.020214915146051199
0.020613899022645935
0.021140260975447151
0.0048382382755950736
0.029591979906715412
0.021371592652953256
0.0010207874810864591
0.022400512860451458
0.01694794907859028
0.014355979635656798
0.011382006431248875
0.012010860928501546
0.023545037593643847
0.025789493781661631
0.010671698286906599
0.021440442379199502
0.0072644922175848833
0.01504578298946045
0.0081375631958863232
0.01549077372388155
0.028300921401839679
0.012125848238626792
0.013007372788538012
0.031526468632069461
0.020631858731746507
0.0041063330275819378
0.0097625513081129826
0.02934799902579488
0.022155993515904662
0.010091300667816603
0.014887696714256422
0.016844773409424901
0.016371190117319169
0.031438254954585881
0.013312372677355026
0.022044881405198651
0.025624437815658374
0.0062093125812299078
0.021803014590184758
0.030163070619671391
0.0081368078973913897
0.03536619109445685
0.037580608902718173
0.015830346391370934
0.013164852733539368
0.0024150829995492735
0.0093003910742050968
0.021816637798753868
0.015517886791344707
0.018404714290389333
0.027224966957677468
0.013865212896413147
0.013174115482723799
0.026281363335327074
0.024536041452410812
0.015632331759854286
0.023131137108954151
0.013560672987517158
0.01268088111387595
0.0096113561966211306
0.017657794652244669
0.021664090418101554
0.0065436474929913479
0.010070492141192183
0.031143635901823927
0.0069207622190489938
0.023574952536622784
0.037481367751450473
0.014414383553030125
0.014635511237693367
0.012105333415577938
0.027927825957282933
0.0058252803703856713
0.011220377520921261
0.0074503835928301058
0.015614170522467176
0.022108776143513531
0.016518878909343213
0.015058149791171892
0.025886780438756082
0.010590607951698297
0.012909313670615185
0.034431422110821744
0.0095553541878962405
0.027545567126687872
0.0081852946334163203
0.028903833477130308
0.0022681082618490052
0.0036948175782373677
0.018633935634835064
0.016015788165707281
0.012075608010209434
0.023430033106240828
0.005296096597972217
0.029232564090151805
0.0051371923471536943
0.010846120138888074
0.01024043456753672
0.010902272428814986
0.010729372502277892
0.018651459693413145
0.02410819199223687
0.0093576640145933334
