0.020155654184692891
0.030325526601766146
0.012617692507638851
0.013966379126892229
0.015266907442015844
0.01828925486307164
0.015434151913237035
0.0016754156874397683
0.019580245279841604
0.013725395365081041
0.0083865064827150781
0.0030099173074297956
0.014225781167001702
0.023555251320337506
0.031054955862960521
0.027561297665101559
0.017096943855635222
0.029343220628551436
0.017128210808789891
0.031664764604242654
0.039709569203006896
0.012940780467193696
0.0087294341993880524
0.01678498607038003
0.0032606688088082946
0.0044892841502660328
0.013572198987350851
0.028851425346175769
0.021599782359309982
0.022734306164678291
0.015815050281442214
0.0032280319954060784
0.020699610126551551
0.0055929323088479907
0.0077434986450931782
0.026955723138845648
0.025750366583282339
0.0097792351299394887
0.020021208979546862
0.018853214459416123
0.0025515766843665025
0.020510287969933705
0.020359056532338392
0.017411901342437485
0.01722821197752961
0.025446819960880749
0.0059053744341438785
0.01658000774403437
0.0096793937073514462
0.023862781937836378
0.016459220585259421
0.024921335264501451
0.0023715911875240919
0.016626835075394353
0.0046956013585729072
0.007634212490559681
0.013013144650722629
0.0036194514276594023
0.014027579727963313
0.020009986863244938
0.019233132092799757
0.028026883023198709
0.010947203274038543
0.011195645175231297
0.018402635668011549
0.013331335948867623
0.026964639894023385
0.0011455658521616172
0.0018372250499978577
0.033132397097469221
0.015231033818246731
0.018732836609844473
0.019445832297846615
0.015931801280998258
0.0058825253994499484
0.0043015418514272688
0.028371224507233478
0.0076454752717686593
0.0036966576089037472
0.026059590381317135
0.0082607777294542942
0.018846216053608384
0.021749120895177141
0.017472215677826513
0.013003512419505703
0.036817724598601019
0.019798793872231123
0.005112653256472293
0.021263570378775989
0.026478982285436298
0.01150990274780794
0.028327865978490178
0.0022372205228472167
0.015845298700843533
0.017519043483858545
0.012885533559443416
0.010184757708205846
0.013094090620870694
0.017284337773927586
0.018354079559387518
0.0094606877945486358
0.010543051785081598
0.021185017395830261
0.0053660362087616575
0.008748125071998427
0.028318117158129708
0.012808813927728559
0.017784220223460743
0.012814332303322773
0.0030480237621679698
0.022367313910036331
0.0187315058172173
0.024207717621912483
0.01823244890089195
0.030270044529607569
0.010155528157790592
0.0095163550364859781
0.0064745478492704098
0.038628325509302265
0.013705903249644965
0.020258722896547149
0.013413761667388197
0.014381058123768499
0.012462634739946932
0.034982823882803687
0.01168531444382988
0.010065139441591434
0.028750855835218175
0.00063119541050182717
0.011666516965996587
0.023098502098237831
0.024848055251448235
0.0085763585634480183
0.035481485507735014
0.012687357862790608
0.013887956171098816
0.0073796087961405105
0.019482066731981454
0.022216212751051501
0.022457555791094184
0.016748332803449773
0.012111604943100067
0.039330672878211306
0.010128798423962842
0.027049717523499609
0.019152837589155657
0.018268197188668577
0.0070978960019068725
0.0045586425697147059
0.022422577075062105
0.0055058627466114318
0.021604384484094175
0.0057839969160050396
0.025865123254423271
0.013401495020604873
0.023850961624406832
0.0039075352245648088
0.021346518840787896
0.016455886247118159
0.013624086750012011
0.012391836772886421
0.016524758464155825
0.0040246241440125927
0.0070436585910114242
0.016704122432580539
0.01910257986168936
0.0073348932235018675
0.017485170688446298
0.012480525509643471
0.010475373882775883
0.011442505757819042
0.021525838178702003
0.012906210031120295
0.020746207152404897
0.016332409246951018
0.010349408274833213
0.012902381814705573
0.0094399079094699429
0.0048649702621655607
0.012232854507149353
0.019812090265634966
0.004069525640526598
0.019887574545706343
0.014358312285655334
0.021290611060088092
0.018283565205557125
0.027755571311886964
0.012996844343523091
0.011014003840597709
0.013395716025876327
0.0075417473518834457
0.044297024160911032
0.0086767608418518525
0.023387401972425649
0.011614498729064025
0.011031396722121887
0.017774024348648481
0.0097058011715470908
0.0063724784282968685
0.0038355163768548401
0.013062739358259962
0.019312296827597032
