0.0160996965861262
0.020978431120968939
0.010980659919037229
0.0212085463133516
0.032277580287313666
0.019682220479008302
0.034249550868538835
0.025888239519234139
0.020054953321621077
0.0049203183344180999
0.011490324716547144
0.03179571233100259
0.013507540013711938
0.005799439300295927
0.015087985386487346
0.020168248700451075
0.0036786608442337318
0.014541052500272336
0.013714881949337817
0.0057600193407910324
0.0089054033697976813
0.022397078449304962
0.028827742557009046
0.031114665183566915
0.010757857339807489
0.0042961264073274382
0.0070650328487519955
0.021396409470991203
0.026501558240985455
0.029502077717572212
0.010425083646060446
0.0097322093907940711
0.022509493256447615
0.032452357484600659
0.024579202340711304
0.010271766144560024
0.012152507481723557
0.029148625747545166
0.022736896901408208
0.012563489056465921
0.010037549918834397
0.025775401358855234
0.034262312478717957
0.0048807601062239451
0.035758528992837713
0.021896849862388077
0.0096156648517735348
0.018566621022426094
0.045133658072600946
0.010801387272070296
0.018634917160483912
0.02569087087707015
0.012298492650226466
0.009123623391160263
0.023526681736771211
0.010766605033319398
0.0095930480966086792
0.0081549283532398494
0.016084701287682485
0.033024347515260837
0.018449341120811133
0.011855497773570053
0.030917870083949153
0.025263948946958926
0.0081346046739457882
0.010434709957285635
0.0071184481910595869
0.0062668327991999805
0.017534283952251761
0.0083570121276115728
0.012729611634444598
0.0084502108460226578
0.012747309604235788
0.0056854361382384939
0.025825188717015744
0.012058700531009336
0.020868441953340706
0.023684728723762618
0.014694263667039624
0.011665688793319039
0.014883210899409452
0.011928502750501228
0.020596595822902984
0.019604674832219098
0.030792894453967018
0.010090215839207569
0.020633390402298005
0.02091662859408518
0.020474591558970062
0.0052760166387673616
0.015271381059311933
0.023356918825598431
0.005557199611129585
0.011468955407600137
0.023493248777271714
0.022321720734203198
0.0092086631818943786
0.0059510525187323063
0.013924456803013754
0.012363922918682397
0.007639423231521507
0.019684189243027894
0.017639904042613841
0.013831782482237917
0.0096901597116996734
0.0093497565267320077
0.019456369204855876
0.0094860747079805983
0.030211866012749007
0.022844387081434221
0.018016837151741839
0.007625708746826684
0.020277762472760044
0.026913141832819992
0.030939856524491501
0.0095154207129827424
0.024132907820402151
0.030425680322758553
0.01504828144012383
0.0096567265543795969
0.0040374685793060699
0.016596475923684247
0.010840994493243361
0.018980055328565892
0.013792982868911464
0.015508452944648192
0.014464663926887755
0.017128982497345738
0.012697487190851871
0.011819902469058969
0.01579863187419411
0.021218908805302302
0.025330497972845329
0.0102655425115465
0.024660459416607858
0.026133804628154435
0.005848910915382477
0.026882705772941915
0.0084879262412685206
0.018246481766103835
0.013250340299455002
0.01231035145616069
0.012366814992399484
0.017324438826035005
0.024653774384301191
0.026731557232523705
0.0073094722857868326
0.01822751765080536
0.011562483182896054
0.019656281763574923
0.0093374654235348995
0.014484417825235522
0.017900729759803974
0.017866250065046704
0.019752301950555277
0.023423411679933913
0.024423329407997508
0.0036239292962166312
0.019971000886212162
0.013042932066117863
0.0054816101482877307
0.016252466522989839
0.012482192218085523
0.0077623851632549054
0.014144941545246186
0.019422528069178869
0.0063515462922702944
0.026461979351969755
0.010504558118088021
0.021138519923560372
0.019713099431745887
0.0130251530526259
0.019078770768585839
0.020646706058257192
0.013003715285772767
0.019524938203075569
0.023361015781044166
0.011418536533933673
0.010000314659058311
0.024461177904851781
0.011777875202150853
0.0042465773420160748
0.036196108720841592
0.01576734286290626
0.041008391215378803
0.033836179676281802
0.019248925192140269
0.013937359775800736
0.0092701978350486942
0.0025024244484351719
0.025162052181209107
0.0090753228078464063
0.011554666876337778
0.01755920470238934
0.012499990406395585
0.022153913613675396
0.024200707683276756
0.020036512158369796
0.030146508308238368
0.025926500942630271
0.017932062192594189
0.016957371793316398
