0.1105371798456896
0.13801440655387748
0.11482210911743368
0.2583602099690302
0.14433487258234584
0.08608028808019727
0.017248610429934131
0.12178404307337214
0.1195757816464236
0.17470455436051202
0.11064913401677756
0.11084103970208332
0.11326519907973535
0.073056691711212568
0.087586725634805448
0.1152388810333027
0.12074319331414243
0.073247828624646932
0.13884812188115592
0.1503023268340318
0.19795831683484763
0.21469313703213538
0.12643068020219042
0.11952675099322616
0.11811694313903923
0.069491956521770024
0.093569987292149645
0.16943967367136173
0.14158587632817338
0.14235355486070683
0.032059388692661055
0.053848035860941869
0.028609604905151152
0.028158722061720844
0.02427832198598278
0.058676959112628567
0.1642438816052805
0.15612021115505284
0.12089394702327218
0.082605942768994009
0.025566803463073773
0.058373473231578807
0.1230631925596626
0.20915215468490442
0.16728831857860901
0.28382334827812095
0.27604849956962585
0.25217082533432678
0.15785195894297316
0.028657827449065667
0.028339342151686077
0.10468916825003263
0.099600732961461672
0.058610111811652946
0.17716206238461332
0.15509335385801942
0.18287114772154886
0.13465904551278171
0.11773851939210808
0.13307028337399557
0.1062848403364906
0.17632923341189599
0.033080027720188775
0.19804582125572467
0.15378066658644549
0.078598060969126249
0.028866212095560378
0.11750366718356957
0.17166400804004059
0.16217503566476557
0.16141788095436388
0.19798457033439307
0.17664021065246141
0.10426529099277035
0.10258119586967994
0.046785775899545363
0.15283446811736159
0.1472336542696254
0.099635595348056855
0.15675295482377088
0.10349573624774809
0.076402676607849163
0.11040443610924591
0.15790990575606514
0.065075180255039708
0.017938689578616464
0.057655764486859128
0.10976627096819477
0.085193872465987516
0.19225949122207536
0.17657872083668424
0.12702239057800765
0.21565248939718662
0.20932623084539664
0.17272641835994829
0.11548862085237557
0.21152095031292764
0.17356999136626425
0.10759628641683602
0.04465508941400835
0.20178629168091183
0.18945298057875487
0.092623234824644352
0.037418764580449161
0.15559056256566484
0.14882420471619848
0.20856158821193205
0.16618829020227371
0.20861529330102707
0.14401339688581297
0.2036641791672141
0.089250206425547318
0.092643058202327155
0.21818128480222523
0.13519839818875545
0.14406994497516099
0.055811854363839432
0.1111055792512879
0.11373226020364913
0.09749718801511803
0.012586971301012039
0.048174122060891812
0.052830098371089762
0.24903104734953135
0.29356986164934379
0.2209163056781176
0.13086341263083182
0.024218778668783313
0.043004103007013683
0.090620008938597535
0.090135614406435485
0.045285745734909434
0.027624132302053333
0.069740821852227117
0.096193134651436918
0.1537518746810263
0.05071942916543086
0.12601548417964392
0.13860107142809236
0.24007206272592316
0.18173374765622824
0.17880237195973944
0.24212577653926337
0.23991711944324212
0.1873852186133961
0.11375791386918842
0.035023960764538606
0.090621451666357211
0.21799453474414712
0.16203771756608548
0.067585228621255808
0.079141831878527219
0.097380032934983207
0.16418887358216189
0.082729769863480879
0.050802085550509024
0.070117331084993559
0.12895356201495078
0.11185595692945237
0.11231428276298645
0.076111889507278763
0.11157555110427933
0.14070948096375954
0.068883035175447763
0.12559522262855261
0.08932356915941983
0.15302340991072816
0.12201201238543388
0.24670589757795836
0.1315529431119169
0.11871629564761728
0.048338708811801065
0.16906241533885921
0.077838152536711863
0.056086338613948052
0.0051206173203850692
0.10259572898804876
0.018437963222353956
0.051251798248089578
0.0561214657399811
0.068343792279794896
0.1474241741753097
0.093452169255382675
0.042250916750199173
0.061712826686353001
0.11682929098072958
0.095495280544256253
0.15813899585927593
0.099590593021891272
0.17231618670410551
0.20380436353813081
0.067688502349086979
0.14194985037371535
0.09306472310925358
0.094032402517929506
0.084955822364450193
0.020831116957478694
0.12604826440893735
0.11438171179308386
0.12448399119398053
0.22415352662009239
0.18940764121168119
