0.145904158747554
0.043406971283134185
0.042860247605120312
0.056034287480856662
0.014478214741327645
0.051552865071993269
0.048961087672638591
0.055028930594957469
0.055054759111911822
0.1325174056733916
0.10700541119065041
0.19610109679819124
0.1465746055679612
0.092780269214626704
0.050288792700888402
0.14551793547064754
0.23625571630088055
0.2821155741674346
0.19702579209596574
0.15171972761538441
0.13150764734178083
0.17235709933527993
0.23985065430033561
0.24231032422204174
0.23294848503437657
0.19865719394388834
0.076982375609424766
0.13669199368094079
0.15647590001936668
0.10777109741809268
0.17918236551975808
0.264749145457639
0.28244220524847252
0.21718216463713372
0.076306001401979129
0.034122308458429146
0.12384074661643742
0.092589129551066907
0.10067826132328654
0.04789369560680632
0.072275612550126156
0.12602912051890491
0.10687108910765507
0.060089608692100754
0.081191095817133241
0.10762986266284306
0.014452626193151205
0.047138713940754862
0.068792290946660617
0.066055434685146144
0.082754929561303966
0.18006408725887718
0.1408055358930084
0.19071195955204492
0.1596971279681515
0.18027552642163788
0.25240743686705586
0.24866521199048114
0.20463487277314321
0.22486056058076426
0.10454623849840568
0.079562956957056813
0.0747721715251531
0.057067806073264823
0.043629588115184116
0.12527690492668744
0.1453799998530263
0.053601376551744802
0.10936632425567279
0.027747786100017036
0.057041814902266202
0.19070515952367942
0.19032101982853858
0.21234244095197244
0.2302528874619317
0.11041559856805488
0.090121547721031398
0.11483447053876229
0.14871029215900575
0.22335324042550958
0.05296624740910743
0.14979474781400046
0.13169392367051636
0.17096901424519476
0.16095392420464874
0.24899742388822532
0.11722160920250602
0.17974939596449707
0.078867214808408539
0.14953067286031704
0.23241161192463258
0.13862099021293531
0.13445503550624546
0.12078872250959087
0.20710696658388533
0.22936861007002424
0.14500220960422167
0.03243286961021425
0.062955550855244458
0.12244057492121946
0.088339168703176998
0.12135339681184446
0.090963016659150811
0.041861897668898099
0.10769570891182523
0.043490260590413325
0.065802400577158526
0.16439832981137351
0.13591148514297183
0.14978777742366461
0.13065669484262599
0.12638627958541482
0.11137921528937354
0.16993728519166931
0.057347058363170875
0.11505455789352273
0.083665281752654128
0.14940751068332755
0.17395001751186825
0.20603955318258096
0.23011355785407336
0.13483774360970621
0.096586021756556492
0.027057005913489553
0.028675000013490264
0.12624524306906079
0.027939132428240372
0.079187114980646886
0.18364388909328863
0.26571127813275447
0.081103586820991266
0.0597478642779075
0.11175482493015311
0.089912728632283057
0.1222713690042686
0.095195028949116772
0.042251941633283073
0.036082142174408062
0.026511046289064401
0.14694415804543803
0.070589855306834454
0.020707254634068948
0.072349461970207224
0.14187811215254398
0.23315347183147916
0.18733989833593961
0.13042890755165615
0.12854045381256013
0.1611063447715298
0.18386337599370794
0.17511890145854001
0.17748986618041881
0.047471162803496121
0.065528481532408839
0.099070271626170353
0.017295341093242187
0.046132393523275438
0.05855772888720024
0.091119998984972625
0.10586430735743151
0.070246602389513871
0.12981066218409718
0.12828036079164548
0.12215665037919887
0.13307001067887272
0.058833367693463895
0.025033512181702185
0.015146793792138919
0.17034075284744862
0.14129302775382049
0.16056710033290994
0.097553604944230696
0.084675764216531821
0.021129833063356643
0.068555570205852623
0.15146263909713339
0.084196630519435156
0.11618010887998315
0.072434640393522542
0.017190431948009559
0.092716789297627361
0.02156424406960851
0.024329186208177027
0.014415222862138533
0.19598599444493606
0.20166341969493765
0.16420468073788019
0.20514773545732992
0.17262865049040907
0.099795121341124615
0.061169333423414927
0.16477233291973267
0.07080350994695507
0.045644462807108488
0.20608132547851898
0.2029640742573818
0.15641871781809605
0.047285965271487103
0.068048155464390164
0.12284490390820393
0.06400907108913173
0.11957535248336708
