0.018449880142123534
0.012894687651733844
0.015070255545284791
0.0083540511142124046
0.013965275603152054
0.0056838375439835984
0.012218070391954279
0.014329144163868711
0.014516888131045021
0.015385685171002297
0.016897147533914567
0.002271140959609889
0.013812760247827285
0.016069814340328583
0.016716128558785338
0.013043367128712137
0.012929002483103766
0.0076324278786959552
0.014654781355091153
0.007310612087029599
0.0044966997195583936
0.01970278533837367
0.016275553440678683
0.0076888608260247161
0.0055670622352553076
0.0086226152908647248
0.0043293728744643444
0.006132213069687145
0.0092189665680610048
0.01952360793720807
0.032785230057316268
0.0071819799175799476
0.017924446624194665
0.020433609169999256
0.0081457073976610121
0.007644737587627598
0.017764628024974638
0.010375958962848148
0.03122172977425677
0.011996461325865031
0.011170400873347296
0.011238767283282554
0.013570785763984058
0.02858962358484814
0.019673964511933945
0.0030281738373677579
0.0033760456888725916
0.017368634139790916
0.010113401595145115
0.005181819775718857
0.015917330137227893
0.014750826304765638
0.0096927233707253917
0.015043906381307714
0.012387790254299829
0.024714390073506332
0.0080008903280988711
0.011818222719827548
0.0048095876393714201
0.010630846255024574
0.022039146940024255
0.019301050990728288
0.0049659591412646699
0.0070532217637431409
0.017621100772889319
0.0087259646618020308
0.011736806331530042
0.0032024901065088656
0.01364197839712959
0.020173777645352765
0.014978888843459343
0.0085985953782218242
0.026718921309345622
0.020909476013594976
0.017928973070320271
0.0079911760060100631
0.019351151288222315
0.0067147535224854381
0.01905969410699607
0.011067959584820819
0.0066683523869133336
0.0091465889989135792
0.016830420885369068
0.0038162616624296589
0.006435709777632719
0.029900728394546352
0.01954671123804614
0.014269987133157379
0.030393749028182364
0.005765007944441819
0.026965276141170939
0.0014336203480844016
0.014761000315001551
0.010675505640701834
0.021568182325102006
0.027024110214472423
0.0064168446256418271
0.017255051584725439
0.018554895220305182
0.029494572376851828
0.018267787286793208
0.010930323288183046
0.011019088266695948
0.0049514446655726865
0.01322186768301567
0.016200001109135487
0.0087835522237249327
0.019770556088522892
0.028477225267866581
0.01093922064198225
0.018495291575896203
0.034967906750002595
0.025310459176939575
0.0014174892061413846
0.012116065458665974
0.016637915925139853
0.026452090737049759
0.0054320864917611917
0.028001709038687986
0.020694658229290754
0.012742101135735862
0.012493808331353789
0.019699489624376607
0.013398646187998159
0.021191140277680515
0.018129372400767983
0.007910766468403746
0.028276090967373001
0.020950518130916997
0.015701811337131846
0.035209716516554385
0.01629906915216453
0.03122394896083559
0.014797145148346876
0.037652445666828155
0.016112812442785292
0.020353908901901269
0.010372017349342998
0.016934988127040668
0.0090761375159412669
0.019100212864804848
0.0028439904962849175
0.013141048876493856
0.011936146673889026
0.019078202126999854
0.014458528067176415
0.014039411807687179
0.018908882694757202
0.0092678287749026252
0.018126294198513686
0.011004222704672027
0.011253317788402157
0.0089911497510285852
0.027379588984068916
0.019646468121611579
0.0077619100561968366
0.0066663532179876573
0.011101648711992486
0.0025868218224362805
0.0034457185012471115
0.019638168282601849
0.022787250554589626
0.018066225947740953
0.010906899039813915
0.0076201962295823775
0.019968674376986167
0.0082311817477792679
0.023188337917402529
0.010896072740366292
0.022324684464995612
0.01766971958270773
0.017582112009503891
0.019151533215718053
0.024582371965646953
0.022694381805469777
0.0089303036670741447
0.003775350654923132
0.021628046350542111
0.031381226310888341
0.0025904085170291714
0.0057525451619833603
0.0068541260877867712
0.019853534759524592
0.0095514044591592778
0.0037602031233878262
0.013550238605044323
0.015389363645248576
0.01400523529255588
0.019055845815782461
0.01336567149113848
0.021693305087419595
0.014802709708107592
0.018051603140727776
0.011423110877771148
0.012241519055403631
0.0079686624244676221
0.022851068042957039
0.010833822252275067
0.012788534079666996
0.022409867154193186
0.021496550922647479
0.011340460502834887
