0.009984599159159219
0.0097508460890851391
0.02715501435099205
0.010653032178403833
0.024251041554485951
0.018921166414450515
0.010115640903496982
0.015564781577902954
0.0082762424943084532
0.016746151231450183
0.0096771593145553465
0.010379022140672494
0.014140200874964939
0.015881482397317469
0.0044830214092080756
0.011754378348137256
0.002090645214607118
0.0018960603019798513
0.011824360863021648
0.022691678518698688
0.029973655344986354
0.013502223454295161
0.017898905274362997
0.0087960910438946455
0.0049818634539306678
0.010163459732956417
0.018547708503280576
0.012245919137015508
0.012076550790147151
0.0040676519465705809
0.0087895636430504794
0.016517059322505676
0.021754272366434464
0.010843391669850926
0.013603152532522207
0.014336388017662278
0.0039359392357616665
0.0064755674138392864
0.012180517601882176
0.03234135505728955
0.0088653872137810091
0.018755332123901056
0.0059920124290973077
0.0062667167919362252
0.022333252164635924
0.011044888466383379
0.0065362547738300712
0.0048277029318216326
0.0098626155811673607
0.0026997560116879811
0.016713317896289933
0.014962830246288757
0.021517024725092707
0.0082744055006707465
0.023377074230255673
0.010540114691737813
0.0080597235045035739
0.01548299210159867
0.026045448213306361
0.028749125835583783
0.022188614955893641
0.019627001596339337
0.018232665898155975
0.0063250485625925877
0.010176079207582598
0.021586218140089125
0.011355765521787606
0.0097795782195920587
0.015768773598826117
0.021217720129932924
0.0058891921132937178
0.0027902671750899368
0.013551862073107365
0.017188654448497126
0.0081147352862122792
0.01664043459605789
0.014132440709008732
0.011192414458836021
0.0052649913973769917
0.0086896885492318329
0.014992831879858217
0.01728945577971977
0.012124928237081329
0.018599431485154076
0.012448980899780656
0.0043690241579767393
0.0037618724684059467
0.016585860726159078
0.022544691314517046
0.014914577718429836
0.019579080113747833
0.029433266716804109
0.010075253890609813
0.0050653804097665006
0.0078730902694458711
0.005491699974496324
0.01826967579980018
0.02012065271955446
0.016295410047226833
0.029053935303626103
0.016213889990189034
0.030718640360454037
0.029688904194273474
0.031132280456853512
0.027003462107238696
0.024089121514105704
0.01485416467906003
0.029092016935611874
0.012521027377236418
0.014632559381751471
0.015667770062253793
0.014473418542104632
0.0076906200882959101
0.028390686985609401
0.0030508255424494439
0.0083090113660155302
0.015848690475870963
0.01640777917599584
0.018232724001752226
0.011151758334472076
0.01845512950533703
0.012927644508229606
0.024693743915702355
0.0044852964794690675
0.0083082081380238277
0.013229641026636096
0.017586808675318668
0.024994805168304483
0.017341148989433171
0.02476952096945172
0.01211198449858788
0.0076930518496913019
0.0085607383845310459
0.019050152080417725
0.017588742687410976
0.0089741822380838675
0.021205531165666765
0.013039512111471606
0.013375726705137023
0.011943984976404042
0.024592101687229289
0.012590512844301047
0.0045589616577181406
0.0037108094646706351
0.018417335234961349
0.0067827544645785998
0.014813404244225193
0.0084806834897594267
0.01121886383867607
0.010542308113618845
0.0024584248890140168
0.014301013531197355
0.011762599186070975
0.016140104226758354
0.017570412337507595
0.010360224748921098
0.014211073729071991
0.012497247617776028
0.0070455133112944188
0.0064234795404152804
0.024010372982789453
0.016172656324926583
0.022625275343929011
0.016379953100601918
0.013315155676584331
0.0126875232499804
0.019429879954150533
0.02144579477318621
0.010982352076337267
0.01470764302962402
0.019974608757448359
0.015509093075574451
0.012188099143312767
0.015161506945546742
0.015967621635327806
0.018993483520973409
0.012689114817589246
0.0072130821469884041
0.0031666704291195644
0.0033386567756873418
0.008413909868968979
0.013613407114635111
0.020114945369276903
0.009932561916816721
0.028375185268288878
0.023001057066123744
0.017924010083241449
0.014102268146263849
0.015264426445616614
0.010359893091112821
0.0063436592694906231
0.022878507570148667
0.0050990590680117243
0.0056597364901840135
0.0082348892495168798
0.023569895691225473
0.016899300463335667
0.0035505593146379602
0.0194384508866117
0.012849106218634637
0.00624621421910299
0.0038151158791268226
