0.002631996575966738
0.013353064313055801
0.011917198566665269
0.0063233128606280655
0.012595136961307343
0.030939555324697984
0.022399214355684281
0.0082953999622958265
0.011915392796886101
0.01654617851706161
0.018959424323921628
0.014339691279824596
0.023146021008923261
0.029419727409134448
0.014697501585396356
0.022287319915384234
0.024618859892353347
0.0070191541895216567
0.01327224407266149
0.014072079349299943
0.011672484286103152
0.0014669028464662198
0.01958574729462741
0.0062443403122685245
0.012276651944568938
0.01047210908729315
0.013888742096961169
0.0076284883234601078
0.011448070571815712
0.0028430902666796774
0.0089822944745678451
0.026076525752618034
0.010873027416426879
0.014225014788135164
0.0066239290932321605
0.012473511466107061
0.028551537147212099
0.017031215227127496
0.016438597771755239
0.013666989142385802
0.021252574217512425
0.010900032641693093
0.014978082518227935
0.030178383863538355
0.012235863602731455
0.012263912429935667
0.0060046773899494494
0.014160880977608377
0.014722079297831571
0.0061464359025765036
0.016191125162433529
0.006727468134739875
0.0068469849252376855
0.012005512571735788
0.032097768284073042
0.012237229342595928
0.0064500254254215017
0.015238893508162106
0.010910107741114389
0.012279767755566216
0.018625645434787265
0.0023846134822865348
0.010084217327606698
0.017291402031068295
0.018629290010156563
0.011180513279987786
0.022324839115733807
0.010378633153830885
0.006258054824502827
0.019787517646443088
0.017804012920019426
0.0079198994563376736
0.011247836029120127
0.01459961271683485
0.009399165509290831
0.024930804501313176
0.023250496917230818
0.023961249129646183
0.017357960696829749
0.033670740366946443
0.0070244542204935013
0.013894741421567694
0.0095136401406901057
0.013124029409730308
0.010406096358258808
0.0065312076965374872
0.015508883968172038
0.019373210547537153
0.022082626404319679
0.024497187975996808
0.007664917713042568
0.004034457978950425
0.025831570771313098
0.014964255854311225
0.027041729130923606
0.022399187480122706
0.013338733083203469
0.010177194548747366
0.019909513469999873
0.016050048916368555
0.025659570844641429
0.0094275978363702988
0.016728047446938399
0.0071091371511390984
0.018951638290976083
0.0071147814024617546
0.019068981225552551
0.0037541657146937563
0.0052421274610798523
0.013970359767931505
0.011433550728893764
0.016871119077879061
0.02170758144559216
0.010372069003310344
0.0094306605157713306
0.016381592644819712
0.012881124016606932
0.0094498987592106405
0.012232191933956509
0.0088239008148892281
0.0035038433764722245
0.0064941762084273196
0.025660952249166476
0.010791287642220123
0.012559859492992903
0.011108273050892577
0.0037438710558827587
0.012163916206331747
0.038289066065213956
0.0066662761938538857
0.0143611218227131
0.017367033319500236
0.014198264741533659
0.014895695706442001
0.019018566872368112
0.0062866889326322131
0.0064029144000767773
0.011469769396721015
0.013655260247827119
0.033463034015935943
0.019678694457747163
0.0046790248556103234
0.016447929591169624
0.0091401278580329533
0.015373225134255916
0.013164525738004865
0.0018338071024129022
0.023788561138207188
0.022723607561484456
0.023847895386735766
0.021468381670848625
0.012165401169625228
0.010980711024289554
0.01221701752932031
0.03088784906557511
0.0071990872326006053
0.020552867663758634
0.021601518467070407
0.0098871848165985269
0.0069482509213652571
0.010668883652086073
0.0038501556632587015
0.023609301167483894
0.020766212588418969
0.0078748586675911926
0.012306227485356218
0.017378845271992741
0.0063843153792080319
0.027367916275128308
0.016379249129798046
0.013367842247862697
0.012863630858927043
0.0084325482211706528
0.0045024755214044202
0.030366279572458972
0.016295475580216361
0.012820660284580935
0.0065877534929479576
0.008229088531549314
0.016077530517171812
0.023213498743424918
0.0044771218184976687
0.010673089051629505
0.016002958076863309
0.019360690005609579
0.022838183120592985
0.020008810110837091
0.0095347441097496013
0.022838224007651224
0.01045363542840117
0.019941503900996173
0.023801805432253641
0.0097141376870009954
0.010137608309637187
0.0063315477646705099
0.0082548328381984865
0.013896213691204079
0.020691386882782645
0.026111281541983975
0.007734525987035141
0.0078959487081795808
0.012902659343295991
