0.75091994700516074
0.64560993572368308
0.41414635145091483
0.4087570949182473
0.39898633041044607
0.40009844191223121
0.42200974932094332
0.49150116743308797
0.54676257891725089
0.52931643704884712
0.37551003659098053
0.31384548358769887
0.34731336290595527
0.30596239987850843
0.25823359996947182
0.29672100604240015
0.451658277137506
0.48748542055998506
0.52846787416558016
0.62767460182305546
0.60107979074098861
0.70268413900279902
0.77906123952034967
0.75825895163629631
0.76181990686261314
0.78287203631991176
0.74959533249541643
0.76599896876414542
0.73735227708544382
0.7753117511928368
0.80166640374431009
0.79711926820320411
0.78312134683916035
0.83777158874495938
0.83235761949955434
0.84992108073705408
0.83583264605753638
0.87779679301026314
0.8689983510600926
0.85986224636806063
0.84885437312097212
0.85315957285841482
0.81589637471146459
0.82293676151876594
0.85736665584876071
0.86692588561920025
0.85192636419864098
0.82987821958699448
0.77751457706203642
0.7906970441673169
0.7783576901392053
0.85097028749715875
0.84575454582493426
0.81734148631553527
0.82540843341277992
0.81168018624446514
0.79238920997054441
0.8278083533293944
0.80258972489854741
0.78996454149191353
0.74609545788948817
0.71553588989844941
0.68877128918501784
0.77135799221219203
0.76726101901184685
0.71352086537757364
0.73393856177354777
0.71553661563738569
0.72932420207705739
0.79664725407949222
0.7703963000036651
0.79707687016151607
0.75989948031132615
0.69138650413221259
0.67226039858182518
0.65805842439194118
0.67290529425212475
0.63855126757427949
0.65261315377069273
0.74299957442458664
0.77845138021288285
0.74999855925996028
0.73094950804292014
0.70248049712225868
0.70559432722852344
0.65990195167188326
0.65319386130980039
0.65138454693546344
0.62582135397741245
0.62953647315906225
0.67021497498926619
0.70463140807883196
0.73403557809640296
0.71792602272114669
0.73205587321464993
0.66874633455502264
0.7014583674341146
0.5594319689952203
0.51251856934024764
0.52094082123003305
0.46011575895195927
0.48811753709995825
0.51248167863394856
0.52394205839701435
0.5435653606501899
0.63874099069421486
0.58497420017672719
0.63537966211855001
0.64181462275435897
0.65976766481035509
0.62779272117237894
0.57507956842738972
0.5786719615894439
0.61530745768331485
0.72260706101759342
0.75891370291418181
0.74785581760358411
0.77780362594232655
0.72327289767777336
0.75652918165812544
0.7546125924234719
0.76723883303491147
0.77566959895416299
0.79364405608419941
0.76052626007117763
0.71059677169024527
0.70887892719371237
0.72071013740830037
0.71610098092220564
0.75469369096379701
0.75396884982852819
0.76829872109331188
0.77724063001411392
0.82508967220570706
0.81169185854210668
0.7932349696054839
0.76464192267718789
0.74123261593271883
0.75273302494156036
0.78693145035396139
0.80509443666042702
0.83391522868223145
0.8249750688175731
0.83358210489883455
0.80238368964142293
0.79154250526342151
0.82751555389202514
0.82898778271046503
0.83034421345403497
0.80910496170045576
0.81535236098289832
0.84481160170965541
0.83368471732262228
0.84010410396752067
0.85147629805692815
0.85320239813035259
0.86478307115007025
0.86279620176493743
0.86279436456783909
0.83761093768438921
0.84128625402061896
0.8814148841128433
0.87267014950714783
0.8663187677615557
0.8408446842227788
0.83497478297643846
0.81166137114921344
0.80811979693605085
0.79317904253301275
0.72924533633234589
0.66796887916492165
0.66711479399148033
0.6561901465917509
0.69915794136870169
0.83179224600141766
0.80150890175745015
0.80709229987026077
0.8210256740325772
0.81507984659559751
0.83793616414552263
0.86133738834674223
0.87624258197961125
0.87591010789732249
0.87838189151707302
0.81188334282973751
0.76688142994068553
0.78073083256651832
0.78461034493434734
0.76035519792966488
0.76717553981884601
0.80049724320616178
0.76713546495750162
0.7261855071816391
0.74655642418468637
0.77756944623707369
0.77163621654974646
0.81502191492325871
0.80076608143758021
0.81722000193793576
0.75475947090519768
0.75876908500420515
0.77942028036577526
