0.83013132334129247
0.8223963844118729
0.83003626750376291
0.82828174702614243
0.80836294790444341
0.80582826903846583
0.85673086189695946
0.82318919543817948
0.85639168400166943
0.85238132146045287
0.82680317130690228
0.80499422588469982
0.8137893014222275
0.82315089769879279
0.82315414662539732
0.84301356772261582
0.80748159807743281
0.78665625934319949
0.8007780612288069
0.83478927036308026
0.84104361189427046
0.84700808034672381
0.8499440231888048
0.8131086278005718
0.75241994967437487
0.76138965433945205
0.75654486093056628
0.74709158650533913
0.73247657896534712
0.73739685374733865
0.7323799330155476
0.73282349930165047
0.70559185077301134
0.70792624686970762
0.69375561022277032
0.67444816606000579
0.67578861327860229
0.67021825014282688
0.73437894960468608
0.78861985351359154
0.82775766190485556
0.84617893871966432
0.85317310494895815
0.87391378398181696
0.88276057501332239
0.84605196447354469
0.78569095214803819
0.77687527254947231
0.86420926856153923
0.81367454095542247
0.82164516097428286
0.7872579952218034
0.79763020499197868
0.80911278530318786
0.80772432388016135
0.83994480198921651
0.82754421066288675
0.79139968007585437
0.77281557101363818
0.75375202760387949
0.69475375059562638
0.69252400778529311
0.69506756068347308
0.67106328849531505
0.73165100907942948
0.75318983313106602
0.69694555389682222
0.65479421562065165
0.6836840274442908
0.6515797205713022
0.64199168162417097
0.70811392856082767
0.70068725393054798
0.77480503025876424
0.79508599946417524
0.84264773254366443
0.83871993701400793
0.85356154796633465
0.85152344099606703
0.81476309069673836
0.76414723829949538
0.77845024906959792
0.82358654508378026
0.74997208092734757
0.73822036165622729
0.74951448774376916
0.74534809887578746
0.76721424023880358
0.7508380405052788
0.72620007221064597
0.71591202781733809
0.7782553948664751
0.79646919221714851
0.82728432602622881
0.86191891294557543
0.83780777771071702
0.80771792161410627
0.83378502622161255
0.82057163560368584
0.81742826049013328
0.81415403317469015
0.81766794853703884
0.81417724136064473
0.7725824977040513
0.81360607984162781
0.86219342036960966
0.86363088042558711
0.82641427763683961
0.83002991135380655
0.83763184737467411
0.83563125469167532
0.83467351797094591
0.87391646302111514
0.84557765792713779
0.82314938974223917
0.81935338062404106
0.82473148702542931
0.84011477979620708
0.82353207814874629
0.82854628286432497
0.8089840707311331
0.81397934570790464
0.77167291584225728
0.7754791116383829
0.74405462591257887
0.78167955413921597
0.80972887072832922
0.80913431964497073
0.8486287187968784
0.86644125107864167
0.82957215258323713
0.84941874343098245
0.82952893588887222
0.83360437996689074
0.82742317414092448
0.81379952154470037
0.84025268907315942
0.83702237790153589
0.78072056113048149
0.78686574594316983
0.81257391593463857
0.76063616523628452
0.71011075208268082
0.75009445940368913
0.74835669209019462
0.81749976582513217
0.79005978946302524
0.79863582362815577
0.78082589631355281
0.79091029902439447
0.68464098504408499
0.70589477004280177
0.67373982156279966
0.63827707664589517
0.71605718880778535
0.68908847284125818
0.66152611712302245
0.73249986538295497
0.71305436897637597
0.60598237491249574
0.54708952279097434
0.47299927729624774
0.43711472370887833
0.4967335201949874
0.51584864643593786
0.5587204427002862
0.54441876535390288
0.55679428565387368
0.57712232942568786
0.58430147871447236
0.67427602107764217
0.69377395650728779
0.72067414663870633
0.7498593997586972
0.74216188343538048
0.70135497751618014
0.69948681855034145
0.7175003344507479
0.81230963076770246
0.78726977301076528
0.7821230785786516
0.75876472671306405
0.79346397346800457
0.76635687432959798
0.76676388717237176
0.76224589323292269
0.71444127458784024
0.71929032362664524
0.75886103547638162
0.73020112224342137
0.72643323882280664
0.77762177005183941
0.81454825282326204
0.82586408362729646
0.80130724985900403
0.78388821116531826
0.74602869789826209
0.76794364560902051
0.79688459486498597
0.79229326633320707
0.80044720831484606
0.72854179932096108
