0.82063329797167595
0.80757006024576916
0.81672386961864196
0.79638402763577454
0.77459159896613594
0.71139940716214423
0.74995792448501075
0.84301244270427778
0.84366103758824129
0.82606760948561786
0.82841660789178306
0.83683100925845044
0.86770484770109158
0.82212089300523405
0.76033043394477395
0.76838753621819256
0.78044821519530738
0.77288101507874563
0.77412843911332585
0.78467362270797347
0.81846885563266136
0.80079221161017955
0.82190663013947018
0.82890427592568638
0.83090195076224094
0.83782220033250465
0.80490816669331222
0.77449813554807079
0.79168991716906068
0.80586430207624771
0.86139372097740075
0.84521562420857521
0.8359912853463568
0.81121905171502495
0.82467747033427552
0.80526812595295294
0.76809335754001751
0.75060599355252777
0.77676282492110504
0.76979023700511406
0.81779434557544206
0.87231847774265414
0.85025684978877059
0.8325530727109226
0.79367609429368646
0.85865981244533018
0.83579462377744207
0.85809524985404018
0.85624794541422644
0.84930835435110319
0.8309576714127721
0.85506986141216201
0.82307759775474976
0.84364995533614073
0.86126882677353933
0.84713678468370035
0.82439286745852047
0.87319779356818672
0.8512656709864026
0.86411042273145033
0.85364716169285426
0.81981520362995441
0.80618383937154314
0.78360814537864476
0.80720820308476871
0.80431225069842049
0.8061869589792714
0.75808221667664777
0.75839731615939365
0.78466206647551462
0.79819510309329333
0.82758420011468714
0.85563235100109036
0.86607358514951638
0.87143015450695138
0.88071400821909018
0.81419167176271101
0.80686110586429316
0.75158368485518945
0.76614895126281057
0.80912173919263286
0.86558302708155566
0.85093634912018778
0.8301705158725009
0.77996307177450419
0.69111236840684909
0.60003852151275461
0.52367908397009455
0.53376059154527045
0.59865937605358566
0.58053436611341669
0.57991027372842863
0.56405312131961782
0.51642520972193517
0.51163897300239702
0.45221890210448057
0.20363092501811578
0.17291715772086141
0.17740030556305245
0.20237753930842647
0.1633615333989368
0.16311764099658185
0.18463682142979856
0.26499588707882643
0.16637666560947006
0.19837922428549473
0.17446962464631044
0.17975727203079817
0.17860778802146093
0.17018812827751659
0.24018130810692917
0.27802448343489883
0.32254098180444057
0.42566988354624069
0.3686653885622046
0.33398799506671223
0.39274928677533377
0.45849764607411325
0.43254765731455147
0.46149892417816496
0.44902566707952429
0.41759399890998916
0.37490643583836653
0.39488595771587615
0.3877587056716712
0.3714346613687492
0.30456465993063675
0.30225643116025275
0.3443376376647091
0.57416258043134361
0.72116757627136197
0.74632957640588904
0.80073316035540121
0.79999142147341684
0.78237305100621479
0.80612832799612444
0.79618375124727003
0.79017959099984458
0.82612294469288472
0.79537320266712075
0.79111670631280551
0.77331104687592056
0.76348299850606738
0.75792430917671194
0.73477817410847535
0.72000317853512596
0.75863331500953224
0.62424500173454045
0.70365644811495032
0.66186719934314331
0.65054800619354625
0.67326082940143783
0.62134623802026012
0.5996037724372576
0.56668056448573345
0.57541817734530309
0.5504178390582587
0.54692623376776917
0.56524707300286958
0.56528655189238486
0.55181483970138778
0.61998209705262142
0.58517785323761151
0.62197071591787212
0.59995103689775076
0.55514247184243981
0.5381918235953721
0.64536767590263056
0.83232332863370317
0.86112843244757131
0.84110433157779563
0.87030710291347058
0.85419725268112767
0.88167591643658094
0.83413510875032992
0.8317169868396207
0.82410340189820375
0.84258983557276979
0.84601980528754472
0.87236249670149479
0.87644955162060223
0.88822010784026428
0.87731819033219749
0.89157299008289692
0.8896885770969456
0.86325367333508662
0.86165742656244804
0.85995659916911893
0.8592475082154285
0.84615493557897059
0.79613650314226181
0.75153896515360286
0.7138404155307474
0.65238875861909729
0.65934388282187406
0.75285005503130109
0.7723174394847383
0.81321470785355399
0.83364335873389683
0.82438900451049701
0.80713531008847395
0.81795576187416241
