0.69411139930738586
0.72285578654922944
0.69717622219194142
0.67729278841974339
0.7176320623763367
0.74083795144526543
0.7236666101284136
0.70822121942355787
0.7048933101730871
0.70480189568041507
0.70586435539552439
0.66779689212913529
0.73131511689224438
0.74744341897928346
0.6862238704063105
0.69766512840539541
0.67341165207398235
0.72797168911898291
0.69215940376624707
0.71640255350530591
0.71878694528605136
0.72460968296056827
0.73118836368013063
0.73371163080495794
0.69762822513878497
0.71517669106898651
0.69658836857181794
0.69413439821204925
0.6929154878241276
0.73123706602737237
0.70139944720862213
0.73662896286377488
0.72962991853243109
0.71110015437952301
0.72480022436922564
0.73058604598954024
0.73398524543828347
0.73522998232740089
0.71411499249526045
0.72221454877840296
0.71952992509249425
0.70313661504175717
0.69956273296328653
0.69566201138570849
0.678107038711946
0.71478382305266308
0.72382602195271695
0.69664472776089792
0.7342914724456866
0.68529127184168281
0.71042565313278072
0.72847897817619578
0.68182510335991753
0.69057461193619063
0.73792548709861028
0.70637421503725184
0.68972891552900195
0.71287709696117141
0.71555858512787363
0.70184068514491438
0.69746276855610434
0.73398029079954619
0.70506721105881165
0.69494323759305932
0.70318275781310358
0.69319069245196452
0.70581616011903958
0.69033594748075444
0.70110920549859412
0.73933350838761702
0.71896327819759576
0.73144532700370768
0.68443704180695342
0.69497995389383338
0.70676859791232394
0.72570609819926724
0.69844822599412004
0.68601275209247781
0.69894375581331236
0.70615640905846999
0.68130721319681053
0.7080184942209119
0.73183935770308373
0.70879020651848634
0.71454535768706751
0.7195585677389007
0.65527580579378775
0.72010408097106393
0.71864137178629672
0.72293403635059716
0.72314576274756237
0.7008739425611864
0.71499113844565554
0.6666499726409495
0.72128076303079824
0.73002299750810917
0.71113096667087394
0.71407093677630895
0.69853046608949654
0.71018972209936437
0.72611046070406826
0.72777870403444489
0.69928747565658045
0.70580962021842408
0.70025996557140102
0.68586732681696561
0.69203364875109163
0.7047612034086489
0.71823896682719801
0.73138325906850943
0.71178897385302653
0.71147303091485714
0.6440284840674203
0.72055428610035011
0.73366925833645302
0.71898346295597459
0.71619752072364229
0.72815088004961892
0.70768875806259224
0.72980379508097326
0.69594626169867013
0.72864161676766859
0.71988122227577167
0.68561298047780495
0.6953838297781515
0.7007011326103505
0.70237373718181229
0.72393935194519876
0.7366664607503346
0.71912435523417761
0.71856558381011659
0.73193562125611722
0.70407501506330983
0.72093285351606384
0.74651506746025298
0.7341989276665547
0.7131894880759837
0.73470389990778506
0.72087819077800319
0.72497959107508636
0.6921863178453963
0.71948684468061486
0.71918031722267317
0.72897402090582897
0.66616069564503877
0.69193137528047854
0.71405126917977979
0.71837234076714762
0.68891280069210314
0.68559151330991974
0.70765502626915811
0.71655189396121843
0.72521977110674107
0.73483432142908822
0.70981880618473636
0.71048183888876548
0.69458836223134179
0.73501996972173311
0.71760282555927146
0.69752749041621498
0.70500543614325939
0.71811662764876494
0.71307308402032687
0.72931566531147929
0.71821759211224623
0.72960128821845915
0.71632484502748917
0.72159042690345321
0.71723275604210968
0.70880173785781553
0.71285007835724901
0.73826969178905488
0.69574109261110373
0.72612374932282742
0.7133339323991289
0.70893555466020775
0.71908194246117829
0.71916434861074308
0.73997372079348367
0.72589155807114203
0.70063509559502812
0.71249974867212207
0.70688061553608805
0.70083440234445649
0.72540293274554046
0.70806268918856596
0.70900773156271768
0.69720684171522762
0.69915948667380678
0.70550196866476522
0.68759734064265776
0.69606094239087091
0.70959227576879502
0.71394329940980139
0.72829299975628614
0.70917922684217494
0.69805110176713303
0.72852166715257038
0.73102546013698066
0.74804736554789653
0.70242373569122085
0.73168914324842316
