0.959716095097083
0.95807969621655731
0.95791220794293808
0.95325315308778091
0.9568672747334771
0.95519163386391437
0.96054125589580197
0.96145006848830139
0.95785017682388329
0.96466057891586454
0.96301422462980535
0.94717838347453331
0.95372525988258416
0.96156783670836332
0.95505249460613406
0.96580981973729796
0.96101677245520323
0.96062336182111474
0.95707689877778335
0.95512900321268057
0.94836298941176622
0.96113031531939741
0.95381367740881629
0.94941525894132772
0.94240962905542291
0.94147824598011265
0.94590852236263234
0.95097002654108165
0.95574332871419554
0.94702314697489542
0.95324213265008684
0.95240420806959913
0.95622773336779887
0.95697652982872372
0.95690171021527692
0.95542020908424774
0.94914137384354236
0.9532830630077529
0.95101270606862676
0.95407406977775366
0.94700988887088378
0.95740006377465758
0.95169352575283528
0.94003736122071946
0.95553607453043543
0.96182768692107823
0.95818122678366446
0.96164214619826938
0.94712474605391184
0.95773548480676374
0.94957866811940006
0.95886738762614265
0.95733847516488846
0.95167040190437735
0.9419904544075034
0.9360070807565799
0.93016940305418061
0.92963932545713979
0.93571394359950344
0.93552315859479362
0.93756582574549041
0.93692621116571895
0.95797852860808475
0.96142659012414589
0.96329013764872373
0.95740793099662425
0.95928977354067491
0.95793286569116076
0.95184466598403028
0.95523035987110472
0.94187397218669
0.95108819715280157
0.94927006841716022
0.95417390360948839
0.9517706982234404
0.95717935042655999
0.95294864645967814
0.96678571966282911
0.95598802346329792
0.95802449207612872
0.95445308565940945
0.95171475630621594
0.95308126160436013
0.94428185154438971
0.9528726669734241
0.95497759519849934
0.95207735026491824
0.94139988793031559
0.94423561906318609
0.94384732388853798
0.9439284106785244
0.93934660611217935
0.96802794901625366
0.95272561808650547
0.9509654413686216
0.95445756777662294
0.9603963874359589
0.94918027344858236
0.95585816710493521
0.95443802179169301
0.95538228351999677
0.94529604071343598
0.95290045128989431
0.96162570102925427
0.9620585487743184
0.95797698585431412
0.95806528157373971
0.96092525233176174
0.95851266945386504
0.96573239814978074
0.96141137092453888
0.95690848578717358
0.95906201064861318
0.95925538770212726
0.95802547547914163
0.94726815020555244
0.95486512619116493
0.95178518903296194
0.95347160580619206
0.94563971486298959
0.94363575546336298
0.94131691051787003
0.9414725770215111
0.94490978662330349
0.94779760229572008
0.95878441251721158
0.95669119980249706
0.96195227530808225
0.95424266933443569
0.95508813691975347
0.95855571581251908
0.9500837097214816
0.96123763292305542
0.95935426327744366
0.94681160539039921
0.96204316086763764
0.95746810968610829
0.96169895508574188
0.96154883129309288
0.95635671509019138
0.95620651196798845
0.96424531278982484
0.95672818468401144
0.95690437978220222
0.95733562204902922
0.95325386876618112
0.9555520154745818
0.9507395302975209
0.94615830477601215
0.94108576056297932
0.95701649340696726
0.96242397314446881
0.95403025702058331
0.9500163736020697
0.94857139326476636
0.94719879748049185
0.95807189313575625
0.96018664284332145
0.9572876877147507
0.95752170781032531
0.95834408173104835
0.95688147138373814
0.95284707562113014
0.95486271806349754
0.95029553890746044
0.95242349438829177
0.95141353297667464
0.95724040821915246
0.96069041235316099
0.95908801824972889
0.96046106660042507
0.95319566434109393
0.95780717822435824
0.96291995968487354
0.95790769993300851
0.95168290060352378
0.9558136732885425
0.96031689670397136
0.95283621914919436
0.95714852050299193
0.95673502394364296
0.95446049188916871
0.95033044665821742
0.95779922183363075
0.96002793687273746
0.94858552657369932
0.95421115435488391
0.95974829103183623
0.95437244306692126
0.95221011930827959
0.9596654368212818
0.96005540109533971
0.95190818071831096
0.97007754200792351
0.96876547610622266
0.96684187353908546
0.95615701465675107
0.96952352838826461
0.95865182054895159
0.95938452493102977
0.95678733642293212
0.95478712207554162
