0.096291988646760501
0.10973664094849958
0.22179091511835447
0.23572834671931281
0.19470081582718249
0.088696519334246923
0.15872547575536061
0.1275329260289452
0.14173306623157714
0.21515853712818217
0.20580167691029241
0.17898825458702264
0.18815343795955936
0.12062198330983646
0.14651245288174733
0.057236543544743411
0.076420209238569889
0.14511288280739104
0.18811750063706137
0.039952163078252702
0.14444353064239612
0.050046282138729956
0.056197571335838324
0.1414728653816433
0.23078269013757061
0.26020318277049276
0.18395964941336465
0.14120351543010676
0.14110037803764586
0.10785587817981256
0.1255870140490187
0.1287015789980514
0.21762545201524328
0.24105148401762597
0.26255708935312078
0.1921923073626646
0.21240752115159575
0.043990620365405096
0.084027530799079389
0.29359275524445655
0.2111063790201006
0.12949281298876389
0.15606022247930318
0.08751160879868837
0.037042643378798479
0.10995811743019554
0.12183300321975295
0.16485763537504045
0.11537956503264463
0.11525188349071024
0.072619886111302823
0.35427639400441741
0.26114029309379605
0.2357610936710561
0.16423719127157793
0.24222322131412827
0.21429385545478666
0.19002021615915207
0.29382361250300226
0.24526462376575589
0.19620948969388807
0.12768036523983872
0.094201361883601079
0.090793125894475704
0.12801035420121409
0.11753115600263844
0.13173222243952326
0.17576569086644075
0.18152317983398125
0.086516578936409835
0.15955248236083094
0.1378320718280405
0.16729776719732853
0.15395173484236199
0.035898534023153891
0.1317694235114488
0.26194211184917032
0.26261595483361699
0.18929246131901015
0.062622994721170805
0.10630159450159087
0.030857510906309078
0.08388032830265385
0.10120982186857921
0.023268581899691432
0.12051370893312177
0.11483131694367633
0.14397922835039437
0.17021277896460532
0.20852154476256504
0.1142756247074197
0.050649348435073356
0.1813174059475193
0.16141807452037324
0.23164056599463104
0.16769279371295939
0.14988163853908798
0.11487483076780625
0.1142505388344089
0.14107003748736044
0.17125469047059746
0.1518620898390142
0.048514901589907192
0.094637932637420583
0.10495502630484338
0.15467489076585578
0.041727645286639067
0.13745454567818147
0.18170390030665742
0.26113620229280043
0.24631880809722806
0.23216703118236767
0.16383948083973882
0.05843328367317465
0.17420014071711712
0.13140960564587653
0.073620565676869476
0.060265010139919216
0.065794995375343279
0.17951454130668568
0.17292800053621385
0.28330229402960677
0.1659827267982894
0.036927980557912292
0.20714393550238855
0.22806090812966401
0.24756218559794677
0.095445352605868769
0.10614514971421181
0.11031793899511706
0.12223846405014535
0.27206987772002433
0.28608296063869532
0.28910710342894796
0.17234289894667404
0.20593154257940935
0.095133019463910562
0.026684458300580246
0.18985762365551084
0.099187204003812063
0.21347931037327614
0.057714881864158532
0.12394471285413786
0.20856987336079397
0.25892246971730037
0.15696510171457498
0.21094204094110025
0.26197739731674563
0.1559034303141911
0.23538971564456254
0.12718813678855928
0.23349045816778077
0.054304852166649237
0.11628519301835252
0.12476499415183202
0.27497068048273043
0.20800464639454441
0.251598801360709
0.23000841770113917
0.12045870288491269
0.096211009080023224
0.055029080658706701
0.19245549925493621
0.10164279616356311
0.11044971958902347
0.26795562576046206
0.25969974872442231
0.25678098498246132
0.29489106347303939
0.11015873856497509
0.24636763873793061
0.21631699021175355
0.16595728122942846
0.11949728761210732
0.1785279816628744
0.2350591437932649
0.24261206134226981
0.20981498345864083
0.068878565639447706
0.16974572536086441
0.058892561230575159
0.10840639631117922
0.19269710459153541
0.17853122952636558
0.20636873339513179
0.27078513925405168
0.25276337928449805
0.18007883593422516
0.09415726703907705
0.19974200201354952
0.16951442160125849
0.17953965250140755
0.083016079964545852
0.16879604511141011
0.18071837110746858
0.13231716280654529
0.016192103189649719
0.10272301713204399
0.12578508173428515
0.19537491589459777
0.061724154232002358
0.16917043841752283
