0.0064858122261091172
0.0042172708164983632
0.017539134556036388
0.010591264124086518
0.013497573967909121
0.0074545589418522724
0.01181894612619127
0.0066714370177040766
0.0083773762938532323
0.005571485146159242
0.0060167740680964104
0.0035867981027148024
0.016674201996095393
0.015940430688841441
0.0012224260106955447
0.011986995032829203
0.0050420250713536265
0.014890602430495435
0.011008317392674924
0.00436218279588393
0.0075585835511634662
0.0017445700935188632
0.013772306278986478
0.0057889232075018573
0.0071893111652088287
0.010037003976395356
0.010904191920579037
0.0058042958589748679
0.014329094290858121
0.0073405094859528277
0.0039163051759384887
0.0079162099191156347
0.007930053955574879
0.0068005884593257144
0.014278907972922941
0.004845414286537
0.011612864808817704
0.0041634093170476935
0.0057419735961756584
0.0066066446382551146
0.012616893573612184
0.009508877454521461
0.0077446512779061451
0.0092389615113792223
0.0056019752009393766
0.019342433343695772
0.017922099144549872
0.013327260770899758
0.0047545055518438597
0.006381652172167504
0.009395397759185924
0.0087663519653213128
0.0084308236159501507
0.0092208124302757388
0.014174515002511271
0.0042718555519131564
0.0010412777408946368
0.0093250988815530914
0.01002840841403869
0.010477364719243333
0.0097207376964062332
0.0055711565464079977
0.016014897269914546
0.0059987326702840441
0.0076611116980932663
0.0010668636165700549
0.0087598527527906877
0.0125041549209779
0.019544079122223518
0.0058702253345879404
0.009605308841683707
0.0089398254167830545
0.0033750106527808601
0.0043858539536276277
0.011782520148124391
0.00293436420578165
0.016169644835461804
0.0037934483133968081
0.0067415754680449315
0.0072198680566716049
0.0086762121715379566
0.0050482005611905481
0.0044998352841702999
0.0077330525441751943
0.014618454780262148
0.00058552166515285595
0.0054917625622769844
0.0095104463533707533
0.0032966357626981733
0.0087374346998885712
0.010791466598417343
0.011054502305942907
0.010513779571833859
0.0029675848427961858
0.0076829823158000828
0.0039585185998448321
0.0070169756651866071
0.0079215314121038136
0.0018944487111529295
0.012293838973213359
0.0085186513712652255
0.010420502375752165
0.017265740525228186
0.0053895845939932775
0.010524355764801164
0.009344650850124701
0.0091444943871187446
0.017135506815766272
0.0099147076470169366
0.0083631775459868142
0.0069615395098533107
0.0097452041710226461
0.0048212057825877414
0.0064368037371494288
0.0063347073486173678
0.008185752671166651
0.0078536213634265994
0.0080051052109794043
0.016821772313659646
0.0046399085944343671
0.011283914557731377
0.013607777296797083
0.00085252940988483146
0.0033865851174901714
0.0094563504033109268
0.011581570604784062
0.0022191951564733488
0.01628975777045797
0.0043294657906001255
0.0063882691104782579
0.0064907308298490637
0.013191967461771535
0.01159727567719657
0.0024423338714305242
0.00095636522180619443
0.010255261792851541
0.017380637484788044
0.0094214063679183817
0.0034953671333231911
0.0090557017829566988
0.0051735051109587154
0.0076032371013264486
0.0025418771777828246
0.0059552522690578882
0.0016452887766125674
0.011150563691720001
0.014286918190876241
0.001130259838653593
0.0087277924362424604
0.0091174799775165967
0.0041654350538496846
0.0087278937821270858
0.011344840089187107
0.012029191991178903
0.0040473120868502613
0.0052639025349645917
0.015216743233840173
0.0021641636250030977
0.007721908412560357
0.010978339479685463
0.0045461238363786122
0.0040379398770641504
0.0028255798653512793
0.01218843288022009
0.0057307935423597184
0.0037033008668897163
0.0051677689848413115
0.0035570247210811061
0.010555965939376133
0.0045924903733630769
0.0025273423153142566
0.0064130935158464896
0.0025184729349802806
0.0065615681578816455
0.0088454539916228234
0.0064219520144662007
0.012559701727744481
0.0062808538460317588
0.0037202306781680969
0.0058839399796924733
0.0090574902272725182
0.0032555298856319927
0.0031852863637920354
0.0097871692469574771
0.0084645332774964492
0.0015509058296745168
0.012777083208960668
0.006589783521676636
0.017398027511447509
0.0088501581065574958
0.012678666483828685
0.0087138268240763445
0.003228781499277899
0.0094836090011223458
0.001346874112756889
0.015098951644382408
0.0091730831062324138
0.0046463951750962146
0.009947576138764019
0.015088583886511945
0.0046118352112095515
0.016169722109480908
