0.93595759591159278
0.93659857913262579
0.93329237750337113
0.94023653133195573
0.94074927381721007
0.93692766050706178
0.93749140772559603
0.94074957842474505
0.93693323502831838
0.93620837575977589
0.9345375480344823
0.93376871823411278
0.93263418094192707
0.94099173682302173
0.94045924522030222
0.93923734888533095
0.94011983078609507
0.94122643792648464
0.9398276849268985
0.93715885569429236
0.93505204545272547
0.93445666949501527
0.92947587248330998
0.93885197287578159
0.93942073767826773
0.94095354122755315
0.93446010051373818
0.935142175865596
0.94097818924426657
0.93570983581833855
0.93246460115230423
0.93686198991594827
0.9381801273247119
0.94093361306027246
0.93987813780564655
0.93889268516260538
0.93989352654658398
0.93765066408226405
0.93633294633863962
0.93792396743288009
0.93859127937970899
0.94161261152566123
0.93631183178919675
0.94289683914659828
0.93607317385149402
0.9392917074552789
0.9344384801796386
0.93831940710368755
0.94012680693848028
0.93795779051838313
0.93981643904134071
0.94160806834600619
0.93996822229227306
0.93730179556794524
0.93235906689782078
0.93709856707431471
0.93022011037170027
0.93615335813734735
0.93451357476292241
0.92985200045702077
0.93781024806377011
0.93850254242499032
0.94135757425391275
0.93467550094838869
0.93946045928027788
0.94001129674254724
0.94040387267302594
0.93907890920453863
0.93817062335059531
0.93587948350254835
0.93751505209557662
0.93817773224563894
0.93900467996626003
0.93654284712907754
0.93245306107210957
0.93628003715371166
0.94006086233160124
0.93985007951333033
0.93532380588475561
0.93829326361538046
0.93922684178862514
0.93823904936878832
0.94162408021614152
0.93820059871208206
0.93639291517928525
0.9363482324534893
0.93806897648833099
0.93522711861120511
0.93484393728752258
0.92669019502199357
0.92927049290986397
0.93401773227646279
0.93536896191844265
0.94061951388887521
0.93795717424823499
0.93708127983452316
0.93932572345438947
0.93945693746495451
0.93978921921235792
0.93825765514120707
0.9390852186697678
0.93709484898163165
0.9382538410582445
0.94000927342406027
0.93658457048874533
0.93709923576165732
0.93748132469040779
0.93477006674570517
0.93744849249867013
0.93753897483710302
0.93824779364471311
0.93467997632054023
0.93784133508984835
0.93958554707121023
0.93507737177256778
0.93910195798427532
0.94024458438519531
0.93634825317966475
0.93242708857408652
0.92787368984738572
0.93405416914323491
0.93515316859224551
0.93694364193094271
0.93535134283278454
0.94171708826817269
0.93775554272552819
0.93567641650891986
0.94007992311177002
0.93690964329484372
0.93684913629472577
0.93554700501815524
0.93920050687300272
0.93766965526413815
0.93613219864742547
0.93669944373190139
0.93598563849269123
0.93617137530900363
0.92958902675615129
0.93898706038134516
0.92918788650686768
0.938454704537519
0.9387822762571405
0.93742800633037704
0.93960891328083418
0.94062001810195262
0.93740614096718933
0.93913748611399139
0.94016473985343563
0.94257667247238452
0.9418446582775083
0.93277573899110966
0.94181344749774099
0.93885564887269168
0.93895887096271724
0.93456834201018646
0.94278538413245538
0.94228878156767781
0.93957067905767166
0.93642744229395858
0.93375497574738664
0.94199034553140193
0.93953112865366284
0.93652522332794674
0.93770426981446064
0.93968493309001166
0.94064178306109714
0.93884916092574588
0.9371843038562877
0.93812800930253959
0.93652868823146296
0.93587471406914169
0.94245130963715396
0.93475482132444254
0.93955472636690396
0.93704673541042316
0.93894204982146467
0.93812994005705586
0.93686592978302663
0.9416581160726587
0.93652144418001282
0.9340698444107034
0.93589134703729593
0.93005436279432296
0.93513380573801685
0.93925077144026525
0.93751997720262281
0.93288117007181259
0.93830022008469305
0.93589771945843525
0.93628421852362809
0.93545215492463829
0.94111927729704947
0.938314766880047
0.93813732634659541
0.93430246256363791
0.93451305564836296
0.93426354956470159
0.9337586455402197
0.94145061181775325
0.93976836463760582
0.93907778470615166
0.93792276044195777
