0.93977083429293007
0.94116161372052931
0.93762994871856509
0.93839604587681502
0.94185000061227819
0.93775723472047301
0.94053739050469842
0.93790113182654478
0.93916286374554292
0.94287905748989898
0.93845234473728545
0.93870314746665673
0.93956063933076173
0.94044452945480794
0.93937965415394975
0.94140371670017464
0.94133182623039346
0.93226860846094572
0.9358378879361241
0.9412784658281349
0.94205666277795319
0.93809978987874554
0.93674889084288993
0.9365276047003015
0.94061518625491281
0.94054361846114165
0.93799418955224367
0.93748917813437382
0.93648953020872749
0.93153357471524723
0.93251527451124416
0.93620109630695536
0.94004732216315756
0.93528662181804534
0.93691722028638025
0.93747913160439666
0.94019493361455553
0.93888395701725369
0.93948200324692155
0.93510433081747424
0.93888961024765671
0.93764202051783052
0.93966091653785833
0.93494827296453964
0.93868656379618709
0.93640046250487019
0.93587566815799628
0.94033003217462818
0.9396123182571402
0.93790508072025103
0.93566740022054828
0.93857687223629893
0.93754290998875223
0.93937069436447052
0.93737447915107419
0.93549037232182719
0.93451286206346718
0.93317619153731191
0.93073151539814747
0.93668639125254971
0.93559269492460073
0.92709198922823666
0.93627482624084768
0.93459347485561395
0.94007734469169602
0.93925408947268296
0.93885504947810516
0.9384142963440627
0.94223902898675782
0.93713861667825105
0.93842595529173911
0.93501850248315443
0.94150802374874942
0.93718704369298689
0.93828182025467721
0.93479430068092451
0.93924437220110424
0.93752880115472281
0.93929718952329155
0.93842949019062261
0.93988598247360999
0.93931956919139192
0.93952812840603317
0.93900629938838009
0.93954059903944143
0.93611519325663861
0.93295917839627951
0.94018547209913206
0.93994201224665486
0.93867935125730417
0.93910565101714505
0.9350419693147014
0.93532165226011954
0.93727595306393685
0.93661102309346411
0.93970803490662402
0.93531564356312424
0.9369984688762838
0.93629604936178046
0.9392388598871334
0.93605477495434963
0.94032317029739343
0.93762161438259628
0.9404322999292124
0.94117610503778337
0.93908218064964577
0.93909432627875034
0.93549750184106162
0.93960744057767043
0.93742787239964787
0.9412771115939379
0.93803352801897089
0.93971919123535474
0.9368604394917196
0.94071565639634691
0.9396652875737832
0.93384730971290253
0.93641882562657441
0.94047956853144654
0.93495670537887055
0.93944240162720805
0.93874253322208034
0.9346196979626582
0.93491574030124747
0.93324822159030152
0.93761482074834912
0.94085803265259826
0.93795145113167044
0.93767541926482356
0.93126167700598494
0.9335521706960016
0.93810532058618834
0.93888330579614943
0.93647309233032749
0.93578026017543925
0.93985835430651865
0.93955553066396102
0.9348693226924949
0.93610912774771193
0.93827459995211271
0.93626933004633239
0.93843957340675077
0.93530824985571404
0.93253996306003561
0.93604204772582544
0.93654410938941879
0.93630897300123306
0.94057114499090966
0.93787935599313399
0.94055450434255972
0.94264522013421204
0.93792440511899522
0.93894791785639387
0.93543633609048293
0.94107484004905451
0.93859261493159019
0.94095274986863686
0.94112418914994733
0.93899810592752286
0.94160373263898067
0.94179975635404389
0.93747289318583138
0.93564747454518926
0.9387326618235301
0.9385760283097766
0.94007719090707886
0.94058302171517361
0.93683585176274675
0.93407388593131346
0.9358799391849647
0.93460177431164215
0.94266286135142319
0.94184500574383956
0.93487965684108709
0.93777216681372544
0.93817926455196021
0.93828125811043961
0.93927712517925033
0.94109278724703105
0.93543711428834231
0.93796054109851335
0.94258011186084512
0.93385965632638634
0.93770250467998228
0.93530294484771959
0.93639080396757834
0.93860315868055122
0.93498672492419199
0.93761301673454378
0.94044824981201425
0.94077176151040853
0.93746711716757891
0.93807819220023425
0.93722349036840447
0.93890013214198209
0.94038891678492431
0.93492588323470927
0.93571767131689709
0.93669833267452407
0.93952595288108864
0.93606387249718348
0.93359344303668246
