0.99997586001358907
0.9999736297259687
0.99997205529505329
0.99997640446639124
0.99996762336243217
0.99998021188247554
0.99998014574768057
0.99997988951205941
0.99998035392887352
0.99998009848959513
0.99998061754363543
0.99998011661682817
0.99997870536595734
0.99997949327527968
0.99997913425802754
0.99997963605142048
0.99997944695930385
0.99997852365915219
0.9999792447764575
0.99997922040628673
0.99997935717500219
0.99997845134329799
0.99997860969402153
0.99997832545875687
0.99997957233745227
0.99998019698166518
0.99997906736801001
0.9999797713828249
0.99997912959854263
0.99997497341330122
0.9999763893974527
0.99997762349622321
0.99997635540292518
0.99997977184313902
0.99997926464127596
0.99997839565511082
0.9999765468001004
0.99997627985260451
0.99997226819564722
0.99996894004731984
0.99996513602101744
0.99995652791944445
0.99996707854927491
0.99996807198580084
0.99997210597870378
0.99996144339383053
0.9999741228986142
0.9999773252990134
0.9999763320256746
0.99997809611758104
0.99996983642788495
0.99996251229718436
0.99996436889203211
0.99994051001261341
0.99996225869194855
0.99995801974820131
0.99996390192420992
0.99996967876242082
0.99995107582101239
0.99995003852034536
0.99995558483570368
0.99995884514568445
0.99992838631454095
0.99994278547651105
0.99989673137597057
0.99993492473235757
0.99990263666219736
0.99991591463646901
0.99992662095953755
0.99993649275688734
0.99996167052309382
0.99996773260439153
0.99996076953356416
0.99995510995499026
0.99995109199285293
0.99991867718533434
0.99996923860427367
0.99997143593703341
0.99997685554110682
0.99996473500900096
0.99996806953231421
0.99996948180278455
0.9999681676195451
0.99994492012241054
0.99993291606603052
0.99991895173637302
0.99995106211212514
0.99996609022694238
0.99995193346347
0.99994821802661582
0.99994421788035248
0.99994026081335263
0.99996835061159006
0.99996711872214761
0.99996748333837104
0.99996743478196282
0.99996330485587859
0.99995677017159257
0.99995807509133905
0.99995781501143099
0.9999598946631717
0.99995695300352661
0.99996053565132836
0.99994886308795938
0.9999216629298
0.99990903157523414
0.99989434777392305
0.99989966127572871
0.99987761691697663
0.99989929094856667
0.99991226608427997
0.99990063072603985
0.99989479164809014
0.99987928356266997
0.99983675162372443
0.99984148055972699
0.99989916861161388
0.99989123926477164
0.99988105800995619
0.99986051742813042
0.99985372155973051
0.99983014276633098
0.99983966410700498
0.99982607647645971
0.99983986021037063
0.99980469681095074
0.99978999658355283
0.99980227447055414
0.9998340096840086
0.99978872640345928
0.99983572642921115
0.99986063109136503
0.99987306776264362
0.999853909457186
0.9998728033072799
0.99986599866869896
0.99985149515296301
0.9998508461908171
0.99982627420229075
0.99980137736727015
0.99981406470260825
0.99981084716654478
0.9997825023677035
0.99980688520441141
0.99980937333042974
0.99981790543497129
0.99982945277142576
0.99984273927938694
0.9998264954544992
0.99981684717292651
0.99982629527988587
0.99984072082688824
0.99982828801555435
0.99985493660993152
0.99981639308264258
0.99983878512323621
0.999836695067155
0.99980440137632842
0.99984673455582229
0.9997706033969781
0.99973640936876695
0.99976828326224032
0.99981212648642848
0.99979644340976226
0.99974638699361029
0.99977051359459923
0.99982154248589483
0.99984963852584574
0.99985417935467613
0.99984684285272152
0.99985687200239648
0.99987597594680322
0.99989030605294937
0.99986564005701417
0.99987090470224849
0.9998958553110816
0.99991039761916045
0.99989072153371328
0.99987076245377804
0.99993523838446274
0.99994650370923766
0.99995822990203431
0.9999650633140259
0.99996782629449665
0.9999644869299863
0.99995818387411173
0.99994833383820414
0.99994625421153982
0.99993230389675125
0.99995379648823646
0.99995985960547351
0.99996244235712772
0.99996359885379837
0.99995522533805603
0.99996508882048252
0.99994650884354686
0.99995194890413908
0.9999573534376861
0.99995789287878856
0.99992625320132322
0.99992856299200039
0.99987555538477846
