0.99996212386903005
0.99996594492073987
0.9999500862220051
0.999962593334772
0.9999705841705866
0.99996881978668706
0.99997284429566546
0.99996693276420778
0.99996601184638323
0.99997979574306017
0.99997546431224549
0.99997847477347523
0.99997770402051711
0.99997825417570085
0.99997971794314688
0.99997842106457058
0.99998053109011731
0.99997963731716255
0.99997732475160261
0.99997865146959641
0.99998026962531206
0.99997738722323914
0.99997847423102748
0.99997557723355224
0.99997768883643767
0.99997593278476149
0.99997977808075156
0.99997905175225021
0.99997345885377875
0.99997736160183548
0.99997628508098579
0.99997931497844272
0.99997284812609966
0.99997154367970409
0.99996323137436816
0.99994649617430631
0.9999495077887387
0.99995927781969041
0.99995847226722601
0.99996164141828581
0.99995049905517452
0.99996288488520435
0.99996592842909815
0.99996806263703131
0.9999642269025254
0.99995884264874779
0.99995621844592308
0.9999554176542943
0.99994962508135765
0.9999457383038185
0.99994114492957908
0.99991191401789381
0.99992028277201228
0.99992948084382671
0.99995690585883357
0.99996206248943609
0.99994848684287041
0.99992758402594939
0.99991224102996556
0.99991953813130707
0.99991236723415633
0.99992850459262383
0.99991161079301083
0.99988141734297198
0.99989372808348398
0.99988639292917536
0.99987157344923516
0.99986022546494002
0.9998864827650813
0.99987238271714174
0.99983918625443702
0.99988792212925803
0.99989050100195365
0.99988094201000333
0.99982507004964072
0.99978225419935929
0.99977966319188794
0.99979550341726153
0.99981920101284716
0.99984705589819467
0.99983711166344158
0.99979565194315589
0.99976927609380528
0.99981726985057107
0.99983737404329287
0.99985079806893407
0.99989222084395524
0.99986692210264017
0.99985599438443784
0.99980027238269376
0.99980340601847395
0.9997491215970723
0.99971354041385729
0.99975295318632817
0.99974256504570869
0.99970961177930884
0.99970818598218947
0.99966446320578839
0.99978034209445565
0.9997534569287887
0.99975664498211314
0.99970341639240923
0.99966486445031144
0.99966750150631356
0.99968821637121652
0.99962367786645678
0.99964271172721642
0.99963594380696452
0.99972521975409623
0.9997031667005839
0.99972854767208119
0.99968633423532072
0.99974684474790143
0.99969332057093274
0.99972330526145592
0.99974392715516791
0.9997312800510082
0.9998108987075045
0.99980465394972129
0.99981123553970663
0.99989999532462703
0.99997750825697251
0.9999747257986914
0.99997311775419684
0.99996846738179668
0.99995115095450737
0.9999418563248158
0.99995866761882268
0.99997135895859157
0.9999727919393343
0.99997347532350889
0.99997831813361115
0.99997786328313776
0.99997505405187515
0.9999729077718591
0.9999771802956321
0.99997938247293516
0.99997963643603838
0.99997737286293309
0.99997609382197405
0.99996525330162234
0.99996597171932067
0.99996582071666618
0.9999577194793583
0.99996856853481586
0.99996071549309373
0.99995457392312703
0.99994225447439133
0.99992676347394083
0.99993755474670998
0.99994621782968429
0.99993922793086032
0.99993343451568895
0.99993839037803223
0.9999561353671661
0.99996772494225972
0.99997073781007284
0.9999760703406253
0.99997208519650138
0.99997207694501367
0.99997584677573814
0.99997951259414508
0.9999714814740146
0.9999770125696974
0.99996818016296596
0.9999670490696605
0.99995557402864788
0.99994276263097959
0.99994693218621344
0.99993271965678177
0.99997932892007424
0.99998015607177249
0.99997969951892218
0.99998035311549571
0.99998029605387007
0.99997956843643243
0.99997981346253839
0.99998015597432199
0.99997999514294322
0.99997991501539463
0.99997988544930005
0.99998047786945043
0.99997961877243791
0.99998047374623023
0.99997997472452493
0.99998014628497323
0.99997759623094529
0.99998024478444114
0.9999801695199062
0.99997957211637001
0.99997939559385862
0.99998001754727328
0.99997937714838092
0.99998004543654917
0.99997877855517525
0.99997857261405065
0.9999801613115703
0.99997892118047205
0.99997980124953212
0.99997761015521813
0.99998014828792248
0.99998024351762971
