0.99973358372133614
0.99976915059259563
0.99973002798986232
0.99972719802712096
0.99973427029775885
0.9997431237816915
0.99977453938294014
0.99972062764076353
0.99969912338246525
0.99968523918342678
0.99974734460898784
0.99975091650408376
0.99971945018526864
0.99968935704743844
0.99968348736546508
0.99967530964021667
0.99974102372559326
0.99984020545307717
0.99984656165288432
0.99980553765835178
0.99979627783797587
0.99977809855620514
0.9997932490964796
0.99981428323314747
0.99983020398446332
0.99976145574977093
0.99972916400987122
0.99970334009312145
0.99978603604720073
0.99981452500592027
0.99981574723567912
0.99978648122121239
0.99988192035045065
0.99987692948855222
0.99988489745021014
0.99986853686017496
0.999861682809422
0.99987087521211482
0.99983377483566849
0.99984835703493147
0.99980812444348377
0.99983632399199673
0.99985051804261038
0.99986816811706969
0.99986130880811086
0.99982650523253158
0.99980912235684394
0.99977751563530726
0.99969231204631792
0.99962948680013808
0.99963382869974049
0.99958045032728282
0.99954464510399521
0.99945132569424111
0.99944209741317769
0.99942430674081117
0.99935879571673314
0.99927840744322849
0.99919420301255346
0.99925664926697122
0.9992664371979626
0.9993395467975188
0.99928851489892978
0.99936099782100596
0.9993162681485559
0.99930398342072901
0.9992331949311577
0.9992955715291536
0.99935246688652035
0.99928599308940014
0.99922507933232885
0.99933354315233569
0.99932007403194489
0.99932598938558248
0.99927166552373969
0.9991970224651302
0.99922415984337376
0.99929542401020255
0.99914398207260746
0.99910620154326191
0.99917943101152307
0.99920796778395682
0.99928288394735132
0.99928279963789268
0.99941099363760433
0.99939153927617985
0.99933057592484364
0.9992888539751057
0.99906576201897379
0.99905921412902665
0.99899737489612306
0.99881819321132348
0.99877528216690548
0.99872360932987991
0.99861180069486732
0.99861003294047701
0.9986200177693858
0.9986462683502656
0.99883805453983932
0.99893425883008957
0.99892845937408703
0.99896237188792036
0.99901808642450995
0.99896723689400402
0.99891020060883307
0.99891449496847295
0.99891884766073524
0.99887921915041722
0.99891482099094342
0.99887111648479909
0.99874563984249942
0.99866745277956803
0.99871712579680083
0.99887887760267036
0.99897335448518121
0.99901157422731435
0.99906526107368976
0.99902549753302572
0.99916880033990196
0.99912333030272549
0.99897486041645744
0.99900906543373447
0.99894768827190994
0.99889041534373801
0.99894817168644923
0.99894373871662168
0.99877408314305471
0.99879088830950502
0.99862047552157829
0.9985677627300541
0.99856880572145934
0.99846393632262354
0.99840543551835947
0.99856564009520665
0.99859028260960991
0.99845942007723143
0.9983564998272787
0.99840807451179292
0.99841265633057474
0.99850228984536304
0.99843279433509768
0.99855414761804162
0.9987179516401804
0.99845906713096044
0.99833114734912543
0.99832429826185509
0.99839055861175585
0.99851507040847731
0.99867052665386202
0.99878873737867668
0.99887945589483906
0.99878343198280828
0.99877840521075589
0.99876228798492328
0.99848232989242514
0.99869207002686344
0.99851735144632392
0.99856051146624125
0.99860970292876294
0.99853876072828085
0.99854445771518408
0.99860713515818311
0.99872365881984293
0.99860631895770147
0.99840391296866782
0.99837869081724739
0.99841934044339897
0.99851142649950442
0.99837372111556
0.99837668955881675
0.99819198135101583
0.99822974226078154
0.99822229496038617
0.99823190037926268
0.9982022946248601
0.99820820812407651
0.99823407129234332
0.99822514448599375
0.99802909777173876
0.99805610971955305
0.99798209711040153
0.99806899997514353
0.99791199914111561
0.99811179763503932
0.99822267391077701
0.9983986278626138
0.99834604844204855
0.99816666674010857
0.99811949680527856
0.99809820954189465
0.99804500528702011
0.99786811642617546
0.99798729004780751
0.99796252767027838
0.99810134830300867
0.99812986305506257
0.99814234668901669
0.99836987503857932
0.99823753362132617
0.99825606611375572
0.99825022890047799
0.99826762455495277
