0.86934709561807666
0.86909865388866225
0.87243337667857768
0.87261546585673422
0.86858889830461694
0.87247476520381861
0.86502348069973933
0.86367837713673756
0.84823154666190059
0.86720258706238618
0.87125090769581015
0.85543553292493191
0.86081417460966048
0.85919896694007114
0.85620420629153926
0.87132629309191545
0.86557715519821876
0.86898961767453831
0.86156969624016178
0.8664696548594174
0.86470852208086868
0.85406919258956115
0.8573896514520094
0.86830987285006389
0.84962880578875721
0.87660161294590955
0.87660025039697753
0.84851398180248194
0.8756027101885302
0.84778401217057719
0.85077092192623538
0.85552611528569544
0.84871059754016476
0.84603804119529269
0.86188023630936905
0.866957377824493
0.85113298834233075
0.87760893853770483
0.86127395677215224
0.86917269592397883
0.87075287287998882
0.8669851640067906
0.86451898800445282
0.87687124748411915
0.85940732734568892
0.87423157631219128
0.86677303845092524
0.85810546742710792
0.86389314546158535
0.84940525782354204
0.85560157524998848
0.86233873897407243
0.86175845395604023
0.87105342648941086
0.87006023875406091
0.86091538648811239
0.86560663386453618
0.87458521554035318
0.86837794578364724
0.85796328307588499
0.88063426601714423
0.86004396082500933
0.86749923411653451
0.8496256145302491
0.87146125164008581
0.8663697623475487
0.85166671090093427
0.86650536497619746
0.85744467166790628
0.86258293509743045
0.83697472849922872
0.82768030829428096
0.86184243882133627
0.86014515071692477
0.85398810224850308
0.85747899452431675
0.87354124575519088
0.85893839189601673
0.8714337456876009
0.8469505663093766
0.84694034830768949
0.86562372823834621
0.87154638774066084
0.86364182264978462
0.85743831740816034
0.87211619504361682
0.84967622720973357
0.86513186275518272
0.86733052429089119
0.85551823966096863
0.8574465031704942
0.858680143749041
0.85496447833366795
0.85702466092867291
0.85616423558498966
0.86651579017959268
0.85162004131948577
0.8821721778766628
0.85193309775990744
0.86371674693567568
0.85366376459872728
0.87693181299066814
0.86706811425628727
0.87315820363052543
0.87607542706376185
0.85795527810919525
0.8441256173422752
0.87345851323589474
0.86235163056896136
0.86292091301128593
0.85879841241585009
0.84671629048769825
0.85813198305785732
0.84987826217557894
0.86757510056370302
0.85065302654612451
0.86045552764470168
0.85655686257336761
0.86521994096053878
0.87967197505112094
0.84634307964875732
0.85734940460530817
0.8655280762989902
0.87780972330926521
0.86005675706798812
0.87328837405447679
0.87788851666517986
0.87034029369736399
0.84792977423906013
0.85240234950124039
0.86910260602399836
0.86538072738413507
0.86071913692559965
0.84682640830351985
0.84541294080687546
0.87178054844377206
0.85150516164208512
0.85999229700211
0.86169678075845724
0.8538902500891612
0.86118427019328025
0.8507858464152247
0.86025819837121165
0.85646276195083493
0.85528668727335777
0.83880103188710498
0.84365915795693924
0.85450087285769039
0.86060337735854975
0.84547684504673981
0.87027223161448763
0.85645001451300096
0.86745351296221407
0.85550227488984509
0.85305761915892786
0.84929680694521981
0.86603829606742677
0.86929544190572405
0.84035951417324939
0.85239953331174367
0.86709338880295117
0.87174299840152114
0.85266107004963143
0.85541358401931467
0.86086703261701469
0.87106500744027116
0.86972476286766753
0.8649715750034126
0.85070134255208196
0.86004944500862424
0.8573904490934916
0.85109196362651873
0.85316949849263046
0.85851436524182989
0.86660996925181821
0.84518376121431316
0.86752003591880422
0.85828111390105266
0.86433488890257992
0.86559724532458604
0.85420632801766883
0.87341629568662138
0.85212920498261413
0.86739496174992814
0.83451717791216429
0.84340189139893396
0.85325220011911496
0.85752434994556326
0.86666762763135574
0.86888371589594249
0.85577534142078837
0.84526734781747026
0.88897698166343353
0.86036117686448155
0.85812212691108036
0.87510924401177803
0.85486689342832956
0.87457362183103038
0.85345501307116045
0.84696841541393042
0.872465006536434
0.8802579174105406
