0.0095162603983398094
0.010694602285606323
0.017565788754952214
0.0087467517135804904
0.0063891260329201807
0.010841183718971147
0.0073407388218641222
0.0054380606270786483
0.016194510019513542
0.0036184467654853596
0.0060001913916980978
0.0059409336560507474
0.012931617247050857
0.0067090364167150243
0.005115254608728791
0.0055938798063567647
0.0011273042056424744
0.012933804569054588
0.002995706661558079
0.002418132381706589
0.0087781609259750242
0.0050324016945307555
0.012009324952823149
0.0076933432350283128
0.0067298752211714871
0.0067380943484859944
0.014362042613745841
0.0044538776672863045
0.018406360964281807
0.0091155149457913375
0.0087785816982408373
0.0017324862552728158
0.0096646411698288331
0.0014062426187192692
0.0094371247374954864
0.01159438657519796
0.0071002918657239117
0.003944251887619904
0.0064061637577978951
0.0029375900138724478
0.0075252037154530469
0.0066975680827303652
0.0085505525097097791
0.0045070026068393942
0.00087258866360431038
0.0080398240823297447
0.0041023196473771424
0.011932225315874212
0.0098741282211983021
0.012120705351627757
0.0077412754656514798
0.0029493887331254486
0.0036736016071762675
0.0091170739522777634
0.0053289139403550475
0.0035085699465438095
0.0078179627934459976
0.009041777139397824
0.0147172992225501
0.0097840224890680689
0.016638414404200892
0.0093907981993811146
0.006051265351145722
0.013006453413899732
0.0091137757848719064
0.010644361710738881
0.006399977102756603
0.0066408570075499329
0.01218491317515832
0.0099578070210239109
0.0021403745424421394
0.0057995031107672002
0.0097839214353157115
0.0044547410337100433
0.013758370205583322
0.012574335632360748
0.0085621713943986062
0.003797858040796877
0.011395120387977197
0.0035304741825274931
0.0073399212972812596
0.010304832236684127
0.013492859865981723
0.0068560975885745062
0.014883304957457441
0.0028379441607408636
0.0055852355861792571
0.0074779984527349524
0.0048228666941770295
0.012795166766565261
0.0059625371310590841
0.0034056854394202167
0.0083456055928115298
0.012161931464723188
0.0018685980140378362
0.0091219317839265467
0.0047357343420624991
0.0091372023828504498
0.00087356781010158825
0.00063832739801543198
0.01276522804358881
0.0079924635247791576
0.0035781719968122835
0.007930587595285395
0.016154742113700268
0.0005054730857307183
0.0053550513341743457
0.0011080136528832793
0.0026873814743798127
0.006012239800195501
0.0076291471954994363
0.0096740546772734887
0.0049968238963328734
0.0084198393889591931
0.0039313844047457504
0.0058311128756836726
0.0046563063614901284
0.007938075847138959
0.0096927585575804602
0.0066639487609747314
0.0031865358128084849
0.015264640408062991
0.0072845930393705275
0.0084812484308248483
0.0042270606594354623
0.0066598792113280545
0.011527519935841916
0.0012607235484021534
0.004869618696597966
0.012589513868671279
0.018776838269145141
0.013556845405850648
0.0057975531830698965
0.0033293904207799588
0.011457211508663988
0.0082086288264477513
0.0078390416501435377
0.0095851655131638513
0.011919984962963294
0.0066233352442149106
0.0026986737440928888
0.0085040407751202345
0.0074533326832758725
0.002226252995925969
0.0090044499029638021
0.011082737266708031
0.0042164237171273483
0.0025577802235104735
0.012412855780770421
0.0063693943525172806
0.010427161769262391
0.0098674797234636919
0.0080606534493989045
0.014689207931581844
0.0076799490223544301
0.0067583996667845035
0.0025971764371688706
0.0025240643630187079
0.0053105611017722114
0.006958563304247452
0.005569920146987822
0.0094302910296572388
0.0074712831396780196
0.010377279856744139
0.011484013708300874
0.0059903768411906314
0.007706282203966369
0.0044532700085991766
0.013225197711715432
0.007246134197969472
0.01347727275238994
0.0013393654982054564
0.01240077529720294
0.0022109918084115602
0.0032663047009996349
0.006912407521929201
0.014485149874472955
0.0029625406863724862
0.0058292506094179365
0.014414440100721383
0.0027808828993507941
0.0054626860951217252
0.0070847387828763724
0.00594899576670712
0.0098122213847727704
0.0049413720720742696
0.0031571903613783051
0.0053540884793050712
0.0023832991958365698
0.0059860332984790323
0.0065820857425407248
0.016008783503308994
0.003375875243194792
0.011239152249760282
0.0073853240366761712
0.013622189939208329
0.0039173186108923033
0.0079745970870992982
0.0044823021518476548
0.0069563615900320999
0.0179366674501278
0.0052472949226409944
