0.0042334904146142452
0.012093523288868672
0.0059806830563138387
0.011300544570794735
0.0019979878520929592
0.0040053145762722975
0.0025677433526828156
0.0092127866174780675
0.0061895404812249612
0.0082889596071236554
0.00099374283828940961
0.020872655515235698
0.012064960780910588
0.0080720206301672388
0.0088350429233905927
0.0085360812248776573
0.0071618611620072048
0.0082705443022771819
0.0041655491020113301
0.0046151282502975392
0.0075855041296057661
0.010119134254468878
0.0027908510300139401
0.0033221830790823312
0.010061960076095935
0.0076775252099189062
0.0020351278758007165
0.0070125094393713354
0.0057856603578019007
0.0021738642097186246
0.0076078559605401138
0.0029247159601153956
0.0091367085981316938
0.0024524811432398794
0.014313201954114752
0.00991364323480067
0.0083945296559235546
0.0035183617367422725
0.017141636728460415
0.0057010379680988545
0.0030452981371757327
0.0081350017704248899
0.0050698866353155068
0.0058575196305206941
0.018177627469407459
0.0062938284524397033
0.0032531356521552589
0.0096925515131143069
0.0060342667870098782
0.0076071070309436184
0.0039889890676788244
0.014951655230186219
0.0074930455792365349
0.0059290308720177471
0.010425458049636476
0.010962617144199983
0.0016540876912193856
0.0039023094193584872
0.0078135711459115416
0.010098995566666425
0.0030316861976387144
0.0051943353845385768
0.014616151618633857
0.013342469059278602
0.0010442747597389855
0.0061568703179420564
0.0096457922467107354
0.0046753818467280446
0.015375306460019727
0.0070116985733519547
0.007417183177703234
0.0040338678011008515
0.0083375063913287226
0.010512878476533613
0.0078630537555793908
0.014368353686187699
0.002393045695033044
0.013537975005164127
0.014997996215000685
0.015138419836528779
0.0065061310915400837
0.0024722353817060619
0.0017133354357821162
0.011997962402684264
0.010111149493142908
0.0073489470717826638
0.0035044402504645486
0.0058023464722991519
0.0040490724495067148
0.0067128420108809612
0.003566981512359361
0.0065003246301226806
0.0046836807919469455
0.0051993577918061362
0.0081745114067206213
0.0080381534424462855
0.0070115529530700568
0.0022502629098916276
0.0069287339599756635
0.004429320776187593
0.0060293016199318948
0.0095272384586010533
0.0055772868617023161
0.0028602083911426993
0.0067893389808792084
0.0073789497989810698
0.0048297002489678552
0.010447700374463735
0.0083189299235795541
0.0041540549714422555
0.012064845593968334
0.0035573378779411532
0.002379907454720533
0.0013454408537758355
0.0079969529681896551
0.00067654310631177757
0.013845711958280242
0.0046868284801904478
0.0029510694208190599
0.0030649299472001912
0.003900919591063646
0.0083705860857159753
0.010553719585320354
0.01121006239692072
0.0082707294436208476
0.008694080052417022
0.004047919803427863
0.015502017016082063
0.0050297915552334109
0.016189196925967521
0.011081153816795962
0.015639171912162214
0.0073005962508367285
0.0049697015333639172
0.007610172873978421
0.006150870793873834
0.0012405932320142395
0.0023097399547368043
0.0048982767348946634
0.012563352505642226
0.0071452109899727417
0.0058233513567220703
0.006064858868418177
0.0097847688812456608
0.0063475867865310735
0.0062775778068469828
0.0064360246853302164
0.0050719474877976662
0.0075305612375023406
0.0076715322373102296
0.004467975925357864
0.0065729446971141362
0.0064876069760090001
0.012393585178684783
0.013212110187015401
0.013283042315520252
0.0039639073618322005
0.012117882692838382
0.013070942692339389
0.010819112752422427
0.0079783581356895374
0.011862369220164159
0.0075127100928253036
0.0050324500069254393
0.0019752007459223142
0.0019339924020226643
0.0063331903583605
0.004613829679572053
0.0088473405772159803
0.010764745391404951
0.0059638000791718965
0.0081168801512431429
0.0044527291527362888
0.0076959567925342504
0.007925268584897718
0.0038270430853630244
0.0077154393518513243
0.0019590021936981574
0.0099737709862332269
0.018147701786347385
0.0094744856179250492
0.0071532094105751908
0.0049958093606374742
0.0085455705035318262
0.011682302541601795
0.0038143563767809633
0.0057997800768301655
0.0032781199927108908
0.0038678042134490669
0.0079053726009392124
0.0057699182443083849
0.0089256968459598424
0.003396561673074487
0.0046227516503871708
0.0060004446085228872
0.0046805978952513131
0.0062535828575174431
0.010570782516112822
0.0078709520682935866
0.0068788734144744606
0.0030003246534331769
0.0019428412401399414
