0.0037474847046311101
0.0071191390501290476
0.0041464979170906828
0.012446676842567235
0.0030755778316799874
0.0078305660635288425
0.0100468958921534
0.006604055432682482
0.011511123089841507
0.0025741978352900813
0.01090373503354625
0.010762062694451454
0.007951808955562082
0.0010377739390329446
0.012942364516297909
0.0029916164738736993
0.0023251203908446704
0.0031918325419618108
0.0085992639396929131
0.0017302656844036843
0.011235959796255345
0.003833129802112718
0.0097377119333325081
0.0010634696596502667
0.00038230138996359563
0.0081433912372332225
0.0068242345003227305
0.0063150062877852121
0.0037135209400621007
0.0040442918967685884
0.0052453486893808722
0.0093900079192749415
0.0017815117016087268
0.0071278427080295947
0.0040356457422354433
0.0032404365131435344
0.0018242917665367206
0.0059729776850725594
0.0074795276962791842
0.0010856865433654689
0.012213869495692534
0.014409974045217887
0.0059852242847396328
0.0070250664151142858
0.005551959062463572
0.0054513738196559618
0.010702862803861934
0.0066660255044466623
0.0054183545442112188
0.0056462557828298923
0.0068457458454460086
0.014735027420581047
0.012495758476298552
0.0083543070487689854
0.012613425546486392
0.0088586509329710798
0.0057669191508476292
0.0035606831632971612
0.0099083543258062807
0.0049201185696081855
0.0069292344392724494
0.005291739645044197
0.0030032794684901856
0.0034836293684353012
0.012677105486538878
0.0023895699631874745
0.0075839787835500607
0.0089192063148449251
0.0027146680908195801
0.0055765610373936644
0.0078515561935451252
0.013485713200536443
0.010774382596353497
0.005485813121907622
0.0045262327835395282
0.0037379826369976776
0.011606898751527947
0.0029776147565648611
0.010883250049977174
0.0037815545906811745
0.004091990231932051
0.00072462112860073125
0.0037355553508552517
0.012264692944392782
0.010261783119875096
0.0064795032904296388
0.0042135950854272543
0.004690014617685194
0.0023828739757503293
0.010472063756833093
0.0070780318130285631
0.016563200368532663
0.0092460468339918365
0.0056517261445927147
0.0066538254936509339
0.0061343902784761917
0.0089765402853885807
0.010044808596153447
0.0080849174866976896
0.010974020347163651
0.0088974219320195613
0.0038863501886246964
0.014215570235208336
0.0064104590405733705
0.0013297698016749872
0.0024709390528256433
0.022295098041696122
0.006287311354380402
0.0027699833966923102
0.0026609425118121486
0.0083727437535808125
0.0061979918777593799
0.0094868022427331243
0.0050271322906291138
0.0044582196470894066
0.0011482670409017435
0.010482776143397517
0.010391809621854618
0.014376908194367717
0.0040023442004990164
0.0033237449656723173
0.013196821980437885
0.0035732575594833254
0.0077174879264003326
0.009058766996588254
0.0033073749446091327
0.0077046953790241542
0.0030690251131084323
0.0069795787380273408
0.0058039806480572054
0.015684260594149638
0.0086349691133688136
0.0094047070492136349
0.011542315601219133
0.0025558458456116759
0.010365505880886599
0.0010933882697451553
0.0059361607479013444
0.0064631471948056783
0.0042732935362984285
0.0063012450267204752
0.004035659256724897
0.012182420068073335
0.0082472727938291551
0.0085090032790061873
0.0033625622403551979
0.0059149220373377349
0.0032992609140558866
0.0060515114979948839
0.010036551751138253
0.0019714909417941299
0.0070342057725012366
0.00043481899096077677
0.011653316706953534
0.0085662300239633688
0.0063850045450292029
0.014348772471413355
0.0045449160558247246
0.0088118004344149032
0.0061052659010074868
0.0034952790493750392
0.006682512585205809
0.0056890919365457067
0.0094895169772366665
0.0080275445700660267
0.0093137277166779713
0.010798192158522664
0.0037069817333693997
0.0086074213045157239
0.0033772251363840891
0.0026220343952250529
0.0035841105661042452
0.0014703608062380171
0.0063078336982539396
0.012830988488368897
0.0066784602982760243
0.0091268439561250688
0.0060473348985380874
0.0065876759882600314
0.0066520310743635848
0.0018239980336383023
0.0091646395737404653
0.0086359965360515902
0.0018742585728877669
0.0087183002445766194
0.0018331367361636823
0.0093434451749274117
0.0045042051190941831
0.007980644455088972
0.011277103856894465
0.011778308420017048
0.0092313086166920539
0.0087733021758001056
0.0014002627412963663
0.0027354239244186955
0.0038599456654495575
0.01236388948487758
0.004958063488385637
0.0049347840747303003
0.018064459011670985
0.0077742091243090377
0.0084080574055975243
