0.0066597980572165481
0.0053871585001117077
0.015556657289316178
0.003480841943664147
0.0066039616572920465
0.0099420119590719665
0.0077503597120682352
0.0081465777332704135
0.0053004696471540451
0.0032459433563150424
0.0074013220511883427
0.0040408558016937785
0.0067529929102891663
0.0069650933573616597
0.0055620627730934335
0.012067141029809419
0.0078063952397206026
0.0068402009100000218
0.013445131475055891
0.0034874998756523634
0.007910299406771246
0.012402958428452827
0.0016317602337878653
0.0050668141213725433
0.011614340492748586
0.007451201547418222
0.0063694472477130587
0.0048816694117127715
0.0058549260724710204
0.0044938230779127493
0.003054299479057995
0.011129370068748872
0.0021378978204592853
0.0047229768906681489
0.01352232519588209
0.009292849860678
0.0052801794597948024
0.0022831751285840966
0.0076510602597643943
0.0061340189942062934
0.00041922443684414874
0.0041061048200000186
0.003150967011743497
0.0047638015642547382
0.012318802953745637
0.0078671146096100705
0.0085199071063029371
0.0057104655076151232
0.012550647543457621
0.0045415229326150252
0.0025083522793961188
0.0078564356735682725
0.00957363776109664
0.007127443632577465
0.014502269240691293
0.0052994759422997448
0.009365539412917262
0.0072126746323806666
0.0097769271582638442
0.01040219278022887
0.010001916461725083
0.012263417587487
0.011785719074130889
0.0041990971934169679
0.005310012274481273
0.0064744281337179915
0.0026688847895756157
0.0072469560611686809
0.0019576091545453734
0.0095915117133801003
0.0020997683063438827
0.0066805491456362288
0.007932560270226062
0.0020251319309995304
0.0030720816736117024
0.005073036359015716
0.014235876969632274
0.0068895205511641921
0.0062123161670904732
0.0072097992411804361
0.010502303659911108
0.015732467111378209
0.013355072759648371
0.0041218680141977609
0.0043078567333213929
0.0053302638758660854
0.0072747941007080402
0.0064366368846142099
0.0093240578037761413
0.0042877751122513451
0.0080143180739983885
0.0067940504468712868
0.006965853526806582
0.0083345795195619316
0.0053036602504302078
0.0088718718492503002
0.00038368085178466793
0.0087410791516048456
0.0096450334281914796
0.0063929509536737629
0.0089222658283512266
0.0040627893854593084
0.0022040889258282668
0.005226650849057551
0.0051667434178598697
0.011215677367786281
0.0061641498157474208
0.014411543382843584
0.0054161055231638404
0.0071423075673292405
0.00982960836920228
0.014285252277935725
0.0030555466501666316
0.010607864324372045
0.0067099879121746238
0.0037546770005667915
0.0087657621218712751
0.0096896393395579736
0.0077811571701841709
0.015421071111402479
0.0087527951382542473
0.016296483080955462
0.0050945842985962884
0.0073386316059972289
0.0063181017154626202
0.0097101495463891071
0.0015847689352785001
0.0010455546609375852
0.0024575609173302518
0.005777696147450934
0.014880672441201956
0.0046761279440202599
0.0074259342213753993
0.0083981495274400297
0.0071642602850332049
0.0027896288702690918
0.0050399936617720378
0.010204289200653336
0.010217356574935107
0.010427040091918265
0.010246601577107672
0.0021551521320957744
0.010158249303350173
0.0056086168214388825
0.0022321970363217195
0.0053668102458982953
0.013221293168349482
0.010182131828094786
0.011109276339370644
0.0078875105607695718
0.0083927649717527742
0.0053226940471786631
0.0047737451814613141
0.0058241191074220695
0.012096671406730954
0.0053915041916825892
0.010592807666626356
0.012142012951085537
0.0025111358108643703
0.0078944604054970707
0.0087137091857821085
0.0034844038445639531
0.010196368429067118
0.0077836645364716319
0.0018981442271356337
0.010182596351072028
0.011395718232509205
0.012425303585306642
0.0071697618771470713
0.017152980446666057
0.011691150745852343
0.0055022230775067914
0.0037506823002751164
0.0072923112526762611
0.0058100346238439899
0.011275393899678359
0.0077060224473381126
0.0062858971581994686
0.0038051928091707597
0.0073515547105219136
0.0099821736374474911
0.0056584130451717155
0.011748060207750839
0.011939292091467232
0.0034911506573318415
0.009700125174702038
0.0094810401110024291
0.0084119364596028194
0.0054405199549227463
0.0092294382195093651
0.0063681222710686011
0.0062138424043324042
0.010931755694627435
0.0032237424656145468
0.011058172774191737
0.0078810687079557511
0.0060574484637840121
0.0083200960735556502
0.0087992696780242793
0.0020434805397552091
0.0063056753521457129
0.0054585729267903034
