0.023831921182607598
0.040539498950534464
0.022671876156120083
0.030762649887223423
0.016015480415696261
0.024600889429070637
0.016133559434963789
0.017201855862355616
0.017798244708425909
0.023892714796026927
0.048090377102063001
0.015933597386922165
0.027219965754177757
0.013936849160200708
0.019534624094240775
0.013491893848784442
0.035912408612471691
0.027090571961314393
0.011904130502819143
0.011655014434459382
0.0097358650092994325
0.006430205345167847
0.045778499949828064
0.0057718632587247997
0.038840449663225196
0.0086170695372064718
0.016453414973756224
0.020191949893958654
0.029917288170996474
0.042284858575320404
0.049891736912147856
0.029217824099646073
0.026403548901830162
0.021284178868517478
0.026721614011766138
0.013444174445998467
0.038199164167914641
0.020212086472672742
0.03904724935909467
0.01727383671242725
0.013189704804852152
0.035406125392998034
0.026669235604610236
0.014552079109669895
0.0081622137683079569
0.0319761350424713
0.013509290702474889
0.025574606961003023
0.037506502007748604
0.016383868825989224
0.0064215478845132358
0.0083737022260183883
0.01355595394531532
0.018625890964133373
0.023163378052700238
0.01978489001206098
0.033703910810518947
0.026145070423195537
0.037681578508079523
0.014952911688805368
0.024118673022211407
0.023042787968749649
0.012716181000291534
0.038192303400722355
0.031529014345637478
0.042336623357345532
0.029540176114715919
0.045033971803864141
0.040152958055886097
0.011825802298364316
0.025176786382657239
0.030662902495840621
0.029381823287426636
0.034245396356573164
0.038560471966863005
0.034025672567781183
0.04464450775941551
0.010643651203047602
0.054134314165752664
0.025110676966723377
0.04038069524923571
0.0084561977748596698
0.038813008719836881
0.023572451705422631
0.016206029694707906
0.038733355443336948
0.0674001955571535
0.014525727780659138
0.030843664011635054
0.059413987861273526
0.033636548904959949
0.015376812630919529
0.040712083860046551
0.053213617312622516
0.034586479003165249
0.016601611048047003
0.020648157945572496
0.016528476664654873
0.015633733809756915
0.024372521347875112
0.040297249087147359
0.015747946841386778
0.024977451650929787
0.02567482164802035
0.021695732175789965
0.027411299721992771
0.027941467245216088
0.036011952728617548
0.0026470502579209309
0.020144450152168158
0.020424038237377286
0.019569573544298464
0.0091127853114632423
0.036123744696398792
0.016424513921936699
0.022160059665780739
0.038158639596504486
0.021600865698424784
0.026812149400516832
0.06808899983520135
0.0091708703278967577
0.017128577807775512
0.01704484315166838
0.016536146904514146
0.028063559796583159
0.0052400598406933344
0.018799579642582151
0.031253926365017122
0.02809626172490259
0.0098729675375780392
0.034652631166456262
0.031328248434096526
0.014564563976576104
0.020605389272717732
0.022168069885442235
0.024443033369531929
0.026958656224948179
0.018398305315613622
0.018319203514189742
0.036392030052719473
0.015133009484460508
0.01290363224602782
0.019429547936068891
0.027394818603124545
0.034428099882141017
0.0098880997564476381
0.018521676655633167
0.013872373364772005
0.045606783959274554
0.023227973137120699
0.031935664803853486
0.018344667039752342
0.040776532032624012
0.026626234185943249
0.042898019453508254
0.027570721523495351
0.025557251872447721
0.018286049092631533
0.023254187982585439
0.058630502608366671
0.0022904407305979479
0.0061004724914437147
0.012925558051207328
0.017031095027029399
0.01903542484626768
0.018566957546231444
0.019940032352271372
0.030420049920949262
0.027039334678712008
0.034987454675794241
0.0060188143281997867
0.017527495065018193
0.0083357893619702798
0.028962482880025783
0.019608997168782401
0.031485621487371926
0.015764254877388171
0.038348287923572123
0.011036782154204198
0.020305585823386652
0.029125325974005471
0.024571898185529843
0.023588227774892247
0.046338819825038347
0.048146881826460486
0.038966605104416727
0.0071375714677824791
0.024912139289025432
0.015948818017892191
0.024935344451582402
0.033044851451020617
0.014782038452626333
0.014760117290462694
0.032219286033369827
0.022651919881661535
0.020760538157678258
0.0240539758723145
0.017767196678754784
0.013098378175885099
0.037468506308380001
0.015713388135469741
0.034926236073614593
