0.035335302264871589
0.025998429817454604
0.010383052695453353
0.043880162427501222
0.0059104093032533445
0.033315778644225608
0.054219829420416303
0.012093243131659801
0.01603736583775367
0.024704896667689682
0.019334954940515618
0.03115716804504268
0.017551736916311865
0.012093635255812567
0.0096930589591085053
0.032003397256143165
0.045511801732590847
0.01860720287006563
0.014863526902710993
0.016510370278431476
0.020656915430444182
0.05146709964409079
0.013727116883308159
0.018971164029869484
0.030746727954307402
0.021211980517935158
0.031849298735702136
0.047749315874434858
0.016775113641858002
0.012833369581058643
0.046428208096741357
0.0012963039216328494
0.049360226321216137
0.02373028001442648
0.047316804914690071
0.028965159469871372
0.035036843398379355
0.031135088513406281
0.02901207409472362
0.032341625138915038
0.02154760981204052
0.021613280602786337
0.036685292043860104
0.02069753588601974
0.023926834883686632
0.012541338829288347
0.018322271173554307
0.059948642046996736
0.011736559390300761
0.014838344700069379
0.020886897927849479
0.036221205469346679
0.020866997994756817
0.023739729670612452
0.0029971927424496531
0.023809580448774854
0.022287155456977358
0.0011560629316355352
0.038885676875436384
0.043969252228473359
0.0096163154842765792
0.031610414837882544
0.020463333650340452
0.044274818428078073
0.018400669211562484
0.011170282111317289
0.033160424913430638
0.04385929891050204
0.019981843563631703
0.021664445882689311
0.02508818665856093
0.023911647562310821
0.028408118359405678
0.012666111659934462
0.045479742718197082
0.038233938130556352
0.025025023978329203
0.017866377337576449
0.042546356597222668
0.025346671931377199
0.016047413903303682
0.036703495969735926
0.03522353983030907
0.024778726258750858
0.034223950050369503
0.028537300125241513
0.015679621083738802
0.027170638136168372
0.057498264972778677
0.038958630296125799
0.034560365777433537
0.02103707385160531
0.0046536183033603021
0.048392228739542048
0.016193895546713209
0.012447026700842348
0.01550849150399122
0.039878190437086555
0.015129785595098644
0.014506949117138424
0.0019747767821928532
0.037767318021328648
0.04317302445389129
0.023409345030754987
0.024629195586312876
0.016614967290248105
0.019741230829682169
0.012934516562389017
0.030631511840631339
0.069089179264283304
0.037866245466753989
0.018997135490987988
0.024629416456669238
0.020002117891257581
0.014664063915241712
0.033061417643629895
0.03552402483578479
0.011875776133333123
0.021325381489469837
0.031863385536039249
0.014180221082905608
0.0057281146502870701
0.032624278008232886
0.047015074505601093
0.050466843284279916
0.0036956552033312632
0.005733800796412696
0.039039397433772778
0.044261620941690963
0.003733395147074011
0.016869269148541539
0.028071947531545512
0.016294820689453478
0.051237889100248284
0.021767655938841283
0.039410584795157841
0.0082211836737747825
0.024131615164880937
0.017969000065289918
0.023173844203205528
0.020692325736078637
0.0063944935730872237
0.017045593433545451
0.046847384561609792
0.0045773665298203476
0.018448596698227824
0.022621274262279337
0.011941568874958111
0.028173072667372848
0.01165224941610203
0.033448526894984808
0.023719036542385444
0.051385898136178852
0.012241151185038721
0.022378123484745365
0.022280860354902499
0.027124563335594563
0.045259985504589095
0.011466901611256155
0.05228416466906885
0.010752243315459256
0.030184376433573523
0.051353093152681176
0.046482819550154
0.015978322010878954
0.037934535863841039
0.018875691909425705
0.028764826397326727
0.029967643704357949
0.016292674139583414
0.0030543016153098939
0.020884805949670213
0.028892256648924457
0.018051830097180033
0.026810381640040477
0.028659830350642131
0.042226842893320779
0.0068127174779419866
0.043834638097219686
0.023489784421019701
0.041682154277511901
0.019943107324277762
0.022792175020951221
0.0053111481639768164
0.0092861249957234843
0.017900586559399242
0.010164341699685102
0.016683450253582661
0.0037773489126403841
0.0028603167985116274
0.02364127563656113
0.035354481551256381
0.05000433798098089
0.028938457686297478
0.023377093916276424
0.001401440184097774
0.017609852003947525
0.009058708195793715
0.020176413605320267
0.030176325989545234
0.0084635893074067967
0.005175555235737728
