0.012880417210076744
0.0044714200914065657
0.007014450208371127
0.0098582346425211704
0.0037821394049296023
0.0045082069509624761
0.013786173570658396
0.0019962147439543448
0.012306744445411974
0.022514308630145249
0.0086585512270252584
0.013307182577450357
0.011181536592078191
0.0085377057120418105
0.015226377971630282
0.01059418044558289
0.022041367914286847
0.00083334594066681201
0.022556470502262702
0.014373843769352595
0.015624672028747325
0.018896500984955864
0.012995164500053825
0.0021533653113753768
0.0088310570076152294
0.018606795648772743
0.014401875285121938
0.015455673148489148
0.01175769885284603
0.01340579932746175
0.02212423374487631
0.0043361802565466756
0.017885367879046328
0.0098084294166508653
0.010639537932256299
0.011871575934973235
0.0093914186363764952
0.0073182589451983348
0.0048437313702492752
0.018800902181143966
0.011420267427198429
0.0013773156973819836
0.024491223969922739
0.0023441956387878948
0.012725873496950495
0.015030801181754493
0.016667775477016117
0.01377577350338584
0.011735265728123914
0.0062849957355847223
0.003913210500708782
0.022150649613175203
0.012241157337964527
0.012877895374046388
0.018267342517503941
0.017537178289236035
0.011012049423544642
0.014582914774542625
0.0093509536671778758
0.0058916350705987231
0.016879392179590971
0.01275481908148236
0.029582775337106043
0.011508928766258707
0.015184456735166335
0.0028146067319835552
0.0026914679732581354
0.0085586815147482564
0.010186839365454434
0.015828398961586627
0.0018765160461808809
0.029775658209899691
0.021450821254024633
0.0046772973271123558
0.013153009314136642
0.011642349582745674
0.013892150030175764
0.017446056324959242
0.020040434700764709
0.0064957891373031932
0.0065384819306117696
0.0046053105542460974
0.013176270972647277
0.016734372661850835
0.0071092820808727267
0.010116521215925347
0.0043075560199104107
0.011400488430302107
0.0034975382013338083
0.011976724459598756
0.0061257608675186429
0.0057795553069890258
0.0074465074568278626
0.015088579565815271
0.0047546167790181899
0.015406001774843964
0.0030272912199498839
0.021098384564292971
0.010980917925242159
0.0099327057503228421
0.020161020501120265
0.0048544067530563182
0.019419363097435298
0.0090125245404972139
0.0035337711920981241
0.016334933320722892
0.0097166517976564129
0.004004664340206892
0.0053890048216305997
0.011655641644752012
0.0054677210783886819
0.0016346403966957567
0.013726278175063738
0.014834096887664641
0.01641321347791647
0.010558516096216396
0.01307260501281733
0.012221612095346645
0.0099341724252473701
0.0022075509566772469
0.013837851246810279
0.0095368725701497053
0.0072401418657225712
0.02593175198246395
0.0012349661050543843
0.013231442260804705
0.018362915323154587
0.016623408860034512
0.011642073574473711
0.017659181348716507
0.0030027833162424526
0.0093844096841671394
0.0081249830580425488
0.020017093407976728
0.00055461195141725443
0.010407060046407618
0.0070690215823779557
0.0177847989570129
0.0079024937155216055
0.0092665462672528696
0.0073806782283658704
0.015703218691390321
0.018814648534782392
0.003718454749122151
0.0032246268631853825
0.0068182276121299748
0.0072208650052920506
0.0052372704793910924
0.012879322490771949
0.0076173499300308169
0.0022424087673396467
0.01295078336804116
0.0082454310832936872
0.0028523497116723627
0.0024180247044349652
0.0017404522702579492
0.013572864469709973
0.014703781569665619
0.013386525710305554
0.0059694403179556084
0.0042043045293604312
0.011654279075643226
0.017290285671322892
0.0078670638903188938
0.011250671881000818
0.0062506936842898651
0.0088866981695862324
0.011351847123534172
0.015220056300710327
0.015285440374664915
0.010910458043680363
0.01072139719215524
0.0088961424822268081
0.012662414476990718
0.019204459624903372
0.0086861651041007897
0.012226239079839997
0.011916101595922922
0.021364792769416475
0.006467227580737628
0.010112934710405069
0.024518338748992691
0.0054321050978134887
0.013793423515026501
0.0094438964338833982
0.0092207493205049788
0.0032376470337348012
0.0026077592860130673
0.013737192415352484
0.016828034957625887
0.012098761773488903
0.0027413791330043011
0.0045785440278694354
0.012709437091618382
0.012368598835378476
0.013882799705019011
0.015062967372533476
0.015448719128298498
0.012846707050889413
0.0095338121823112972
0.0086386763697754738
0.012459102314799089
