0.022385707169589472
0.014530812341522963
0.016013426098969059
0.010383617995676763
0.013339857882917394
0.011314861927799054
0.015976577765830148
0.0057661454586429546
0.010752270114603564
0.015989117423489865
0.0078420630103584327
0.013597801370038558
0.01321941264081134
0.0086541286888630106
0.010527291142552879
0.011461720949207502
0.01170530926489201
0.015415738709683631
0.0081684876666474459
0.020931748593797796
0.026211049204914821
0.0036105162498164907
0.0086718885795919499
0.0056586454560047421
0.0087744964932192655
0.01641559399631554
0.0018186691606806096
0.025081578950840299
0.0029661506662450061
0.003109658496692608
0.0074194907252126225
0.0060548742142124707
0.00750262660771738
0.0045288502712966311
0.0081230356231220251
0.0043339952800880458
0.0089085159953002369
0.0040576987628470913
0.0052565832604755695
0.0047267353551650303
0.0033727344931774065
0.01915789334990705
0.023855927490940301
0.0065585332253990511
0.011587735160686534
0.014773068360051756
0.018302880525854513
0.0098458109332479147
0.014275842360631962
0.0057382715998791209
0.012029150607415013
0.013970611346820587
0.0028273117444985747
0.014513623798840964
0.01421091573187727
0.0079031879324049856
0.0024034549531608538
0.0074719022625131777
0.0081527903453312983
0.0072831792232032795
0.010201139362536494
0.019281830586508449
0.0098680132391942461
0.0060468779925052958
0.0033839908098342751
0.0086287049123813901
0.02041608250002435
0.013874515624526795
0.004434635667823557
0.0097361271472461812
0.01134266662978921
0.022148226576457219
0.016252040143444835
0.011191776311622652
0.0020579508089373171
0.008411238545952231
0.011907756645653578
0.0075483881790715419
0.034230579602119261
0.014315446486009683
0.0049797924266872361
0.0085775017222824834
0.014160806808251405
0.014456629718084367
0.0092051818075291909
0.0025645970587561007
0.015098385198369216
0.011482322401292289
0.010780527572207476
0.008455908657724949
0.0016663181304693922
0.014378881976145142
0.0059079973245208727
0.0032794500386164379
0.0048657421408072627
0.014871440880464137
0.0043013832145025561
0.010075816969758246
0.019566831877762286
0.019669559669893175
0.0053740585100247361
0.0049064136907775065
0.0053137770302694211
0.014704210900879432
0.015774837699583991
0.011850017355168732
0.019287286126558278
0.017559170788602294
0.0085698216828646624
0.008807366539914905
0.0076096774489011528
0.0097840688504033622
0.017576710530294304
0.012017358277478556
0.01741534834464532
0.010174625172125175
0.0058414533669090083
0.018290491060368546
0.017508323820420828
0.018700256297315584
0.0053729243200878896
0.0032830721460292409
0.012899324303893145
0.018964092184235386
0.014640649652588118
0.0043533746347048808
0.0031115541779410385
0.009659635486861792
0.014934004813119912
0.013848438254920312
0.0081024996609128114
0.0095478062648656475
0.0050258663307218539
0.0046842703521637729
0.0070708223439821935
0.0026584807271139766
0.0074707358974375531
0.009667423870667614
0.013760515376662858
0.01024675567674355
0.008322025741398148
0.010144935275032975
0.0082552798979609963
0.016296150369523393
0.0098684247731984521
0.0040457317008639618
0.011708109121092469
0.0043612795860475673
0.013467942306365844
0.0084963698742121958
0.0095065860797199121
0.020502880051362721
0.016396422096601609
0.011568317013427068
0.017925883410237608
0.01056168013500451
0.0003861441067739477
0.020221005524824417
0.0045562039386789748
0.0050441052772247563
0.019114370449519906
0.020082797668573005
0.0097494568789081894
0.0072591058340879325
0.0069142876208972068
0.011356380725381884
0.0087689704126867538
0.0081182284750296006
0.0038704570684021684
0.0090168034769112556
0.0058717656962095867
0.021592512567550314
0.004397218054325437
0.025701030400284701
0.002499203673048065
0.018933769981245779
0.017600997478566742
0.0035369712574731455
0.013132138680931601
0.0028122342460135839
0.0046564751418241958
0.0042258767165326751
0.007069156547417456
0.019751277206320365
0.010555803208406444
0.0043054570374036179
0.0071681841489595827
0.022287171379131773
0.0096505137783141244
0.013798008354377535
0.01259409496672812
0.0056076662578954843
0.019822591043661603
0.016358983716604662
0.019503589079275019
0.010328469317632214
0.012127350637284217
0.019371106079916798
0.012709917340211487
0.012160301357868187
0.012003364072095984
0.0088940782279191936
