0.043107813890467826
0.024745697950378398
0.1038340312245087
0.094860957793132084
0.047577318054310931
0.12528106983940138
0.0059980310882890488
0.05661343975434599
0.11106375835990244
0.025739505082800433
0.079418945869317401
0.060890367946566049
0.10879706666726636
0.040289054445188821
0.068468023663823957
0.035966221625272819
0.15459908247277618
0.037926352991676085
0.11748447987345863
0.072666310032122247
0.077442986366652256
0.12647658624186192
0.070571317449736867
0.10319700267452268
0.053589396900548612
0.066169294650894536
0.10995599950658584
0.063568097347902905
0.015958342828258656
0.093619205924503165
0.10087816326402715
0.03104018293011989
0.033089873350677868
0.091679602431156484
0.052275257165672266
0.063922109626637622
0.063113875830328403
0.15279265942583686
0.017397175647488435
0.091400553850696467
0.050618633506104529
0.075825355766046237
0.12898842282630751
0.06444134270849998
0.045758493112141592
0.066141375547382406
0.10125909722066842
0.09846410303495863
0.087495050741250677
0.12923161282316797
0.026414612843343462
0.03627757954158882
0.12580993932314796
0.058588160293992393
0.074653513431430563
0.11683574560163575
0.059944638224659244
0.062270523917491376
0.070640559677766612
0.02826301635278157
0.075902244011958581
0.028542809830506936
0.10330816191693291
0.094580059759510782
0.017168496734078165
0.061623462823630286
0.055802072762365922
0.068182762610701386
0.073303101997490058
0.034347110770996177
0.069301002311900894
0.066508844341715376
0.044821486504859551
0.14163675174986914
0.011042227781411899
0.15986785499857389
0.053383040729874889
0.046595916628214981
0.01328028876626682
0.17193865233998976
0.10136973656579394
0.057407527895012023
0.065005230143488357
0.094038480118028317
0.068669146913469717
0.086154928917762386
0.067927744125471923
0.057992290580293419
0.091265089512550079
0.072960543742815423
0.04399237482989183
0.080081629129871462
0.030889805118423215
0.081977063240986608
0.046787502932238399
0.041418330704072373
0.043358253967631231
0.10316746628671923
0.037957125492499563
0.049216625314179932
0.084571209196518227
0.13639325674842614
0.070474159353687574
0.061850238781893968
0.063542150612304782
0.13143216371145086
0.090316321363900554
0.090524421517427844
0.033623496818818606
0.056081275564674925
0.087191173892006715
0.076749389659847719
0.05221158324552979
0.040596798559538148
0.019720495101690733
0.016842914727664728
0.061718059250946741
0.088029913203590091
0.059628870093702442
0.059775053110449693
0.013317230622783427
0.078372863242234039
0.041200377309026225
0.049840012705414001
0.077316506211137337
0.062972092582099071
0.093609448339703694
0.073931805209808688
0.074239466288382308
0.038102247298367704
0.084304203077714787
0.085386491405054249
0.063690893477549596
0.029147722804329323
0.058200122756067472
0.054791381225294818
0.058404148978985569
0.049133190178636911
0.14462559743371609
0.048771932894783321
0.049480112284063966
0.037027979485703272
0.060008843237302725
0.041555007921377687
0.045465351696695515
0.068959820406714722
0.097287765561173523
0.10936528710217555
0.09421402723942858
0.094752084509747606
0.062062537869725959
0.066900058413990091
0.084124059467530418
0.046051213553888262
0.12242616082817052
0.069612262531852126
0.14583815916601367
0.048076220723998003
0.06565032958941
0.088630418449625936
0.026392062354666561
0.038702943770480419
0.0097159513065573442
0.050625703317551077
0.058182370254810614
0.087642604860176596
0.094645739367427845
0.096140204934836493
0.056129305203249526
0.0090150922980003576
0.17722131309186023
0.052804451038099928
0.055000365389902592
0.044292035604566578
0.080276544271139408
0.080997767039225177
0.12195554037641233
0.044790933394229571
0.10695993143363509
0.10276223875681902
0.076351311941273828
0.049807502720485508
0.11521987971149958
0.040850411220467508
0.053908227324564073
0.05899593775947317
0.067796766497350544
0.081955375110722872
0.087069098459055957
0.011011863522255923
0.059836403455455815
0.048622446852927624
0.096193701968819059
0.05226902454918872
0.045899843484311607
0.090971127287317724
0.073326147215603793
0.05515123365914678
0.03297920409017744
0.063970465272185237
0.090654610468659538
0.07230611136539207
