0.0026414704149310352
0.0083506333059211995
0.0071127288844298189
0.0063732367158138561
0.0040859284376836618
0.018851583008021096
0.017872442733925506
0.010583731844275872
0.0090736736645708055
0.0056062951793855575
0.0038266766004187566
0.0051557675410515667
0.016984420060913653
0.012975088610548779
0.0062880426517675538
0.0085225465352313772
0.017145965157155149
0.0023507461768997252
0.01249366145154588
0.0064015359368355994
0.0047089952560269172
0.014925972280054959
0.011753831910867821
0.008941129675221848
0.018457102052718499
0.013297924766919513
0.0091321201013929466
0.0062791595067321539
0.0074937335254821455
0.0040769571265962387
0.0068312584419950619
0.011274715768265662
0.0050492722649349174
0.0097683009951852733
0.0090433485842187165
0.012037731452841607
0.011238033199673054
0.0042733508984099822
0.015400519984447634
0.021619420857562459
0.0052350500573107956
0.0098259253262095395
0.003219505197688891
0.0036704824496865312
0.019180854227722918
0.0071681027724132063
0.0023913654983450873
0.008068484996102649
0.015992477469464406
0.0085149602634741958
0.011824753425811504
0.0045587112741963315
0.0097214481259311203
0.0054016282731428646
0.0036100087583892
0.0061938520332591295
0.016132826409403968
0.0034647023472395991
0.0094595183700805843
0.0038967609184725931
0.0095253261701032602
0.0050591177561940511
0.010832468880319754
0.0080726145140130774
0.0043990275916144612
0.019602251634458931
0.0036716285238938108
0.019855888329152138
0.019815581141941721
0.021908251746276444
0.012851202505425074
0.011436893589103905
0.0092873711827979148
0.0094879050475853311
0.014012374740015066
0.016263797986395725
0.0057009394630516868
0.014210838638497205
0.0024536479644511906
0.010903417639323608
0.016374336979734064
0.0099389661694708632
0.0029826442192546652
0.0111889638435476
0.010982752243982367
0.014589824800087369
0.0084643062777228807
0.0042123417618520472
0.0082603497860595804
0.010701354888792328
0.006274523060953178
0.0081632828015790783
0.0061714591278464737
0.0043736873090983539
0.012940437662513285
0.0046012610611800113
0.0094040350746841007
0.0074867058197149085
0.018310398316104769
0.0024578999549419076
0.007397533898535728
0.017803141679669711
0.0058739045935153021
0.003226113829574094
0.0088451085858874939
0.01289786272181203
0.0029347664348075668
0.010448407234021732
0.0088788921185898144
0.017321551711236078
0.0085834989532578392
0.012363711114821738
0.0080629453375710598
0.0042026623493091903
0.017653118450412078
0.011503368847636733
0.012564861253251331
0.016736188997705372
0.0028600219871519218
0.0033673666253053983
0.024787065561504854
0.0087431655154937803
0.01236155157509281
0.0019355554916245176
0.012150649659586496
0.012264084759534654
0.0037232076998832916
0.017624983051642125
0.0096346544199890569
0.0089775879939197039
0.011185229850896551
0.019519451510061965
0.0025179157943444916
0.012163859613862064
0.0053720521663691593
0.0095677599637277143
0.010513481957907611
0.015760478090711936
0.0076051181787132587
0.007947172320708247
0.015133381679561722
0.009292045738901987
0.0022484464683515592
0.0057095014660032365
0.0036890374668834213
0.011554620499571476
0.01199588549911213
0.00070010861344956465
0.014463038747739902
0.0089817310279955206
0.0024074992413579579
0.0085239805227231534
0.014205184776864371
0.015373958826739718
0.01243216780556191
0.0098874464509330247
0.0072374554888054938
0.012925337352779067
0.012198023499458208
0.014950953694417892
0.0098646227624546393
0.0044452179093310987
0.014191891749509666
0.016960238353426513
0.0036389736634672718
0.014426024631654681
0.0021164703350406385
0.0080321721338068065
0.0041506567189927854
0.0061547299838762524
0.0057388978627738504
0.0075530258997793445
0.0084338526548482905
0.0094025849471642449
0.0050649780572076322
0.014775333912335056
0.0080137435259861698
0.0086399176310471681
0.010888137169383012
0.015329503753099161
0.0020853338808791469
0.010025490754630058
0.010231906196280378
0.0030397366193977539
0.021564676626811104
0.01075038353561969
0.014712769202554522
0.0017274369136228678
0.021586699771877767
0.0084360632009974779
0.0019999808609881637
0.0076889294961222975
0.0057287486157893037
0.0082815603321204218
0.0082340040681997805
0.013363668568114355
0.01547773498845155
0.0030557871362330621
0.0086034062078720139
0.0082490365344795712
0.0082141661901025675
0.0047407167573197476
