0.039360975224831229
0.022076605296277866
0.029942590648544248
0.032933742661161322
0.0012066788674017109
0.012005647124881813
0.034132111635879314
0.017102893979994198
0.011273788995200193
0.051265799213276987
0.027358123111692306
0.030031212570454643
0.037459248348132808
0.017763853831463554
0.032023469246824768
0.015878273808671829
0.058618782657008345
0.049189416593376806
0.042246429081616257
0.041442585611115509
0.021636261585963334
0.015592188944133821
0.054896537985438282
0.046914363857755159
0.050682552860416237
0.0093104071575913147
0.023405512234479089
0.034258024300370032
0.053122003065789576
0.028385482490955308
0.010697172480860056
0.022009315278058359
0.015392392857923513
0.060126099381923634
0.033074689822953543
0.082716128049651325
0.019073130965269962
0.024419155380301257
0.018867003106571221
0.04942401013708142
0.068297879947431153
0.066526145740718023
0.0056752153462709884
0.0091550720828565395
0.014915002062104971
0.023100057240583938
0.045075859322713505
0.034568493284629617
0.0081854252519052411
0.0045597541918943382
0.046725719001833414
0.031215061460005952
0.044526771704888557
0.050403388399828962
0.020900651100236724
0.034671319406580269
0.024227802395637026
0.068078541279201363
0.04347269534767792
0.021886439463272112
0.033021009406094565
0.04140931484913897
0.047323525434318933
0.030846481484910857
0.038714912911906089
0.047352825274409302
0.047682733844700106
0.0232317556119109
0.061127512612717094
0.05066436187166732
0.017819576313084822
0.025502893419255841
0.01165187186509738
0.049196013513903417
0.036709554059673133
0.013342953537250223
0.063778159019458117
0.050795683750036479
0.048103002357185128
0.026882136996237673
0.048086608878498645
0.030934119908104161
0.021960368830257235
0.043382727366015776
0.0089366585427038802
0.024953759802062176
0.038973684439582268
0.047607278295664621
0.076564471719844415
0.064299349587925353
0.03950755162961371
0.034118564612484227
0.022483918411680095
0.040661536509529098
0.028486538440768181
0.014812033358777166
0.016693789525683692
0.033078267979176242
0.023955053763476897
0.029082750119882539
0.065460749011364686
0.024837570966931052
0.039475392168280735
0.023633982348778955
0.011412031408790968
0.030920524457177207
0.022553149930548057
0.016643227788942932
0.013831216789322625
0.018132610611865791
0.035419666697914236
0.035622139070870106
0.0047723372859585344
0.014089113884386184
0.034115969797571803
0.033646738555094251
0.048278893980314389
0.033221827440051574
0.053797089350842382
0.041385546952431046
0.020338666460602936
0.025502725391918772
0.041297118674264284
0.039121966070949442
0.029914406397193859
0.028981933038851999
0.024550181282787416
0.039887348218395305
0.039608827088250566
0.028116964922277568
0.036435935908268158
0.029878676899568652
0.052050703218799489
0.024363268530007236
0.024343968964712047
0.020114471426841696
0.066316326162773262
0.029587166225521506
0.027748808595909447
0.040868437268718902
0.0045071691426214443
0.049751376877749658
0.03864822755411168
0.022618306625386182
0.043241943072493773
0.049854582581227436
0.028370287574234966
0.016992103544797629
0.038086359298374846
0.026020920541306485
0.029314302955401869
0.058875587948264224
0.021360857627753534
0.017077531252642237
0.016931151688256402
0.035355104309030334
0.059487552180896235
0.0035455062049764845
0.035354147360419794
0.029761884222517729
0.027808983490483611
0.012257974634172606
0.044478732394836941
0.042376328788454813
0.012991912471222668
0.039306906799008251
0.02720728851230152
0.033472261369593477
0.040358175000348752
0.050433968927051841
0.019725432808909156
0.0041995209936352028
0.037616864110335303
0.043510929810276683
0.03348699286220367
0.035436073689930292
0.033327048559868254
0.054293148341723066
0.018506958299959214
0.041886391574354059
0.01848527070351617
0.051283745095662685
0.0384641013114317
0.041046298000164572
0.011384782426435699
0.015054735140043671
0.020717889533022806
0.085950442642797803
0.048301798734940372
0.0043131659188714372
0.071661496127149435
0.04609079594797743
0.055348981964909283
0.051812838192727084
0.022946497707876656
0.011503704928040325
0.022699831970992131
0.031503794356640115
0.041744204413860085
0.026973238445019941
0.061225222329934811
0.022494072759836049
