0.037347263433898263
0.057162099613401629
0.033168458216491115
0.0037847055238407557
0.017233794903396615
0.023081719416446628
0.0085453344024582142
0.025130449087352336
0.014358235322269064
0.041818702267654995
0.02686190780147981
0.014668984597160935
0.032426402662077546
0.018949942279271104
0.019985203308891555
0.013024972766686932
0.046562991805178526
0.025069003872782394
0.02506658912137676
0.01120936711823103
0.02490223583312887
0.022290588655002948
0.018965883890333581
0.010032285528086729
0.036721955062300277
0.01179087341050899
0.015224643144171539
0.016451686938642879
0.021179323026663806
0.026203808012694917
0.02259329950106187
0.042896500671189587
0.031883027941519149
0.032783989278447223
0.0040514467805036021
0.02900698836599638
0.0034357923323013861
0.0067015283837274335
0.01616340220585399
0.0099398438443971861
0.028022835686599183
0.017589184412705509
0.016634366337794828
0.023214336104697201
0.024085190644931986
0.047702701194417073
0.01853641709493125
0.024339271001286994
0.028377748358887473
0.029394111622564983
0.02765124862689676
0.009279974463301954
0.024777957662295669
0.021277579042423
0.014402715144372698
0.02476966725650551
0.026518301597736271
0.0046648243901057903
0.024041373604584453
0.017948225623917728
0.010367265404576276
0.019846721067089214
0.02741181582698711
0.047852448400177043
0.026077070625346407
0.015468507784814199
0.046155563268234771
0.019260745900764899
0.0049626785241956026
0.022877985890545974
0.012014253759270118
0.014315414349015891
0.016051545636842936
0.0074246113377883427
0.012892225191992903
0.028456254875707
0.020672055760397046
0.039760254251176165
0.023578813402824039
0.029157255296073142
0.023255707044491047
0.0032452722519153475
0.026531478554507305
0.012767224885233819
0.026238811722040702
0.021004491746780703
0.028366133659878168
0.034377502463373996
0.024311902527875223
0.023087106428632456
0.023352703897087119
0.025023917697175584
0.031087382490280226
0.025383000122853373
0.013073815655494373
0.046581370068873341
0.0091227840359284981
0.029997593750032255
0.022812634706628417
0.038887407998636596
0.019087285496286067
0.037034648985625473
0.029712989950809652
0.01938037338069545
0.018897960545831913
0.02473645274998356
0.029024009383842763
0.015468161987540927
0.026805324544570165
0.021276231005090841
0.023713758290154725
0.029284927196757946
0.0049804075031618048
0.021492803888870867
0.0083700214641993943
0.020694773579828133
0.043593050391043026
0.024367570708984411
0.013406886798239676
0.029459947700462123
0.017426066233901152
0.024001456086166047
0.033964968476203318
0.0046226729752512734
0.015136346753761853
0.0063646161842479702
0.024859592345762606
0.037764874505784286
0.020672620833311742
0.0019732770287025788
0.02524941252256771
0.043024656753673833
0.009393091288313728
0.019662818634399535
0.013044065972415475
0.028330911950423712
0.026493745618703532
0.039666042450511155
0.0078942574407986198
0.06601722077274455
0.010912505750494515
0.040716638921364637
0.050019007464130252
0.018902808020649739
0.020079727192404327
0.017247576273812067
0.038443790787465563
0.030163144491655917
0.051476229509391659
0.036192037421293698
0.006945322157170742
0.0080509233364834225
0.0063519253408382487
0.013722369365264194
0.017822016316498102
0.015924165242134421
0.0082883017940172197
0.025714540660775175
0.025904120559061383
0.0089912674481792704
0.020410580832551737
0.02054896855805359
0.036435234287966023
0.0092575791243123436
0.0061351228316050789
0.0039106136043630295
0.008240459799710137
0.016614920291539256
0.019717919438479472
0.012350531769102739
0.020242867596117649
0.02488649087025856
0.0098774233244139954
0.016434334112829199
0.0076232827955765043
0.020196498185663141
0.039615716645301093
0.022594788740102574
0.014629590689667611
0.046269810065793608
0.017580320186272525
0.022844229227112801
0.022062197754449432
0.043056829826532431
0.022001174935394028
0.010762290008253199
0.034549234756512344
0.011282866451333815
0.018278528203586129
0.011848733057287075
0.011402636453684913
0.020602422268394573
0.0076626739592239096
0.030655673504557456
0.016118006441366902
0.014261813721935556
0.0041311347833165365
0.0091775568407385169
0.011517897183357393
0.012444390912659583
0.0037676612093829999
0.018085392396371733
