0.001470979239068836
0.02869826581047737
0.034066009004078975
0.014276384058571217
0.028443414912410574
0.021213868760156653
0.0076978981528863111
0.025928350525700351
0.048441964184539277
0.068876162676600433
0.020107165111979429
0.020003940203741105
0.047328325296899766
0.020149832741405509
0.025984941746062605
0.019326602689102274
0.008427937349988545
0.025949619345230605
0.038350607232408906
0.026411583665890827
0.010270478096437727
0.021936066489711335
0.015330405622222191
0.024928370864390901
0.0085102827408554127
0.026584407550881772
0.039887922185540207
0.0019268394636596442
0.028148127948020619
0.038256407111297436
0.024925114079230482
0.0082335149859836376
0.012586358560399269
0.0088494586987337021
0.038284965747385755
0.022325262619823091
0.031249135495400353
0.0048761541660393938
0.022894590268321576
0.043309228671368341
0.030944473691096847
0.014600161674180144
0.015651670933117687
0.027110007706562071
0.022594457539606864
0.026028359590705052
0.052250522093962248
0.025878171516430737
0.021398754550458702
0.017660315992208311
0.022992929087924864
0.013645593143287053
0.031755216812388236
0.033839419663191643
0.015928360592660364
0.016226933773528306
0.029553215552996059
0.01853753232830371
0.026959985758645239
0.021349514754394297
0.047973262383704224
0.010721295065051714
0.020074299585651108
0.023597563829256912
0.011886898418108999
0.0093726018844353196
0.02578719481463896
0.017466355838041698
0.035471738769698932
0.051230194358729546
0.025205865095414396
0.019865038157244622
0.034334935082852958
0.017851829493833127
0.017847589857655281
0.017265662986910454
0.035110686406439939
0.033151201607990045
0.0049269135853238994
0.014726266541169342
0.025893147514684398
0.033522622086176276
0.0088671401877388357
0.014789720901095343
0.0088425780964816354
0.010721594011737822
0.017925339404944757
0.028241792957493926
0.0035081134980261297
0.011761423018544761
0.017212706937335079
0.014251312311483274
0.021242883897145171
0.026597008263438932
0.032944057649711943
0.018978003749277605
0.021746581846438625
0.009772059514786326
0.020643629831730299
0.034375033844943982
0.012338020572522618
0.018583477177650919
0.026978135837716966
0.021972845764614241
0.019179786383733084
0.01856424522304103
0.016124633075084931
0.013008294144421971
0.022779727714575398
0.014997092330816843
0.023841329238576046
0.01279874559714312
0.0085204689244616251
0.023112171581603048
0.028844018351846086
0.0048241954074187557
0.021330960765961905
0.02105545964416259
0.017702474297522534
0.017623640177355741
0.0079433657132170384
0.0068673753448200477
0.011770310754053126
0.030919074742635486
0.01360729360126574
0.021247945163284952
0.013326526903154808
0.022166489027754307
0.013209686790432265
0.020976925493901233
0.013001186184136477
0.023957227105702927
0.008495000890525321
0.022837435504824307
0.028588041330510475
0.002764681864626303
0.027575723834032902
0.010395522760255039
0.014606711833207589
0.022073888102723514
0.027246134234646672
0.040007834943744811
0.0029093742187258809
0.021206970764029231
0.0091750578384273123
0.030108681046636946
0.050141261881742484
0.026907162439674559
0.032474847299214862
0.0070391557673522764
0.028003524364799481
0.014624190034267128
0.0082161603297960534
0.03216103925582716
0.0207138760150157
0.053426714203483064
0.016137442002474741
0.025987609286905571
0.011714278160591287
0.0087486010591281277
0.018004655745948405
0.038389248128158068
0.014744367293312431
0.029731190995324484
0.019431635795406813
0.0524155765607364
0.01727877949210499
0.0097608261920578664
0.020854424945874132
0.027788747313274902
0.043787002115514215
0.013418431864335148
0.031393353168556043
0.017778653724553981
0.012599492861604295
0.023979725516106516
0.015758230789660235
0.035888117483643733
0.0051127965315149642
0.019683117956045309
0.027086336822893867
0.018581181070500042
0.018545120007254598
0.01858142049158815
0.024201256053525903
0.024981989440911324
0.0091916592879633056
0.016833980762346174
0.020942923056239248
0.035461805514247817
0.042522459019142492
0.029893508787186964
0.01153424710863451
0.0092816015685640452
0.020668945904024641
0.012572200630656031
0.013704828865617592
0.032408903941738509
0.025463718685564459
0.044325308570729534
0.027997933193875356
0.022750071065696036
