0.025738009771998936
0.045082719683284075
0.079374803301649588
0.0019003187726504066
0.045101720856747081
0.039044785314475583
0.024746066261354532
0.077505556878767035
0.011032015542213771
0.053506470877027382
0.01409672661950734
0.041729384763104012
0.028793335032703177
0.026735983468877195
0.044202236456005427
0.043881840063490211
0.044530409382967311
0.055852719456711268
0.012401140534989445
0.039450959897939834
0.023389412253704538
0.031382361721010596
0.01296584427247633
0.028865598796786875
0.017525545688599244
0.011719453967618844
0.042940590093924078
0.021471688442815804
0.026444958352337965
0.059976541502630688
0.0095826737394810128
0.015482112468845932
0.034090075106760313
0.049263796355313312
0.017072092195985079
0.01736565027246182
0.033357520118321035
0.047408095945937104
0.037487439882725168
0.069901026094645963
0.013695159014355477
0.017302967165983802
0.054657762774066497
0.0563234559566499
0.051368201037613144
0.037620147465791405
0.042032580831958481
0.029007224194323927
0.020882217187214943
0.045851790401709239
0.045576825160995343
0.013781287657144805
0.037879766351159985
0.017294893317225061
0.033373500449547656
0.045881947260429094
0.0128791684726508
0.027315835551225263
0.076735928909673914
0.010077064575067752
0.049371760493099007
0.058510986272349352
0.035444750830378492
0.060334914711332621
0.019584865252218385
0.039312630009786347
0.042091465921149276
0.050241403392851866
0.040168172878896943
0.030217709147318018
0.049751146194769023
0.017631602845731471
0.054695507272053183
0.051005386344904501
0.0072549886491122114
0.030463815835654055
0.055127717343991571
0.029540000632197746
0.042570268605790787
0.023680328109210363
0.028279752760006799
0.026747005137833547
0.015104466931877362
0.05020779658128055
0.040971832200683858
0.027530480263110366
0.01857982382662262
0.059174015684579223
0.050893552142441678
0.075696544500083951
0.010306735568237845
0.026987404383364909
0.008897161167302832
0.019012809280311262
0.048561561394296737
0.020331958350204082
0.027437502599080132
0.035073485088817601
0.05282288849962663
0.0010317460478638915
0.043733492942935041
0.027973088768433171
0.039615674479096565
0.064389973584500423
0.01422997662229639
0.017544137200578982
0.052700796671648717
0.070384068003697647
0.011900051878351274
0.051910191806838445
0.045047016094114357
0.030461296587324712
0.012739540541582675
0.039274708585568474
0.028893439233604615
0.055532993906454005
0.052696446458239843
0.02344980550957201
0.051848420201396989
0.029585466069698679
0.026645433239533323
0.022788640357827683
0.062218910520104531
0.032087237602653168
0.046284052934034411
0.063457099289891766
0.051589556716652489
0.026806049315304375
0.01539733076258726
0.043049283122896818
0.010635675700406837
0.02907682018993853
0.023044475305741444
0.06453702251242896
0.023442168840576177
0.05506224979024843
0.03357491240752479
0.0070406966707797095
0.020618520401295949
0.029191843035626244
0.062213860600972247
0.046053822966632796
0.015262980031206455
0.091335287829217751
0.022824448194071815
0.045220992801015235
0.011862246123448801
0.067526883429379375
0.02762163721589719
0.050646203316745582
0.052547124024673195
0.032988792339021918
0.02420726900129801
0.042444081545719541
0.017057137535587286
0.061207965638777319
0.040798395889664017
0.03673312609433052
0.019616102593678235
0.044139884408608554
0.018296446112005416
0.019210349372965684
0.016181270704872897
0.022270408492849902
0.028485056640697341
0.039312479341930363
0.02024746231151961
0.031560112981252372
0.0078985140872124618
0.059564924795715332
0.060746967244819233
0.036786528008481485
0.047135757435819853
0.060901600107658424
0.013708048030699584
0.025442040196359431
0.031711369911081942
0.037401934455961974
0.046255984896661571
0.013519203092565922
0.012555477589020567
0.0086962845453778699
0.028974414108011264
0.042579645646167556
0.049284870160391493
0.024574559895500035
0.027943553037039007
0.056422169840596226
0.019669710831345038
0.026636883270186429
0.042635874527563677
0.083073497787973932
0.029785668993328147
0.0049779711279030487
0.06396679078733096
0.012779419670057289
0.068371105696865775
0.041767306423779078
0.010956464787546272
0.032817013746707535
0.021469462976124037
0.022008453056703233
