0.052593009857882303
0.076106206621004827
0.048188630382797623
0.039959621247457416
0.033194136743360185
0.007947506554102042
0.025155602429235611
0.067456846839025461
0.0095311101889049721
0.026383704589676676
0.010241891981554962
0.0052281903233292
0.075740337323599735
0.030575704027933262
0.025594524576130873
0.042335651161579731
0.044174973506664834
0.045229895523814768
0.05353281123010651
0.029854518974185344
0.041079981556588728
0.016698161535422064
0.049902930196085986
0.074363125202901795
0.038723812714568109
0.03743255397392245
0.058140370057504907
0.078388028855636699
0.0057734704595653694
0.064789605194479558
0.049869192592756066
0.044468764928468532
0.013586804567173899
0.049794277983840944
0.031870488522866343
0.051210588532233425
0.023599417363433777
0.053494040659071082
0.02141260544099241
0.019403453033101196
0.021319968206367577
0.042426705403299673
0.01142568273763477
0.034469893516692697
0.044890901625284002
0.052093841165109345
0.022182298052142703
0.021322280875294905
0.0078099148650062717
0.032696866330785952
0.0073415582937840689
0.028497580423172558
0.02405456194201934
0.046003043215876241
0.024746206668646905
0.043725713718542981
0.016270379730724812
0.038554968926556771
0.0075529236009373732
0.0058665122155783676
0.035064900370428649
0.055062103143840323
0.036677652700827998
0.013666139263172011
0.030213244821719689
0.047477540677639242
0.067962012153562928
0.043707722428779135
0.051461551640765754
0.026988374105147081
0.01964376557321305
0.027934245590693157
0.029237961945860307
0.032762436819439356
0.029206488868325598
0.036322049138013381
0.031833307384799302
0.066218043907143573
0.032171133342076122
0.023398545991213437
0.038501455964376534
0.026287726863584385
0.030083618328066837
0.077061047088545845
0.0037437149874032698
0.04662124562958981
0.022032474724462688
0.020756016143965751
0.054236488393831245
0.027843335298696769
0.044167268469999209
0.073103752765760907
0.053020848935737462
0.049201060759506629
0.052139867160926424
0.043708724663494868
0.014354400628605563
0.026315389479054072
0.033015896900944995
0.014092651983334493
0.043355358104484806
0.0065078534118190694
0.056425261486480964
0.060302018364427175
0.028898012556330514
0.0087085558642089073
0.020343357824786551
0.029335187516148605
0.027038107923814315
0.029309272370128713
0.011795624901527243
0.033391382391469403
0.022274829822128889
0.045876012956835716
0.02772217531429904
0.024073158513413427
0.013649216709226222
0.0049577459677290752
0.02654784540602954
0.04018913693999341
0.022658275978164992
0.030983288522296874
0.052265112253866985
0.034791498576486689
0.045364991127345752
0.071273568825009889
0.034965278378669071
0.037014627432706254
0.026992437275370068
0.036159007350334074
0.023650527081463483
0.012852799135281371
0.039351251156757104
0.02236937540123796
0.0064089679833547004
0.011402357534656675
0.0094638922755397644
0.039038569840585416
0.03761810689973747
0.0052498572811405251
0.071163410876688205
0.016764164365026219
0.011983848665238614
0.02605540907993166
0.028440810349616812
0.020231161768255283
0.038176883267493973
0.023753556344695448
0.028151542836387072
0.021148779453025277
0.054960071131410888
0.04012705683606458
0.01121557576431589
0.013694436465570725
0.036304116514357068
0.052254570386188082
0.042711898512654167
0.029003135755191679
0.010559768498456731
0.070495884971444045
0.054741064273664479
0.03977088872318784
0.035002302610401867
0.024013825836070039
0.051916055987270469
0.021694413296781141
0.035715249207427704
0.068317835301870522
0.0038300846785383506
0.041993028385179286
0.034443533064024368
0.081565202818717417
0.013836926908199931
0.026305755041892101
0.024323611504646566
0.043561388823638775
0.032850465289264288
0.027343185526218432
0.052591779684951802
0.030434515271952043
0.029617036082836352
0.049331395902867198
0.029142205097186038
0.02533591729499559
0.076213022831587457
0.03255512203371555
0.025642446804520196
0.049009303085519249
0.032533280440332331
0.01655005741350439
0.012588468821080404
0.040830186575737296
0.047027235526969358
0.060701155595025306
0.044266181587059264
0.064219086846648496
0.029438632442591799
0.067504069362631813
0.056228000818850807
0.040326835458464744
0.082428623692025083
0.030664324308770172
