0.044578605883326475
0.057588537862713791
0.059052525198069201
0.0038623635113158744
0.056673827611216546
0.023166841279823176
0.02633101614163225
0.021268778321944421
0.080203459835359675
0.013146056397020272
0.0075570838185870541
0.070690126837483935
0.05185109979680446
0.052449299507996157
0.032154187480403065
0.056550663789235935
0.022489017535844095
0.031590779466506361
0.033141901384140242
0.019674108072409137
0.014204153418649069
0.08789648870620026
0.018655307737177891
0.043768735442124382
0.035867138242315855
0.012652085429308882
0.023297916403315643
0.034724289135009301
0.028957082251946174
0.043879932173854184
0.054714419306903468
0.013839738890123325
0.017398525108373534
0.021890953428734511
0.061378192925264981
0.045617891653100442
0.011340717113186257
0.045956999012000344
0.031962529439638974
0.028463148639062817
0.017590150738167536
0.051370997949351807
0.05619987073461289
0.061139939070134222
0.088095952043749426
0.053107921130001373
0.01913929170589973
0.014957039244594418
0.023755092928175042
0.074028046616756424
0.034735706187505745
0.041506793784472244
0.043244578106778099
0.02233817028133318
0.050958113666559501
0.033726337547330794
0.034134027283532632
0.0730189809814943
0.043322593425447642
0.022454771924283502
0.024400245489675065
0.029654185877526853
0.031058643833588306
0.011044956107765534
0.013554842788445053
0.056063718505458646
0.050123376976882933
0.058354318633592493
0.024689862091004648
0.019568069921722678
0.033468862370105518
0.039448717842181728
0.044060389971239809
0.0082466365504783017
0.0099372703724370046
0.041633387507520159
0.042536015655614941
0.065577411316666695
0.053630025889549654
0.028942465467354527
0.061590054879746718
0.051090236089450659
0.030297156952944049
0.0014688027551956939
0.0064318049537388502
0.017802257279039242
0.052563975447887899
0.041940320789543899
0.065315346808858268
0.039958058524602103
0.041709216576353347
0.029923668936503355
0.02793474056821502
0.0063273077660361042
0.008640490346952993
0.011810054706322987
0.027216444173361765
0.034053536122042635
0.020748804318491441
0.050001678120563608
0.032766993111627556
0.038049941158766101
0.065936369868995079
0.045676833016465745
0.071419489594427357
0.064194345667925382
0.03828656478540278
0.078483696250763388
0.044993319056427401
0.012978183394169587
0.061173360265873195
0.063248242839293589
0.012312663777329549
0.062336695155876878
0.029249574881084931
0.015045583702854715
0.013081950659787768
0.034065538095232231
0.039276391377101816
0.023426083417838764
0.0088710732488721227
0.020599760679465121
0.044919991218799998
0.033914317117547277
0.011250124908668488
0.017380302681524039
0.066140586044345015
0.057469216585526048
0.042779930821397506
0.033102425208605783
0.092512805476919119
0.032406213300694639
0.010767498926869592
0.029317775693777914
0.033296705740240788
0.034411555360644747
0.016464395081979145
0.047737753754047672
0.057649839537872484
0.066857575153045329
0.060575747904872738
0.0067573546882139426
0.041529594685147074
0.018759785640326921
0.037158222913366137
0.039395354403550437
0.037973311082319751
0.016075316523752829
0.033548193648863078
0.0085138374821501321
0.026284762098453304
0.055362996005179424
0.043674157851804327
0.029075851958854679
0.012646960181369736
0.026076643379489856
0.030645409430751575
0.020874066115001703
0.023006017054224118
0.029332394949974919
0.029599209300684361
0.024671703809844372
0.012948048573732895
0.037741774522314406
0.016473164978528111
0.02618327769725045
0.051086236061511199
0.01452040828708457
0.032072898939136965
0.026803236188598669
0.067627302465114877
0.0049405796393064251
0.017753943639338618
0.068243907216202035
0.034868581945884915
0.032046514370758741
0.02165345198164792
0.025893722705274669
0.040354530446849751
0.031750179755621631
0.027801759057874357
0.052328373709555183
0.0157820944126747
0.038276328489679413
0.029293362446566232
0.03008045070115126
0.032955577658177894
0.031513602906865265
0.073814002431042566
0.035638577400879987
0.019493167282211281
0.0412120627277636
0.060754333025953781
0.038821421692774236
0.011275232916239653
0.01634047372643109
0.048409219289558172
0.028352449329341254
0.049072517112404637
0.042758830113905542
0.030467437570533489
0.078258984057270303
