0.22062070043417392
0.18653284720655827
0.035729994907303719
0.108178398994905
0.13618845636673768
0.14588634209062359
0.15078807049933812
0.13081411501447487
0.18089106350360176
0.19161082675748664
0.1882569314849806
0.072720242787243275
0.14297586001330811
0.28100524192499943
0.31960918677464523
0.21205715380721427
0.30134957090176401
0.25584919101190162
0.24682397316787483
0.19429283706036873
0.25871811917959875
0.31593532471672692
0.39813891715865651
0.42182214687726111
0.58459210827851149
0.49596283144641518
0.39709708392560111
0.44500281891170529
0.49149121005852214
0.59083134773886026
0.46447444297239315
0.44107158371852168
0.49152512673803894
0.39653846568252732
0.50423351845126219
0.57580078598339979
0.54829421772940812
0.5199182635272861
0.50763809231922497
0.5603268818014624
0.47116639101083108
0.45084413614108448
0.35043058366046181
0.39411771424419462
0.44162579632564503
0.42616258572854032
0.31341411401572594
0.38921478415770727
0.27650887778902744
0.23675755970023754
0.21918342806248603
0.18774179854268677
0.2278992467822302
0.19546559177061718
0.27225833872970723
0.30999751110887258
0.38027546651893818
0.3998211500831596
0.45299941505512059
0.39993784350657791
0.39840950911269524
0.42194443248100105
0.45393717921798321
0.43890682727295316
0.37125541059408423
0.33152547963341206
0.38695711326936388
0.18622876286488241
0.2201709508417542
0.25481891798223738
0.23683841769010347
0.099240419122406942
0.16223178765272478
0.087210606344204647
0.10678788947186445
0.15174584408883032
0.13440936055282998
0.13240931250690566
0.082746355780172559
0.096451229159187593
0.17085915827373058
0.17599882726910027
0.31739134511071004
0.3781743444172308
0.44449535933270723
0.32133863354067954
0.38197339182854906
0.19745637088574483
0.28675979425492104
0.26056168251141804
0.28925631768380433
0.34102090986476025
0.41492482496542704
0.43970621512631941
0.36790530866960947
0.46035099533825757
0.56708471127370086
0.46128835760607767
0.40934454751187144
0.45906237524667909
0.49979755359350336
0.5121417206579314
0.49895379204645501
0.48264557951170622
0.43837110391250178
0.43131774194548717
0.35986552683824791
0.27646560955047589
0.35144542465886031
0.25118478245087328
0.14161593676483417
0.21616237189245199
0.35259908562361125
0.54754662220349681
0.49338467596446955
0.50091839277776595
0.47381119762801627
0.44013390497110538
0.53394682850123409
0.43074305957511516
0.38631062442851266
0.46994219354116895
0.48412347850945464
0.46363965329690315
0.47006288573885113
0.45196147448881852
0.61098438947133327
0.53715750237551074
0.53611371911302641
0.45781060814653157
0.5120655287253193
0.64459073546929924
0.56111311027001143
0.51789535193080938
0.49485133019771488
0.52285002515243517
0.6509068587295439
0.62401825264856625
0.54430141520474906
0.47456036784528927
0.45853238412445524
0.40413486197081494
0.42103427330150128
0.29851900316373936
0.39009611151616902
0.32759537506268255
0.37996405672147032
0.51565575551448772
0.49995875089922048
0.41128041893610662
0.29542567131400654
0.29603762755416374
0.35670119143657003
0.38387319117876872
0.48158042715332228
0.4682548643726786
0.38197516598861742
0.30799268869583474
0.47957281288331016
0.59651804745229153
0.67626611429941197
0.62290524847978967
0.44634424691678681
0.41884429483789126
0.48188282778880942
0.55526034880320529
0.45886457008809134
0.44308476155837989
0.46142285062268978
0.48117975491321108
0.46031545984733929
0.45447077940110425
0.45681046838206679
0.43295426524497754
0.38991849583932475
0.41984481114810707
0.39249375688359656
0.48137884166291967
0.55906102097676491
0.45233665862273992
0.44857206627311114
0.46414935674010671
0.4716429925083519
0.39975897020962242
0.4425104989472089
0.48264929843542165
0.46743093594018054
0.30725275156870424
0.35463354078743142
0.44213907257779872
0.38574877147082737
0.45001837924957139
0.54228442576593783
0.57202261641753738
0.45668536931150627
0.45755434639718945
0.54812245411734928
0.62461914435692878
0.49029904079949121
0.37834872299625377
0.38892419319157268
0.4446331160235511
