0.011284732826572655
0.021253802611053991
0.026821499465252852
0.020742098115836462
0.0086108004829271497
0.022890233054169123
0.019422915274995897
0.025586606500211072
0.011234265650909653
0.033091516303752296
0.023112752845518673
0.014149965428830158
0.024474089285292905
0.040622258976220037
0.017182539247716684
0.035321885386795891
0.019101817694623522
0.024777808097709911
0.024966055222382766
0.0037855183037576634
0.011645119122359134
0.025589781882684404
0.032172424183410347
0.018071207636475944
0.028931504064473031
0.022650967672132653
0.015103979269026272
0.010688752084349194
0.027491588305992569
0.019145382015825874
0.0096948853525931009
0.005248457993679098
0.0028613977871111327
0.026372349967312834
0.0096085820813634794
0.010559384183056426
0.0090895909048675349
0.013558230591685139
0.026654301436513522
0.040389205862781781
0.0258443343665615
0.032581410811996198
0.016302783992221362
0.025444413074594285
0.011044551263872077
0.026546501118388518
0.013692977782524915
0.013918953988969836
0.014076085381495124
0.028601112433009938
0.012121516340972249
0.02914946140008812
0.0099243349694672269
0.011606422827727692
0.011369043312772008
0.024324786093993387
0.018222339498492824
0.013933019469578862
0.026801488442337967
0.022667357605273455
0.023487145225901195
0.018959143136364008
0.029564693895035826
0.014983414657511898
0.011919902612167896
0.0085953265555050382
0.0074634273276470214
0.027793424937772603
0.0052190585377175185
0.016343658358805056
0.023865931809573363
0.014592180579335331
0.014252776103747766
0.015528601061583627
0.014832296285660442
0.010724012684614559
0.0061484081020120084
0.0048274159259027172
0.0071767052976710209
0.023390653773776051
0.020414839119261962
0.027077979607988949
0.0090127982398397182
0.036282392135536815
0.025113865051121741
0.0082003577079145726
0.005747127747136491
0.022603469643888603
0.020911366571209414
0.0056476186229659272
0.023421718091419606
0.02241392685228279
0.033050111447460145
0.011696284632369202
0.010208553171972539
0.002672923930132888
0.015123059029331811
0.037154076686757298
0.011606715647864379
0.010162711489341832
0.031087318674315891
0.024492483649784479
0.03540853760966875
0.0377840057696354
0.018400889040254612
0.020291388049765009
0.033190406902559873
0.01824138294252382
0.021224964034107823
0.024321179447944419
0.01789517382448717
0.033395113102547426
0.0091240518649030617
0.028302396984107456
0.023071972938092426
0.025936922160660885
0.0060001564417541719
0.027440471509104961
0.011106762435149641
0.024303212682480549
0.017007820687751554
0.017668154647816514
0.0068502682067991998
0.0055049534608831267
0.023113070912557737
0.03239132784400036
0.008678914842860392
0.010815666145957886
0.012785241465762685
0.013386266848235196
0.008704936654065484
0.01747644716328154
0.017028001865915975
0.014749676709238463
0.027393364297054766
0.0222127508389506
0.010619828366578321
0.016108552763740056
0.020706673126917534
0.024543695244680721
0.041773454920885203
0.016992483921700222
0.02265917898769871
0.011559589190800652
0.020485438253314357
0.021728436145518233
0.019835704095984622
0.013217407048548364
0.0044932890641886389
0.031285516122165118
0.01122675280893452
0.03737223002142926
0.025245966568988896
0.004027969451116384
0.010569490754165023
0.0075916422055252166
0.0039443983583268213
0.027755753839717526
0.032463240639345463
0.014090969028192341
0.0093962615246416161
0.024923843910524018
0.017043906685063288
0.019252541962573689
0.01326527510693346
0.010055783209966807
0.020052324325801917
0.014573269435335597
0.0048710572585259028
0.0087741458942785129
0.022396024188821188
0.0067047843901549189
0.022459416954737486
0.020674894912454819
0.029856339789936775
0.0075926642994279146
0.02632475823857235
0.024339474678400148
0.016529637218695836
0.011936758615790733
0.021274475661208578
0.017035363053098256
0.0092200173149341869
0.0061429796494453688
0.003183500941416641
0.0067145524255909075
0.023207238337143596
0.0097323792087128259
0.026093520424054335
0.027470805078061409
0.0047927485314786461
0.030959995348348774
0.019452824233538914
0.010958938646688983
0.014520663764918182
0.011336414396131976
0.012658440938593484
0.015265505681941538
0.014330389471116724
0.01597604678025729
0.011780459950344742
0.015885471563433562
