0.0092228628786667211
0.006942146828133094
0.018418935225890495
0.044260628937935351
0.0074021381325970557
0.016604038158829781
0.013581499941232561
0.012313355921686484
0.033056368776477482
0.0033380411721440008
0.0082532692146655151
0.019259818661268687
0.018676905929171664
0.020578126855787891
0.0051707975826318659
0.0090295426679512358
0.022048619749910868
0.036558156485308316
0.0029666175938187441
0.0099720235252853274
0.014360352064526138
0.016741667251730433
0.014727820467888437
0.013366614682536174
0.0092996661827076301
0.037558059398729964
0.0068114289587869548
0.015170298195042729
0.032850643679692641
0.021268392726944998
0.0076546208645272588
0.014500604027556135
0.037747394920118797
0.035358081784219841
0.017687910625208914
0.028153641166875212
0.0090183892902200979
0.018850779434639257
0.015210982576695304
0.013354027816770383
0.017453421049039426
0.0057775687739333483
0.011776034903906158
0.010531396022864072
0.024097760319031002
0.0086992596014275371
0.017292574083251463
0.0057505832606194124
0.01158909730260905
0.034178831760601359
0.016732857519601779
0.025164449798152987
0.0063809779572942251
0.010955643435165046
0.022710919714188357
0.0085856748493718243
0.012795944990537362
0.016121926681739732
0.011361877953580755
0.039178980501534968
0.0025127406142978685
0.0038163772995775383
0.010615102737761785
0.015853017359258533
0.0079492650452049722
0.0068837128807146724
0.025812239734695517
0.0061469583188364383
0.027977150579374541
0.020543052372766032
0.010589293815530089
0.019751679585756812
0.013036489208795568
0.02651629207608058
0.016725827404674633
0.015074347570437463
0.016691145270670844
0.0084437262036518093
0.0178643652914449
0.013262082296624622
0.023142023455815695
0.023544094364751543
0.017529867991221464
0.0078079218696808358
0.023650856350929842
0.013525792362986762
0.015939027622631389
0.013303865853125103
0.016572552826272485
0.029759546917938921
0.011741366632767567
0.010697803770762012
0.027816807108244114
0.017469802303932414
0.022703408008731635
0.016348772519729472
0.021731765615509144
0.018343263405607622
0.012478186908277978
0.033258829860214598
0.0041413202935342407
0.018903420997332835
0.0052988104290836533
0.00036910848540656319
0.0056357664694617563
0.015399342609077781
0.024564153009434569
0.021919486134762134
0.0022775984706969277
0.026174676636829489
0.015956160599704082
0.0036970119837903908
0.0033108371950624814
0.0063938628974707628
0.0044241076559150549
0.019538590984634584
0.005042546195754
0.019051063092440656
0.03863310450534909
0.0083002439809130059
0.032612882208701663
0.009778255475439394
0.016075534028258578
0.015043282627393144
0.010900030476990352
0.038688424172766148
0.018708635386736821
0.012506500954539842
0.020006358832793263
0.0014986502878428921
0.011590413708537339
0.016553520608616198
0.017105819208715831
0.0035545173048683811
0.0029728151673230428
0.0014812640821242915
0.014648313199407771
0.0093837902327040725
0.012279825709586328
0.037076765698728906
0.016057296308401654
0.016143895793817416
0.009839370799876665
0.010869101444930009
0.021525843219334862
0.0068168193356184601
0.023076366367963386
0.030189845215116817
0.021231513524537702
0.016871471481166952
0.0043404184268472385
0.015719330398553218
0.01098669782819536
0.026228139493603107
0.018235432753919038
0.01835126119192846
0.046783605198270781
0.015099678111768088
0.009739876788022744
0.00640244169328677
0.033244652835446746
0.014568523896439827
0.022697824326725544
0.014792029463890357
0.0095501289740197691
0.034564688810446081
0.023191546433669871
0.027029409035261888
0.017826629646018471
0.015648285145721228
0.014920198737289921
0.028346065033948882
0.0078844529796573155
0.018905418288810122
0.011095015606116605
0.011075356836890151
0.021062135676418712
0.0094858486710044671
0.023171516178412191
0.010928498778318804
0.013227835407620171
0.012107035896307227
0.012248928941721715
0.0096741839466745628
0.014223446517636275
0.022919884454069308
0.020610534548399909
0.013616022714461683
0.013775074792436186
0.024028068259940701
0.031408730659297571
0.0072135979624574093
0.027922186609096608
0.027701975353547584
0.0038663827380538865
0.017481531897706924
0.0067527894652691075
0.017920693766300528
0.023656069290283948
0.010502650533791812
0.011932134969215084
0.014049078780772887
