0.017134624358221676
0.01506088360830204
0.032254652132774023
0.010284357982297454
0.020447818236411241
0.028413381962759027
0.012770640777256021
0.013832199511807634
0.019095327485297763
0.012004633165909667
0.0097075643051694142
0.023078466419631714
0.033258278023162155
0.017162792464234189
0.018315357841222967
0.026308310922532743
0.022411739205761862
0.020322539749774108
0.012277021835370584
0.013881088717890649
0.014183676330552699
0.0081450209569136917
0.02360189073636235
0.029497314960370273
0.007853711327461094
0.027012703166041933
0.012107997588751645
0.0047562558580886436
0.015353906263774595
0.01889864925300928
0.0071713609282621042
0.019037825488821398
0.015114383063024929
0.023238950385259624
0.023616470182956567
0.019590413569163537
0.0037797807858153979
0.023314197264210239
0.018623006259664909
0.010403341986495998
0.026829508411713738
0.0090431174523798105
0.013402129808850327
0.016083364969657999
0.024147215476921197
0.0062757674252380624
0.017328941443422854
0.012731368823790765
0.00418586798230813
0.012141289551630161
0.0064877497690792865
0.027571046849274531
0.035666572702196503
0.014634387887776785
0.024303815251194318
0.020748727246370155
0.037376980586742693
0.024402873233677302
0.0011573046820548107
0.014451374017582244
0.023818389502660641
0.011348211436755707
0.011723327771779615
0.017336856948209588
0.029064887152605853
0.011596955178532514
0.01372584926989299
0.021136940795767032
0.016359930180832222
0.0054876123286343075
0.0054208751770147843
0.010592661332932565
0.014990199266092855
0.009942068739918505
0.020942595561596899
0.016535240295927098
0.018805223610443397
0.013562790944768647
0.021521766122141451
0.018435298947263163
0.013742486533561051
0.036003796651662319
0.0060883797452447102
0.0094684854319569429
0.013578241498315201
0.015151211414681294
0.0042162984559991467
0.012797838238103081
0.013712128239098459
0.032980029728737981
0.030105743353421446
0.015158934974573778
0.0074242839201815987
0.018013901226180476
0.0060502188144642977
0.033982911140244959
0.013959147366315263
0.025631813518277903
0.010355923941519794
0.025867777262520732
0.010536231577767226
0.016523348092989849
0.014191278855232534
0.033245046007649229
0.014739327455266689
0.033066739686033665
0.023818521335844063
0.025769327389001496
0.015950431174271289
0.030928379386241895
0.0069927971818973299
0.0030238556709416106
0.026201377078167373
0.0079905100306240737
0.0074316538094772212
0.013315866267863121
0.010567682077506857
0.0050038531343874456
0.0045249840348953983
0.037279318019931153
0.0028017043649819638
0.007011012002052305
0.0055637868934978445
0.031310634523671652
0.032174052639808326
0.0075361821352450354
0.019132816062715653
0.026390992532670271
0.030678086092948559
0.017667362118477331
0.011400193655686175
0.016917002881965692
0.027923446024564785
0.041990539383714984
0.031100321144159167
0.023984352851245699
0.0093418064068759646
0.0088326928535520308
0.01671429527851892
0.024876375584706269
0.044091587716495524
0.018101784589960108
0.0020691458457409292
0.015832545656771897
0.018280860050599972
0.0050004984435782426
0.025111834154472074
0.01329860600439505
0.0022098280082319954
0.011478919377648309
0.0079208564062813111
0.031163996328995157
0.014125634830984671
0.032343783658885579
0.033165972698441071
0.0092879866938595582
0.021214522614058432
0.0077226406472376196
0.0097841558105968597
0.0072583983327208718
0.0073144746933045991
0.012615643209143075
0.016532605267043893
0.021676260570284288
0.015505182221144498
0.0078979064639246831
0.015600051059014937
0.014143631706817303
0.028981429360245271
0.0035600317109539341
0.010827771208449166
0.02501882790298884
0.033286156695466078
0.026589511381281006
0.011251576132724511
0.024953306034790186
0.013256938803708814
0.0019294826496563089
0.0068435733050405869
0.023232397404635518
0.027373247486013958
0.020483164602873048
0.021724631821027841
0.025035447028464556
0.01572149448883501
0.035229265348539485
0.028357523958815169
0.014200249436063612
0.03451615022573256
0.01243469784953221
0.028208010113652704
0.015380609556726325
0.021955784126399154
0.017554487165827977
0.018211662363457667
0.014515975319041249
0.027452229902190841
0.020069830460467723
0.022555642710301485
0.016661242494721978
0.0090399802853722722
0.03148507787049299
