0.014466919871335689
0.021564786196346521
0.018131933098188974
0.022382951987572008
0.013164584379571144
0.013017555556262468
0.01845540416731388
0.015495822962865497
0.0048699310687411275
0.017860146921274276
0.017937524029478322
0.021504006538883933
0.020259797092956805
0.010358020337885855
0.021539874445900317
0.012592589068902097
0.012856857397830705
0.014888298043447972
0.01547039531122564
0.01928589819088871
0.017008499958370123
0.0062823673045303927
0.015243606881484172
0.011221629814452008
0.036243439110712976
0.025414351959820568
0.01094134151382033
0.0075372172037802684
0.0034947444396054221
0.0097856616465110229
0.022345247740826052
0.013660383993889609
0.013201381102778071
0.0096548138849033242
0.030518648513652206
0.018492809075416113
0.022198418996016933
0.026617850113129803
0.0055885057821412143
0.017516662866042483
0.028228239645924153
0.013648483201111462
0.025478780864618879
0.032719971488625599
0.0078792559535688141
0.0039318636342765634
0.011806224301771216
0.0034098524475399206
0.0086178460487532083
0.016791220953561895
0.019131826070191846
0.027827351540001238
0.028365906227990834
0.016741092638106705
0.032382163828282448
0.0035224561226935755
0.02220151249921979
0.0020086914058981319
0.026840728993265062
0.01842026151088455
0.016075760965801419
0.022513725642981233
0.018492481048364342
0.011241441839747833
0.01882503972865051
0.010885091985952633
0.028593129116640022
0.0073680772130499559
0.023498352352480028
0.011426599994486898
0.012679021814112493
0.012197458127891431
0.0082755352405653529
0.0086646708870738252
0.01340794095649496
0.011080215143174303
0.0063102733337121559
0.0188899200269531
0.010389615011641571
0.036608716685609222
0.013416676976543602
0.02084275106381147
0.0036800488750383404
0.014436971241353092
0.027602904557740414
0.002281443698313733
0.0073848073496115387
0.012428169442707799
0.015087250295712198
0.0017690443960679161
0.026227165089479584
0.011806343077030509
0.010306372320735962
0.01716608485019341
0.02301657609192917
0.012325681792207201
0.0019265267649129479
0.02812907758749579
0.009908764433190614
0.0087537454079911273
0.013123861653420117
0.0094745128967919281
0.021349298037846482
0.0054340745341925571
0.0088650972869131293
0.026049653364399832
0.0010005785823080564
0.014181070037069744
0.010116985238066192
0.014654517661787414
0.0072509505441425018
0.022122018848313687
0.041954393888227637
0.025169636247812412
0.004899657710240455
0.022099606480555124
0.016571214222185698
0.0038237482248238341
0.017190391091396189
0.029560385679193925
0.010960414888642809
0.023975627444654347
0.012855803385127424
0.02316674703418227
0.0064516793488184352
0.022114779371868436
0.010381316413451865
0.015265967954493099
0.026852329288539263
0.0092268454765618881
0.013095113113975602
0.01174712102791467
0.011248725651610593
0.015625616401910437
0.011645060716567348
0.011966419086934472
0.010536278194808365
0.028200902383672941
0.021946562393106786
0.0082872527023077694
0.022711510714023202
0.030592949311309584
0.009851299470668283
0.020794020591113918
0.022627139266661118
0.014726426753654548
0.01387226857190758
0.019755064707337278
0.0066085152209203911
0.020347433953649744
0.0061042815576633526
0.012185023952034581
0.029547905859117922
0.020090836277899499
0.028277329621826747
0.023250947970946744
0.024431413284879331
0.0096414422549420727
0.021461818148361702
0.022960472390795732
0.032596256078942745
0.003349863743786651
0.011425761857806095
0.028343272005902042
0.0048585916141698415
0.014692378145355048
0.010388503766361169
0.0096121009798907052
0.01010182821352164
0.027623240010851681
0.004126388288115102
0.014704725508580544
0.028150845585620005
0.016518734979601959
0.020222944310694903
0.0066709687779704383
0.016224338193120084
0.02102093714787891
0.039418884655145883
0.014054383925999919
0.010590944165162262
0.015836188297025298
0.024126514369157134
0.016970713737286914
0.0019268545568955845
0.02252646913766132
0.0070883180276002742
0.010101652516075007
0.017376577743907062
0.021926632366488247
0.01191033002247891
0.050396250445770931
0.0067224491484496295
0.029770112198279238
0.034800046194386557
0.0087989180960975459
0.023577655295822824
0.022520080225653261
0.015737355918848641
0.021664158431774074
0.032880930503664051
0.016784094564117974
