0.65718838768088539
0.74356734528011859
0.73383718794505559
0.74586628890957951
0.76631464234972668
0.77764331139598419
0.76172997475338411
0.77490627027107861
0.78536991704924197
0.76230867718493367
0.73743958079551764
0.70550260446895219
0.67550220273082351
0.6719732210742474
0.67488723498194714
0.67346275735095218
0.69045010205661583
0.67534812576907932
0.71097944015739634
0.77201745346522643
0.72774107395326293
0.67674632829927617
0.69238757244355054
0.73087691815030387
0.71602210904656893
0.70439662379184176
0.64264059875972523
0.65116689311069342
0.65936181538108507
0.66006051024663837
0.57754282886913999
0.59865793097142916
0.69980275373532064
0.68910410650409382
0.74607729633688979
0.72219740862045922
0.63759533308109606
0.67283359500993634
0.73296200205798601
0.78087069826577649
0.65368810745260519
0.63877331386044511
0.65651108799253999
0.69638232441953185
0.68720224667395469
0.69718444894293174
0.73620301679932398
0.65974833001342126
0.67874485462135847
0.68173135705647381
0.70541639934122058
0.7228963796026866
0.69412022621872538
0.68411334868487428
0.70371601819578178
0.73118463691961855
0.7388241945161701
0.66275507269193856
0.63905691594728475
0.65028569250942392
0.61001212973515262
0.62330170852792033
0.61796864807521501
0.7226610350977698
0.712481806545882
0.70037767798531814
0.67794271702283071
0.65894806454472243
0.58976591481009055
0.54098931014810414
0.62048863488574191
0.68252283528589874
0.69512604899722519
0.7203956502532689
0.67610979972990637
0.61735287037180631
0.64820051944156765
0.64431698607962296
0.62042290942588996
0.5849667039162233
0.59334473725255954
0.60054834404438895
0.69996215848684129
0.70432736570864296
0.66292894458943119
0.74404923251649835
0.71607671456272648
0.73904594269580481
0.76057079034003827
0.71747081720648453
0.75447527689407867
0.76325639011005042
0.72388443057532703
0.71683571056232287
0.71588954757631962
0.73650359061772241
0.78859614467638983
0.77945815154007991
0.73884112741602048
0.6814787349685717
0.63271492731930057
0.51804267852109664
0.49629624162047187
0.58501260573170699
0.73069242344679486
0.76575487723298408
0.761252659028406
0.78589234879833181
0.72357084051892318
0.70915634809467365
0.6811399974406267
0.59646947045797416
0.59133761597703272
0.60757240623500841
0.65317959724035091
0.63389713792437319
0.61787954600927275
0.65076580715068899
0.63543176244575494
0.78072587686787531
0.74698684050640973
0.75379360870535539
0.73371189496221445
0.72740022597356446
0.72776031608023295
0.72537036170985703
0.72991820188754442
0.75470931852066758
0.73199710987179034
0.74201752639389151
0.74091350627062347
0.70664208430406394
0.71169175901633763
0.71672032577755396
0.66156634105165069
0.64712254315764939
0.66327600216211702
0.71072974196828864
0.68236349420858489
0.65437440488261023
0.62828948021278508
0.68636359769637134
0.77865173227614892
0.66688564505519232
0.58769767497541947
0.67669144418081006
0.69275937933809639
0.73460545024944546
0.70110080198148572
0.68160802022500055
0.69695385106599539
0.70510428756216725
0.71622674274003062
0.70943358061709139
0.70607097692796217
0.71765366076165915
0.69709097944667409
0.6782093749228405
0.72204015037535285
0.75691638396939365
0.71804939102769005
0.64694074372089427
0.6049494815573907
0.59894323894521118
0.5467544170661246
0.65009508191553089
0.70175130038604649
0.70621166342464248
0.7743161881142766
0.74283294580267067
0.67491631102594662
0.63679791246966277
0.65371216749161531
0.66855018238494002
0.63602524447002373
0.64379678788666739
0.63598178693466012
0.69058217700285529
0.73612149033502294
0.71399023591478672
0.72900323688815338
0.72463344509531469
0.67674273691877107
0.68747029289645822
0.64747734603907792
0.66220261157303251
0.75506181648181747
0.75064201619871052
0.73818679960554356
0.74164273895037425
0.7076701334319373
0.69479301635985014
0.67548533309462877
0.6991809077518355
0.70268267185689581
0.72276779982716677
0.69935521944214418
0.70872387703348505
0.68074207636661355
0.70209541755458116
0.60646370437210728
0.61339940223787681
