0.75644579604308937
0.73539072737463007
0.7096666073527671
0.6777505055404569
0.62958067303316811
0.63921028423903592
0.65608041481996782
0.67812898767308916
0.68526840365069375
0.71270373205275528
0.72027564664208432
0.73600190658245002
0.69629511241222952
0.67853693649542235
0.58105765902591311
0.4944478135832644
0.54969239427661909
0.54542110006138267
0.67956228214674708
0.72453193507564317
0.70154652082284541
0.72292832943513674
0.73907647707391821
0.75775002791333035
0.71977223402102775
0.70832065288287527
0.66482479221304913
0.68814422600254566
0.66934675424839007
0.67514828143506445
0.6992542148854094
0.69405852395683176
0.75539044982929893
0.70614209786739079
0.68278578478578444
0.65209598360130983
0.63407182921542038
0.70222545522315027
0.71105345988385793
0.67565066840735621
0.6170617686036528
0.58416296812089574
0.53583295146945398
0.61743223676190973
0.66311284140309612
0.65626396145580945
0.65418482852486382
0.65557794512694922
0.63576394969662631
0.65965232476861024
0.65328942119140876
0.71901472284620216
0.70101388801479714
0.74350332889796156
0.67943680497801484
0.69464794934325036
0.75457872011623139
0.78284866973856604
0.76069818705248182
0.74379408119558854
0.73505714808197131
0.68340498745473854
0.74050778269176309
0.72200149819911608
0.75101562819748002
0.76722378011707471
0.70579652061571596
0.70904912993411184
0.70322005683536748
0.69824077328015743
0.66287029268689879
0.71971957821742938
0.75048224184950729
0.66204326420198312
0.65517980134367726
0.67286389408876668
0.69632627786067947
0.74308182404198131
0.75811734141716547
0.71283959917587325
0.72695680304998744
0.71150157122176672
0.68336950934139007
0.64844207204914195
0.66123125926978565
0.56937072312997927
0.63555194534891324
0.64262030459998076
0.62409672436604702
0.60075635821581108
0.56608848084523478
0.5871773918257337
0.64972336700644284
0.672372373040246
0.66610473373594858
0.59473072393186366
0.59582567319193569
0.62347856207383889
0.65076330096891999
0.60500091459256977
0.56730042449589746
0.45030294756683914
0.40052212111000629
0.45462566355240147
0.46163822991815517
0.55889318397261323
0.60440960371621888
0.56907589411690851
0.58075243363812168
0.60664522298684087
0.75545994065981237
0.72434958425215445
0.71824151014091597
0.75163417643213115
0.73357116667277733
0.64943982907747089
0.61550608542132423
0.67804568308023827
0.70871111874331694
0.76349274297369663
0.72655588225950829
0.72223246145908837
0.73258151779609537
0.66888799867470716
0.75010343288572179
0.75394737712448767
0.67816949765633994
0.70487901491396654
0.68751568592116941
0.66177508145827524
0.74226788277554601
0.66664007498912636
0.69696365538567273
0.68188153861789169
0.66769818900500921
0.65546827117399842
0.72495553449840899
0.69857387314598107
0.62769007991154924
0.54244255463177182
0.48749315041628533
0.60484637707876321
0.66902436835082579
0.64064600383955783
0.63464067053158801
0.5946200629011883
0.49658792609138808
0.49456573484485905
0.52442647688064137
0.5008470370909851
0.53479708318034991
0.58760438204501764
0.69313522053931798
0.61994928959217777
0.53772863203920684
0.45545372808884454
0.54999827594492789
0.70240585719348025
0.76332872998720958
0.7717378453466448
0.73581445375591925
0.75125213355558484
0.72888849376738152
0.74205793203940829
0.75572296313013088
0.72200732337862061
0.66050353707447385
0.6824702915814318
0.66557535599595152
0.69697899347871839
0.718571937609358
0.72860959495836375
0.77678251937173282
0.74735338200400325
0.77701834404330994
0.75383670133630798
0.67576100044641962
0.59094476334302593
0.64643646140371391
0.69781461655152166
0.72719797649697715
0.75075759334796388
0.78203001965756291
0.7880507915291497
0.72836255805084338
0.73069899192938215
0.76239924560734718
0.76238302233126876
0.77327895030410754
0.78919657239551477
0.78482540666341827
0.74693819356681046
0.6921347107971304
0.73357910249974945
0.75874841712544439
0.73601625112314895
0.68643471668190503
0.70190809530786902
0.72534231581939568
0.7136804702959566
0.7394342666335898
0.73083737712906793
