0.8914495098886045
0.89443356926590356
0.89154415525663755
0.88870039040543458
0.8950186998406664
0.90787994482109813
0.92475332976554181
0.91859479902978181
0.9315046066077155
0.93674584603264976
0.92087941213490754
0.9254876454365436
0.90869871709835004
0.90769380072985095
0.84624377669008555
0.86948429401999761
0.89761837514607734
0.887077624295594
0.87452122311484237
0.88276808555951758
0.85594677421294119
0.88589018950221121
0.92600874626101004
0.93311158545500927
0.92387997461144244
0.88141159145655756
0.86599819298508929
0.92648874778310908
0.89269381461509723
0.89382273815701452
0.86637529000847158
0.89683663370407551
0.87522612154878021
0.90439171999088896
0.91712677384277119
0.91811037005956941
0.9027130143303459
0.92970873030563506
0.91314136488740438
0.85705346954597472
0.87702331587543902
0.90100491231672919
0.87241037459978699
0.87220611214474142
0.88099872380090061
0.90893938343319947
0.90126144943251552
0.90443062433403298
0.92056254576957608
0.91550543916584382
0.91138782674178787
0.92149899314975892
0.91323855133467069
0.90473465715031454
0.88777587610790143
0.89969678397475383
0.91314452293441917
0.89292425110796936
0.89862359467003272
0.91659586473884713
0.89893248082955679
0.91944170341417741
0.90060224088927254
0.88043212901514312
0.90793476012617336
0.90377046031535746
0.89531337179272241
0.88807481087330409
0.87639535096268062
0.92695776603298519
0.88963940379380313
0.8921112292962069
0.88814257948589581
0.92076097821282987
0.89780932912317368
0.89855441492975885
0.89442422372605646
0.89468547890203787
0.87418981780061056
0.88826168729887833
0.88456793799528755
0.90571797936013931
0.90096564421901304
0.8919581235549815
0.89881002529858456
0.91402201881309908
0.91919787148992793
0.92116426548808072
0.86253624883641378
0.86717282335837564
0.8880367789698127
0.8715954751717282
0.86919389701394167
0.90657272725228089
0.93497848862842836
0.93036552886018631
0.90840476175989804
0.91714257122871023
0.90449334394477399
0.91893783206644297
0.89042872895890857
0.90094668518271115
0.8871654553377335
0.86488208546371992
0.87486745356213602
0.87227344764818449
0.91379227817859288
0.88429342801371513
0.90814193783392894
0.90001825809442748
0.8986425031795785
0.88130971831264582
0.91219950398222893
0.90989369519886676
0.89170937035308484
0.88898458278544035
0.86750832094313146
0.91036224513624719
0.93112749707274611
0.89147184691517989
0.88279065377210097
0.87946916107755657
0.91195804842633132
0.91291125286934516
0.88963323978064024
0.88812454947403452
0.90023057666680117
0.91519941984970365
0.90928867851132844
0.9088431662705887
0.90261236276655776
0.89672020278201503
0.8909480496029879
0.88344056535397786
0.89353998939076928
0.88787612114901859
0.91468631402888234
0.90789866777992456
0.87362421474673102
0.86731101803323896
0.88592774284639375
0.88976971344856559
0.88179971300746329
0.9045715869537877
0.92416129660998514
0.90539150062574769
0.88196463266828629
0.92583896876067462
0.91106331770183291
0.89682230550513586
0.89984702383217285
0.86478457079655302
0.8810271512926191
0.86088619922459397
0.88614950363564149
0.90600144440522434
0.87724504064549369
0.89776194538946374
0.8815056036471477
0.88843881310572526
0.85595559548477163
0.88984494910604073
0.9075837246334193
0.89487375950940118
0.87740454236463439
0.90353873309671484
0.86946670319975405
0.88451967233066631
0.8773296834279688
0.90542538516546422
0.86606900633682637
0.85032960445027927
0.8282571660830238
0.83647518545681765
0.84525889008709931
0.88900521416286493
0.82486319209867798
0.83901764330229744
0.86306818588391232
0.87703338225638361
0.89883739444403266
0.91119006256952451
0.91869756621229615
0.90530739858611231
0.87568717632027526
0.91392179959114184
0.90665890390291248
0.91771806489157615
0.91274259287526316
0.91779459005010899
0.90748803059063299
0.89076087125623027
0.90771144499651935
0.9124659017265947
0.90096880841248694
0.88357113535954168
0.90711689715055843
0.90344192828721914
0.89377256933392546
0.89204307141094263
0.92486622465100621
0.92493146108599844
