0.89060063497702713
0.89874585913634364
0.91132353114592524
0.90654854849237321
0.92511787477060448
0.90071248381889368
0.88530640863612065
0.89252976495629455
0.90425620442226995
0.90649872717904123
0.91574051934100242
0.87514985169149473
0.887342013535662
0.88918592356701343
0.89180654993445285
0.89074102406302347
0.90795670830359354
0.90527874828283483
0.89829328104911355
0.91192824099471048
0.92086688712319209
0.90781299685712724
0.89384542421873414
0.85425870478779908
0.8612600736960887
0.87884741432981639
0.87526139515049051
0.86275842115477419
0.89615276970255786
0.8937000712264821
0.87298327435779999
0.84475382559587064
0.89991230380926202
0.87640175675287191
0.9077255327299627
0.91786865596626122
0.92280901350571187
0.8698534189702174
0.86285117931674615
0.92942439057980109
0.89733325343094372
0.87278180216509471
0.87040455437006548
0.88971198439035737
0.90597813784145476
0.89717766538288546
0.91254442031310568
0.89433002331347144
0.91034898903201089
0.90204440944382835
0.90146245803588942
0.91429811142099915
0.90399918016201641
0.88029049520925839
0.90977455803509022
0.90797497516131809
0.89684539617278902
0.8949852088935889
0.90848457216784106
0.91361091968386088
0.89975274866284394
0.91332976265964716
0.90262483456289921
0.89607844011248794
0.88151073370178878
0.91444332648156001
0.8801478816298931
0.8785283873007752
0.85836035536850341
0.90609882483587734
0.88062718915447358
0.89733313452159813
0.88783588540953562
0.89629429474183364
0.89053626838483724
0.93020802218931575
0.93668004563224105
0.89801730248517508
0.90031867036803981
0.90810183945557621
0.86934451517209588
0.88467862104346995
0.86463731287528156
0.84595755050180654
0.82336657679725422
0.87394040491955238
0.90363721481053272
0.91561909273048214
0.91550884787283882
0.88611251766688026
0.89235850464943345
0.90436681525492757
0.91986498218533153
0.91517001631093742
0.91204958071806674
0.90264424610082916
0.874878292459499
0.85341227067530512
0.88029279280667472
0.89861964641442116
0.89477685250781347
0.91507256533066317
0.91181002295582392
0.93166870979408234
0.90098744001905573
0.91407448447257167
0.89306120638038144
0.9223017251447404
0.9012616448511277
0.90535788009006879
0.90476256322961679
0.90531022901797664
0.91654954225790763
0.92352355711547551
0.92823498085932432
0.92117506603665089
0.91083413921100387
0.90534766325211136
0.90820478890070433
0.90717221267544657
0.87793472833526276
0.87810397958888109
0.89331269247483303
0.89621721570426405
0.90680203686389071
0.89759320895217742
0.90549999433219364
0.90557194210776981
0.89694585404192773
0.90424078090847204
0.91538188819099797
0.90987919723627997
0.90277382912684345
0.9110467366155629
0.89823546447896485
0.89788168496255338
0.89154519848405955
0.90773714861183374
0.9060568477097064
0.87749567698078601
0.86302663327868756
0.87266201757338391
0.90161977962057294
0.90423333657589799
0.89420740268826771
0.90011851871963422
0.88189158793131206
0.91208298529570864
0.88108575314979454
0.87409658408252255
0.87853027273041373
0.89210149117245119
0.91149830495303374
0.90390486846912677
0.89814801714158687
0.90427127356935288
0.89568448627621555
0.8985228952976223
0.92007077198733622
0.88566516633008185
0.92041402883210399
0.90155962685745117
0.91595048758232867
0.90733447475218054
0.89153684733075089
0.91565138312549621
0.90390758745244471
0.92671156723730752
0.8912322062143273
0.89202603020309368
0.86980437707072034
0.88677802075825718
0.90874091307078686
0.87528271285136294
0.90586143433586874
0.89622686868708812
0.88700499250243336
0.88422122072574683
0.87947827508015397
0.87454086536492825
0.81827329934323201
0.78034443458779257
0.87632596962930576
0.90444599281827209
0.93364132914149456
0.89866507705417253
0.90158642803088507
0.897222953171808
0.89362077527905204
0.89697392784670649
0.89849224666385974
0.9223573433553437
0.90575174015051807
0.92582664848067042
0.91309835577450638
0.90777491307828106
0.89499457457103004
0.90580037844459171
0.90923353959341968
0.90224557266247951
0.9228420302831043
0.9222959130735815
