0.90277566096721096
0.89468955899521907
0.88358536194470272
0.89360142089426764
0.89878313503898066
0.89751461044874814
0.91452475194775873
0.90037292040668138
0.87969925447813269
0.87039237538817738
0.87561864034741543
0.89923025493190079
0.89931928839259734
0.87173629640004546
0.92407717042517556
0.91201899637376393
0.91257695100796965
0.91408587517858142
0.90646819708587578
0.89627478516275905
0.8919329590037095
0.86731298839501647
0.88883102576684625
0.90105117123138667
0.8798139435833997
0.90603526576881266
0.91359786506995977
0.92370882771792739
0.89600977851209807
0.90018006014941454
0.91313978812616536
0.88354292045406579
0.88320075359858252
0.8705896533766464
0.86629832932175488
0.86251185503355443
0.88952218821495388
0.91423537438417302
0.88847123057027799
0.88989746799495129
0.89487130156523642
0.88508484363786788
0.8663403664383601
0.89349847918919911
0.92381501254086207
0.90334841565216706
0.91032224603028666
0.92929095280777319
0.94023767842644501
0.89431320886724253
0.91150629233420988
0.880785053495583
0.84729477412408227
0.87804728621783279
0.88517877788076105
0.8978917485027984
0.91790481439921623
0.91105117924172041
0.89229203637721533
0.8897562766731868
0.88517688900386071
0.87278580820959628
0.90793996296576895
0.90727937285443072
0.90517110779256293
0.90210470533915044
0.92330781635211601
0.91757172584792435
0.90867268370886267
0.90197813015377304
0.89173436310890064
0.89114898605136783
0.88084126381938521
0.92071627021714031
0.9040893454905794
0.8649150251214468
0.88566431332187057
0.9221746452263726
0.91595719085926819
0.90959373731438731
0.8959945630838021
0.90064627192255242
0.91631321769818519
0.91338530936280915
0.88278288130896676
0.87664730622239795
0.87009124139131255
0.88756489612430212
0.91350227979772813
0.90117810218102479
0.90939266085353077
0.9059422549633136
0.92499090602050915
0.87435070857963482
0.89361178879848036
0.89985331677989655
0.85154272833135636
0.91370310665705456
0.92978043607911975
0.91748569024377868
0.87411403393755183
0.89896714576334413
0.88121441381139431
0.89812982450427736
0.90143547121029677
0.874691865901987
0.88134274002788671
0.89578311287470924
0.89356179235745592
0.89749085664212325
0.92322293510830566
0.91716253008605142
0.93768041457098839
0.90817413546124925
0.8750656960931037
0.91246675597786131
0.90399690629273377
0.9223929100055458
0.90753034396440724
0.90569882760915132
0.90328260111169334
0.92819341071099892
0.91219125628714415
0.91781290929483239
0.92594224250535784
0.90755597830912205
0.88039714801542068
0.87514099977500159
0.89809327219442958
0.89014979859060817
0.89546987886594209
0.8850648717743822
0.90252842962461755
0.90458675524496124
0.91779448356006188
0.92170427429941937
0.89386306083650646
0.87546387344268073
0.88405377147518271
0.90577230115777452
0.91303462351835385
0.92308259476056742
0.91276907195893031
0.93086376963195161
0.91916758720997838
0.90653495117093152
0.90745659960843827
0.90078502344146738
0.91696462686992997
0.9074815292179057
0.90102206583880584
0.92153553916675079
0.90048151694709999
0.90459009238716892
0.91965109828221148
0.9301268968096329
0.90228622466277852
0.92567538651021619
0.91595215018377041
0.9042315766785588
0.86602668497365598
0.83280802072338256
0.86671348840729934
0.90388988092521927
0.92568965813849857
0.90985448791763268
0.90218633301146101
0.87951205657779263
0.8845612079452958
0.88604931829803091
0.91846333926562074
0.90879135002456779
0.88539308081136414
0.92927502669976758
0.90644228040636365
0.92043453078709181
0.90821010927203816
0.88182315699614178
0.86799835851605478
0.88748471710712618
0.8743345562812791
0.9133337406835883
0.90680633263670407
0.91769430554156695
0.92154577203565469
0.91589494354493495
0.9274815182467242
0.90341431590479171
0.92004272379274987
0.90609246673366906
0.89868219230432711
0.90266966246212288
0.89162958354055188
0.88989097619918844
0.87103231282152627
0.89764352034221973
0.90524328072579263
0.90237369617163821
0.91391678330966475
0.9037852484920994
0.89776627565374367
0.90544918170440369
