0.031938666338911979
0.0039058307652284786
0.021931510112333023
0.026223694292929894
0.014425280212788215
0.046681857285973759
0.045643482636220527
0.03147734564892888
0.040105833111853353
0.032492913976362378
0.016596787552999582
0.01954705443843914
0.039341108992132723
0.013678254427072486
0.058729719050725569
0.020490546712162813
0.024710120132852346
0.016326235173496143
0.020138145621068592
0.015146833675508618
0.0084637396434411767
0.026139105694913858
0.024513364245727757
0.028685822544952971
0.048484344267396381
0.027056052734472483
0.031947837482749084
0.024882860971782265
0.0094322420788206622
0.0215527384979529
0.024342513670391024
0.018220144537236575
0.017785312223940267
0.0084074092017437894
0.016245014058194493
0.017440397709864396
0.016570890556691861
0.0099535379056174371
0.019631851170282818
0.010143773642474234
0.024109669840546796
0.012043889727012511
0.032414440804572099
0.029976395840302948
0.007024187416230461
0.022121069847650485
0.040062204706110077
0.0087523119165396675
0.01202124886295979
0.022873230565084061
0.024566258153745885
0.0090388895433669188
0.027292897531589259
0.014636709537486027
0.022968471756724767
0.022390753238617028
0.009239088304325618
0.022001532444439972
0.020857197170326625
0.010729907293183552
0.02808644027969838
0.0033128106118727857
0.031605859807500067
0.018370813299975107
0.027454017356468446
0.031834362501426593
0.016372416868684271
0.019519349220761172
0.003745669410427155
0.034909960831867405
0.0083360603898620048
0.019948078255659148
0.01221194788355541
0.024248949833354908
0.021714317052209397
0.0079744646284666786
0.037173895469074313
0.024810189924275985
0.016735044926629267
0.013609389518825154
0.032914867655454157
0.062715739660602385
0.02617847126822875
0.012055203810340505
0.014893979751525564
0.017803926931698116
0.061760318344148787
0.036649040589815315
0.01193306852798209
0.012191652381658005
0.029770583339282026
0.036886745755056891
0.038926499217089912
0.013028216950773865
0.011729422604980017
0.023755197435343406
0.024768871090453583
0.0136025025169193
0.022749939656529019
0.032235118548672018
0.0076993198017798019
0.022818389834477888
0.044794230402051792
0.032142841983286423
0.0085187419421098136
0.0059406016908447453
0.010621749082563841
0.0094100165806024049
0.019212504454042281
0.011178770045885229
0.035118993936765493
0.005937216100161965
0.0015788716030582192
0.01861020972420593
0.029134328147972913
0.014836623994332393
0.012695086501944534
0.032932786716235403
0.014826598309432698
0.004793135868449057
0.021204016900063898
0.03804220936090446
0.0058469363319192278
0.029084485663178665
0.021157794671778495
0.030739884516789173
0.026159237068522728
0.042538316686512999
0.038961351749654663
0.024290928371103835
0.020334235090160184
0.0059116907371511854
0.022612518219645307
0.025414879129612045
0.028173135752160579
0.022681254379365388
0.026899353532585185
0.010326256824711045
0.034855817456649757
0.029206804254637959
0.01162586634641191
0.031214153728484344
0.024751111483735367
0.022802631987242476
0.017949176699759494
0.0060389522958797697
0.031294763186717853
0.013162930702752899
0.023578419530984579
0.019996111537837351
0.036382876286551381
0.014846208371129791
0.02075024430397401
0.040625205353983673
0.025293751924154707
0.038931697816839875
0.0300844976654276
0.057680253172829682
0.015026125268964401
0.018202758558007997
0.01511985400569105
0.037970327785494661
0.036982622226412555
0.052349603671748651
0.037591886390543498
0.030770797624789153
0.027857316173654216
0.018067063738785485
0.027020297543716799
0.011367549749188761
0.011852564190406886
0.030252269002439963
0.02490380066866035
0.034676182263183378
0.022253431027741032
0.013586473743018445
0.025349288229450557
0.026325760603746758
0.015435664919456752
0.024550666914910535
0.03657780587402798
0.022211260022164111
0.039096104169201402
0.0058647889242249857
0.0097051044100324758
0.030793426173930185
0.020519917556731441
0.025921167751944297
0.012647412448166131
0.027885750610240668
0.020262306874904979
0.012691642706296084
0.017822824930519864
0.0090390627250530615
0.022985489363129719
0.023015626884314015
0.021943648829246515
0.034968131188921309
0.029974286787711708
0.038594576386842716
0.028803923053101945
0.016500107586273752
