0.014294576367330844
0.025996481954853698
0.015260622942290939
0.0034249685877675777
0.033485904792934292
0.018094152645580071
0.0075588966299303803
0.013384362845039384
0.013021121563134742
0.032964884971012499
0.025313853843723262
0.014703227268324322
0.023621584482221528
0.026122893540503164
0.013934155964513816
0.020857556948568445
0.010269150176053638
0.0096893123374143433
0.011787468648383596
0.023213445137183927
0.033765462488030473
0.010570372432407075
0.014556845556463558
0.009276242061404252
0.027395581550636757
0.01917067223707785
0.00052004129460844859
0.017932785118786553
0.031044909627256111
0.024700764040218759
0.02434331584536761
0.012091584628889412
0.021094840806927168
0.019663923022422796
0.02507186292069925
0.014103756784164806
0.0075468437145245326
0.017033495869407105
0.042037278433195636
0.019447660162251933
0.0092057943689372486
0.023604264915209797
0.015025527541250836
0.020632764203933798
0.033178931295381305
0.030598805439549372
0.026087174543311064
0.047237020541816221
0.013302641050029523
0.039372100444465818
0.023389019728055804
0.034671275914745642
0.025147112532717938
0.012884730211289702
0.017188276998770066
0.0072767282888329841
0.014269031600677044
0.018178107293404289
0.021713285484063878
0.023035258538282803
0.024817505662111664
0.03963135710937505
0.010370428100313495
0.0071593780004364253
0.0097981480558828968
0.015268187959429093
0.025640113272172124
0.030241849999201761
0.0060997685241225121
0.013881182891988753
0.026560008516903044
0.030105404844552857
0.022831040511842576
0.02320247470088535
0.02233979949727196
0.013629220166483914
0.0066997977399002552
0.017243016365230037
0.0053472553651977171
0.020451871926456894
0.034765621102587817
0.043841862269622861
0.032144063987387013
0.012516714507172231
0.024962719462690807
0.03011402461880279
0.026744093224363719
0.0095448710511724377
0.012620399138345294
0.0063706864345176844
0.029884755820565555
0.020294113865304515
0.037437716061671816
0.0097047743003127167
0.016738723605070661
0.013943631736602775
0.031540538045527484
0.025726952448039068
0.016749438332362501
0.025800388197971355
0.017662101282985152
0.0039847920889096115
0.014076655812048264
0.024492018313087893
0.029167028185311698
0.01780580384340659
0.025058062379335087
0.0081629509323761489
0.029233206654588163
0.058866613846791011
0.018749316762257783
0.040306442405008802
0.027610407470323402
0.017820218162028802
0.02358619205381237
0.016892492517417319
0.0084288035679553844
0.04320940911082996
0.030500896793220829
0.010270442078108968
0.012975515398527756
0.0129084593178637
0.019098670104720373
0.021783462742110668
0.013509280278865944
0.005084290479493817
0.038350710671831795
0.050116158378512098
0.0015460258815064578
0.0037543139876733628
0.022142702290171339
0.03243849692001724
0.031755117033633373
0.018430418947207036
0.015450921227377422
0.032172558320990668
0.0051382898924463198
0.029268556654973948
0.0058104252678929883
0.035551903425654161
0.026208581437316667
0.030258715694263697
0.047246953730476243
0.0070209221513033359
0.026227163147398945
0.021285388852142394
0.012974417306663971
0.016397598668139723
0.022061749471355547
0.018652087157944239
0.017569344045672161
0.029497023759801261
0.023651798492542134
0.0057305950905721294
0.033620165640931329
0.042542941803779925
0.028797341650748612
0.033198331244884208
0.032004550516189216
0.018725236672439288
0.0053442611402661211
0.0057858482588324231
0.020444976273248157
0.024329089765116985
0.015253585712031954
0.022424959462626615
0.013214840478132648
0.016248768917948152
0.0039073947702978852
0.019336057291164534
0.039883022863500615
0.0069674184139840514
0.025840660637665904
0.014968325587142077
0.018159089368795629
0.040108010826724029
0.0089127928249050203
0.0028297295610787035
0.028873320880896194
0.0060342226899996812
0.0036178636295177823
0.010006280065385873
0.023209417447287432
0.023648417977776615
0.0080748511886559876
0.016593319379635933
0.013080416117981679
0.010019097385097113
0.033187951913879021
0.0052072173545244117
0.018998104149353479
0.015527885403519228
0.021482160241366139
0.0054905984775118653
0.0053765915421277923
0.011047111061844025
0.016374595934762579
0.012815752542239768
0.016183086729291019
0.013670928475441562
0.026190032286053606
0.02085205246082673
