0.025330231032229755
0.032873879913818828
0.027628390749452735
0.029843009621215319
0.015974883697058115
0.013341104598758553
0.0095473453445845628
0.0070441722824480723
0.013847137716056463
0.021037106981899735
0.028485912443379422
0.026068890927231629
0.026818234815782445
0.02551210612968681
0.023330154236355691
0.02296592599463932
0.027798601455969702
0.013269944241804102
0.031275951766241927
0.020519775849353359
0.047986671019813944
0.023328163642286098
0.022529656996663802
0.026341147426723579
0.033004340946328488
0.0051371943437365898
0.018394995534337884
0.014843145152770319
0.028438890529929428
0.033313682203048832
0.037254039086359748
0.01425083844144011
0.019208100504203112
0.013343247042537617
0.004707361933391334
0.0016814290272586362
0.032485167122532299
0.037218496243174852
0.023452243459139623
0.0012228089725809931
0.020172123629255342
0.015844525264968077
0.02429942283440336
0.01835832976858123
0.022576534861243704
0.018386132521582308
0.058350958148734387
0.025193706894749535
0.003681552618970259
0.017133197604498038
0.014784732349038782
0.055976600991242513
0.0096029167853736771
0.026179769393376347
0.022325994637352162
0.048497457088560098
0.021012129483229756
0.043845521413353808
0.023218908788031869
0.0068314859905846204
0.026285805493839073
0.01969347967600733
0.021392271682749407
0.033454477343526884
0.024303059267837504
0.008964935589457405
0.030645598878075924
0.019387887346809685
0.029996930642673243
0.037225259463589642
0.013925903910846528
0.025642027897687967
0.031509908774079602
0.0081458274846640671
0.013865659513093351
0.0083900335128878987
0.0091337129218060659
0.012471535933883041
0.018954498384534082
0.021389136023733494
0.014763357290805147
0.030454501497306781
0.012460246571999583
0.015695825950673516
0.03068033904787075
0.024699100214556725
0.025463279104906686
0.024251227920339062
0.020403904986173445
0.033321973852213908
0.015009654374397476
0.0052123797079415696
0.030909999673692574
0.003869984583476978
0.030531391423886393
0.012101311399884383
0.017533645433800232
0.036245398921939509
0.039769912528728753
0.023113339047784738
0.006829583692748835
0.0033878683557758333
0.015415110122285166
0.023620219142066454
0.021860221921882805
0.0030103867605764576
0.015065625198139903
0.01873169300874836
0.018146055925356109
0.03123054838941516
0.0079768837215395631
0.038421204511404725
0.0037109470053934158
0.024129426411140902
0.011252135177875799
0.016116494175320191
0.0069188688425197925
0.015080243274151306
0.0075990483140499394
0.017007815508736635
0.012280001233747407
0.02496452375646838
0.014268695412580813
0.024248887459664154
0.022913374737387929
0.019456123949013276
0.021703916812931896
0.026260419769268354
0.012821243215484982
0.02129294356180671
0.024486182601981217
0.023516382230359959
0.02217634081293773
0.01240213400480741
0.025959622822062312
0.034217437088148665
0.022809067159196783
0.028434498004465934
0.017311962243821255
0.015071329178148117
0.024572897732118508
0.022360239678187694
0.010378737005788051
0.013219280166359036
0.020292303318583817
0.017836815265362953
0.020654134524095081
0.017400475127137729
0.012656452515215256
0.016559408949535722
0.0076535596070284604
0.010404104570657564
0.032903389194063493
0.039477722670120008
0.0082576820098438589
0.0093675706723487934
0.02016290912435947
0.017908177941277196
0.049578996638733046
0.010795098472678363
0.0011626531742729193
0.021837048113995342
0.015661824360437789
0.021932749408107716
0.0069820651963251922
0.0067879298636045219
0.017019668272975061
0.013439881084697026
0.018934249337651803
0.011563225692563925
0.028586287610415467
0.0068264358972709646
0.0070799141675659035
0.023509863787400598
0.028222570030608993
0.01941582881447345
0.03384153158816041
0.020191509976806566
0.012347860088483655
0.018327796900721477
0.016505095377181506
0.0098249298119850552
0.0090404685040487483
0.0068900094907290528
0.015348026709401922
0.024457425543140895
0.012474583052181533
0.03447740166103682
0.011126091835907806
0.027858216002041747
0.0074668345521368262
0.029729127386551434
0.010534661842850864
0.0075821007121635716
0.011875606215850074
0.027631587259144785
0.020454422263980462
0.0088058116503887569
0.035180310247136748
0.033553666079893643
0.0029748684609411597
0.013006678090817528
