0.0069882542307878716
0.0053984746468749125
0.008212621369339302
0.0081316125645804239
0.0027908154145570132
0.003261289393560139
0.0047273586403386364
0.0066775100484278548
0.0038771157202119482
0.015556260911762656
0.012007130726699275
0.013305426450757428
0.015282877281848557
0.0064589546423516123
0.0040671507666172023
0.0098145505678925056
0.0093839952656833737
0.0065093822565035252
0.0065719456982269598
0.01450038022603325
0.0026953975966520936
0.0079223395482595979
0.0057252914984068926
0.0064372552473647825
0.0045099154924494803
0.0039792732922544483
0.0041207867407898318
0.0065036874838144288
0.0064713553145489371
0.0062046161101934972
0.005120845820397373
0.0043860132152104521
0.0078915989446528313
0.0037709781593364459
0.0078925972970876283
0.0033217748672643706
0.0030176336424570641
0.010752312864402038
0.0048418025595446919
0.0039556345260935944
0.0080360967559716511
0.0064419762439026926
0.0067153600864638474
0.0066574052581740715
0.0086930078380652673
0.0043976699268966418
0.0049572855716389303
0.0147598801350223
0.0089464216221211978
0.0069084752708858301
0.0093168200024839089
0.013243088859496824
0.017662102697501604
0.012146098397191154
0.0081628385783876038
0.0104835813082813
0.0070586624010680436
0.0044185339632624183
0.0039215314502428636
0.010405647310211971
0.0045886803807619787
0.0038428330835034363
0.0029186453192396036
0.0028309427106649266
0.0051072240029658355
0.0082412581099211655
0.017285344163164029
0.0037155665772124606
0.0044649489369852973
0.0076747173691141726
0.0021678619722757695
0.010764550020672232
0.0080574811943058787
0.0067612677276208824
0.0021110331599410574
0.0098183547665462844
0.0076947900735118884
0.0095949962501187588
0.012346006867327669
0.0075014017233957803
0.0028846953162087602
0.014032024823380158
0.0051863172403546695
0.0049838271394995722
0.010085395254785268
0.006348476782150809
0.011337154890813198
0.0092908769170061984
0.0048087971582433846
0.0079058478244729072
0.010235870695693315
0.011996044252449841
0.0065850236907120585
0.0021227155005080203
0.01432797143985267
0.0054281540684173943
0.0031249463075306446
0.0077239704948092137
0.0062886880088681282
0.005696835897083025
0.017373663382522019
0.009314357451269812
0.0073013345553945876
0.015823077468824366
0.011592664298145896
0.011971012227135334
0.0032536159414002829
0.0073256630710565067
0.0076974906510988081
0.0025380052113490779
0.0064510521716564474
0.0056095550913293438
0.005313559246039763
0.010581091477652087
0.0027773788144769451
0.0065949138507709372
0.002282734182470185
0.010657159116716552
0.0055612744042266805
0.0058517746369488744
0.0051657027223522027
0.0095614799735942533
0.0023228046990129178
0.0028926679129043951
0.0084177652522157854
0.010277109638839772
0.0046499009277369604
0.0037662080175040807
0.010678699308220971
0.0064561365226838844
0.0052795363384870835
0.0087313490176325302
0.018728937024292749
0.0045697635613393588
0.0073792712841676787
0.0080043009781592088
0.0020080271454556275
0.0091635070905730243
0.0093715424043952673
0.0082081964679617623
0.005159908752507966
0.0061914875006509208
0.0030727541583686997
0.0013663022227487851
0.016001216901231602
0.0078656408282194411
0.01100054916628883
0.0045231520213734038
0.009302530936811151
0.012048546773820555
0.0034739593599234712
0.0030689931500890145
0.0074698851670102762
0.001429762936509207
0.0041941120635975611
0.0029953124915871447
0.0039456022654331072
0.0050552317959666297
0.010513267524626781
0.0089314511695999226
0.0067449627358765205
0.0059548547564731626
0.0062499569702937118
0.0012611991426091423
0.0093435720348964101
0.0049502750006884724
0.0025433269388849423
0.0037422109459547717
0.0077191893364451595
0.0035562242684403921
0.0039401135999136234
0.0021745304956410582
0.010350155146774877
0.0066157809955588089
0.009310170441347734
0.0069827921915725033
0.0056408836048491258
0.0082592564305155672
0.0076880185000253827
0.0065663136612295519
0.0085976412542264329
0.011570253953903733
0.013739980161234056
0.0018975763859065016
0.0017223109790191853
0.013734021463539255
0.0055792359395929894
0.0065983741337944596
0.0028740591515819523
0.0060535745890101834
0.013016650028437294
0.011802523741622417
0.003099642893968834
0.0017783115476236288
0.011553050140073656
0.0037996345905985498
0.011958651591581273
0.0023553628345310967
0.0055320090473538414
0.0058924315791610993
0.016171224364259155
0.014214487842662061
