0.0066306690304587289
0.0016020473707134787
0.007783453318866959
0.0070025164251545655
0.0047858116201331099
0.013224563747762685
0.009166774538270861
0.009952847183156829
0.011539411453645721
0.0033815957437676588
0.0025732945368602557
0.0059229945892255807
0.0067026070686303889
0.0016925921602941943
0.011128722143411306
0.011907309336683446
0.0045554260315659352
0.00076023711581461558
0.0033301535959530354
0.009548253085594911
0.011204439132237324
0.0080580369245798686
0.0046735604823205344
0.0085304400071515296
0.0032640498513685249
0.0068520901375109826
0.0036788587389313386
0.0096025841773211933
0.0046342052452645497
0.0031087963922526059
0.0082197592568996475
0.0060842277975169633
0.0094165327680986507
0.0024878916890015003
0.0021038518038312562
0.0062621764317938476
0.0057834562747141501
0.0028931997406384355
0.0051298282183581548
0.0039469164960976742
0.008632870665786151
0.0028911925854584494
0.0025419667404726867
0.0055849665710671686
0.0048689352063130418
0.002850555128826677
0.0066382029476316374
0.0059214021885629379
0.0047387228352629551
0.0086000973520629909
0.0012967529410165962
0.0027389598794636972
0.0018292115405744811
0.0043694807081539524
0.005740106428808592
0.008006660224818541
0.0032588248907561056
0.0032802946179784462
0.0057617295429734016
0.010002839667798585
0.0010752794951817523
0.0059399029952228975
0.0063678019961819331
0.013905388533950212
0.0057047165596784627
0.0092994476060351619
0.0045403269905671438
0.01585506688173818
0.010801106683377941
0.0072052797338950907
0.017080147645502398
0.0027526175786859353
0.0062400443007278612
0.0078945464783316873
0.01309926219510891
0.012744990080496182
0.0010330268846695685
0.014062678463277155
0.0072205411244596618
0.0072752834058869252
0.010323258605110745
0.0024135111261884752
0.0061265824379278236
0.0080786875959361487
0.0031179887754995074
0.0080169661674517716
0.013749262742221054
0.0059506279910490085
0.004596982901854463
0.0092243287347434765
0.0083898154152605275
0.0013973750638194109
0.0080815459045505481
0.0085537554811216023
0.017306108964102791
0.0012571975803481743
0.0095320695711636361
0.0082135189407915796
0.0064643619021140285
0.0061047578188227775
0.0072238302653997765
0.0049142693905626835
0.012954364324491334
0.0060489046013305712
0.0033653830659080256
0.0099642067993593493
0.014781319435425667
0.011382195121667237
0.0027192657426264024
0.0046703484718859153
0.0072041279004243994
0.0046940044882672234
0.009695342001556962
0.009408093416484721
0.0069801375750324296
0.0084476797283071885
0.011952378720825675
0.0026421246214003574
0.0039645315654022375
0.0019418323382008615
0.0069429816330721251
0.002087179962631973
0.0070443522185353125
0.0089848720517598374
0.0033742510865024593
0.0042262819463318472
0.0089543592748979293
0.0093987556044193357
0.0029622136033986223
0.00524039490662369
0.0036627391980787955
0.0089693948174202776
0.004456459715008001
0.0044604989486686742
0.0036728061067019275
0.0075469384190581532
0.007321000517978871
0.0043688952200162294
0.0046279442177004282
0.0054712444153365352
0.015809756131530499
0.0022118780832365496
0.0059065637748516864
0.0092954519135117989
0.0054307366856935916
0.003026711223396302
0.010875758102868761
0.00063817131679177823
0.0028409904591512936
0.0056056058003841986
0.013440785365068975
0.0095351656461354541
0.0058276130640812435
0.0047562748207355121
0.0024203152455529136
0.013940997376135803
0.0066685224519440704
0.0079074228004644299
0.0071400583723514677
0.012157276767241173
0.0086724002568076032
0.0077404646830145319
0.003586735568716221
0.015254493364436138
0.0050931684235450405
0.017714230202678097
0.010968620655546256
0.015832677117758827
0.013127978258369987
0.0062724541927081179
0.0074619859920622821
0.0019832619196833846
0.0079090833199032921
0.007817805766895853
0.0086305808439454106
0.0062799482148282876
0.0058937305859460528
0.010188007163518102
0.003653799626288686
0.0080082411655204404
0.0057633823555986591
0.0075793178599963228
0.0011368140520184812
0.0094976994983656162
0.022896284846715981
0.0058215741792607993
0.0046749576793082828
0.0093085598096914659
0.011154431857293364
0.011561406215672768
0.0037204110046127475
0.015531337173828487
0.0094671378135356542
0.010730744273802523
0.008855196577060253
0.002659625729390879
0.0090387970755060904
0.011872605466033253
0.012773421902291408
0.014175456324178473
0.013031507753820747
0.013377134191891413
