0.0088957725389484186
0.0029477419875337603
0.0058683060295115939
0.0065410690801687788
0.00053230434096204196
0.0043537279845741756
0.0091348187593694227
0.0021518537760300332
0.0076311131272952587
0.0039085650562668923
0.0094331631577722688
0.0071782470813066789
0.0068149739219403923
0.0048170093951878153
0.010687573549133494
0.0088301694224659673
0.012339960628268198
0.012440692582239394
0.0057913060068992628
0.0094389167635586385
0.0070470195751175229
0.0088959002820600402
0.0092931678526068477
0.0059803413846392416
0.0041423838978089959
0.0095527579705194897
0.014685025568070888
0.0012606666145723025
0.0068342058736516305
0.0062106421296874862
0.013638499394634358
0.013920476012826985
0.0064432706258543363
0.003369747744757744
0.0030852469394318698
0.0039043248467340252
0.0061095893498847517
0.0077375578142920209
0.0029750870537888661
0.0083362935348077517
0.0058023514375886084
0.0079399080734977381
0.0067654309545877242
0.0031260812968966654
0.0077911722145205427
0.0088065445540724818
0.010132727312281044
0.0055000085968917459
0.010394776634046261
0.0093008611513749843
0.0031855943261378497
0.0051654446442038092
0.012206390629036936
0.0097778543721027834
0.0025997416994189429
0.012191761973800702
0.0062983610533438308
0.0057985654296251396
0.0042843789557287272
0.0060770390808707365
0.0093066344374546049
0.0038600703197450748
0.0027381719246660015
0.011764633738392956
0.0093645418096171672
0.0043011642780036398
0.0074764193911736904
0.0031197479952728424
0.011819405851462936
0.0095579947133780478
0.0012014449429084467
0.0088495470811428192
0.012250587100896548
0.007823156082193158
0.0051615475600810135
0.0018227635204650222
0.0081340872397409995
0.0062673698201055339
0.0057581497147335785
0.0076522867607331426
0.0085852527002041306
0.011527118369974526
0.011277590148328537
0.0096373859272919551
0.0048576640119908235
0.0034991849126798872
0.0033002702985277859
0.0041163560131051661
0.012334682131558394
0.0069685283240011062
0.01320423084197587
0.0040660474379752417
0.0043103485983030715
0.0052622856033085908
0.0072072151719598469
0.010538809713778945
0.0051386939368036778
0.0047711953627237102
0.0092737357638495999
0.0050814862078460169
0.0034303058836483479
0.011255683620259539
0.0037407854956065319
0.012600092086088427
0.0010108549122398944
0.0077386069806848401
0.003700651735656456
0.01227664628013132
0.0036098995029962802
0.0064809917522702523
0.0049060904753116903
0.0098694936982360124
0.013567361027788324
0.0042120359961696462
0.017433999458751018
0.0078075057368915141
0.0090352154617690059
0.0035853395037495086
0.01337064287155388
0.012366449294055826
0.0068731153936979787
0.0013516004166698634
0.00057964479706261332
0.014978555166934094
0.0073543230432839826
0.0021527321196563639
0.0088215144992386686
0.0029554525638646901
0.0078551598007809663
0.0042112173541638048
0.0036887388526772916
0.00058911651947549006
0.008065399866227221
0.01027083912570023
0.0053413360694424461
0.0091238277059106608
0.0080849041436116455
0.01066301860538129
0.0050864230163791043
0.0070490386932203913
0.010036789438612612
0.0064616768944400736
0.0024033540349095851
0.0039327846680820783
0.018518562887332293
0.006789614732319536
0.012307821896091328
0.0089762776235201187
0.0072365011716282682
0.010725373979086171
0.014051293483421344
0.00086291021720513793
0.013368945572304176
0.0047839413925209982
0.010444699753305496
0.0058107093100376551
0.0072036261398203882
0.0077009144530656506
0.0078549620251726383
0.011962200431116638
0.009759324231853066
0.009003132916172182
0.0071361599512497738
0.0055401248721025928
0.006461319600352294
0.0027388248034902049
0.0034536688048635296
0.0050826906811839911
0.0049515354762832888
0.011970595303431714
0.012678055790326739
0.0085833988677357399
0.0003904342020980662
0.0057982457820909428
0.01067972388519064
0.0097506790072139395
0.0039278115009007296
0.0085353730602191012
0.0021156296565409591
0.008423037202436489
0.0018285713430756247
0.0096883908811047498
0.0042017050203292331
0.008589233831352695
0.005447151216334674
0.0070820606582131197
0.012854664287123271
0.0073185190021076854
0.0047147659716987754
0.013539536120689035
0.0010419932969039745
0.0095056399488030584
0.012657792882729576
0.0053397178710928826
0.006211199914528385
0.014903237852880665
0.0047192780399921879
0.0068115270720989704
0.0036476456471400366
0.0057399044136768216
0.0056658511464941844
0.0035199498700287076
