0.016574939402735116
0.018729829695522199
0.016176239339190025
0.027106932389081219
0.026053847201674619
0.025920779084384924
0.01456514579964502
0.043729046510892988
0.044966248470773622
0.01736415449286494
0.019943180208187437
0.032684398787951832
0.039918875859708651
0.019924231998635532
0.021927339055041118
0.0069166662968777838
0.015035897707384742
0.036061439455912253
0.067003305930796744
0.021399691080710732
0.025501588777973826
0.029897941634655728
0.039326005971302001
0.02544052416368045
0.040753245284743257
0.032429726362598291
0.025563510035806342
0.036529473467906803
0.025458756774730546
0.015153128201010462
0.0044313944144395781
0.032430262029618441
0.032764157166952121
0.037573977925618514
0.019290632119786637
0.016759387559937586
0.022372177635597189
0.012304229550740462
0.0090435151055710625
0.010188132172889547
0.015714087729219232
0.0056609950996599377
0.024203254045260084
0.017107597306461705
0.019303414295202843
0.042918026697319242
0.06164719788421958
0.031658642317358571
0.030969476328383285
0.012988686841135938
0.021540050476140202
0.015669501726778199
0.013690315864503229
0.032283745567882133
0.01605193894782643
0.037106870124656334
0.022635547680822956
0.0056149284913963576
0.0077331057697406381
0.018589722659884327
0.027308494681012156
0.029362825547164149
0.0133293392157143
0.0076815431765198195
0.0066625590733266869
0.0030330762272287753
0.021856962618620242
0.010668584641964884
0.017725611630679386
0.027648824612640895
0.0062935733561593774
0.028901136916613567
0.023910505312826021
0.029648992924412684
0.016532349474131798
0.0068050702844622384
0.028854734719857066
0.043900858304111244
0.01974643078370001
0.022362739233384287
0.014311279827201647
0.0087367776596368255
0.040129655636970046
0.022771366770786367
0.01516148855113276
0.051172074856113102
0.007790108453421608
0.010996519064765384
0.012470420451772055
0.04607328499360714
0.017915918039282365
0.028465795666587163
0.010753323767643409
0.023436672102150048
0.027634706410126549
0.020545102305173538
0.019455198555946875
0.021086858835324785
0.014053399379672964
0.0081827544082302937
0.02602179216083457
0.026216675489310427
0.033777003591219212
0.0043079854996889797
0.037673462353672624
0.0052592545068266558
0.028883863543553552
0.019599914688585601
0.032810990623911115
0.055079296249768268
0.042795299602733962
0.038995284726272492
0.015131254730170168
0.0087345156673147399
0.010807988160928834
0.0042343852342172691
0.045392790462325902
0.032457117773092695
0.030649932442629726
0.044969722370870359
0.013465931068377894
0.0030747094713118347
0.015559915282913948
0.022639727253632346
0.019720544798668735
0.030324020752557156
0.01338244879751525
0.030358502468788566
0.022161661733210457
0.01168230078401231
0.031276035514284463
0.0038207872790113075
0.005635287737002931
0.029496858484921288
0.053875284918478761
0.018394177106131993
0.014660829677943412
0.013914639184349705
0.034650501137919495
0.036157240185223802
0.024420728607303006
0.037374738708399004
0.0073186490451621778
0.024872932864819081
0.021490210214507109
0.022713456421437191
0.026038019571346691
0.0030312067795877189
0.043525194551861442
0.018869411295492668
0.021012225389020703
0.0083085052532572527
0.019860354959778611
0.030931049061559301
0.012504967170174238
0.048678765996276026
0.0066500536024697524
0.016653513214671997
0.021419251731063942
0.0079441234672986763
0.018596385728885601
0.021162987876829149
0.023661207325109793
0.031992510791433587
0.025993966812922001
0.023640342820805158
0.014613540224719106
0.035507992710128694
0.016098363390370851
0.045528562395955333
0.043756362896124952
0.038668949707574125
0.024460591979633031
0.0314128247189722
0.037760156743662482
0.039659235805107301
0.01255913847135034
0.026104054310467452
0.048413605511029599
0.020629697219415915
0.033680000260664908
0.011727873978794195
0.019970269922545553
0.016074997670676071
0.0056363456525626012
0.023281438800486505
0.04111440444217105
0.038449644483942398
0.022724050852124148
0.039690923227345458
0.01749099048719319
0.0071206530355987325
0.022506322793565507
0.054265613277995131
0.027326316190846515
0.043424714405267954
0.024301410032863662
0.0068843603387935904
0.029150067333472911
0.039234684780671304
0.014121691756153271
0.024034145178741084
