0.012658446964758043
0.038063053636061321
0.0039949190498105615
0.007141379339295627
0.017356463869151104
0.0089229641919783814
0.0088941847597917758
0.02071615606894758
0.013031590200793482
0.018095577538403115
0.055497984603954456
0.0058217240832828705
0.015566892078400998
0.0020724182277198377
0.014184029100485279
0.034295011705785694
0.023654601820441521
0.00013050888886925979
0.0060802001719629439
0.034507155255262566
0.019106461868922595
0.023022244388793269
0.047108258880788102
0.014245457480652852
0.018427375683265749
0.015871113514823138
0.034291356912236295
0.038212823320652949
0.034133191928629944
0.021013368152777875
0.033754936702157318
0.023431700411510006
0.024693054142781116
0.026123442838446927
0.034353749080701115
0.0047003055988851039
0.023356602458814244
0.022538180712769158
0.021528295497263684
0.016791958183060778
0.020839038243699225
0.026618694181077703
0.010094134908962096
0.02937690317854812
0.027256432726683121
0.019835827433775228
0.021512707822272093
0.030769763326997896
0.010329833076839066
0.033910388835250077
0.023732963006532524
0.02586513466511416
0.028802155754989921
0.032553937563408832
0.035543342365575291
0.011690002811961652
0.024444797056732755
0.022739660391368884
0.013670665334012271
0.018915238791567309
0.029910255879763547
0.014121096047126995
0.044378456926946953
0.027014847646268582
0.051779341797457724
0.0067153855950686679
0.01053809756498611
0.022738199755211588
0.013397292525595867
0.024712507610405433
0.033795786510523181
0.010028351271220251
0.01177636405265124
0.0087786987507197708
0.0080320120498093475
0.036610833653593841
0.028667716935356278
0.028332454433976879
0.033405575309940289
0.007756146956724953
0.038262860128527365
0.049679091233672042
0.02735190025302588
0.0436160490260823
0.010682792049485312
0.019253474374576737
0.028063490002635964
0.022319429484329575
0.014280938043479553
0.020667091098999776
0.0059961259771669348
0.0067975763735875641
0.044916670294056465
0.034426299781426771
0.019148068510464362
0.017951204466594869
0.037432275655051778
0.0097390498381715804
0.034637884405551753
0.023805171469369082
0.02251164571394149
0.027241341602291969
0.011880710040838975
0.033149279904837445
0.032151848912408951
0.027472712221275935
0.016916888111603755
0.034302007410072291
0.032399158721207306
0.032746192396828355
0.023808245795207329
0.014545330157890089
0.032559014722454094
0.0069480577163674147
0.012527871715542396
0.014856503132451184
0.0097189432367033677
0.037598050640359947
0.032730997824676762
0.0035059391996153351
0.051191621614674866
0.020226893187566902
0.022300593091205079
0.027352962195153943
0.022081429036528901
0.041503124469441217
0.025260426649947022
0.021220860150225833
0.026600200887855412
0.027250168640882637
0.011049944805531724
0.020574669059898062
0.015070839290692938
0.027552301434227842
0.037429089532727895
0.014376552579384527
0.015144612590171464
0.016202605270275956
0.016309478320970208
0.030225306333507968
0.029904040923703953
0.031534983389269203
0.038506693493914682
0.013275364834727649
0.019821034613379578
0.043847014522348481
0.0074559865234252497
0.033716142449619083
0.0082711309020384524
0.013438253960397488
0.022496788157653217
0.018599698677895841
0.031708761460583511
0.047225531287160262
0.017717813363975637
0.026576244778831255
0.013826370879348357
0.024089057208148881
0.012989379699113603
0.019688924132610201
0.015490052388625367
0.010222548062503256
0.0098400584182885484
0.046398167360058862
0.027061487138750426
0.0055683986972555402
0.024989364850528797
0.028041086372825479
0.021840424198717956
0.010714878498496564
0.038651710468968009
0.048726035031064048
0.024698761625691321
0.046857959397798132
0.016879824780485206
0.02454833349577339
0.0047014511167613338
0.043676876530008506
0.019320283575637393
0.04989177225241357
0.024905543644249413
0.046248978078304442
0.037426109412347627
0.025797265867677499
0.027893586472963743
0.023015571634761259
0.031594488906749707
0.010068200047159422
0.028557975122858525
0.017176190569114704
0.031326596895490638
0.033185570404898737
0.025941084165675244
0.0094049818137735414
0.014125056749890758
0.00855833947792237
0.045816211002536716
0.0039180858375709553
0.0081986886900963663
0.044701856326504197
0.016863641464233657
0.01351365564164228
