0.016841211699510639
0.053733330287693733
0.014647558154241659
0.028083941282541859
0.028206687191086183
0.023547430346554227
0.0082382980135536753
0.022429459758560102
0.018348992400483193
0.02832136395283899
0.066238406591995411
0.0079244678674512577
0.0086754653132838835
0.01288912565322725
0.017928716894449172
0.036881820217835856
0.062607882282706417
0.012198778435678558
0.0076594859434642049
0.016462899965105825
0.066706098131347646
0.01581679575937369
0.020085235604832507
0.011121745628209181
0.02360762905635784
0.0026102344519015998
0.013690682933627452
0.0073026150149615512
0.014290083345336321
0.027554604983015568
0.016001536638722596
0.011473386930483147
0.034752403174434357
0.0026238035458138955
0.030269014641986398
0.032666963171218664
0.030970646021688763
0.054812198658164168
0.039953270756435302
0.018600528241214293
0.026555563467411742
0.020234528711023422
0.027063388517063382
0.016205220924644929
0.015610975285405901
0.029361032201388332
0.031844545982423748
0.044462863268672832
0.0062946889456760276
0.016604155825987822
0.023141707458161555
0.033356016097090144
0.042544098156593886
0.035848142399187044
0.031465141326695895
0.028738887690594923
0.01875972012916842
0.0050456660758309065
0.02428542774447957
0.001451822988230441
0.007183379620466032
0.0092827919343222709
0.018967404972297017
0.041297515776697984
0.01801861270590159
0.053638509642525457
0.033975896868711677
0.045738146801744879
0.028028485000142909
0.0065751922181648088
0.0061704646737913461
0.046863261684113387
0.017977278487232833
0.0097630515214233299
0.013150557315075148
0.033037097169498812
0.010059730233820015
0.043079662268911786
0.0040182910065218987
0.03856725150080012
0.010844191953744114
0.01985227183348293
0.016386775284710144
0.015175134152268944
0.028819577607940475
0.038244974454694866
0.028649605652500479
0.020658850914603708
0.031350547273275492
0.025107237418862786
0.013657918498052823
0.010724772661269871
0.013576228962151741
0.039943933627306534
0.032975175260230832
0.031676897614039329
0.024205427181616734
0.012221086148267538
0.030755891801921169
0.009769845529749235
0.016634149644978558
0.0076341688875202719
0.023312610733707665
0.015975136733555436
0.052746521061677432
0.024125064801614589
0.019746995805576734
0.013947421364197927
0.036299160042990164
0.029239482074163284
0.025695642427355999
0.019368864934008329
0.042039524677012885
0.0093869522468455046
0.042625126958387521
0.033831920332219906
0.010477218632789737
0.030793849736497545
0.01992777560487527
0.020220715301450389
0.025236455115074725
0.01989080486998299
0.013537576393926913
0.08406744932673231
0.018963136697355391
0.021059996073369055
0.039228294104985517
0.021202078105391698
0.0022162305694845633
0.040633951333253641
0.027609749144170644
0.010551123991549706
0.03507922458305416
0.026553086640780172
0.016528421105629826
0.024356989020271651
0.028328645582939366
0.029728513896582556
0.058609257307044194
0.021832154087699663
0.024907797042600426
0.034187960483242186
0.012971428970852447
0.040270397886400924
0.037327320296356173
0.018675651821402392
0.0078069343702173695
0.01999861593237039
0.022765910046642638
0.031075052038253795
0.012787096464774885
0.028378385796441256
0.038030806082689078
0.017198238931456462
0.047588854421154916
0.040468898693026611
0.024170496299980658
0.013545486923740342
0.016042169322167208
0.014122063577015594
0.0079246565473543654
0.029539675957872595
0.014458650599347542
0.050910548371187025
0.03006201773658981
0.010943904486167529
0.02331091768375855
0.023782521577776453
0.0049176439034328548
0.012281785779881918
0.016820085790649923
0.014722322794373147
0.0393460065826036
0.032494476523995147
0.026094836789444818
0.032873422946116344
0.048283395380917291
0.052215979922832681
0.029988954331218672
0.02535611375120057
0.034455305049342466
0.016211574477289784
0.012887105069102399
0.03847771656764773
0.010337365248781396
0.01441918620075718
0.0081010442901665522
0.0066836103642783093
0.017644240985062534
0.012379800006198287
0.023453168056346081
0.0018746821818450307
0.035939301622159393
0.017282028070958508
0.016606444391724949
0.012480028807924247
0.011867903357425682
0.017780815427720194
0.033157505107961317
0.022450850583294345
0.01387546767685951
0.013062108262965205
