0.78054451004734393
0.80679339384096327
0.79208757785330219
0.82910275664727862
0.81504622397523441
0.83980851833564529
0.81406267564140899
0.80489231370613235
0.82482996103663986
0.80207694347473768
0.84495696541326859
0.83242751933810477
0.78867904155096813
0.80083471460336986
0.78310965862054049
0.81565262344379896
0.8219392412126959
0.84108076336661586
0.79223506296811297
0.78810944652897963
0.82804273751837854
0.78704834145350122
0.83357485713080226
0.84599808774382568
0.7853454691438847
0.80740276272201872
0.80285897972142783
0.78847953897536016
0.78551974090660159
0.80577946418797197
0.83965283718498518
0.81765974182155488
0.80556892517203871
0.80818752685410811
0.80888475004808824
0.82118175548370642
0.82579206069724254
0.81420401003833065
0.81359749631072609
0.83818585899868947
0.81452929218739056
0.79747022664022449
0.79828611323858734
0.80121290619023944
0.78689836802729596
0.8137921431551588
0.81697371997968604
0.80384031665795053
0.82677948215511676
0.80187246951042435
0.80222545613779705
0.79120666842556142
0.80765824643086659
0.75627990512900767
0.77338553818404165
0.76822100364019508
0.78120231751670122
0.81544419665644274
0.76395024717435223
0.83211036285781714
0.78620124501036193
0.81770210693378154
0.79934442379779869
0.77540090249954918
0.77180491022939957
0.77810592182622429
0.78401792745143661
0.77101905762279643
0.8453720171925988
0.79597048096276402
0.8406676310074378
0.85028326129760323
0.80771535689172513
0.80278631009071855
0.78851712456891665
0.82711846852068394
0.83591890731912655
0.83613231041622071
0.8063606156933153
0.77250548096647753
0.82306923226632578
0.82687565220332393
0.75005262464823363
0.82513648169227327
0.80488974112853406
0.82736408570782061
0.77557589065471033
0.84022138283399272
0.82213392725581735
0.81563376131649401
0.79540306226669766
0.80456299276072529
0.80476255641133776
0.82923437844469539
0.81829473701557309
0.81619425345950902
0.80448931632529186
0.77327077199476413
0.76203701108826827
0.8289898928844186
0.82753358706976399
0.84029730363852206
0.79337905650304086
0.77623214965224785
0.76945890568986364
0.76328741121903876
0.7810421028274579
0.8184430920447332
0.83731516443435827
0.78249552645781539
0.80005354298806641
0.81497370071570807
0.83618638538929391
0.81691910327482453
0.78587531317657466
0.78432742736671579
0.79108760571522385
0.85193279999998561
0.77657241982375069
0.7991763753085076
0.81866455366264934
0.8234110595846188
0.80750814574541607
0.77566005072388777
0.80372644013626415
0.82337981297108287
0.84281377678110025
0.81867691810506005
0.77129444294800042
0.81861531120136077
0.83659307224981971
0.81402992721156464
0.80544903267880541
0.79128538912365332
0.8230726902600658
0.79399093558602052
0.80469726761089178
0.84020306659696453
0.81557412409530694
0.78178785549654972
0.8258024428273476
0.83289288618574453
0.83478893747729377
0.79857347072459339
0.8086243869337949
0.81751020674167563
0.79834969976164583
0.84424584332246444
0.81709923506445703
0.80185730384971854
0.83261812651626688
0.80862223759350349
0.78506669139996266
0.80351252868107292
0.82350073910360655
0.78868218834253401
0.80455761350434118
0.80504122367483122
0.82933676168637183
0.82349350525213549
0.82493212345147826
0.82838274154401415
0.82899865791141658
0.80972560483373013
0.8036876225854036
0.80330326341057967
0.80253058669168553
0.81593449065174006
0.84090106037359769
0.80013370369932391
0.8439330179359068
0.80809736414177646
0.80750621592757421
0.83256661441560931
0.83000767125500929
0.82893636784448366
0.78998349722384276
0.78575240342126418
0.78610268231214386
0.77776876556264074
0.79735834575773046
0.83971411062867984
0.81277854492877843
0.80474357754697934
0.73601895315983423
0.78551795375583322
0.83040958779640694
0.81330675980692602
0.82917156865395225
0.80992218498791513
0.80142475737917029
0.84136211326147781
0.81245474173206467
0.8101083568846309
0.75630978532875293
0.81746793163030318
0.78820746718418122
0.79103843208176139
0.79715859171180581
0.79478913401358764
0.82334879058611832
0.81109260359475077
