0.82839031565325916
0.80115969976925427
0.801019727708006
0.81170903577951059
0.84108625657995184
0.85122514532497595
0.84225740143879846
0.81184140634827362
0.83810848697664564
0.8136191330284811
0.82186379248659081
0.77964380944352207
0.82084255857605992
0.80260502586320992
0.79386651139875608
0.76535617689968516
0.82870664032086128
0.76719258934591872
0.7447242674042529
0.78299070958650596
0.80324885713815186
0.82142184342963509
0.78985177964034348
0.83540852956323819
0.75397380348508281
0.82721910469408799
0.82819708359153232
0.78908509253113235
0.80842116303171196
0.84076842663447693
0.81757189966150579
0.7823301911602063
0.83861825078094354
0.81273921249281567
0.82574803646522776
0.83297934846783772
0.77688989403864572
0.79948746918760971
0.83165944162991101
0.82201030733557523
0.76732197833434412
0.81647256820587133
0.79266385410667362
0.81292511032565051
0.83462857455393158
0.79773221004583017
0.80375084537040964
0.8093186838780716
0.77676196153117227
0.80372391705635693
0.82307490046579401
0.81907880110767584
0.80036704366603595
0.82811911638875901
0.83372739242940863
0.81351592580785215
0.81039861426032511
0.82432704580916261
0.7740576207644233
0.81697773513722616
0.82555755922530039
0.84012709894096771
0.79635969630890124
0.81099911586795081
0.79746622250811927
0.81665241871364957
0.802758142477346
0.80731803524851453
0.78010077641089759
0.80433345206208562
0.81159512100377096
0.8040962378766171
0.80851580850185067
0.79268876965058566
0.84035412608491511
0.83509294193966188
0.81545032439102483
0.80951060560164112
0.79527784878353636
0.79383572248090428
0.81851369459010548
0.79547053501263354
0.79138546149017341
0.79223205667755581
0.81875017398743244
0.83671686917163635
0.80590824520386439
0.82678272115956142
0.81727668972374867
0.82961989502853606
0.83047225446046835
0.78965282917682322
0.81236243852435341
0.77724596327067708
0.81862153300753504
0.787768736868805
0.82483428404345283
0.77993294174870587
0.82648295039350017
0.78711682332285116
0.81267641437624638
0.82765552997584968
0.77962141220535996
0.84244196633905954
0.83542493850104593
0.80401885626772474
0.77262289033872589
0.81665989520870497
0.84286310685697596
0.80121978683089379
0.77999547431982108
0.80943251156081686
0.8042424449026212
0.81501717693815012
0.80310539439686601
0.76063397569737723
0.77578389541680348
0.80921200670979931
0.82929991540228987
0.79160961201070923
0.82631281083873598
0.8055108994231428
0.82246626836616243
0.82077859733792369
0.76983671450953528
0.79101453011455525
0.80169840950266158
0.83980796444651018
0.79502122518276563
0.83432042157602693
0.82541357262851733
0.78164775148309051
0.77415243146338131
0.79617864607212829
0.78189963834219811
0.8323688717557236
0.80295770663288402
0.81867284350808422
0.81905109003281273
0.81415330352382609
0.81399349806300081
0.82489700351797479
0.84298709285460249
0.82538130055675629
0.82752508876167696
0.73249250700548774
0.79236362670490446
0.79781179034555205
0.81642719271169439
0.74921399966495161
0.77633406247258407
0.81759260328547589
0.79827344546271894
0.78088421417750931
0.79717317462096426
0.82012790283144044
0.80089743417113379
0.78389093187655146
0.83336883753405355
0.82192201025946898
0.82732195641419293
0.79409718669509899
0.84127295640858968
0.8225620735806205
0.82156063988272143
0.85157514655406508
0.79073409354543134
0.8083194373253263
0.81645018961325821
0.79387201546614372
0.8150056867779607
0.821863710432577
0.81057955306670626
0.83752640331184014
0.82396475252454204
0.80471643080017241
0.8177626233925942
0.80469154615507466
0.83229721686946845
0.85730687979376541
0.82683777069267494
0.82531259583107153
0.81706804039712277
0.79936600393631851
0.81902228722007175
0.82448843436662411
0.84365203377024145
0.82125611931845632
0.81728554559661426
0.8554285088361695
0.8051428524375025
0.8246332065171621
0.79917276355929801
0.82283130799162374
0.77660459300537943
0.80584389784040611
0.81986853815028982
0.80247909100682635
0.77549134327104441
0.7752323586505383
0.8220543376113354
0.81364364168214243
