0.0090752683983392653
0.0072683826229471317
0.0069888003161328394
0.010490657707192735
0.016496204586471896
0.015424172881690254
0.010409771751238825
0.013548265584539757
0.0045155947349874437
0.0068040863563057436
0.0090556389541613345
0.0043659519128959236
0.014946778006126373
0.015113008780646656
0.016834657021995336
0.0060231318877490359
0.01097864977856443
0.016472662879961276
0.0047118067930661568
0.010421956636275856
0.0086775828224790411
0.012804972325334153
0.0067166202022101648
0.018747770554462303
0.0080997487740748289
0.0090080891217666631
0.011621808612690744
0.0014956957990463512
0.017190284389536615
0.033327692581839964
0.014638718123543068
0.011252342228574868
0.012635840545661987
0.010881541575078925
0.0078581068002680169
0.0045962908244235982
0.016483521986756219
0.0049293978740156674
0.0089974481285721355
0.017171187158506365
0.0087423140798771112
0.01150690422510579
0.010587718190604278
0.015889167783813055
0.015919235663963263
0.0097738848295880164
0.0086839235305949964
0.014343346785788455
0.0052811503468185644
0.0061807849269686381
0.0095081619828620446
0.0123055969380409
0.0058580691866150997
0.016021761384244777
0.01338514648976177
0.0043070871417719642
0.016919919477300233
0.0057957975527083341
0.0091653094787656313
0.0084530080984286434
0.0034613125963710387
0.0035887550406210845
0.0048993765241164937
0.011575019444915251
0.0098887254934700037
0.0090768934765492158
0.012925556257966457
0.007946806986085542
0.01308850262927619
0.010411738480126755
0.0089377852758486566
0.013164085831060676
0.014381465821445151
0.0097365559418407226
0.010980022446207674
0.0062742270755010337
0.011832841047051002
0.017434115127912108
0.026034540053234467
0.013872621594580305
0.0032387859442023319
0.012753137699987094
0.015156139421834915
0.01077866383382149
0.012682147062327426
0.007051011288997093
0.023828692517275939
0.032271430192433996
0.015954007183920319
0.0058644077841066592
0.0096555363115719359
0.0026655652194908508
0.0077800962259449991
0.0046340675694928942
0.0072923226369413672
0.021966589452399633
0.01685899928493886
0.011429823243739859
0.0046714441002751669
0.013630472362503475
0.0055798542942677243
0.0055849278363359492
0.019714542582034821
0.018299616182892678
0.019377619420404512
0.0094589057652838225
0.010417854770788404
0.021843317267733937
0.0040904803197105224
0.010449877078236774
0.004045303196716676
0.0056853861832390209
0.012943631186872882
0.018061399954322634
0.010066030584438695
0.016771661382720387
0.017142492956818405
0.0031576423350998021
0.0036902329413171222
0.023941455286732496
0.013516453091723819
0.010211428001153305
0.012822561750487205
0.0039397684902467414
0.00087160215179427015
0.023790272724621194
0.0064426449729995117
0.0049005125317899941
0.0086157966554821271
0.013062734268934706
0.0085269307963495473
0.012928144968294187
0.0085076539855898376
0.0021531947076746881
0.01050146487164662
0.009529191794396933
0.0093610714850451311
0.0081580301180997732
0.014996813163833229
0.0035595645208424745
0.011908687984104336
0.022986754362703851
0.0076570228837416193
0.014984930543751778
0.016947921513168696
0.015358068273038575
0.0045077193371055348
0.0048588866603348595
0.00989870310098118
0.015007929851819935
0.025030735770831616
0.0050943996706648859
0.008306576799142297
0.00062817667863410977
0.011327403624111023
0.015562550461266528
0.0084865243433632203
0.026986034489193182
0.014914706514892784
0.020013993767817373
0.018571721761273648
0.0060220655906370844
0.0067351814496390975
0.0049222643903199899
0.0072321181049034549
0.0057666615424470545
0.0070517714580322095
0.0072540268597773554
0.0034273349990625764
0.011178608250715361
0.018831265549916671
0.0094592554829882707
0.013016201527231265
0.011424193975466086
0.0031158812821989895
0.022526924993236361
0.016122747288551651
0.021157577958622744
0.0034730373628727236
0.01025702256742995
0.015167181825277596
0.0034367271011341181
0.018385989860168858
0.018440181321492537
0.0067631593570004755
0.0093264112573392642
0.012635585901894213
0.0084424519843413481
0.0057851380569470551
0.011253293737485348
0.020498942552852652
0.0042744519975554439
0.0096975776868768893
0.0069514862674374192
0.025879577954706381
0.0083073036819980416
0.0095919547253026406
0.0036075541287901988
0.011518862212479653
0.011442204766266376
0.0079770977477128489
0.016721269232755378
