0.028990377059444922
0.034519485691565127
0.012421491419139639
0.012361566085795805
0.0092988927203628592
0.017009296792032513
0.024370032621936495
0.0043316835468360524
0.0083127624937733482
0.0071244032682429553
0.010121000806575743
0.01378294241544193
0.0074364519220682769
0.011580387529643056
0.013998977906054668
0.016985056380178935
0.010920304991810376
0.0096101106976325332
0.010404917053091038
0.016356716980769521
0.018499431314752294
0.011285061377276261
0.016406792450489024
0.011464374904694253
0.013251245023098298
0.029120940972230253
0.019085339858956798
0.012895372749889569
0.013753573804996451
0.027059965298491154
0.02449768625759904
0.03126115383173049
0.030461397280473944
0.013754283799558521
0.0029679774831237755
0.021491531155057128
0.0059225098056785103
0.030747732927603903
0.015893956403695553
0.0041453480952822969
0.019438977511593711
0.026114093846272245
0.03631290249001793
0.026575416734456691
0.018440562990729128
0.033098218351180014
0.024981839924601221
0.030972739863735339
0.014263621818902155
0.0059849599637063254
0.017521564710439839
0.021510636407543748
0.01985073954396413
0.018532240988794562
0.02474250895523546
0.0026450065725310648
0.0040271651049208499
0.013294214528836357
0.012101090352312188
0.032713686417730731
0.004645454263504635
0.0076370740585867767
0.020510626472864547
0.013694495115915301
0.0069919191618897456
0.018824552249636292
0.01257417737144155
0.02250863458715106
0.013603259176285515
0.0051286599057534348
0.021989365840641987
0.032755207971787818
0.03081565494563341
0.020294191331131122
0.031402296927064768
0.024440839625580447
0.019276718176188208
0.032238158884427409
0.0077590609411350561
0.012541355170539789
0.034089198859218531
0.011963857386233472
0.021013801458677463
0.031897549894100478
0.03460983182306112
0.016747521212585548
0.011942597836642536
0.025936211129337909
0.02682675045671392
0.0064139069190051823
0.01827072722549784
0.012449547569110731
0.0068439605738045634
0.035929674648827022
0.033723661273584282
0.014040914868949841
0.033852410503532257
0.028581373124866132
0.0075817054464447607
0.031187772047650008
0.020930177451628278
0.022455770094549968
0.01608189166497442
0.028049418755825024
0.022172914477876039
0.0074383957412102646
0.0065691944364362166
0.028408185850320171
0.027408487107301351
0.028329144092080771
0.044652664998645106
0.0098010468008148648
0.02159659961215174
0.0076189779204756392
0.0076029628158529022
0.017105836728068344
0.022614930823710421
0.0045972692923450442
0.029933171730510768
0.025935063209373273
0.027909765249829282
0.027025987131554585
0.029568365540637322
0.026343600092918754
0.015637891834766507
0.017290725800370197
0.010783322743927548
0.021038169485493006
0.0061718542037718354
0.037507237559384655
0.0038873857427422398
0.024449838132094483
0.01314245277532633
0.0087984349117660038
0.0049321409662897485
0.0034201308836086077
0.020267340170073558
0.0061807073904320041
0.010678617061468498
0.0093697659413970163
0.0042855048144012078
0.0067173742192261259
0.038909861043679619
0.031114050277241029
0.0081370342639859681
0.011960335951460316
0.0097955137690051586
0.023874285669410151
0.00024987251120681938
0.020514194998978611
0.025517487984415166
0.020624320341551823
0.0050685612397232257
0.024321799641030362
0.04249602610413529
0.011485195550330557
0.010026696415525652
0.016298385810789909
0.01945414427750837
0.027989662335614757
0.014539702509553889
0.020159644439067089
0.019283163530223142
0.02965922036095419
0.018179033648359488
0.033714323399533896
0.039374829776109468
0.016078595837281693
0.0098035778827220491
0.017264109623352505
0.016754318263262753
0.0060873705616313004
0.020854251819328644
0.0053927022049154423
0.013848507506450175
0.021533366755981661
0.024592723572730499
0.017731050529249965
0.031365474665954116
0.021803614432882722
0.019369887566637194
0.015159708283121505
0.024098229120544636
0.014228247108749127
0.025102908752611307
0.020981425282554547
0.006124957613773201
0.023999489145108365
0.014448389099350232
0.017781754740161519
0.007303339101474687
0.0014394108366701497
0.0048728676884781802
0.0054711360199239641
0.0051860062749753324
0.034925953427934919
0.022459063021007641
0.014360319756797361
0.021435156362838079
0.0077862200211823362
0.031963667843168113
0.034407316932587487
