0.023766877112216294
0.018127675289212605
0.037214236680051881
0.038814596769208273
0.015929680511174812
0.013610322487581648
0.0073088644628352935
0.01017877133902685
0.032187113074198997
0.011076665183080994
0.0057780469840646833
0.021004381755155344
0.042525248684089731
0.034553482799423232
0.023885758251974924
0.021391005652971463
0.0063568086788775785
0.041799326180661484
0.0073498569172119801
0.023251271189791568
0.016185684651666324
0.026721988518825165
0.027085103142785335
0.014173268820522642
0.013072545201602559
0.014302980462881944
0.01619634850389404
0.0075295994275724025
0.027980081440419441
0.01766114239375521
0.014837329140586487
0.0067581761773575465
0.002487833868803226
0.0081306585861452372
0.016821961124875193
0.032125857798198133
0.016741263288800903
0.013813967170879609
0.0057959960888789167
0.0085794357050883192
0.047660343973314909
0.028226725949705853
0.0066885479956998737
0.01908659658777094
0.0014059896948477237
0.018226076077157035
0.018371140031729096
0.010525413490483687
0.025285282473255066
0.027765818732368181
0.013706426073852621
0.02323319265099414
0.0024650932847546923
0.0061475271460638197
0.046928071682611601
0.020914297790703362
0.025545212143647782
0.013612075289124321
0.022030166683101936
0.011560675387202313
0.0098738069027914498
0.036223424119431247
0.019123184614407766
0.0069847775955874753
0.017064532098332821
0.0021640479294255596
0.023291994437777627
0.0070255925803877871
0.018384077704620368
0.015849584756297778
0.010427646508366669
0.014553401217210486
0.031941029192776388
0.02718826357824726
0.03459777225386685
0.023300981072521636
0.022856962307642049
0.0047500787259930309
0.029687886980925067
0.024204987936110034
0.044471684363389406
0.024175020048588933
0.016354411411974783
0.015116183932698948
0.02676608316326496
0.025488984372316642
0.014793502219254556
0.021460833749105623
0.0072928567972737586
0.018337139719007741
0.021395813936574568
0.018867069171907433
0.018000325088285966
0.0093376339657397153
0.02305791910854009
0.010881260491308121
0.016436288479676122
0.062294155687119775
0.014850723762203696
0.00448593628626834
0.018222090114938014
0.010353173039854051
0.018298373028568096
0.013702374801254526
0.0096634846105096619
0.010525319560613226
0.020693764134885297
0.011002979061580959
0.0090981026510097533
0.02021688326458897
0.021194701356805221
0.023295730657300461
0.0045190235272638312
0.028554352658883404
0.0057243432254001202
0.0058764283534876128
0.038414317632228322
0.039752834362435152
0.015386780372008378
0.013583141805092291
0.018898356862855986
0.012775522101421473
0.026563975277560999
0.033452976568880369
0.022897736624934911
0.012871818923331228
0.016284935443882792
0.013161898948800608
0.025509017826974626
0.033701496230056763
0.011974662735825151
0.033944259805008391
0.015178508971569513
0.0099582829272595475
0.0101963385094338
0.021173248136278751
0.020863404287669904
0.0044432406575861646
0.011761191404741189
0.0085454491908631691
0.027999094260750472
0.019648724762920271
0.017100067175908128
0.025810319038602356
0.028567144171256269
0.026049129659604181
0.0160133145863041
0.022307063610378566
0.0072867161927094538
0.036819234466955765
0.013191751069935739
0.019405846545519488
0.01073191886379824
0.013265995126449435
0.0047802040608096383
0.0055717947372284568
0.023218308104025729
0.02228737632296356
0.027723205686499958
0.033816515361916606
0.02810857631598394
0.0040487967638329226
0.016803349940076675
0.022505560977967867
0.0085316541467925309
0.015374794308755369
0.014067343522389428
0.037432147919070506
0.038701101115937511
0.0040416570095595161
0.016439101928335319
0.024965485988420789
0.020450286094121584
0.011570196466530512
0.02274103895937795
0.033240491738989811
0.018068139701844343
0.012578851648581128
0.018133397171187244
0.029408571155094588
0.017749388114072291
0.020041299404798981
0.024239305267585921
0.012110728875140728
0.0083809025087593862
0.010642652687451059
0.015036894628021389
0.0065459378049292465
0.0074104038045417686
0.016401992979738614
0.02069675499427908
0.013510702907321905
0.013251933995433547
0.031999776547986074
0.010543280951164066
0.031573065436784988
0.010283782959856788
0.031889210233155489
0.01716749142193038
0.01120435669965762
0.03110263700462303
0.010932177660735171
