0.029851077404697592
0.028372129864611399
0.011436331570911229
0.017677030090595302
0.051583955128419595
0.063530047072391141
0.042669346000383655
0.017088696752603386
0.026664262299783401
0.005189300770595341
0.019253077676676708
0.039848659157208324
0.0055338957727938788
0.023336504862251216
0.0325858225719695
0.026609382861356265
0.024247669897660792
0.011684726049900172
0.056295371833258709
0.028372235033983523
0.038870542198649639
0.038146593761832444
0.015722313335328749
0.03941780773375396
0.05306990778324016
0.014143334864025983
0.05939546516452341
0.025888496817442569
0.015197602425044329
0.066972015435100465
0.040743505796564786
0.012391143102642934
0.034710020503675124
0.05468073787239805
0.020814605304764047
0.020513835415811837
0.037599377867637535
0.016622413707220309
0.024452083979094492
0.053219593025866208
0.0098298165508611413
0.045791879294210039
0.029467275907967293
0.035058570014194733
0.035935337528507173
0.031414876797951213
0.027570536805102647
0.048757454258339147
0.07854720429119505
0.019563402140752993
0.016164995630282949
0.0079327995534016361
0.028509236060240899
0.026487629366650226
0.019625328938877459
0.055267178844114945
0.038548199965039394
0.024465664854643444
0.020958447701901535
0.053825940775758863
0.017291588420680813
0.027490012254709633
0.027537748355358001
0.021847119708937001
0.045937985908293094
0.0093055355195805264
0.0018862640454214011
0.038766479527856904
0.02872345337300565
0.029453838511498034
0.021423256636270756
0.01139368391775571
0.032555820930510647
0.0016265239865388241
0.037780911290045266
0.035704303004603088
0.034033184728411804
0.017547835247848528
0.061691628451450514
0.033824803572453509
0.021877803802715045
0.036028673894631866
0.012303639150363054
0.026512311981234882
0.021705500906310949
0.041642437664237766
0.0072726960025864609
0.025640019443055505
0.012479423478388239
0.01167597463190795
0.020692956347395822
0.020517287592869946
0.038910140623310788
0.019386238343846594
0.029976354427299321
0.032876411214710674
0.023699788747127082
0.026065324071158229
0.048963151117306085
0.049475340053803857
0.058407748945990316
0.014277458243599231
0.04459708132838041
0.0657707639563474
0.037655065382009772
0.038878670193293684
0.011198090380843644
0.044416706104339065
0.014169504416675572
0.032492775698010602
0.036246257502015711
0.079658859361464759
0.033053657649821912
0.014201557666701361
0.02163864755355931
0.028546828695763433
0.03374006974928255
0.027228050874790747
0.034958659189142163
0.010714224438178013
0.03067208911752314
0.012505230606270285
0.024238668062900325
0.069884925571029891
0.075806918278984364
0.010455658700523385
0.03578769323094376
0.051385100194753876
0.025761978050266435
0.01594451084576522
0.016005474321944813
0.034310777785122745
0.021796042440113142
0.042785254381230563
0.045537266848094053
0.011471017869019615
0.037100359838859474
0.023846996802789903
0.018525270174681419
0.044881653690476052
0.0040701442887733346
0.022306904054104373
0.048987636733393944
0.03981346869318457
0.023440575050586231
0.0033390341803766353
0.049838949459750599
0.04080473136764614
0.030543090655910127
0.048652166363449323
0.041252154586378549
0.1101417445925927
0.03690368018589827
0.057746410762843071
0.037366011886051348
0.040853590009272925
0.036696285747636198
0.018920448945089881
0.036493450979359139
0.064619848145566108
0.036485888512479171
0.042654045567468921
0.010976480654234606
0.025774405390508071
0.018807846459545814
0.026469652216739133
0.0087611322864874479
0.0040799311235142684
0.042977761792374981
0.043885292891462431
0.019258195619100839
0.01655046824007474
0.0098673028048597896
0.0095381004147374535
0.016941674769541133
0.022555355758480094
0.029249621760613933
0.015928253573204414
0.043315021517612198
0.063785711233097481
0.025551152830341102
0.012527211990691279
0.070855342052726006
0.045614312445823431
0.031844725540464462
0.017858388652712918
0.028175605434992097
0.010703296441166178
0.019225920338395482
0.0068945156597367899
0.018889141826790082
0.037953606562525638
0.0083410994531864513
0.058497491256955414
0.013941327014511307
0.053466367619978236
0.034308557729154747
0.018820957912800019
0.010626342119849181
0.035000129871166435
0.028429435501793734
0.03207919309628865
