0.0054396550948366809
0.060014076380873929
0.028018149428530811
0.017918084970593297
0.057710777116785024
0.019829943857665296
0.038968253821791712
0.067686097256159761
0.061654596749524893
0.0054528204950066933
0.026388826179431335
0.0078411366807821566
0.023525369994660063
0.022061059543821804
0.056744011297658083
0.030791314436319564
0.013581582946630751
0.052438678564230713
0.047462768548721182
0.04617919595411122
0.042026998189598479
0.012525538659960766
0.011869404153677088
0.037338000003086354
0.047449280708206212
0.059661732012222059
0.032768243844075375
0.021692597846388953
0.043186717892545835
0.019753738397589832
0.069323528754418856
0.029000441420647314
0.021063686947568688
0.0081871635215115691
0.033221240961621795
0.045882008520767924
0.027367898797179088
0.022132148533874359
0.033533610538705905
0.054385616433610201
0.023789005419066745
0.051423479421161614
0.023023882605542199
0.016085514557006225
0.023825554241811042
0.0068379898102456267
0.023714631687133971
0.05392769132519145
0.037015982533472241
0.049054831958414931
0.044705906236708483
0.023769100910374017
0.026964790685649647
0.02659585206663723
0.016445407997726921
0.027951302994166462
0.070835695142132088
0.048778731676256175
0.035388254067558814
0.029639138464644759
0.032752934244986383
0.038867850853936944
0.0038899485715671043
0.03864261944692278
0.037766021479429167
0.02648603420731719
0.019049313113525122
0.030885189821105476
0.023399522738097641
0.059417519779893624
0.025816531605265269
0.044306450278195547
0.030932821673398479
0.010755850105279531
0.053839140172073321
0.013074220564518466
0.02983277803365077
0.036588544604806816
0.033538686884439152
0.034977169015970297
0.02273639419451351
0.048172797035806569
0.044546750537713752
0.0649689100342693
0.018868056861976269
0.010725823899311614
0.035912987258642178
0.024329063891978007
0.022747160652520845
0.013099372092048905
0.032390796938816607
0.026297263340326536
0.062522512162452623
0.04940890068234479
0.06322257386739269
0.028719477156090748
0.043305106831305264
0.036712241107414667
0.026428477997426401
0.032651431402319187
0.040728633218996828
0.021018429286334676
0.047317725336731474
0.02080938357798022
0.028814416573239125
0.026216816965356462
0.024119534034044751
0.042468846043538781
0.012838909427057312
0.036168619810640644
0.017441157758796608
0.039627666971893703
0.037483371539038662
0.005542395369432916
0.069694307383626378
0.018412891699272915
0.055221588443516587
0.053601357953824612
0.035518519059456501
0.027904899891719136
0.01285988730695016
0.033938093056960918
0.039665990989395945
0.043061912111515444
0.027641001988898978
0.059375064580310929
0.027349708261504152
0.012553366183835579
0.040967785133496921
0.029668665627730354
0.012300303193102154
0.045226579744102727
0.039692677720170329
0.040844700471203768
0.0083440450039334677
0.051316343845860479
0.043700467580903353
0.034433643002224908
0.047583324850520387
0.056195974017569282
0.052049100275228528
0.064614380121822884
0.052119338496522186
0.054255417049595918
0.009736462144620971
0.020265925321283129
0.0021535220504197306
0.026407489508514514
0.026387940500970094
0.040591707984949307
0.041309670783357913
0.057088063330664858
0.031827770146220589
0.014175162410285201
0.014148809768024979
0.028439825794971816
0.014992802128868473
0.027377178652601527
0.041545961872406785
0.056686228161137643
0.076505789417261452
0.020507655846609976
0.045698996288311568
0.031883203807906872
0.044296789883381718
0.031769590655585198
0.047856604938346738
0.029304315455892686
0.065823468325977352
0.035573318618480537
0.036127754821250933
0.026095231109642725
0.024218104143497454
0.059076923621851629
0.028141392816045878
0.0091281278897021589
0.019865365768204253
0.058423036747880665
0.058884547571274606
0.061735945838691561
0.043080868264942042
0.033121696057547702
0.035682571276718013
0.010551117361570913
0.035003511868003136
0.041802656564489837
0.018425335794383327
0.0075876932392586905
0.054081104288879626
0.012267301560866549
0.0097112971897263187
0.02402669426704487
0.04089607272835738
0.040095044306003871
0.045411857440454659
0.065509200271021223
0.046487985918542599
0.02345297436695459
0.031051484864915616
0.046547857099057323
0.01252807324794911
0.036666690533950462
