0.047760719963270484
0.029102242491281436
0.043611933817796739
0.03049530451652091
0.032032307107260592
0.02645404641008654
0.037781310716768407
0.027294632362664994
0.027475965262332092
0.043150668447245959
0.033967377400264336
0.015597164300604392
0.012759732736538149
0.050106448438714896
0.0023084811276684585
0.036357181860132148
0.073278498991334151
0.04678634639334401
0.024940998805786617
0.048235735255264742
0.028916310045070958
0.015131276456725429
0.053869894332722192
0.031688967618501727
0.05267201805241345
0.048348846424921238
0.018411145802834868
0.038785034738694449
0.051154130675125462
0.047426813719564621
0.017548148956377917
0.060992782077019699
0.023419519819472219
0.011493535664600072
0.037798346832886555
0.024256058824603979
0.038438548319326193
0.016664523257388913
0.027196378620040075
0.044780210668331766
0.054910116264590622
0.06074726870672819
0.040205360577722359
0.029476772348151756
0.047408449706505845
0.022717882844354123
0.02669133021255542
0.019522428269886035
0.02563087654535659
0.03158406908419973
0.04768682852200061
0.035472413242741377
0.014320674446448267
0.040513592843866943
0.041470878645261923
0.012040650776747262
0.013499712023203065
0.044612208205619008
0.028518007233707128
0.048075257281683201
0.025062235594640478
0.012573467340576879
0.076571411637759421
0.0070888862308265254
0.02173168790572352
0.029842659325409266
0.059721386240125594
0.03591796738758557
0.021626221526305139
0.025817598963569218
0.022836498744434476
0.063582962432460852
0.044806052172295163
0.045309996552873426
0.030494212187127903
0.04917354463118577
0.012565342583208145
0.047388768470388143
0.083233994274411832
0.057712866364417324
0.040852317540649809
0.022172600199222632
0.056283220124936813
0.056859383727029963
0.007980149349374745
0.02353677435071581
0.02756339651411643
0.022599522665170686
0.023469499527174618
0.052350876965676404
0.017260034868613536
0.047849220191904983
0.0052534105275628797
0.030875215440913824
0.02291726041031553
0.029600644137736901
0.0074389043282029861
0.03275470607046032
0.014456189411374873
0.034582014448969231
0.048762147671619752
0.016581035986537564
0.056734823415238694
0.044145943018250478
0.04428340920260835
0.023989641503625755
0.01356297850828733
0.066175515458369943
0.047426741607491746
0.035164856702624821
0.051498597178132689
0.069113078598624478
0.010377416438068686
0.028830996917541617
0.027280419089594665
0.015538266266794977
0.04125369592115645
0.033752219541333561
0.043384308176523362
0.059821024333502233
0.020858074876957757
0.022958402298792757
0.022400614598460808
0.052330146244762295
0.026328998609651596
0.033795992350884742
0.052610426137976125
0.028968723727812125
0.0017214609800961997
0.026956646844121794
0.027708469584581921
0.040291363491473386
0.044790766815673295
0.033031400941480084
0.025642922814758041
0.050215369084747094
0.033978280110014226
0.079012625088472857
0.060325032639933544
0.037535935006465279
0.03407606184390756
0.044578332387308579
0.040873904981429336
0.021699973775084171
0.032327260019960849
0.017014833531469299
0.046121405158852068
0.021893066739480337
0.036280664095428274
0.050642366333833982
0.0090801835566523374
0.06911146607957569
0.018663427911358554
0.045894066132666791
0.040861306286594262
0.020796873757422674
0.034167365149450638
0.032603660612536223
0.024651103594318557
0.063212844660560777
0.029614568722109862
0.019449172086240678
0.048018718882905195
0.0053486610339201985
0.018575918886364978
0.041092855381115283
0.0237718579068288
0.049118030729223945
0.026566741858073055
0.034210270731349093
0.027665909108967289
0.081753048088430605
0.042830733880266238
0.036549480299601089
0.024261372678361957
0.06404884196791244
0.051941623144273863
0.012969493693690909
0.0080170302764708875
0.070343027982715536
0.020824922790611759
0.025242753917290757
0.016036178218077398
0.057639573708979978
0.053201746252881196
0.029467348280305217
0.025521774935329488
0.003569584249964319
0.03173986349188998
0.035820467569398197
0.067150122905395696
0.017695832274747844
0.045155114623971197
0.029816956924176012
0.029313504163796293
0.020905155109162854
0.022550585019955664
0.01967123546364876
0.05577298313478616
0.06152741191768675
0.047828352013050204
0.06563951021971047
