0.037370422188403779
0.024142848825982197
0.053780315570651188
0.0097892017211253634
0.088423451060714933
0.033443405742202219
0.013377860755071164
0.048574123379259759
0.064529177400638349
0.024644215830378749
0.036023515561130127
0.044625644564872932
0.0064159433029356335
0.056888049785825123
0.056506838241956951
0.037449989625981631
0.047570412061437521
0.052044222661470407
0.036361354063309391
0.033923655785773728
0.016344168709335201
0.044918421171732767
0.049817274365460885
0.041492585008349903
0.026952800676282227
0.043655504835323926
0.036190289218714672
0.047689878613500172
0.02715715474286174
0.056366674099959546
0.03126285455440931
0.033559008341143337
0.034934951310188575
0.0054941664817542311
0.025815112751836504
0.048228005328709696
0.01992898300500098
0.044493358317954555
0.06228981216475829
0.042402257876318544
0.033896426726019446
0.051717523657373837
0.10343262636050624
0.11513154904165587
0.058125715996516246
0.062873521780051747
0.01037579762374884
0.075222318448254652
0.025225276279605892
0.014942059612298128
0.01002337160918995
0.020087819123338214
0.050066132121062916
0.01613887577208031
0.03574345263229306
0.05032752228385539
0.04897482197640065
0.040673427005993842
0.067052921939935839
0.011956033377736937
0.037576180637761969
0.03509997809915761
0.065762381691364211
0.044070972420058967
0.068813046101655284
0.021294531375497777
0.0247925993406489
0.01801045572125979
0.063158844082083998
0.065312126851753569
0.059372002273258333
0.022854635259806872
0.028196792452903543
0.0023316504792215528
0.040584914603276047
0.016395118333492026
0.036088687341511924
0.024163499655153086
0.025148730530596592
0.0053231929142650977
0.081399212324206383
0.035732396942897822
0.040378811664388961
0.0075893855649941094
0.027709779057925734
0.038402505918657223
0.020784151543630409
0.0031040117652772706
0.034219421915015188
0.079197544396102895
0.015398492526797182
0.008803316314118844
0.024089549320586958
0.012286783575925527
0.02007834966103542
0.041532646243702356
0.069845488401133318
0.047223597216338599
0.078015174663000203
0.066602014023097914
0.06213966283376663
0.060306941128698201
0.0096603564029113173
0.02000596866212415
0.019513880927179292
0.0097516167157796207
0.012909988574870385
0.022807485423411034
0.056299093900167282
0.034061389784576422
0.040387467110494957
0.031236571823220753
0.056438498587923082
0.01394030284556917
0.002929014662086676
0.039076690023210361
0.016362001071223115
0.028409735327360297
0.055228029855994655
0.033741349586437215
0.036119865888853075
0.036289697834857193
0.045902201602137989
0.067573973055323699
0.028859540068562294
0.055204351563238309
0.037611543667565285
0.042032949511131124
0.05527097716197215
0.05608441798424469
0.018572838872889394
0.030791244040795234
0.058626753372435378
0.03083678532796073
0.033731838866365799
0.03455544859418587
0.019366280582190198
0.040650346715340853
0.044191128666522625
0.075617312842147025
0.011197503151645815
0.021175018719656311
0.080143329450971135
0.027586899155724792
0.015092109840445051
0.02392491175234418
0.014024912314719048
0.045197198923641171
0.034522637317970409
0.026590197032250962
0.015705628886879101
0.023994015945228986
0.083679489727726347
0.041532780468089135
0.060361463713395284
0.036830356569310607
0.027216642350131867
0.017106400453046702
0.026548288846426831
0.01343478467522205
0.0083951485802875904
0.03633140899700793
0.058636273789831793
0.031513027359544213
0.030198867214148301
0.044142490285079945
0.05590697727852327
0.048021824984663689
0.072996426439732476
0.020408069281331043
0.030227734664216598
0.028314070649605932
0.021284703736935751
0.017108763647340555
0.014592974322530856
0.074781065245863879
0.020191408907790205
0.026007697912415043
0.033616178424270199
0.037362086109264905
0.017078859703694011
0.021005071579325636
0.037625568986611575
0.020684274179899088
0.01490319609818901
0.02416290926778001
0.070209956311744551
0.042014440691479034
0.017787628443284305
0.0078048153176447643
0.018945083726195463
0.036294339167576697
0.045182604689425511
0.016840077001099039
0.012168027256102174
0.064535469869800119
0.058597829301526648
0.0083989880117487092
0.024766905646463975
0.041455612038189121
0.038731798996891741
0.068679233855692287
