0.0086743316186341513
0.0062381899621202523
0.0045031844040386466
0.0046815916453411153
0.0096834681401381621
0.0047845580860186162
0.016032886891047655
0.0071940794475797501
0.011649185733472475
0.014886624926290868
0.0047478005495772612
0.013814654211062179
0.01245512876881914
0.015209868706990095
0.017963300616350181
0.0011487073823123123
0.010996036330401788
0.01920027894835372
0.0081316164660458629
0.0071867065241544075
0.0015431643654174856
0.0029038775836442883
0.016074714880377514
0.009530631057959758
0.0035683889964387636
0.0040097247549105795
0.023024247301463723
0.013997699243341771
0.0021543209500229817
0.009528665190938845
0.0048193415884312928
0.01131354713985123
0.014029941037677079
0.0046642311981713808
0.0095427678350557717
0.0059618284650397426
0.0076665762259653771
0.0089064870876317138
0.012088760728212166
0.0042504963949422147
0.008296991560280579
0.0039110018608739614
0.0053529744550363644
0.0049339533104451423
0.01278248700023577
0.0044745397206896456
0.011113220851102419
0.011295197817856897
0.0068105736909938363
0.0085305792485288797
0.018697309623888093
0.010645634778231154
0.0083235453275774737
0.0082351075394240265
0.01695945566176996
0.015217907809921683
0.0059371276230427471
0.014208920574956957
0.018712630252513397
0.014975700597605146
0.012415522827625813
0.0055922547802170989
0.020120020645297412
0.0086417509585776965
0.012554404538681264
0.0064015978423125845
0.0093183112134755872
0.0075021779650452603
0.018557474608133156
0.012413298511014277
0.0069964257000692627
0.0047261625501832834
0.0046924365468618201
0.0085377533985565683
0.0088266802719932664
0.0098887793290065792
0.0045132233277206477
0.012328926469991973
0.0098923061691426062
0.017002926999368062
0.005127258173948936
0.0094177954307834797
0.015394356015346094
0.0084328907654423173
0.0024493718929165442
0.0053647176117161679
0.014158434361154486
0.0026487974133232116
0.0059910367621981197
0.0027287031840745653
0.0079085026407110133
0.0035713378816072732
0.0057250713179277397
0.0087721473950010988
0.0076522212291955946
0.01187944197615395
0.0092263576868861323
0.005636011375486704
0.005510621882703042
0.0063194072979462354
0.0054471954392191256
0.014673532517891009
0.0089286274874259795
0.019737778918759764
0.011362683466412758
0.0031530653840486748
0.0041905879842543568
0.012603133462207186
0.0093083894436079822
0.0095946085749265483
0.0097196495350725665
0.0082969404353594785
0.010978595821258843
0.012196593380525771
0.004282077818131661
0.0060602524671654829
0.010483237663550688
0.0012329653391517654
0.0054858996195139374
0.01595117751878776
0.0064485153264889385
0.026368952084172597
0.0070758866284329125
0.0069442062611537606
0.0051993036416575385
0.011017031710359027
0.014258986770553069
0.0057035753468762116
0.018513074779500361
0.0028448086202023013
0.0077504350154787502
0.014721565990760977
0.0077565231530390714
0.011695065485158761
0.0037143843045278988
0.013544066162482386
0.014429224098203434
0.0078525341569772103
0.0078691338870777779
0.0038741479148814216
0.01071608251283891
0.010546477500393038
0.0065476012084168655
0.0057039337363585102
0.0065353024603710128
0.0029822764610959829
0.0074928749895331187
0.021950458222937314
0.011533264807411573
0.012335946390862803
0.0062624515906726493
0.0059433412977086151
0.01207322089226711
0.011252257273633609
0.0063804512195600044
0.0072195135472488108
0.0029872169800501079
0.0077087978366966112
0.0056438322447569409
0.012372305621540212
0.011676843276083619
0.0086696954761505841
0.00087852334507790232
0.0083836098762205373
0.012527342766347245
0.0023262639751476621
0.0040587851554946212
0.010091224768191565
0.014177412278497533
0.0090156618190926213
0.012210499040241244
0.0070961151477003642
0.0090362433441980288
0.010334019519630838
0.0044382259072665966
0.017886480278374171
0.0051112085634379516
0.002348893170258048
0.0094330622065252213
0.0047062009318385367
0.0091243266661680429
0.0048522640300740763
0.023494509341471931
0.0051815273839182496
0.0074432659290082082
0.0046221766896627874
0.01643318453122462
0.010196293319664833
0.0065497200317230385
0.0081855347097386112
0.016199228243204529
0.01837820616412
0.010975747085608785
0.0084620906500399006
0.011785561220237644
0.0086791525719798653
0.0049536278711057001
0.0021872800121526584
0.011214521974031081
0.011925499046707417
0.012046453144849157
0.017036948427019232
