0.0036235639001552401
0.0058640830510804506
0.0090906795400815723
0.01226453309843192
0.010535266674229595
0.0080005807557593667
0.0089230251761753167
0.011531365992433137
0.0049472257968579412
0.012023010929625495
0.0081790099246840629
0.0018721061767799716
0.021167274769223053
0.0052299962026424391
0.0062434716390141528
0.011693690557645938
0.0063283230375962484
0.010462339414065091
0.0084001667583647448
0.011137227365890862
0.0059356233423218125
0.0058660872069493629
0.0029014695355635608
0.0037018135412811063
0.014239608901172533
0.0031266420009390507
0.0004248129049256142
0.0043734831807965956
0.015838991872896287
0.0072900594104571082
0.011696841426819669
0.016562033938892818
0.0061053389904470101
0.0052706607326458927
0.0024123855949924498
0.0013919080845130034
0.0069214728128396156
0.013025125743149665
0.0055921346305396096
0.013368191784148185
0.012220423922595208
0.017945727658101644
0.016121161891861208
0.015471564913896152
0.0022096033393890183
0.01013208749121499
0.011014231192781984
0.0047386104977787573
0.0037071412362241112
0.0064192127703600549
0.0064183975301652417
0.0071564895671296872
0.0031853519330835452
0.0036120679291353334
0.010369209353220853
0.017851673974999958
0.00017398680969648011
0.012357053637063527
0.00015073163433348697
0.0060241268900968125
0.013997188399406545
0.0080528675336114346
0.011758142031316143
0.014055816782618467
0.013559101418299609
0.013747737220991011
0.0083215723631203473
0.014502410447053147
0.0095556738738891353
0.0050313500601934496
0.014358321556983029
0.004412191245656936
0.011418399527499398
0.0030469989637860071
0.011546976169767327
0.0051846195077986873
0.01108633323265637
0.0097635924262894774
0.015262649094680211
0.021612767049626398
0.0049017662980114368
0.0066064745721631287
0.0062685260037973114
0.0056942076191924965
0.011138975819285342
0.010648659734255817
0.006519833861063788
0.014522404125804921
0.0076312276100831454
0.010854807884884434
0.011638782111082447
0.0073706555654276442
0.0045017266422733753
0.006898902874741296
0.0031024200840453031
0.017839917415872871
0.0037323202190015737
0.0068302743407734597
0.015900485551727805
0.0068056973895903134
0.011628391146407107
0.015210341086559621
0.019918816778332835
0.01258139098215947
0.0080025969194565047
0.016215187217645161
0.010288815108698293
0.014233860457884617
0.005955895613088116
0.0069690694791678344
0.0041291125083813118
0.0072134977548146146
0.010458456437559535
0.013150617783847685
0.017758227215314868
0.0069528420213454695
0.0035579977648670254
0.0091695065518096301
0.0074863178887797088
0.0062257748461579535
0.0072504237429210534
0.0017275894427732589
0.0077034722370451399
0.010017417251108052
0.0062563315218960771
0.0070917371484606811
0.01202422271323895
0.0060561121648452397
0.01586026290053922
0.0055526463233461758
0.0031791171056406464
0.010774915405042136
0.0016055091917816094
0.008077092866986409
0.020682113466527489
0.007425007202053472
0.0080533266174864695
0.0015939014140296196
0.0053700190355604862
0.0093482376092293099
0.009902134545208054
0.0070310939408165293
0.0090845108467896077
0.0015673971417762556
0.01104215929601673
0.0044048681913697292
0.0110075068062484
0.0079545143441831726
0.0042379927510080833
0.028552096948356937
0.0024072094740960732
0.017945650484284467
0.0076176418775140715
0.0099587432653225096
0.0059080062830599552
0.0038895830760967537
0.0034557914173504122
0.0058701757418561078
0.0098080138376374065
0.013833197975080142
0.0099535887383677291
0.0048572351382303444
0.0097409928208803277
0.004562669614139106
0.019424171417845356
0.011061363890269042
0.014337371949071299
0.0022257141364255199
0.0038027484389470713
0.01637744863779261
0.0037428793657479655
0.0078216435071991382
0.015762020514269771
0.004117757103950557
0.012037588409645517
0.018052623353184433
0.00098193580100229202
0.009290761153071354
0.0076985280616475322
0.0023892856808249989
0.00020168480931821589
0.0086612710791492166
0.020577632588574903
0.0052424773337633413
0.004453583884519473
0.011218528590140381
0.011876550303914579
0.012376986891109767
0.0073700827159141093
0.0035237451644622377
0.012473868644526312
0.0034923924727160386
0.013375515826949312
0.0063746355589539951
0.011584741960780326
0.010915488427268331
0.0048931853886377795
0.013642028592831097
0.0026791337982556983
0.0098459832927652018
0.0050142196383666914
0.0025008098519424416
