0.0021712224580282022
0.011966026461560057
0.002686052066419602
0.021218389435309012
0.01710450043834456
0.0098091061873327549
0.0084204104852789712
0.00840489510705132
0.012375534183215972
0.0088693622282137261
0.010875446977559981
0.017739159071664051
0.0086029014282600486
0.001902128447809926
0.0078538451602944391
0.005846043884758575
0.014447060609535184
0.0082446890792935972
0.01427907341380473
0.0042188797641650698
0.0094523508065531107
0.0046507746930307872
0.011652541544601921
0.003184519173133693
0.0038415656236678764
0.016894311470402081
0.014348437831007702
0.0081466191920225653
0.0086614732622331565
0.010348282381772709
0.0038468830682179206
0.01214098763745078
0.0029126558609542065
0.01504530882183925
0.0043539217056752424
0.0066845711583101222
0.010650585369571882
0.0037122695651798814
0.008524331395651721
0.010972243516465783
0.0027651116067802213
0.0022910455328618387
0.00031807981756475019
0.0022957330187935807
0.013464742808874823
0.0049100527122809745
0.0099421601970138569
0.0033354200737165324
0.013703036622932197
0.015617248318323795
0.013390350307910866
0.0054193840717821993
0.0092199957552689601
0.0031028369989572133
0.02617150312849572
0.0079373645425816243
0.0044997369848277183
0.0062349532355961941
0.0096847953903223816
0.0089783516310894037
0.016892825839285482
0.0025846620320177077
0.0023491064313793286
0.0051462700203974273
0.0069901426568047143
0.008061129559761843
0.0078617459668469183
0.013469094513257744
0.016559804279539247
0.0091532941834169719
0.0013057405150830772
0.010634611672284806
0.0055841387869881871
0.0037217219096768433
0.013650072114933801
0.0079489738314568233
0.0062134952308690716
0.014358824359873474
0.0094845702445013075
0.0059529376611438187
0.006126750458230113
0.0035163562025796609
0.011317911280055631
0.0069247462412905204
0.0013579060242669319
0.0039480876957912548
0.011846989067210739
0.011925898049088996
0.01456407053561877
0.0062955185762179101
0.005201992816986226
0.0038778732985523616
0.01210235584255703
0.0068301768976062873
0.0047458603754474424
0.01547258360860081
0.01047783495593619
0.012037783291493978
0.0085026130127404988
0.01027233967687299
0.010906641001404893
0.0089999708238389375
0.0089578966530413605
0.013525025063300352
0.0055220860821173319
0.0096260698793845106
0.015408955872763544
0.019208118630624629
0.008022467940880261
0.0050992086850284108
0.0082539607137595405
0.0036774841663168309
0.0073882217207577663
0.0086629479540182939
0.011485170579855071
0.0087484384260501421
0.0083644748661210275
0.0097784846690987248
0.0091029820653565716
0.0059847690656589687
0.0071123859650449733
0.012129867253365758
0.006626041649233692
0.0041155332702023832
0.006988606263948538
0.0091369466906595209
0.0043536002744067968
0.0087029803589319717
0.01292171785428612
0.0050225321046023568
0.0039401579190637128
0.0042528723804232463
0.0074376613094323928
0.0098191151154286976
0.008442551412713396
0.0058998753517846801
0.0032973473441654908
0.006278802727250607
0.012984065746631083
0.01734974540273878
0.0025728956837752135
0.0065654025910508356
0.0090547062176230941
0.011305834299365047
0.014197674126599147
0.0095587618081438043
0.0047259096315124
0.011093875548006529
0.0084983446105459295
0.013395779691277938
0.0037691397182418804
0.007912638751193855
0.010767101413392962
0.0055048476306058169
0.0042890796862390555
0.0016783861081043046
0.0043021223637729087
0.013215779345208099
0.013029885556292666
0.018465734707911755
0.015428654310412019
0.015364794350894167
0.0036598026195388323
0.0050849900548096015
0.0024043322088142145
0.0096033717428326126
0.013236794294012432
0.0076617070002289699
0.0051385575839200427
0.0094807772224777629
0.0081034918323094063
0.0079523490824276698
0.011715799432506366
0.013826748728950955
0.011696964054808577
0.012160811684831033
0.010784496259952642
0.019046299061360177
0.011708060371100565
0.01647150526052359
0.0041771777424188502
0.0085266473878839143
0.0033569857229127746
0.0072487086601887287
0.015529825560905543
0.018877617077642541
0.001890062631210454
0.013987173516716772
0.011114244644901761
0.013765999617128669
0.017572387606284583
0.009564417229291796
0.01641910720720819
0.013062068648976992
0.0080807474427552952
0.010998769533124743
0.0057246924121124743
0.0091423500376505307
0.016168041639814779
0.0064580272645195893
0.017048246841891278
0.0073812089315030381
