0.0045441509822076445
0.0099188306272209818
0.012159379997275819
0.010364638760664454
0.0065042910416140175
0.0086480046750482993
0.0083447079177374484
0.0031242547972883767
0.009750448269426679
0.0042222142231259467
0.0052280060209583899
0.008840697806659319
0.011736189283209859
0.0046772183776623809
0.0032587664671328812
0.005349292600424784
0.0020675308463810119
0.012287224051712894
0.002608647768450803
0.0064773735870202187
0.011962630571298099
0.0057952844077877467
0.010440817036617671
0.0097207053453171911
0.0053563465154932866
0.0062626504589032191
0.0091531239323959165
0.020026085076233966
0.010902533649964716
0.0059605049049845597
0.0060722721138333014
0.0034297821338364317
0.00068783723578065353
0.0068482310076356315
0.0091331741172921699
0.002926152012409357
0.01322532543084377
0.013887385421813883
0.0067210170147420584
0.020298084688549163
0.0050324531534876133
0.0026417234335957694
0.0091663419886494797
0.0064680527501214027
0.014715856162191844
0.014987860960592387
0.0104808704166527
0.0090320875563697119
0.0075989954158485551
0.013792294052820862
0.011290958377750739
0.016830707835306203
0.0033788247670688723
0.0079517081790904682
0.0089501472425554222
0.0078766510723338665
0.012994270201046768
0.0018036637714386112
0.0050590302330255727
0.0083524048918269238
0.0015325784454458015
0.011154062673311467
0.01251891259457575
0.015742264766580003
0.011580732711969577
0.010379633315825587
0.0090083590642101707
0.003239084019434776
0.0081977685057008642
0.0012665647395178814
0.0074633026109229821
0.022001036580546345
0.0046627456355734214
0.0052950230283950557
0.0088180704408711164
0.0064007875793451784
0.019469178514126308
0.016718808208411123
0.0055257149806039992
0.017355086027584631
0.0074986583441677603
0.010926219823580677
0.0070595769478259242
0.0085471615832200549
0.0039575974689103448
0.0072181726617786728
0.0064333959679918331
0.0031111811164499072
0.0051445827896669793
0.004550137662874632
0.0054504104947995739
0.006302462659429596
0.0045220887104849335
0.0074185624983035417
0.014095227124434593
0.0016715766135203649
0.014093936253246021
0.0075612877059194564
0.005835423877537156
0.0062690778828871476
0.0065571738072515264
0.0095512524143729106
0.010345127496990554
0.013122278295953926
0.010560141969349228
0.018881596461563885
0.013592444146980938
0.018366013258162381
0.0079069197831853084
0.0073141688546732682
0.0095650886908547061
0.0075969563907698125
0.0094557992282105138
0.013148658438832473
0.013870260688426884
0.0018005839380838132
0.0025658513748861131
0.0040017009659810672
0.002417899822568004
0.0057490871294595351
0.017449786353477763
0.017398861794130627
0.011644785292319262
0.012960129220395515
0.026589896543174427
0.0051420990340885781
0.021761064109537407
0.0031928574486385611
0.011851619602979643
0.0092821649183836511
0.0056021339140963225
0.012360534884164163
0.0035062834251654885
0.019160897296669487
0.0037284316854990312
0.0048582284771062226
0.0060924295457794033
0.014606352776124416
0.0049478622820703306
0.010089798746570545
0.016492109416409401
0.00097565563002384318
0.010404882098109518
0.0045515255571279903
0.021839693740092266
0.0072741386296247988
0.0071211884954973633
0.0026253577231483798
0.010193883544707736
0.0045752035613189565
0.0054847218106511067
0.00566256634370833
0.015183863044171774
0.0091918048274121054
0.013380693891013824
0.0065399337089981167
0.01647646652115909
0.011339864868633176
0.0024756713493688238
0.012382419014916627
0.0069686246166471011
0.00086904407653076059
0.0023031758232760473
0.0085817468026322865
0.0040320503874786036
0.0077002219517632309
0.0030024080538346137
0.0036730924245385339
0.010702559596798136
0.014291700218585793
0.01852025855823344
0.020593805445746426
0.0061601179095636368
0.0086850776303744465
0.0092826930730024633
0.0064592923953139059
0.010266293850753347
0.011082086288217576
0.016134120802239024
0.007156675821741767
0.009854657279209901
0.002687643505908696
0.0051564852033556437
0.005183671164189484
0.010430198020245281
0.010319143303750014
0.0022830383141886597
0.0015647554406402104
0.0039078699187750678
0.0079575890458227928
0.0068906605423802786
0.0040842931422957621
0.0026824177125401418
0.0023818422714374818
0.011022182874077783
0.016976496879234818
0.0096966725059770865
0.0031003130857683767
0.015578537945611339
0.0061777967576737572
0.0094752745285421359
0.0090011204948130079
