0.84605603785706818
0.85395429606035489
0.85250771846042028
0.84181826121162617
0.85853865566182064
0.84752523916493316
0.86101944250443019
0.85510111283013457
0.85859009307282186
0.84312757177597697
0.87062589186607653
0.86295200199217525
0.84348782097205144
0.85709630839789497
0.83924897702852674
0.84886360912580039
0.86595918044484466
0.86342538303340777
0.86058125380966455
0.8723298775920747
0.84878377621812096
0.84577819584294234
0.85313356751237313
0.85317481378278426
0.86191274864133238
0.86117948474639439
0.85489136703843094
0.85440017659683698
0.86387217653047277
0.86977965505818688
0.87297414565578624
0.84481810013822101
0.85400090511872062
0.86197519995800731
0.85077968468482756
0.84197415717550705
0.85682524410161098
0.85468940086658007
0.8569155681491063
0.86127551762647547
0.86542863361681099
0.85280211036299791
0.85903269912862246
0.84754919025780062
0.85029336364327335
0.86408736109678419
0.85633749446398444
0.86444185984242361
0.85374220167305803
0.86030816122145304
0.87119781232866056
0.86027129799171942
0.85356939033935797
0.85585470554558185
0.85932777108797387
0.83857772123188823
0.8538081307362676
0.85562915488941116
0.85132665482027914
0.85060903662420906
0.86788620591817767
0.85493560842338101
0.8672198434242796
0.85764559143856112
0.84326565218093019
0.85789370340648297
0.85686416365167606
0.85502201094570762
0.85236926049458817
0.85913302920479928
0.85563177253821354
0.86846917216663533
0.85927850198033029
0.84051843824732231
0.86288388257943816
0.85854760258318674
0.85070863973753752
0.84469565639371003
0.85198180987264927
0.8518372054789729
0.84300683032034385
0.8533995283718403
0.85415777291201289
0.85690507807596272
0.865152894974209
0.85409382527269606
0.87034474354855773
0.85577071824830775
0.85935292060070212
0.86816240295394698
0.86247581221774494
0.85852584767406293
0.8551932712970215
0.85051853909573383
0.85674777620460552
0.8477443711862348
0.86110653467262466
0.86695047822055682
0.85118798256666051
0.85407798111798339
0.86310932313415556
0.86544149692012318
0.86120137179377843
0.82105915971939047
0.84759447904580054
0.85259530604471512
0.8644976882517148
0.85971785939623457
0.85296378079632351
0.83955729391008072
0.85180740594109938
0.86648406992464089
0.86898365776731978
0.85412122478727537
0.85699197513755376
0.85625533771562035
0.85596850043588202
0.85596182475573646
0.84882630358629785
0.87367183651061564
0.86688987425858377
0.85685670031663852
0.85147852910610899
0.84028957110392577
0.86052414782729536
0.85452711273329995
0.85730052592597927
0.84818489882738912
0.84484797698419856
0.86357256476982713
0.85568735806796914
0.8400289202448179
0.8647364791923785
0.8622268533119436
0.86314410247866935
0.85704830718879432
0.86228124130265615
0.86035605923299929
0.8517326279009293
0.86291680330104881
0.86793655010423409
0.86023377038078375
0.8395719511396178
0.83962179394362213
0.86352806769543378
0.85243558456882484
0.8504964255147992
0.86649897502895201
0.86041290161637207
0.85985373295592193
0.86235453738923118
0.85199436484141844
0.83303196527988732
0.85805997119741018
0.87103204613296881
0.85136766086680216
0.84604140400973515
0.85113930602850107
0.85844831685345191
0.85996519639198721
0.8528309769996717
0.85168742386460172
0.8629451168682658
0.84932307127372386
0.85240075411030281
0.85165128959774938
0.86102117771436304
0.85819254136227807
0.8477537601137346
0.83734788555001227
0.86278098038600981
0.87021211868911263
0.83785330282767401
0.86219051851720629
0.85325428503181422
0.86283260525739469
0.85314360206439477
0.86525066752445301
0.85808304279335146
0.86525622621324971
0.84626051918347822
0.85188104547489485
0.85762202860708203
0.85607989500796622
0.8641670833638665
0.85024330298076101
0.86522565730136414
0.84562875588146635
0.85645168119799309
0.86620992273983322
0.83295427675119837
0.8643803692725317
0.86627053598985926
0.83903525147089841
0.82814537375427366
0.83426569267822859
0.84776643587169043
0.85899514654030029
0.83286339265804543
0.83567330370258064
0.84918617468771473
0.86410693044990761
