0.86238957965371421
0.87040392901191876
0.86220247758144664
0.85683783418084625
0.86154215162936576
0.8421845718149843
0.86131081736788884
0.8448335922896959
0.84738512896619989
0.85365261499356293
0.85565985839543246
0.86140018429735488
0.85859188280864041
0.85275919259862554
0.85461893395110555
0.86287469964659835
0.85471097699164378
0.85637364631295687
0.84470748615089641
0.85011382325461193
0.86481552555108521
0.84900638329750322
0.855121829544363
0.86306286065724047
0.84882465223866677
0.85448151188837662
0.85496200447350512
0.85544517844686541
0.8588043141610715
0.85673519174793589
0.85489827374895988
0.84549382460573541
0.85474795619534782
0.85453473468420693
0.86010651534535376
0.85914534055976377
0.83808986212935199
0.85895428082599334
0.85887682723724301
0.85147502069822978
0.86340744144105397
0.84429337767781376
0.8609437076238855
0.84905206168384662
0.86194164394270989
0.85930938086238107
0.85401296213754008
0.85016021473457948
0.85811305957700978
0.86870760649993761
0.85785587369855576
0.85293662972200823
0.8646225236021059
0.8609532917190259
0.86078650551169178
0.84791426919244073
0.85413594890965094
0.84994987694531554
0.85879378413855401
0.85722634450618884
0.85581411808364982
0.8569401860096445
0.85797475538584866
0.8464208136510144
0.83591328107053409
0.83056480049412118
0.86566537660474407
0.84323433676849258
0.85329812834522922
0.83227159109748494
0.82951306441070616
0.85603285017757191
0.84777601373754996
0.85510611462641373
0.85338514811119448
0.85312265120723541
0.84828917193010489
0.85192798217576515
0.85617318638254714
0.85566135645738739
0.86381330853872917
0.84347866182212416
0.85263331423484967
0.84044030936938863
0.85662603142909877
0.85144876353307375
0.85405439130733352
0.85146503125843709
0.8579456417827932
0.84788519602463597
0.86716949729491055
0.85683472453465759
0.84373102689807078
0.85155230919424751
0.84941655229558255
0.85459120235828545
0.85800217601597228
0.86875737272480646
0.8662150349182135
0.85398256664777528
0.85387707482329911
0.8632421029665106
0.85296419732518913
0.85043903819807576
0.872544700297885
0.85213384309057516
0.85686851338919412
0.86909707292721883
0.85910009848896329
0.86250098389101926
0.84616093712443019
0.86176680410649553
0.85760144458296839
0.86926070081732776
0.8501128499902354
0.86261340787535445
0.86056229703392961
0.85140142736660585
0.86671438819195346
0.86579367491250103
0.85490676962108769
0.85608093236196325
0.85597668594258591
0.83476908965483332
0.84342536866034501
0.84724568503461717
0.86474350670553657
0.85467853694740248
0.85146554952177678
0.85331272808434688
0.84061683015851318
0.84462222294309608
0.85211122488810542
0.84969186482166881
0.85523798467353407
0.86526036360695968
0.86119620474199765
0.84481315132287294
0.8547399885708753
0.85928439268986023
0.85869193308655978
0.85265460046920849
0.84582226927307191
0.86372682899835374
0.85980203523457044
0.85147384247194668
0.84942183628935775
0.85226534408336141
0.85259864532909224
0.86762381960927026
0.85847571045379056
0.8540307697686137
0.86814710931320394
0.85819326036982879
0.86520879186404887
0.85059813967416187
0.85768373719217383
0.85457218030703308
0.84751864683937639
0.85917614231746975
0.86393850497339708
0.85703993813618951
0.86476352419831282
0.83866967436202067
0.86424241938946456
0.86850036467420566
0.85709208163378348
0.86075845443459509
0.85754068419264196
0.86625672449529889
0.87226772119904328
0.84975632057690675
0.85680210932385348
0.86810234933507868
0.85400835603997216
0.86561241062457017
0.86210835549762277
0.85641672895584919
0.86758951902450343
0.83777301692485528
0.84459645460560218
0.8607943813080815
0.85455975034732601
0.87846260576495394
0.85506482019903096
0.85991794542756317
0.86643151035393384
0.858401689562732
0.85163816626140831
0.8630396420843881
0.86292183824391377
0.84531787355648214
0.85390397558951847
0.85147018463168267
0.85459958552576043
0.85720172583666743
0.85029426960457966
0.84743245049446125
0.86414794547634766
0.86214745888551059
0.86157991618841545
0.85984355117525513
