0.80558820588332025
0.81519116144479675
0.79492822107416394
0.80167295654146786
0.80467700164916978
0.80222328371049112
0.79268116214869944
0.81506015983822189
0.79220212084555319
0.79524882193915869
0.78744330540046459
0.81448723449782456
0.81548734488161234
0.78540308945795112
0.78062731556770537
0.79679107705666297
0.79755962249350787
0.80525714617465516
0.79794118343146025
0.79031555030083245
0.8058545474551061
0.79849098171981292
0.79556544733271739
0.78430086120806708
0.79904261547118216
0.77245721448909654
0.79537439066683879
0.80178100035016442
0.78129465629273431
0.80510705807135241
0.78447868471691695
0.80289207661921269
0.80539018292164433
0.78058708770059715
0.79541883505750222
0.7957301218642473
0.80283977032172005
0.82377793664251131
0.7811603014977041
0.78149581302177529
0.80074120841855401
0.77236545904083664
0.76425376447578719
0.81340176120909069
0.81959439088415431
0.80800336993105626
0.83129800526216158
0.776444082882364
0.80651243884320323
0.7754987018091638
0.77227111254038894
0.7982501957396706
0.79515433097514632
0.78029939001565374
0.79212658118673862
0.79927632872507592
0.80467259558435456
0.76270616850914641
0.79785236832401685
0.82063913103965602
0.80466764103641475
0.77500474147880227
0.7876974884400908
0.7977108521121643
0.784236090237168
0.79687513371233887
0.79632593924593409
0.76777163645196944
0.8031625441370307
0.77031991153999235
0.77775667778584423
0.7810575037315608
0.77994559978766231
0.79013308086066869
0.79684823896392554
0.79076025251618454
0.7720131167625135
0.7919305955076581
0.7904614844831257
0.80111591187731024
0.78405303229055889
0.80312097087527767
0.79829070191102924
0.79571642119401809
0.80116978405077488
0.79933408348373425
0.77538499160163687
0.78483560339442848
0.79845963825625255
0.77728904412349065
0.77058984230887273
0.80156083036396775
0.81579394777858849
0.80076222681853948
0.79335146429432579
0.80778210508828419
0.79555726336161392
0.79270377298728023
0.7923559269521474
0.80103781067571878
0.80892616462617717
0.80915323041603027
0.80667480614992781
0.77515730856102572
0.78865611512854605
0.8136219588791368
0.78913921466101022
0.79581151348724377
0.78777115918994811
0.80201908031038982
0.76843046707016138
0.8073220588214417
0.82162472107744722
0.7968948475975981
0.79515339283769371
0.80457028568435951
0.82176550754071354
0.78458120230306982
0.80441026841988494
0.80490574171118268
0.77877672706279999
0.79308399199586022
0.79387098175511939
0.77042188565527348
0.76156308733331968
0.76970847573108825
0.80885865738717266
0.77684973851862194
0.80750761345908217
0.78563132759364684
0.80807399090330856
0.78284140236400157
0.79909746913786051
0.80113840668370329
0.8232112619698353
0.80126092057326836
0.80761210244409498
0.78598135709136907
0.78501315926813531
0.80101271775003491
0.79883461852974902
0.79919128042531906
0.80889158043917897
0.81314318508539618
0.78137766141318243
0.78871183892521124
0.7696099387280585
0.78615765124653803
0.79820597972260077
0.77811502104804764
0.78625221515735755
0.77084051430636091
0.77981903158596355
0.78445403306271322
0.78039643131498315
0.80191941995012184
0.7707633901921348
0.80043043298520766
0.79746575164647726
0.79855202354224408
0.79137726899673577
0.80941903787990988
0.81206684443966259
0.79540667477658034
0.81427829719562794
0.78802287390770809
0.77513220404173144
0.80144218976551529
0.81290116838390503
0.82185481403633187
0.79343023837442772
0.80617276834192997
0.79983756308773057
0.73078169802155757
0.79271196250660525
0.82069767379503011
0.81138818199276452
0.78474828556389309
0.79705630055470122
0.80869775071578709
0.80480448427380313
0.7889291567009219
0.81310461166415915
0.81708956362389074
0.78774290748820219
0.81111566162367987
0.81004851642850884
0.79675942342416506
0.79284851268986267
0.78091465857772779
0.80400598611490692
0.80009123724517484
0.79564028123300867
0.82078138627640296
0.77896568299137126
0.80251889575418056
0.81442056332490109
0.7831821983478876
0.78464852105212879
0.80087740042981614
0.82068600333964148
0.81556728155249003
