0.76517295073939984
0.79418852922151906
0.79591157077412766
0.80963301315171865
0.78471738077829434
0.77314686380500341
0.79868435224436196
0.78544920969920773
0.77070402169241592
0.78955667010709318
0.78164552885203575
0.76499477266753335
0.78217509567852395
0.80921085394609105
0.80498819592848059
0.81242779608299098
0.78059522065433351
0.81274892298497237
0.80307961875531109
0.81200317997918847
0.78167515237518204
0.7743121126339001
0.80064558295200827
0.79199465027209448
0.7841753114587533
0.78177488493222691
0.78078401822493415
0.78337542754031597
0.78914435102285019
0.76219237292622377
0.78578536366607077
0.79736217891084726
0.80174901265763587
0.8097656744726458
0.80229560100903485
0.77941060690703468
0.78950433945828769
0.77662970813038501
0.77566685633474686
0.80082632204512649
0.82103274439885332
0.79888946174151343
0.82373127122768863
0.78318189187047438
0.79555071016815193
0.80748733524262695
0.7830464517006922
0.7910261440149039
0.78323176758358104
0.81862124374959855
0.79522370774322826
0.76891461005047879
0.77058930472546305
0.79695295429367263
0.81501234716221715
0.78951639852428412
0.80704720086037496
0.80474073649210109
0.80241338588883804
0.80704609080474865
0.79437421652531526
0.79583513111376492
0.80904558159264783
0.79379149866101573
0.78174811363344476
0.78755196378269132
0.81213387460741171
0.78473892378320176
0.804305678643082
0.79811292508353948
0.79394505253713865
0.76696843120321345
0.78025009469430506
0.79750348743633426
0.79207814646103092
0.80113952642734854
0.78228593596981821
0.72001531394167195
0.74458211126422003
0.73295852213974744
0.77339070742555349
0.79017752767133886
0.78277842073405357
0.76602217256235206
0.79222136417052769
0.77968486228237677
0.73611711212534281
0.79309990318810875
0.79956477314445484
0.80516697707670548
0.79924561336842093
0.80569544980958896
0.80430001381047378
0.7858195720164266
0.80531903100841218
0.79660849090671693
0.79160456411989566
0.78006723423509949
0.80524918850471172
0.77022320802445166
0.79905731473391228
0.77401860954690715
0.8040196812087157
0.7607997690134124
0.80068597842194067
0.77059454629313195
0.78361065572708233
0.77325042080622197
0.79243818134425459
0.77133869636286956
0.79199467653630484
0.78247873485586539
0.81187709156012511
0.80528543324276192
0.79069177984048533
0.81216691063678004
0.80011447696712235
0.7980837379600163
0.78770646675269285
0.76467810129151093
0.78393128601634743
0.7858906909990403
0.80698540222449811
0.81206906763807674
0.80543850111758553
0.80822470361503251
0.81795818455206282
0.80595670629745564
0.78050905944928728
0.79613132128853614
0.78731901124647019
0.80589217396357726
0.79146301704248845
0.77293929569324216
0.78793540827647657
0.79502748945539192
0.80040660079885539
0.80259377061939341
0.79702088961631878
0.80060764290632547
0.80000185823863634
0.80573709118045866
0.81618020069243691
0.81045358954123015
0.77958384605006104
0.78764279309699936
0.80737467801319851
0.79461058132977591
0.79763120400865051
0.80486051741379949
0.78984889878037789
0.75882907396810473
0.7768356311054333
0.79545416694398519
0.80508588291894878
0.81022309811086046
0.79292269818560757
0.79772794041336981
0.80975011975584399
0.80194247070496483
0.80684446304725499
0.80512590783365845
0.80282615035806171
0.82036605686741193
0.81169259979467712
0.77959231704513343
0.79947652202898345
0.79276548342896946
0.82525484684024542
0.79279313651594019
0.80730488141565193
0.79821833253999319
0.80726024960934084
0.7897249729450786
0.81053418555998535
0.78107030968231284
0.79211243012724941
0.80306385455298634
0.76423051012927723
0.79944943062062246
0.78194735929280446
0.80212525947541624
0.82340619459871955
0.81294076629986012
0.78345253843374796
0.81890525060684294
0.81619947989446151
0.78220297607647848
0.77863221761749768
0.81043328519428914
0.78371452989143897
0.81373338439529896
0.81229536238815869
0.78075326209276907
0.80924822763970794
0.74480121990260995
0.76405307464547401
0.80559736518737479
0.80183674886701539
0.80931493213497774
0.78848910224368751
0.80030521992373249
