0.07920460091728998
0.10064966742720373
0.024925619753047787
0.065071059456012104
0.043743228429458957
0.026232542029380902
0.054092530794220252
0.045810899692741006
0.10968126988868038
0.1049853955419007
0.055503687070873942
0.17113333014991267
0.11444927934335833
0.12141193051343573
0.061201762114690604
0.074253342108711262
0.14022548457122855
0.19981888880651749
0.039995256350361587
0.086568729271453704
0.077885526688306311
0.062771316233214094
0.11232944404941822
0.10060420836072036
0.045860957139460777
0.042977502221557516
0.10593066688566985
0.07601380253428501
0.032362233415123377
0.040923910176139229
0.068133230681612977
0.084986958115713218
0.093319067987676238
0.17997025673519651
0.047042627349864627
0.056598766040049882
0.1320938654936879
0.09197042056454173
0.05309108970672529
0.055129737801467738
0.04686349291391035
0.10966641246342944
0.09135863236012351
0.10377672938663651
0.0065066887306731679
0.10372128600135008
0.16287398537554151
0.082237754475878
0.075295708681487536
0.046298391199837301
0.16985085109361781
0.034395399319664219
0.090867491979157208
0.03700606955189379
0.06705378104158094
0.091586127806151107
0.024050970879748283
0.035652926452237228
0.049268819629028494
0.10993401863540841
0.1181443050253706
0.081060567641032075
0.092358795328283338
0.11723141230318124
0.14533698772482972
0.05657669012964274
0.049312058059312387
0.028508110386231713
0.090110567752006529
0.087532939126463497
0.059415488835157501
0.14758924708888158
0.071197920312006294
0.057412491286431132
0.030716667575854489
0.071399733311598754
0.04800009122957468
0.095789713839344121
0.13544398204180313
0.078208876579718756
0.038511287422746912
0.15036495245112341
0.11163927731793172
0.034509884528733714
0.082038055230846479
0.07006404931824714
0.11905075691100113
0.18228328179926309
0.14541396195967987
0.1037794892708047
0.088058870728896108
0.080385726095340615
0.079043499191496697
0.11141261353878386
0.059854930488205338
0.072101229215184873
0.15374280023865558
0.046519449251107382
0.026659590646030011
0.036692913712832106
0.092690395833066666
0.11064381097285318
0.044509817650608824
0.15376501999189374
0.15132893534903005
0.10427112754763411
0.075174958161799338
0.081588146918435203
0.11616103059405707
0.11428333380878503
0.14925460127274609
0.10118434403029172
0.073447004578693159
0.16037240506484543
0.046549387588351025
0.078214516241817952
0.070330529923531948
0.10127302302555725
0.086674822987198294
0.012694078993449359
0.088022649444790935
0.1401380067506709
0.10196634492954271
0.08115253629609373
0.07780696105779232
0.00683432776025596
0.073933813740782978
0.069894022508944012
0.061332537750125836
0.10678364862912704
0.089782267390276546
0.035551482370267742
0.13551089191440305
0.057624037584523335
0.043081402079026485
0.077077680817234637
0.050641534024462136
0.0160005625923944
0.074706232058346103
0.07922987346421842
0.17372039974304038
0.09227538111948437
0.085396448525791951
0.057089159097550288
0.061931486181064213
0.030830246970240581
0.040596160522791955
0.070803671597329032
0.14515689073883825
0.048272705267350613
0.058566230641319439
0.03963852667733548
0.028302952661742643
0.071434414502118584
0.091779326239871062
0.025060777792641684
0.082235015802977929
0.10286660537347105
0.014444097040313023
0.096245853171536028
0.051121670930319274
0.045081045864834544
0.088291408000015836
0.090482750986018698
0.026143854861085534
0.086860401425617267
0.1024270926285345
0.050177752876734469
0.11097795170325689
0.047109803177520816
0.079351798020358036
0.10091532140470337
0.095831912814233741
0.1849043359094481
0.047212724419694138
0.15474896734592403
0.089906597797991678
0.25445599099461658
0.20778275752082806
0.038689447169372823
0.16027424761815223
0.16867973486793852
0.12796739654839367
0.058941652385423517
0.053628583859135416
0.13584628074323754
0.15604259683376803
0.13872464025867595
0.099134832666464598
0.14465195645603399
0.10058069600524311
0.047645913912284003
0.059088790388816329
0.038053268833314093
0.049115191620271961
0.087402413212273086
0.055388981788530176
0.059155182031497902
0.07515715280054501
0.039892576833052487
0.15024227996128445
0.049456683404152636
