0.16418755161567727
0.024679886732680009
0.052449913970228433
0.049951168826532229
0.0095734987711901531
0.10352194540445386
0.065478550291265411
0.08113370841157326
0.10165130224256402
0.14314331810424907
0.087596677059633782
0.036608089520024915
0.072408458097073164
0.057910767573368611
0.10937446865308074
0.018622305104824939
0.014304136110007299
0.11969305944992863
0.2088403105845614
0.10830838534282217
0.051178852803283825
0.10559251602679405
0.11737752319057769
0.098289205018317963
0.086306653249048529
0.094537607615570965
0.13023534074250379
0.065069211585393305
0.022402258510178037
0.10212688787669755
0.026638625466939674
0.13470599023705776
0.032410986188897588
0.10156413913651714
0.10955015937105034
0.12526287144370676
0.075475150993323789
0.21864643524290703
0.044258216512722971
0.068761119418868186
0.062559180350223842
0.079434593914080351
0.040445888883760453
0.077374612440947205
0.19099741583522717
0.094264304176453845
0.12851384630133625
0.11868991465146564
0.069650304988436065
0.075858616664761611
0.081968855477751679
0.16430628850882542
0.13868544480465428
0.14107127582413159
0.025055939390659872
0.11357390996992318
0.038642812271206202
0.015226024720266266
0.12404015096853989
0.10419237162979568
0.072056716914785934
0.055193119837612492
0.069744267691164027
0.027696756716550201
0.086944881330645665
0.0626656196952739
0.1233070862601975
0.046334775989778032
0.10617640066023767
0.07648733237309592
0.16694713758446153
0.064389446472206166
0.036903278694222372
0.041739947738062409
0.0076187234125666891
0.1611783957063582
0.03955635359265236
0.23134894295380101
0.085310648727757593
0.031955853995425228
0.03012963029334732
0.051939828282939943
0.0060674837954936296
0.03737962877611134
0.046041485812489791
0.11013372021025572
0.07274007279433492
0.055129878867632931
0.13177476985735062
0.096140204605093441
0.073914358139587841
0.031092280435343522
0.089719743349462935
0.10186504518011039
0.021199727009926755
0.083425445750905866
0.057986665177365358
0.065836087047518976
0.0131697333214548
0.095707536075446797
0.16104183412199144
0.12809370341556328
0.065094178640112993
0.10035804952165853
0.05824689489161456
0.10116694149245981
0.04425123985173525
0.085275191493177666
0.010703631888237629
0.1624580279175914
0.021544056107939226
0.14163443853012123
0.03818354101907466
0.051844053379207361
0.08366128622160085
0.14601154180836917
0.019487441109662326
0.095178230101210862
0.056032098435323106
0.051220257443509914
0.047826272384027556
0.12115563795110931
0.09022645040696628
0.031362847497385798
0.13536218191099064
0.021780232929010726
0.070615701861024838
0.037370432941620214
0.090419665134360741
0.087760091306050628
0.044229826981879335
0.04627072632926383
0.082310295213554402
0.074967227061260577
0.094000028847067318
0.11437924389879577
0.065235823097996137
0.056749769112173047
0.11291549654299445
0.13061749933168565
0.16988906958504893
0.065907849038552624
0.1353418262499545
0.051166477807222152
0.15095949246424567
0.11277494910215204
0.067871102094702665
0.11925262348742909
0.14830242976445407
0.10914177538414888
0.16067705619712577
0.14413640996484359
0.14893958870529411
0.098704930258351975
0.085762799687536084
0.14385702074605286
0.088676427162125218
0.16660187612069374
0.02584151810863464
0.058411487945162141
0.073097769127384915
0.037554118410288932
0.01819194789986216
0.1425848097423745
0.10973315784254019
0.093993571064390172
0.07306217287743158
0.10537520292376303
0.016570536191439892
0.089119465501430906
0.061666936020301245
0.07767292349511537
0.12000402770692623
0.16826511674405048
0.0081085346551357743
0.013172253190010995
0.060302722768630891
0.060696211406414645
0.029821881893957569
0.02472692474174
0.057508611055024333
0.029588598027062363
0.018869836858271087
0.13310153053886145
0.032068988923732361
0.12047466739222601
0.055745038345859164
0.067253403262132971
0.17009486588839368
0.071851213454824869
0.049133300885641433
0.081409226908204554
0.051402533312805872
0.077412372099053051
0.065494962346194424
0.13023437269739782
0.036880974356080488
0.030445548160643151
0.011544148413834365
0.048548720433659077
0.10999521614654184
0.071156317410410397
