0.0056912349349496566
0.0053763362465732789
0.010062397122027937
0.011129612446836606
0.0085620809162794236
0.0088085544775180821
0.011446399417751427
0.0038064810282716854
0.017978006347102699
0.0068281597208392228
0.0049376253805365469
0.0061292793726191236
0.0078827583711283226
0.014507065058414544
0.011156470944603732
0.0073524927983054916
0.0064447441670910897
0.014135730941468755
0.011342879132834022
0.0098620615811634057
0.016735949559071595
0.0060670716648568218
0.010573384449433058
0.01027632002661877
0.0043402104949618542
0.0013022388849308166
0.0037252987159727526
0.0039740399785418833
0.012261089992728333
0.012867342700740157
0.0061701264070688662
0.0099806722410160954
0.003657995068420444
0.013909778493888841
0.0056761109645232606
0.010843832092520456
0.012653373061738638
0.019581466668958127
0.013073976074033657
0.0038910205397933383
0.0030907642448847169
0.0052009576709072568
0.018922073018983392
0.013245077520789962
0.0062706357295978666
0.011876641276744905
0.012877110699587467
0.0070687083061805938
0.0040771347660970786
0.011290190050915505
0.0058487403310162195
0.014014897791940008
0.0036212266286386199
0.0073959406426825349
0.0032265383434307909
0.013471717276360972
0.011840739978841556
0.012358504332280779
0.01378083729473711
0.011193635130158655
0.0024421270549137
0.0087447791422796579
0.0023961914136722538
0.010987100333878739
0.013241822693917889
0.0071839162552760731
0.0050406716236536765
0.0048901974152336502
0.015348327071285578
0.01685301621068629
0.0073266433171397484
0.011410677453897443
0.01578234329399034
0.012849038036518892
0.0074730771112940806
0.0057741724942659512
0.01045153828639774
0.013173803935684399
0.0018419250701792824
0.0068338987752487373
0.011101803067441629
0.01894659783067501
0.018170478151414461
0.011011629313545046
0.0035260657578598089
0.007557797738985691
0.015771816468879849
0.006117538823502423
0.0089247265965618112
0.015814447056106046
0.0051506207114397455
0.0038600803817675235
0.0050549067511560172
0.010507719191491254
0.0036010218606805449
0.0065890205588072645
0.0093322720741555506
0.010673588579167033
0.011382431586019946
0.015866989897650997
0.0095725949684864007
0.014851317754673361
0.0035664031924858616
0.0056981302548058856
0.0053098469369049113
0.0071774970485489189
0.0090637315110891487
0.004708736965897924
0.0083827343149568186
0.0041517697623180702
0.0108398982257609
0.0071238366115740645
0.01636435301141418
0.0017833034957053671
0.00723960487574969
0.0079713070915441199
0.011454596620246794
0.0086599901582828445
0.0025381592655703395
0.0028892907554082178
0.0072420990033589391
0.0035468464792666869
0.0034756265553323117
0.0046346736252289248
0.010672756304413779
0.0059335202788318954
0.0081491183236762597
0.0033341665693217199
0.0076195745841517804
0.012913698580755343
0.0041291591760781706
0.0080037914192069241
0.010740579686617785
0.0075619858575933872
0.0027215035665568194
0.0036033895716968264
0.0030324366388070341
0.0049971592971545546
0.01304538725430998
0.013375447903622332
0.0075394657558480174
0.0023712410196012551
0.011892494521334741
0.011850953978921013
0.0016809111055382812
0.0068232377069270518
0.012450991267770911
0.012007612847897928
0.0049371053650180208
0.013100959235462124
0.0077864870844480769
0.015859396308281565
0.011659737102629301
0.0063753704499834966
0.0057358182550639901
0.015491750570468189
0.013560368382554174
0.0029355713292144709
0.010486175135237787
0.0066430450833332997
0.0091754730932395029
0.011199802705502547
0.0070544100195053241
0.0038965490380874972
0.0051055038212205238
0.0079191931004189264
0.015743211862967538
0.008939676414414538
0.0019421502767743234
0.011607727166571288
0.014607779546968888
0.010758396252646815
0.0026514354578987417
0.0066842495116494864
0.015429294531379733
0.011461169562864372
0.0038551141995891041
0.0045713000873564098
0.003993331920974571
0.0054832207422464965
0.010148747610097798
0.018841869073185732
0.0017894197447970947
0.0082614119809876346
0.0063758818278461405
0.0096390787856377273
0.0034138003954428523
0.0041819340153374544
0.015287019669454786
0.0051520411614571918
0.0060100044823783007
0.008737142580448146
0.010690679365397773
0.009885801221169584
0.013920489204207992
0.0080978691825645474
0.013334516756587369
0.008996138854430135
0.014107726713379051
0.0060729256970306119
0.019641613244549234
0.0093029080317333281
