0.010572564639069261
0.01588441696294934
0.0099068787539826637
0.0040747375568870913
0.0049191649916106844
0.0094160914780456514
0.012700352822164069
0.0039365585016309474
0.0074740681948806953
0.0056911856802179884
0.020930491873699733
0.0098406071915751563
0.0059747249866134323
0.014167332632239663
0.001811258123742065
0.0047256537853659344
0.0096716252698734601
0.0047027794032598802
0.008550184491655349
0.0047300031248096955
0.0080374951287322492
0.0025416145167013785
0.0039679474037514996
0.012499487469205074
0.0041845098824053331
0.0023173965924473011
0.012801356823784691
0.011043258547873984
0.003766140244438161
0.0086582080304206648
0.0085618881481180076
0.01057430556273114
0.0024038711318773607
0.013077334696543045
0.0085745042291127949
0.0069298640818769791
0.0066391018267716552
0.004535190338705853
0.011529833138999968
0.016025273201242824
0.016136477650109567
0.0078003575745070521
0.0053825922685960485
0.0077742141705891632
0.011602520380909467
0.0054699035643743475
0.0081225117640418426
0.0088652555568250711
0.01712060546745554
0.010907699228790367
0.0099008751502344151
0.0087224422632719324
0.010611066623896097
0.0090596929618891198
0.0034767582598987544
0.012822855269293937
0.003355990221349811
0.0071089855769587047
0.0055053329271331844
0.0086844072568713418
0.0041250157510139803
0.0023148493930093442
0.01184862159416465
0.005715595702919401
0.00097440877788208629
0.006771030260703444
0.0022756823711717212
0.0066862389798004671
0.0042002490328645996
0.007454223961306702
0.011699571931065689
0.0097385688861772006
0.0062452225089448341
0.015115484141999517
0.011867518600227859
0.0048445827476436892
0.0072456012096831926
0.0083382163696767014
0.013949529281117271
0.0039064493534762008
0.0088632156253796984
0.0017188907317753318
0.007671765417982093
0.017677778976838084
0.0073633523676343996
0.0015687126536110523
0.014754779426282508
0.013123189948548773
0.010228573875387642
0.0081119060542593473
0.0024664180707448333
0.0061499583152589575
0.016058446582235108
0.0092573677933236332
0.017012520145250502
0.0035863049631374563
0.008461160376148991
0.0075099143315061805
0.015939974907361484
0.0056546224142270604
0.0078434902571869799
0.0066209843748687523
0.0042852424701443036
0.0023842533609208906
0.015744422045737342
0.014253736472042896
0.0073225588886384274
0.010260880502945532
0.010004138093192555
0.016371342607432296
0.0053462980726949466
0.009000375974425141
0.0058840864769423686
0.010446558741992002
0.0072313518213791422
0.016598586353318075
0.011852704753346236
0.013836116229034726
0.0096417975593897746
0.0070248676072146377
0.0083809149473996758
0.015239042228275193
0.013930821812887285
0.0098386099601271045
0.022067615506082602
0.014191082788042705
0.011677740399466846
0.017225069258884906
0.0054377528377216955
0.0069852441254955443
0.011422256536404411
0.0041639183625547587
0.0037459836403819467
0.028721842017444224
0.0027159902701064053
0.0060150905929810339
0.0082518084629089328
0.0073068457745502392
0.013994661174630451
0.008055441098318428
0.01293339921077646
0.00033301567213299009
0.017018170305354352
0.0071703069263163426
0.0076251306159714179
0.0047798050342930925
0.015115460742287694
0.0031609220587121151
0.0055140884427621398
0.012246345563523475
0.011040121071112444
0.017530986174247025
0.011053108337176171
0.01064925408783351
0.0093446361228215931
0.0066595701775163905
0.0063378613544576613
0.0035869734836448757
0.0088842219579698522
0.011345857745802707
0.002114413416243736
0.010431224581970822
0.017335620122472903
0.017267082639670341
0.0062371092503806878
0.0076402872422725856
0.005929222670600612
0.013833177770309197
0.0064302157049318477
0.0079986443407973132
0.013207472072686232
0.010636281467534108
0.0096899255309757983
0.010887058172153416
0.0063943225317903635
0.0050230237765065385
0.011445681065785467
0.0077853286627927176
0.016878666275681471
0.0021367416265743221
0.010382822213337792
0.0034785399649183107
0.0069548780665160412
0.014124489834632438
0.0059203637066105068
0.0045470092934325485
0.0054011290638331438
0.016388375976002127
0.011449473611950705
0.0069450883126209789
0.0072777334358328678
0.002647895526491677
0.0092845061913475399
0.0087751957363528029
0.004531408029765263
0.0071118289698390647
0.00901393424409953
0.011945821203493003
0.0022357496779337165
0.012821243696491017
0.0093197895986184016
0.019302977164659979
