0.42341325328653123
0.49125803691525782
0.45926944333212677
0.37852652979175755
0.46156757297380191
0.40810951427809466
0.27479298205226499
0.19827462474421695
0.22786028819036969
0.24958916973128864
0.29248513854140934
0.23305378310728722
0.36809889541094282
0.3568696637942666
0.43404966681324247
0.34687295650589928
0.49299596356213021
0.47234112237691539
0.35839518314988383
0.34498198885610526
0.49262402166417474
0.56110098426582555
0.53600650750639756
0.45637914406536434
0.51257623277181585
0.59282912439056934
0.51676753180067225
0.49801930690190976
0.46292724644746697
0.51549043626481783
0.51956025292358676
0.44694421572267684
0.51405577717316575
0.51804200823151492
0.557033561860799
0.38365505366796471
0.47271642351826543
0.56293133944703933
0.50536764824196678
0.43785671488308803
0.49404139754609083
0.49588656873382864
0.45217422727453394
0.3835086871537281
0.36423544425062254
0.36230427904737472
0.44999932464965181
0.4867339206540337
0.45321008320085421
0.33622939281788933
0.36259004098450454
0.43260579359215728
0.46515777186549095
0.40463860706573967
0.38736100127017487
0.48425444087746311
0.48225198035362837
0.50164285279916132
0.49789544601197644
0.43083175800600593
0.35887516711754136
0.5105420359618289
0.50919388649912167
0.43154535531769117
0.52729877381569834
0.45854250400941154
0.40162457621543146
0.43691081481662392
0.44766450525733992
0.46245394362888298
0.4539380764158088
0.32327465770295238
0.1411021982656494
0.045593902561016607
0.084874725230405873
0.088781005917667882
0.12480096140544567
0.27418436399018437
0.32709641596988281
0.43990173128357674
0.35919126020320652
0.39237787209126812
0.18967958229691936
0.35219062323640543
0.41355266410350033
0.47417280388415095
0.4573064736232676
0.45929086447645778
0.41971318245319267
0.43943093778313697
0.38172146688164005
0.34692128044485215
0.39956535782768798
0.3176807225849736
0.54761260324823879
0.4937908604648229
0.4476979753433577
0.44074162703182795
0.46375781348173833
0.39340836838750642
0.40712191330797998
0.40547358596457533
0.45380335213608103
0.52010861569427624
0.46931997525572217
0.45546479087106373
0.49347436694750718
0.50548468093356247
0.43999691690661147
0.39562195247263687
0.38368279234730701
0.36969515237129336
0.35090159048497499
0.45526577190693002
0.28580937438465176
0.31165512592428363
0.4824696490959085
0.40757066665023683
0.42481682055265685
0.44246339760676201
0.46249613154628783
0.55016079118029637
0.53441520087078886
0.56763395397208716
0.57951205798174865
0.5359047333123218
0.4953777330685451
0.58604723170910611
0.59586241714119503
0.57450018585853979
0.54874627925546093
0.55799547585221454
0.50465976513616784
0.53349789741905673
0.56282903617019142
0.53076514894324023
0.56637392905120953
0.54256229424785452
0.5662161705586336
0.51492222330809656
0.53173186796513416
0.46990333456522487
0.33463766476442808
0.3906336320207987
0.39810512942759274
0.41067198900033713
0.51476052615589951
0.52966054413514529
0.52331490042905737
0.44710269126421337
0.47620329118785421
0.4225027655478561
0.4661879425693416
0.51840422697603195
0.57185166220142181
0.36307495534574163
0.31017654369688663
0.34461194757214253
0.37006833479120027
0.37814522497094705
0.33427012169317372
0.33160381390139926
0.29211951239916889
0.25412813581500615
0.38933706706418963
0.40738392142652741
0.4240502044837936
0.27749351470290406
0.29923030945329782
0.29832913429857943
0.29072760759619565
0.29916588866365101
0.3368152115090029
0.2664760987428218
0.23941610292306303
0.27997272699852555
0.21798800539598989
0.20074369910173798
0.41948565029518725
0.39179190690892202
0.4496237771404526
0.45685541699483906
0.54605685283332572
0.51781566319295391
0.59253681408965475
0.51919074463663284
0.51959466734048221
0.40999129507382248
0.50154956624448921
0.53159843245155536
0.49841342452412601
0.49134574117455404
0.41591429595759105
0.47881406483224503
0.42057709002359112
0.32803737755482476
0.057899027824666861
0.16284342527326551
0.19387195707395286
0.20919211753233175
0.20791945186972136
0.16312597962678757
