0.017506920817506995
0.018835522672137409
0.012392986146429395
0.0098366467106885611
0.0096748607998900036
0.0054002019815553208
0.014452747411894838
0.0061858821841632664
0.014071390515630628
0.013507940203538436
0.0087927742322467042
0.018992323865250939
0.0060459546991399838
0.015223012640923139
0.01531790529280912
0.0049574007555039726
0.021062143598536965
0.011058636717867762
0.021676318680808788
0.016620618267542873
0.0057485573121673402
0.0075649556712687905
0.0083168735041802416
0.0017362506903623261
0.016538477080449577
0.0076590873324029795
0.022465741202192972
0.0057843349505572799
0.014973166931901134
0.0076191022139840249
0.0056041959631754181
0.0066141688900565902
0.020339818647966017
0.004588923029594032
0.005560763210771048
0.017337202287247347
0.011341022840634825
0.011737086434988987
0.01378203670267023
0.0049930618732525502
0.013297305183685309
0.0072005048764608951
0.001710449869189837
0.013006654110531571
0.022540699277374988
0.014371283959680604
0.019730060528009925
0.011427047835945911
0.0076190735792126731
0.0057045642639346975
0.0083456755825348609
0.013320738581615811
0.0078103429294609254
0.014663439383570679
0.0074900345100171531
0.0097874899096773472
0.0030398300320307924
0.015074141735794357
0.014400484080446353
0.016282428410793151
0.0080371678084753036
0.010962292799903328
0.0094403993044075343
0.0041986025437742635
0.0016014698565546466
0.0093081030917494152
0.0096392127360015473
0.020087925646396727
0.0060351877307228165
0.0043961713635307393
0.010758085018687297
0.013730425271376648
0.012212383442376441
0.010902869951364509
0.0087326630980147733
0.0095083916904007519
0.014422181094504874
0.0085403581856938662
0.0029669009560247149
0.002978958450700531
0.0038144323843116372
0.0081342311662175974
0.008531420916311365
0.015557046749849701
0.0054568434031502791
0.016756306564760303
0.0041004010086390704
0.017419348620395913
0.011295114229581371
0.0062434861507387014
0.0097164088943993959
0.01255157147625419
0.011070433454799855
0.0049148644456404374
0.0060333012790315171
0.0066154906877559519
0.0097611249268586033
0.00053998225474413382
0.01193712092953695
0.0033429960717505599
0.005092353155107269
0.016384475991828518
0.017478855742465976
0.010894544880633655
0.0059374091816621526
0.017591235568176825
0.0043398382889832223
0.02200652449936703
0.014485375489293446
0.010952029039058094
0.0061403449655856642
0.012517858940614687
0.025579904370679373
0.0072168850266015154
0.0047641962420487873
0.012852041286821653
0.0077858925759438473
0.0090070795089519564
0.0090188671825058644
0.017998526600691712
0.0072208317320846555
0.014805644087708453
0.014009376725678369
0.02947080084681292
0.0090457534681581096
0.0036461708069600389
0.0077050870599052633
0.026480053652545726
0.011863730570937633
0.025390995584866627
0.0047864541300595993
0.014053847315567504
0.010959037746748503
0.025706754628547705
0.0086150106901460907
0.011711406090811626
0.017333660804982502
0.023967396335878771
0.016240487725421696
0.010056912854921257
0.0073979395174001384
0.010468691321829291
0.01070672924269892
0.0023880448133331614
0.019632637728205064
0.0086394107039088827
0.0077646525374331678
0.013540565526045968
0.010432632825647967
0.011999864710212194
0.0088472610146776778
0.011346019757462945
0.0015693116682234283
0.0065008864961558568
0.0087809646281544265
0.0066771401976161542
0.0021660241942831836
0.015001231509312528
0.008408382317555833
0.0092056157756751182
0.0038083048178303757
0.0056219856034336602
0.014837419899705774
0.0025477133949388894
0.0024685507097332569
0.0014340668428489078
0.01550891256685883
0.016856643977093595
0.011603802596308501
0.0075558427121316871
0.012371615863635608
0.0080471215893539449
0.012541635975767233
0.0063100305911355202
0.016749175667106524
0.015205050297979394
0.0032630646511307396
0.0085135962202531525
0.006372805053608618
0.009755215411879058
0.011176277245195354
0.016354278799547952
0.025386734714172573
0.012613655065313015
0.014284537362246434
0.01447577721452923
0.005959221159682628
0.0093263865055023248
0.013363405912190452
0.022502262101155971
0.023012908470484202
0.021826731594810286
0.0079545935486360197
0.018339782805007414
0.0088008355644646173
0.0066572498111215983
0.0031730641771396651
0.017416827364266842
0.011116770544752241
0.0016671778069905446
0.005879491655590964
0.0140873977350142
