0.097558550928887156
0.035774327820530964
0.060632653575468501
0.048339856819957158
0.098534950160021686
0.092154406804176789
0.11805170220199271
0.16377788826415265
0.23386346961600288
0.13903059252393457
0.16223716492065096
0.10715196538216665
0.085420500196308577
0.072511564168447687
0.10141876556907382
0.081286360748846959
0.051410305990706853
0.12347730375809325
0.095220943034009992
0.086248124341028257
0.16118106584872743
0.1431397456372992
0.15359279029056383
0.10858463965158098
0.040172205194695838
0.070315251412837079
0.062301551403751591
0.10123840363321529
0.099578167140820212
0.079184463169587049
0.20778949485716583
0.13707810206303042
0.1001425701042938
0.094181593028668312
0.18704024760816096
0.24821894791741411
0.058785903723391653
0.21948229704067099
0.14522554847927424
0.18183183632451613
0.015124511254883429
0.17731068752277304
0.068542597377770451
0.08772814886729402
0.21205533808978946
0.029069608805854297
0.033025354341822619
0.070451686341725661
0.092732502049220303
0.083680500199985797
0.16030953803714343
0.055359891272842528
0.045277184485139843
0.062753952626555198
0.077422172494991087
0.079938306986835878
0.096862797886892421
0.12359287970139635
0.090244003824648991
0.18920856725008339
0.16849799763405018
0.10858173392234681
0.19338294272652698
0.045556470021270466
0.13029986491023388
0.092334001567988613
0.057943511584370444
0.0493163758617284
0.11399951021785432
0.095109431090812602
0.0098632540498454005
0.076755183397782936
0.013375094909407213
0.12015102820120203
0.20844399769280678
0.068298998161202953
0.047516333811452906
0.10946640612645012
0.1295192893091498
0.06029981960055162
0.027507860942629619
0.10840565167808552
0.060402681257086852
0.025162711245052087
0.029776051377668925
0.0594084638177972
0.098955393101151909
0.059076587060940322
0.1040149963228395
0.11948508509142593
0.082698109531350927
0.062406231871805003
0.079230468076351576
0.10411586617726154
0.074320756729119419
0.13012292997888969
0.1362784696050198
0.12304346466343324
0.16406688062073152
0.12565506180889771
0.0068010640697669282
0.039774831852910558
0.040709025793424121
0.097777840424037754
0.059111743790639347
0.1268264965491904
0.075299985668363364
0.081090921024807625
0.053045813812767205
0.16725345036292719
0.092476511496196262
0.084520806752513722
0.064689090808959293
0.015481089576894678
0.13424305656085248
0.071136601830692578
0.081864072325938037
0.067418952309739238
0.10199111797881323
0.023825202964883656
0.065225380590332338
0.086577994488346494
0.041909471439407549
0.068065398241291389
0.1042883040005025
0.1032514570361837
0.14449302780451451
0.082827673609837518
0.097873657651463886
0.085815686082617124
0.033705476467146007
0.07686354699228258
0.093662127293903691
0.12796770339792857
0.078931088843920388
0.054532271006676132
0.088130414416500422
0.17260176132213453
0.06488664795067263
0.094400764368459678
0.063791637714370519
0.076888879234576782
0.076804983541872707
0.13932640151046455
0.04463811092797506
0.11296424403563857
0.15851621302091709
0.083873638264498437
0.074235045127131721
0.042820303023963821
0.042882320676564188
0.075972262591205972
0.053846555634818029
0.06232763178662027
0.13118914091424744
0.115397845431242
0.10299995908383598
0.17815142037728601
0.019867327532619765
0.026420525955662036
0.040126565296391761
0.030654081744793268
0.12129993074963941
0.05122322430538874
0.13663026794680413
0.067549029835998448
0.11309883190270947
0.1816366707820736
0.079680154392732266
0.059663387441633228
0.022659027544207934
0.030493914797964389
0.082553327367376306
0.11842854450609003
0.1037164913925933
0.03773977462268685
0.070133640030432903
0.18110115205675728
0.19258284111890558
0.11966964591860477
0.10915362522889771
0.17045565581348654
0.21831096687341367
0.11392380882068873
0.048044613614163137
0.098854285026691163
0.035945322226293902
0.082308097995477392
0.052616332098618823
0.13558583067387189
0.080936198953705671
0.12754627453015716
0.16699189701391451
0.048688658465206293
0.12304843550322492
0.065728288352208938
0.036661877080480666
0.14950107343628857
0.032043892574359092
0.077441304319416121
0.073676036986349655
0.14419112635979048
