0.15586789130574119
0.16862153302059762
0.1237358485107659
0.034733220005462577
0.028971262908458948
0.093627152808256051
0.03431620907208062
0.23298932814118878
0.098250895875793165
0.015655798464507063
0.044424768917834069
0.086996554200276979
0.14575281556907688
0.078533643112581736
0.24007798525992119
0.026886842297355232
0.076383529392801269
0.14850844938896493
0.073777481278356483
0.096764984456357561
0.17340658101186318
0.063596952864000092
0.12061280755601866
0.18073119224012751
0.1250468446777426
0.10606899622573615
0.13089203234468297
0.12258902966260202
0.096546373794249629
0.12133492802073778
0.017224119056069024
0.17060871608769626
0.090851022240912946
0.052744443945589324
0.059040079433600505
0.06224287138599871
0.096150319414050778
0.13912380958729678
0.070912251542015123
0.14647906455547688
0.15114717888707008
0.13758812787294195
0.16024602344418779
0.049255545433498922
0.064768676903512373
0.16481963189071513
0.093619541853054586
0.034223825357376531
0.098140460226111809
0.079320004507711483
0.051992376869827134
0.0790678043416954
0.25022835587269399
0.11553075482368531
0.18511197598840096
0.054124663701411412
0.054823178492815205
0.05833419831323855
0.057804666419804952
0.044465160002562211
0.19292151289392492
0.11658095212122692
0.15867018403175034
0.11040914976387285
0.103983580058486
0.11707931346048973
0.025804080835945733
0.06841695811285893
0.052144636527947784
0.12947584570392631
0.038254002010221951
0.053261322270243543
0.081883587445852737
0.04810032531887206
0.070145240280393997
0.22010327016497333
0.1114326818917715
0.072843639861387102
0.021871354157386412
0.18270959717223711
0.055223046450468223
0.05730524387076516
0.12455092519105099
0.16549991115510188
0.020153537493573442
0.12507866812503185
0.078327651616479615
0.21345415140525001
0.23752826006009584
0.14134507180370587
0.029345475381365217
0.12455783953889063
0.065158737851762488
0.073870649936751215
0.086183888944053266
0.10653367839216123
0.13442505310462302
0.15068619489680879
0.025177230746554362
0.080786833954070339
0.09024620099756156
0.071711857282920455
0.099771400787483144
0.1297969067613349
0.098607988371973973
0.14443830169487637
0.15608655030709931
0.088481594131366748
0.073102258507460341
0.23810328700643593
0.09504896061620445
0.061816328536195647
0.099314478698751998
0.18716042334450786
0.050947748855775507
0.20219622344697055
0.19343377250249344
0.072289833475241816
0.064980381547609864
0.12092957590408761
0.11244232880798187
0.15598300867139328
0.081094151529981395
0.05498586325910413
0.1476128553174588
0.032587778081839575
0.20887102806743499
0.15462960216080229
0.10473674175010401
0.15285419643626483
0.066725016589791131
0.11723461402948976
0.08563804060982981
0.065387419704045185
0.024049447250552931
0.11208285585329193
0.035049044983723333
0.08595272149800888
0.17816093729365515
0.12045293350471098
0.05164812263210096
0.04322825095155363
0.11163914568220001
0.13673428504086924
0.10632734720752912
0.15570668145326808
0.098865754294059888
0.096589651735637522
0.12146790220539466
0.11076805061845615
0.082426856160616638
0.10327314522369815
0.035919146800678724
0.017102727417532392
0.13003692135535463
0.1329770204407478
0.10671600912879749
0.074223345321224862
0.15029358779702004
0.11781742384324975
0.076469803838265127
0.021216810375417297
0.13905464139935544
0.18450908842380237
0.2089571768102467
0.18899841109048915
0.11119871571773986
0.13399377334162429
0.1387886310556663
0.079987503535365032
0.14019701225932821
0.065154598894485549
0.1241567838776708
0.21687301387543739
0.13268773461306949
0.029107850693869817
0.043476209864089732
0.061749227676574106
0.062275455358819419
0.024050631844355699
0.072861821845073921
0.077877050728659539
0.069664643463060616
0.070868463290320885
0.11214814661380167
0.09342050547858774
0.1024409011485982
0.064969922772024805
0.023458283723249759
0.089043518714560871
0.11360497625678587
0.066910710250940711
0.15717725762064907
0.13184458173415078
0.096755274240808445
0.039108867221366209
0.043442417292486157
0.095114482919923818
0.080705046393843932
0.088526760343490773
0.15965241851131817
0.10639470057436688
