0.015169288956750111
0.0056784423718794722
0.014170369083344436
0.016745349456896198
0.0076365819856687358
0.016055825393077715
0.0060544808027736428
0.01618279181292024
0.0073382969717000245
0.013760957685741482
0.013683252540540312
0.0086088099861676079
0.016093244443885324
0.020503623147793446
0.021466778784176715
0.030768151860316142
0.014530622785310095
0.010401996742115458
0.0062627635520266242
0.020068314458600703
0.020505088154975613
0.013028302902657281
0.0089384114224509634
0.017638492647192881
0.010862753241646275
0.011047439877123555
0.016975232602129027
0.0060947876827029323
0.019294449235358294
0.0078095829351507726
0.011647893837354794
0.0068261939800414676
0.010812937625727532
0.013852799200060457
0.021601609352063744
0.032098104037883692
0.0032063453710642026
0.015656712034020762
0.015686260951927263
0.0048853992075477068
0.010094148327347445
0.0018602831556497391
0.0084036195605192484
0.018846822143795842
0.0097775338797727578
0.0028359330545526195
0.013857313047765683
0.026378320255178625
0.0045769823385209346
0.0094607137263729036
0.0014370426231346415
0.0065271766699736156
0.011002038515115465
0.012717120097000873
0.0066384038489524814
0.008551925653110885
0.012066852093544028
0.0071128621406846594
0.012107264691386895
0.0044319390489556739
0.018226943110881445
0.0055240242698368601
0.013527750412396344
0.014926761965166319
0.011483680563217274
0.014353627000370855
0.03090309141995003
0.0065838055718178759
0.0068079332713170699
0.01206614168180571
0.024974787064853839
0.0062778491189694014
0.015544418105962752
0.0091833464650056297
0.0046557948054929835
0.0066451465627840314
0.023645980066038363
0.0043473168687942383
0.0044374839274869456
0.0041852794401325945
0.0084625331779591244
0.012433178880905366
0.0072523090751376871
0.044528990214991369
0.0062823264026458598
0.021244783196446879
0.016225230936305811
0.019790007131194439
0.014961554066304566
0.015035266872104243
0.010185920548900985
0.0089098100404176751
0.014774931756549026
0.016335565652197737
0.01658375790140959
0.024109753568962621
0.021529544231656365
0.014090877795641294
0.017912859366752461
0.010474265911164534
0.012781766296178229
0.015953809077033008
0.0053147506464971987
0.007495180025784998
0.0066387722306834708
0.023617538529616809
0.017530015117243971
0.021608064924552042
0.027069852236765054
0.015116941880078357
0.025788941121900558
0.0064592263099971913
0.017368123610336014
0.017124390411453742
0.0068402190855424158
0.021264164064348546
0.013801788189253344
0.0027096796821322968
0.0080727972374476185
0.0093520225621048884
0.011408121793494342
0.0016121660825420463
0.0042075197428422025
0.015678596923046108
0.0082884923486797046
0.0021951136455004698
0.010609380317270128
0.010999599335928256
0.003932053822361517
0.013970591241863882
0.0092300251955783098
0.0098254183365640447
0.0066329116889297492
0.0086895130559093807
0.014017150918154454
0.015066909912682294
0.013844150776215564
0.016669046061821288
0.023196036764271354
0.010531486812321307
0.01215608657299602
0.024491569449474029
0.019802709467013388
0.019290203072601857
0.0077684936901577604
0.012929257186018136
0.031049939373677497
0.0022109611784794643
0.011659545228579793
0.018097770715881163
0.01096813546553102
0.011630522977710977
0.013678688721094907
0.005286781240440833
0.011132865587989952
0.021003605474819175
0.013411188664833954
0.0031727047142187824
0.0035580100256444179
0.0032197454911780964
0.012658120599343126
0.0099202972291278363
0.032237478746110881
0.014955452186453609
0.0025824048812881075
0.024641700133518539
0.016907253272353616
0.0085649489714643909
0.0088349487417460366
0.0060368235915083824
0.012452105288872748
0.017358326514682939
0.013856320744457973
0.0051061584385368643
0.0041655477851249402
0.016541869473651799
0.013281936473200083
0.011135259680634007
0.014936953379759166
0.010282499638683494
0.0075819338130282106
0.012903123356769415
0.022308901843769081
0.013697443529443574
0.0085793995691665712
0.0095534268566133309
0.0089161293907466972
0.012094616454984773
0.013300641033207848
0.0074418927742811291
0.011682487777755463
0.017222045687103227
0.0091970282951663526
0.013149762562738318
0.0086502226842737947
0.016372208382348208
0.0017813768383353405
0.0047817502076879142
0.011761397339320292
0.0053514604023735474
0.0016395083999752316
0.0048153055174113921
