0.017955567689301993
0.0182687576348005
0.014510751648960823
0.0068460140871699762
0.013538490173621281
0.016860000945136084
0.011310254394721877
0.014050631684157908
0.020047098773983911
0.017539499724735862
0.0083280492626643284
0.017119443357673184
0.010963268647795456
0.020908209364636301
0.0063509937757055416
0.0067271396936585863
0.021801575107741156
0.018767367793242472
0.021436060867457619
0.0060181705044091028
0.0050985188865694296
0.0082862223708642293
0.022461719413071901
0.006474843229055372
0.016227850473080715
0.016316553434667501
0.01911816745030254
0.005867522444595495
0.0057697850678135407
0.015407440114514458
0.0077241096404541626
0.010715738361535108
0.0082159112387334889
0.0046836632278344607
0.0075191660372784597
0.0087793854293061312
0.010829292808434969
0.01787372509221842
0.0092168509731639543
0.022589519880579275
0.011945505530537486
0.01210484194112867
0.017628406405140403
0.019262697565585525
0.0062060312064077718
0.013949952263063673
0.016637301201719464
0.01773922662007112
0.026622411671336662
0.0073234815805232039
0.01023898461350925
0.0052928082276493017
0.013663723021103871
0.0027967333872586653
0.008567949046869576
0.019955932104582411
0.0078781558311733207
0.016726319179354292
0.012903669584793727
0.0071056191785289968
0.0057032447699383584
0.00745690570728408
0.034305629399367162
0.004835896441255645
0.023119608528140368
0.0096429989587036805
0.014754659888916631
0.014218405480894973
0.02429654866283382
0.020697829460677955
0.013407018976448545
0.022619525414330849
0.024987032303229094
0.0090442387802094262
0.0039357369757719697
0.013700069318420412
0.014384402967500541
0.01606962322036418
0.0086549981368800114
0.0083327472820068204
0.016587135374384242
0.02301994243471215
0.012468763029115893
0.016835218010090709
0.020570739067034275
0.016171363916357748
0.0084638307632894164
0.010752993099475196
0.014993546566650981
0.0088009303621817761
0.015073343158250155
0.0078984146023808131
0.010578120622545309
0.006213648278069743
0.0064340605799554492
0.012049901302297977
0.0086202916980834248
0.0037389455790948997
0.0098603624387182918
0.0090563510129177613
0.0011580456612487141
0.0022518484942809138
0.029382912666909212
0.019826005787175353
0.016432613392607046
0.0077937741138742571
0.0085293374501494122
0.0024335062410879849
0.025771035752917459
0.014537972467419533
0.0020883936679162596
0.023260381860595612
0.0086995473956786151
0.0088693193879954609
0.00092402067494012441
0.014155698651688389
0.024527067493558659
0.011030821221538296
0.015590127040970937
0.024335181829072364
0.0064258663530830061
0.0226575027365787
0.0094556571644073429
0.013281424077650523
0.021573321250817467
0.018252942701218345
0.017302922626687641
0.014180303394012071
0.012295047899476769
0.0071754865908825348
0.020184879015352757
0.0029475541501802175
0.0032667735098625898
0.0042903269476221037
0.0085368623164043117
0.023326220980033011
0.014702555619488075
0.022714629908053435
0.0041804373426696682
0.020589355189510862
0.0093325726481118532
0.0086125632870136283
0.017342500685209865
0.0020659676180628025
0.0065723685678506427
0.014682899794187932
0.022700680130773806
0.013297378599408459
0.0097066680422693268
0.024995159465672351
0.001293370571374914
0.012976840813591045
0.015300918099856016
0.0039616538599916689
0.0062633582512837968
0.0089796569056922061
0.01614476186499457
0.0043288991811882855
0.012574116124382289
0.017962615886526694
0.0075983652394102322
0.018135082759116565
0.0059551690854467501
0.0030825323805093834
0.018145726264138011
0.021410974397372627
0.018279787290746256
0.013720821057019118
0.016667601881490392
0.010255263486478905
0.015830295623459122
0.0050332154221210427
0.009610875562813025
0.014704786013465337
0.0088806854920534181
0.0064914846752892243
0.018336064307057483
0.0087092682968919217
0.0063917622643878194
0.008943265887568639
0.0071919442874789855
0.0096231451668859404
0.0068305713795551101
0.018538498361574604
0.019155347692724468
0.01675441774047717
0.020099258470133878
0.010523543165207606
0.01916714819825048
0.010897297383683245
0.0024571627741903973
0.0076163496828888172
0.007403740763621755
0.013090546261446189
0.017661292191273111
0.021116763920805904
0.003440945034294395
0.018151356567845167
0.031442489533993631
0.0062455424870963422
0.022241916334019174
0.0086038310469955318
