0.011095722595253427
0.0059217847258347233
0.01040184518317798
0.013987799812267523
0.011034462189340052
0.020791536567404661
0.010542902752182228
0.020574906282417316
0.01644518447275628
0.002732158256287239
0.0057405264561182032
0.010581046385731385
0.0050117696701825849
0.0080101331795452164
0.0039518356988568759
0.009732106772987489
0.016830556651746119
0.016911519555852982
0.009152879770742816
0.009936571686275297
0.0082887254000093245
0.0006218008392088523
0.0034167241750603008
0.016776086653483846
0.021383053981756005
0.010561174676258741
0.010984904510954454
0.0091177746480572783
0.0058603280399860246
0.0028779130077049371
0.0077428073319374922
0.0080287018531324476
0.0059819534285848516
0.0083804912399111278
0.010115313327734172
0.01368452421822974
0.028642354877823423
0.0095656831845237211
0.022958514583149684
0.0077216223303533012
0.025604322160872637
0.019068591739524195
0.0090471139169719661
0.0084389061539006174
0.0052473840799749502
0.0054254716141771651
0.012430748178494062
0.012372943522792128
0.0087286079713469484
0.010406013730704494
0.021080721435302142
0.02991826553939227
0.0041744483136477942
0.0075372297944073068
0.0017399000997000012
0.0095961133943223229
0.0090849389690144718
0.004758659384743175
0.023538656699118924
0.02242655371393967
0.0083785862151991904
0.019528639372751781
0.01695996442993436
0.025901282477089067
0.014142587440364496
0.015424740138508808
0.015639855274447771
0.012942954558943917
0.017181995280989567
0.013117661629914458
0.0066859766176041282
0.0057081788976493519
0.017732314793857583
0.017497387715618647
0.01460290673324342
0.028100428188917073
0.019151206957231017
0.019253771232661608
0.0045877226471701931
0.013594178005657933
0.013692812049953276
0.021762983548895574
0.013909932419166439
0.0096915509415672809
0.010708324792259508
0.0062417345530490628
0.015347414508036481
0.010988608363060355
0.01952373229444479
0.019675369436087404
0.010134204382423968
0.016781460143876482
0.020339318401289764
0.020049263351235365
0.0117222726188548
0.017450257175485259
0.006082473108646274
0.016127471235094157
0.013186929796436288
0.0024687116562498602
0.010710409558357769
0.020625518094953076
0.01537046815308858
0.0075360853260398181
0.014111889317594824
0.0096150704888178628
0.0038853160593664763
0.020270204416322834
0.0092023493166176144
0.0098916923190710965
0.027710455822224912
0.012916702946282199
0.0055409587937021009
0.017097122325491435
0.017670404500606706
0.009560893273271755
0.0066350964066040283
0.025645913626538324
0.0038308836780473047
0.0021844843582533085
0.025220970055538427
0.033201920306350233
0.029519994236388885
0.0072132117094893429
0.025799677148757846
0.0061614913791885354
0.0020012186971005682
0.020112451528038019
0.010063595535814035
0.012214868565465827
0.0057540032041797917
0.010281831475114175
0.013787695724629085
0.033813785896436611
0.0094911561206014374
0.015548666144026436
0.0087618206363382668
0.010741391507785282
0.017881428847422297
0.022249121535901098
0.012269296022001998
0.012109332536118709
0.012419312003710119
0.0056612378026218426
0.0087021964491146592
0.025373550171465361
0.009370602601693024
0.023438641797715737
0.012633263531316755
0.0075801648861070423
0.011674012702154389
0.017419123744527587
0.012789325239044807
0.0094538805102612269
0.0053303841736198404
0.015660231000024585
0.024131892247769373
0.027761121612634235
0.025518602943912106
0.012653165265561973
0.0039851746437986656
0.0055512233879345414
0.010924203375205705
0.01988755509722177
0.019999451003085054
0.013572858627653036
0.011501476349894693
0.010126041979758327
0.011292886809051697
0.0086422107116760627
0.017069282090627587
0.022447949714535963
0.019836193231632285
0.01429793172308952
0.015978617195235412
0.024828072051131838
0.0024610844835136945
0.0014803166445942941
0.011220579595416875
0.022136634753141954
0.01049738274652391
0.022885543410735263
0.0055449806459950497
0.011726856183965972
0.016819450038648563
0.0073909582923922523
0.016161064090627703
0.0069657564538826286
0.019582023206529343
0.028277742367524252
0.0093296078252473862
0.013134712763108018
0.0046862660735721316
0.0052663659320634805
0.015984115689070801
0.0087881765244832554
0.010897508531589783
0.017213841744527898
0.0083261633388355544
0.0097912870616475075
0.0200592555407243
0.015680169375896637
