0.006187580784943596
0.0078108160705147337
0.0059368511717123812
0.012385985523877947
0.010657266032761173
0.034992306517607513
0.0024306955425597195
0.041943640237750636
0.011071234380707708
0.011364580070113778
0.0020013837508651398
0.015539904856248232
0.030638347980379503
0.0065682058090522381
0.043876686140332515
0.014985236520915766
0.0066526262535566401
0.0085586206450126243
0.028418304107180124
0.013840811846602141
0.013427829109091958
0.0017709766037306725
0.016833562212986694
0.010755544139130794
0.009499834944645626
0.03058901506532399
0.01066031514597149
0.026666717977746997
0.01514496374670698
0.011008150978309135
0.0047913983752251648
0.0064680991133023568
0.0018573182879928734
0.021112207581851321
0.00057422267855513373
0.020584657935430763
0.015544023642636108
0.01056109162089639
0.0051389236318648618
0.015975818957544879
0.026877439812519124
0.026230928723019794
0.018851543550922816
0.0065772228652167019
0.019470904774064091
0.025300256733990896
0.023677564439625067
0.014930849174391397
0.010732603488606189
0.0035534843799381317
0.011647761534897055
0.018098106803365575
0.0083010149161407074
0.0094310172386138976
0.0054817470314319338
0.0073622533680966339
0.011638994396893376
0.0071958021968898979
0.020897185439476565
0.018671800488594095
0.023221591827458005
0.0033610048214363147
0.01982999067440817
0.027750477188934111
0.034958899562857339
0.02220155118663758
0.011789868263574426
0.022805032356578075
0.012167461238992754
0.016725386756297204
0.021058008709940762
0.027631698245795876
0.028167126288420757
0.0070355156290651272
0.040250374937277893
0.0055866316262243717
0.0083707477729011246
0.010363811919791912
0.013892467537724789
0.016767982491720283
0.022377627034355148
0.0031873799540933865
0.013386881657448542
0.020663099191661177
0.01678807418092244
0.020920127712254002
0.024361367868970515
0.016250603297022711
0.005024642298262029
0.012184490271435495
0.019495379861536908
0.011575625920952631
0.016117808461692282
0.015763599660443963
0.014423647664696735
0.0088400673507861103
0.029277357646633823
0.02296936065725921
0.013080769153726654
0.013094049252736226
0.014189571521449854
0.0055221780085767435
0.0035450151805133888
0.02682846712880526
0.015221037861375172
0.02302044287502272
0.0076987762245022641
0.016023244125201997
0.0045068315652412603
0.024285935227273618
0.018731925314356839
0.005843180241988182
0.019768821267999892
0.002776540703723197
0.015422023718593497
0.010689513232435905
0.01331246176128777
0.016906118903054927
0.012790915223691792
0.0052074882769553438
0.018363141192262646
0.030338069455173446
0.017988539237377563
0.015604458613989606
0.0066232854900511885
0.0088015203430098134
0.0096825964674652487
0.020574071481125104
0.0047728307376785715
0.0045978021992057454
0.021246964000251507
0.012011862767944952
0.014086030835277173
0.013557440352882724
0.01948002993669961
0.014565146523462538
0.024270605042690425
0.015685576111067117
0.01500489439779929
0.015791846046047223
0.025117395089554132
0.019748461625918673
0.020903851408336879
0.01430231409331912
0.013370202623368863
0.0020207242021553873
0.013201367633854341
0.012620664665528428
0.037353340581151841
0.0072933303195662526
0.0091436203169775934
0.010055312275366683
0.010901748719550641
0.020684331528381537
0.021947525836541765
0.012711213227863411
0.00074924326543769908
0.012195839062917687
0.013156348842633659
0.012710070744876
0.014721090278630066
0.0093069508183924576
0.017228471555209846
0.029253375756792238
0.0027990381535569998
0.014344674962535107
0.014575672759934225
0.0046720843296174635
0.01189083279593618
0.0012874387119604293
0.021699072779448617
0.031930550103583102
0.027370430335276759
0.024584085353601601
0.020663151714362126
0.012312361151467421
0.013786954429507609
0.0222850130548264
0.011407739880812817
0.013285683231212955
0.038712968254252696
0.01815528537362418
0.017819519438589899
0.0021772552063214854
0.016500206766623178
0.0094475625551666848
0.023307574579355391
0.023559781712258115
0.015171666351894153
0.0087129313854879056
0.01989523024896598
0.0042795625672346141
0.0098477274472203048
0.013882431212757017
0.025384062188828761
0.0021901756924395696
0.019129432976945224
0.013774967749271989
0.017091034571103485
0.010695881384476523
0.0046624236597414279
0.038203789021867177
