0.028070876444812598
0.011752008727353297
0.029372540378677307
0.011500706172554978
0.037720835387811014
0.0065304638242589365
0.013854639671983792
0.0041884027636206181
0.0026256726275712895
0.0090087150068043961
0.0070782484427494062
0.017397948138952474
0.014127252484540402
0.020124010878156139
0.02010245214231669
0.021981061063166205
0.039998290281017215
0.0084628889697618507
0.015733774501787794
0.0067352266608772682
0.017489276870412514
0.010555062882372101
0.016358585295081104
0.023644739478356942
0.011386579694402222
0.002718207136898397
0.0040832630753775186
0.021000041671370536
0.01425467851211586
0.0078361287182025785
0.0091214766049326074
0.031385662937668306
0.0057768447510812317
0.0087634188400625406
0.011220401457882487
0.027160428157838007
0.017777334576976691
0.035652348680683774
0.010270090273867527
0.0065671760528999952
0.0091225014047229304
0.012292122809864529
0.0021961893786231726
0.018511087426423319
0.014357101097853426
0.025370823758346522
0.024844000424866858
0.011831023121660478
0.019569056017524889
0.0084477634582649716
0.009768391003456103
0.0097541249681295968
0.0049182115947054806
0.017359589487757135
0.018880156278112275
0.012122309735120837
0.013361467819050387
0.013224801623695527
0.0051093215539198111
0.016347006224794451
0.020315815845362965
0.0094407889949791497
0.024124257200322366
0.014645016399934471
0.0056603318952115293
0.015625301154328017
0.010677284686895881
0.0067515059958665581
0.0099825573829902918
0.0069799892468011097
0.0069560832342261724
0.015796564730140936
0.014439831273888584
0.014225439202234201
0.011753306126125407
0.012493280953734306
0.036314246393263
0.023644630410516211
0.013872053951529996
0.019632043633415405
0.020206974186159007
0.0077211909416748849
0.026965462837109943
0.016098322385798912
0.031499587761840656
0.017089703895476694
0.011894284441787077
0.01857224338480469
0.011077517722809703
0.021501105680458762
0.027234168680683554
0.0032676241597865748
0.0042648194196289934
0.01864820256526294
0.003124389747808435
0.0092049790765302616
0.01014660923541306
0.011927554071297568
0.019306664885833841
0.039408361239790732
0.01344191772804236
0.0073413197079616127
0.0085875363851293171
0.017640033171849222
0.0047510891570000952
0.031240330427881977
0.010035328321990462
0.015336295434844049
0.012092481941918296
0.014045284119782729
0.014244921787783318
0.017176230969308683
0.015622296085307609
0.016994888160718449
0.012029567596327929
0.01638123441004171
0.018620905480499546
0.0062185303794047696
0.013841197984638483
0.026378497029470885
0.022388261197895915
0.016489191803812996
0.0020964306959405663
0.00089125508361833272
0.015546224074604322
0.0098135449305728085
0.014646138182078472
0.018123775048333009
0.0099211059283693757
0.020081819962278473
0.010072284036198906
0.00037153464013791991
0.019280294433834208
0.0008516072583669319
0.02045247259942911
0.010399361232772462
0.017670876429085748
0.020085348665110518
0.003752347578137148
0.0044011982082943152
0.0060042702876727553
0.0094814708841995318
0.020422789649196943
0.013067519248627835
0.014014574805351364
0.0084141907111346358
0.011793366706959945
0.01294510546868005
0.014306530109797863
0.016263231720835925
0.020330504078493523
0.0044331028381577858
0.027391525472784044
0.020262566819386079
0.015388796842456991
0.014858805199216263
0.013100572963166336
0.0092681678287654702
0.0071065249373009195
0.026873321217678103
0.013341309007430227
0.018994125970813798
0.0079488994724120857
0.013692748530442273
0.021135792657130024
0.013878166734730159
0.025671374433307963
0.021340786198608304
0.011878482089603805
0.011944197382391959
0.013942970832011594
0.022724145209808297
0.010375178109222293
0.0037956869811353192
0.011018657509769715
0.019928952463674311
0.018263864583469038
0.0056731466486923373
0.022812438141043005
0.02622219637743917
0.011254887764450418
0.018083592461242963
0.032755017412737758
0.0027053936384305454
0.0035353459054967662
0.022752130956857384
0.02443849481391867
0.0056810475613195332
0.011129070102770311
0.011655977209451746
0.0075727259738080036
0.01742886530204444
0.0092025623096519561
0.028207674404636701
0.011949248585817534
0.030296709656362098
0.016299217205302793
0.004611708908313519
0.011622776011026591
0.012725088079938459
0.029533827141060374
0.0038233774050972268
