0.016920212312341795
0.026903163262998658
0.015038958076874899
0.002398116446148027
0.03152742177137631
0.0078517205794169983
0.012994423118125185
0.010864196677810059
0.01328652067625697
0.018322076616525778
0.019957153455212342
0.027923522706605145
0.018506198095192487
0.014414489044033859
0.013582034879564371
0.016643635865380587
0.015373015921493776
0.017930696166263513
0.023535825751077856
0.01564185167657187
0.016647221265453541
0.014385351809230836
0.01811554464088513
0.013612848658051815
0.019852819246910746
0.025984495067309561
0.023285812584885969
0.018360707440759582
0.0031350188033310968
0.0092468526426786341
0.016811999003299754
0.018839241443771047
0.0065880135463918001
0.022050681633149771
0.021709979743988819
0.017585105355561719
0.015823860874226714
0.018091096210093478
0.015785280074113946
0.0081132291828999881
0.01105641442671053
0.0054300926845364979
0.019928410861878836
0.0068486168149899237
0.034036077360594427
0.021422921763654085
0.028141102220524922
0.02384922730841622
0.0079279675535930318
0.013023850682871894
0.031144001334791543
0.0093876885754674028
0.014805522317660509
0.033001057602661608
0.017496444430720067
0.014587402305246449
0.020987395416018854
0.0025412235023829399
0.020698610461028756
0.025859349303385099
0.013082053993299959
0.026607462250228517
0.021284161514177512
0.015153103350025199
0.028450243704012949
0.01286019992124591
0.018295757873257733
0.0070201638558867714
0.027773853358021967
0.016047758906155448
0.035025629059106674
0.020491026554141221
0.0064673626071373733
0.025753704200405517
0.013269436738629008
0.0011703105933865943
0.0083957357372668791
0.010428908972304812
0.017098346351649241
0.016708498504558852
0.023404792245815032
0.024873548270361989
0.02425104166966106
0.029238339994675393
0.0087927632479560536
0.009324732067194105
0.0037680620782545534
0.0041099609817809432
0.017708453783641939
0.0094374215751669207
0.010729556240468422
0.016159312902627346
0.014127618265870499
0.017567758151037227
0.0091381718157791929
0.021519946706982127
0.013735764264209579
0.0086419927291853799
0.038696785094944931
0.0048355468207074018
0.021186973617433196
0.010204907162007422
0.01755427621446919
0.01542873983237582
0.013323774287241885
0.023224030984695488
0.0083710491909678615
0.019874133108820354
0.014998110428689792
0.017702224567718455
0.010130082767096208
0.02960435843586029
0.0088273016950762388
0.018689882944766534
0.003096685018117433
0.0045791676353593817
0.026527329308217454
0.028534126743607162
0.010090831818062326
0.014505021460160148
0.012625468321153369
0.023350868007986792
0.0072575906881187221
0.011631765373307484
0.022906496452666594
0.021288136559812196
0.026349806421660481
0.01084698667069201
0.0076291211680526499
0.0029139189742144567
0.017013063491165086
0.0080460258553568496
0.032390007585379646
0.012905673144769512
0.023871836204111176
0.015649285552089481
0.017116274772851273
0.021516861058613255
0.010360539325781758
0.017894026638120519
0.014481651014121365
0.0048416828261400981
0.026054526751210158
0.012848001597156405
0.017153853728235711
0.016085774649748353
0.019981823421357743
0.011494232815810862
0.0035809733970567593
0.0058289869489707219
0.024934653456681565
0.013458156062037893
0.01792948468056502
0.013773560387688686
0.018347820776590428
0.016294448771945375
0.012131491607508331
0.010480868605215308
0.0020979001372637995
0.0088658165010381141
0.013582365098307039
0.021092726988174815
0.0066143674011902697
0.009325355341670458
0.029674933015422431
0.032796034991634311
0.01057652901175603
0.02260156984648895
0.015413922986924481
0.010900247591329912
0.017746222771897906
0.0017788074364935198
0.0072464274725073498
0.0095605401615651928
0.031946436916445421
0.0054543130317082113
0.012249953267220906
0.018372639179885804
0.030560626233165477
0.01146401272012002
0.0056417884089297685
0.017066269777918912
0.030675979907403277
0.0039393486523969469
0.0061930332843026063
0.0099289804339942576
0.0064084825387679964
0.0072358997687825399
0.012988911342766501
0.03273614923022846
0.0032654199321208287
0.0072478542612739831
0.021519842411585617
0.019749740573395604
0.010718487092998687
0.010598421940480579
0.0066141759580150639
0.019351331104489358
0.011442623804853993
0.0068130043621981206
0.019741983841927418
0.010400510084155306
