0.011880898896945035
0.018304278400967555
0.01138743706711692
0.0046961101458349664
0.0097094773235056279
0.015185839833334861
0.016951738411346739
0.020724543748026434
0.010188542750044587
0.0293716491054026
0.037149756820770825
0.012585535070648123
0.010677160519023924
0.0095613442563460653
0.01719031673403008
0.0072553998458960338
0.0068092232205869884
0.011466539970781476
0.0049343267654857479
0.0063972337518390723
0.018012560340589959
0.027405769849880988
0.012153612353715336
0.021682804823467638
0.015594888640609875
0.021524258065268722
0.018135177647964837
0.016753126991062735
0.037845594024418935
0.01130662047884826
0.019063364442784145
0.0083552154702792366
0.01651334659311763
0.028856185675307015
0.020098586863933232
0.018338387098714194
0.026644267911524896
0.0073025326175230141
0.0065260887526175388
0.016096031173151303
0.0286674449264471
0.010552150500352716
0.038155449876591516
0.0079821024033646295
0.020221688106117006
0.013223838087534263
0.02865694096725287
0.0042743808754272458
0.021112826093794029
0.0012086613290059516
0.028167810124260097
0.011606856606527447
0.016707906905681358
0.0152069154206282
0.019344863472005303
0.013250728815628001
0.012246902549043176
0.024510915304814911
0.017009593112311167
0.0092406702859495274
0.02058760231715694
0.023685600084901618
0.0045937874185771948
0.013510917090059712
0.014988185850498891
0.021802670326511241
0.01354545828033899
0.0058817621773384378
0.013852306626808232
0.014927019412817918
0.008389525627790835
0.016483639181521154
0.0034582158199624124
0.012658064611579841
0.017043475421028881
0.016615657128529509
0.0086713344237691146
0.022671477410466073
0.0035629393354374398
0.016121804055997158
0.018107422529836825
0.0026801986229833372
0.02574839450718281
0.011192359160616396
0.012602602021369879
0.011448333175306965
0.036808771243385413
0.014167218743776655
0.025638491920099
0.01498106985738922
0.020277128913044565
0.013887165773463758
0.016409972720968852
0.023149394446843757
0.013968648925217552
0.023324251843144152
0.014980612470411485
0.027051108045725785
0.014425790005231101
0.012340455361671211
0.032976507931020367
0.0039445307306089682
0.011562479580997445
0.014700775853293019
0.028779005075556259
0.0092529859016168906
0.0066486387338824757
0.0094221807475788465
0.025147581468133253
0.009115892873993052
0.0071940371561683286
0.011468915438167922
0.024156995829162812
0.010741875662625428
0.0040965496492939334
0.017192818008780551
0.011523131927688066
0.027249052215096846
0.021605365058311496
0.0030789612225208237
0.018378535514784446
0.010316579818685452
0.026972495222085131
0.0020531113109166776
0.010382362706931117
0.010355092767831269
0.005499288971687508
0.018297503488967613
0.0081336211364726411
0.030365906429365298
0.0088329504684536691
0.015629738853949516
0.02472290868084915
0.018219129905584532
0.0045121277948100905
0.020357153605474614
0.01770768323507093
0.017080981163232957
0.010015314817614777
0.0082585218292736805
0.028676952881127062
0.028547512712093919
0.017270025279919828
0.0050841281015025315
0.014892131692462569
0.0036165156306896553
0.013138280548338977
0.012650480760773648
0.02167780624230799
0.022433675714725817
0.016841594568597851
0.010203539834980782
0.012475798944913855
0.012011352802206615
0.018125612245336098
0.035090943691686978
0.0096303478002246617
0.018837879455389107
0.010563410617267319
0.020413420830487562
0.034232383193627182
0.019101097612122649
0.014200843187543305
0.015442913487254099
0.027353383799965398
0.019161417856838881
0.0043250074010711638
0.010841598565188983
0.01297786469379344
0.01152967301712513
0.0094497207242111789
0.029296767182017878
0.039612743410076381
0.015916399756689917
0.01416834037137572
0.012355482231396625
0.018181922624394616
0.0021329386247992536
0.0062447747941954176
0.01678058082323745
0.014658108769427068
0.018963629469585234
0.011559314381677234
0.011538836716264616
0.0096284819613220354
0.0082535728204329237
0.025209456769583766
0.024043103066541907
0.0084020479035619815
0.040266055160718947
0.0063432192203408712
0.0071511505171543656
0.031813541706217613
0.0069239078010601115
0.012115963248566284
0.027212051393684378
0.022971611929372922
0.0056073537880703388
0.021565402254926751
0.01993972897594834
0.014851634923992614
0.011682757302592304
