0.05129182215885205
0.051156594971264589
0.022090787730290003
0.023854645080433577
0.027331306273695403
0.013785048725147846
0.017060629989238074
0.043088816230651757
0.016127628085398717
0.043478798065048785
0.023445786061768496
0.0073019286264841788
0.043163074536897023
0.049340486573204563
0.022980266911037044
0.033167037290263414
0.010573673364243735
0.041355817433357506
0.025025703548197005
0.023344603264774201
0.014199630461201153
0.043503938243232468
0.032365071872385888
0.017992880446837556
0.052811409235100519
0.022536424502583582
0.042631616357632691
0.0059004422533954241
0.025070620420984898
0.049075263116311663
0.011840398892148187
0.066778022988422725
0.042280108247450238
0.025206434918269575
0.021560179155484104
0.0059002728913052109
0.039526222737627063
0.02726476424578636
0.033588134901173433
0.020688536163921314
0.042968471970563429
0.048604763766635757
0.038667774675570171
0.036967269310934747
0.052441041054204135
0.052096437218304315
0.046387068715453887
0.015786497317274838
0.013570017007254574
0.032501701890086103
0.0084244272855683901
0.036400516644884466
0.014689137764139276
0.014852565604506856
0.040399706801704134
0.044513305647144799
0.02470131172045693
0.019304169447327678
0.010017918710146102
0.018575373709154727
0.026060242842335993
0.032941568356305719
0.042224500506260136
0.02701831898965364
0.041691607102480537
0.023647181465294369
0.070838015840943666
0.0087558067140007297
0.005367000977437697
0.060329906639695646
0.038883538504853918
0.014066073496362751
0.023192768145219474
0.017821279929918901
0.03770378653601248
0.017627533432878872
0.022636163180950714
0.037818942583247118
0.045938638485483851
0.029931813082225284
0.0063451560377810459
0.063909229167388504
0.038263542576138759
0.074147179211802361
0.04273663021577398
0.068668998600600856
0.023280766916965324
0.037932212215454446
0.037120999320850424
0.04296896834756965
0.012779164359653851
0.066227523140100567
0.032003853453282251
0.023256200126767844
0.0087173608483742931
0.015540465715004078
0.052491763941300666
0.031759297106437392
0.042468064988307137
0.031241364161650024
0.034167971912699782
0.018538321708044432
0.043140264577427083
0.060173166395294131
0.038685778901049572
0.030552893539584111
0.036365243899933251
0.055705751702024721
0.075269599943119936
0.043191418733228779
0.033229112716102988
0.022754551804035444
0.010513687280438055
0.075932068391422108
0.034313372154998301
0.012293821747900261
0.043242324599722506
0.084928239779070838
0.054241097101996531
0.042617917645644952
0.075101157236816707
0.095457448636427425
0.035382486274373862
0.041114264457842942
0.047298151617373406
0.030595152369167485
0.033744219889674701
0.036049377678029418
0.045385558903936356
0.012340972542931962
0.05398154270710797
0.0079728740949523199
0.029104576570035484
0.074340053209847642
0.021992012142341325
0.010920102961895018
0.027663958697411995
0.028177053210222625
0.033084262681999058
0.018932082597589429
0.039351392171462975
0.040005254235577846
0.0163234488676763
0.046329153536398555
0.031577327441357501
0.038487073156817812
0.040174908612802415
0.020907952306283662
0.036689856193581609
0.059367269253016886
0.046386247259642216
0.0097350401867380351
0.03909403194125155
0.039167230123019786
0.034894206299221457
0.040187347164581083
0.019505650402099044
0.036067658721670323
0.023102265126050851
0.017066914401225052
0.028744124166416349
0.037043128388712057
0.04358555564405113
0.031240815068333202
0.03083945542287991
0.053466318765781687
0.074188111399127177
0.027152229516793452
0.036313964606337644
0.069763989760203995
0.0080404424741325198
0.043596197627575259
0.053874091211863415
0.05100438603910231
0.071734170953356602
0.044218557758767305
0.015226475205644357
0.070718183710477819
0.020086857569680375
0.0072095791445208465
0.040752491144464692
0.026913242694611143
0.029292828286273852
0.027773112500027307
0.025007104824611655
0.014776951479869162
0.0039968837765946025
0.020967920940364895
0.021751289381156808
0.052281332065516606
0.061362292844915574
0.03760269788833117
0.061382017882599775
0.052264483657294844
0.045576191556515357
0.086693602101698741
0.047224253847079324
0.049242551611303954
0.025067142226538008
0.026993724621579226
0.0099732112673792724
0.017579508055527091
