0.015521844199144564
0.017395971663476062
0.009615090276202283
0.045785937190932907
0.041926588218269688
0.035160308831060298
0.045707778737453165
0.045182611593640773
0.025380756384598156
0.016722672999603172
0.058906615596821608
0.043419880015760012
0.015810478403860555
0.017776727494458962
0.036263621914390802
0.052254596973329001
0.043373139343845082
0.028109636491693585
0.02915027421562786
0.036211103237784807
0.023026683825783135
0.023867166385256842
0.027221310715364135
0.031091309084978796
0.03174822867583503
0.019821267645486435
0.017197848304857245
0.035982390660085392
0.0065073979764323792
0.014736685925798361
0.051257330911203616
0.015738321059596945
0.043209934852677878
0.012576144761367085
0.027304041079396126
0.026367779317186577
0.020235201133597912
0.079061685959133404
0.040652176319306732
0.038562290590722512
0.072343767089565247
0.036056388856110982
0.012508881895501138
0.050928699135731163
0.046502366060252466
0.014885320892874896
0.020349376896329621
0.026617730099256474
0.026470282748243475
0.036687617029223678
0.034540863206209471
0.027641139898568735
0.014401802541056765
0.056779364737046513
0.034893533203209738
0.014857855312325483
0.04782470778628433
0.010568514031253135
0.042062387773472203
0.033852662314342391
0.013149840617285986
0.012897847991601957
0.023798961583779421
0.025105617610272406
0.026559184888467442
0.014802219244742953
0.0604037566672447
0.046724314684081572
0.018502958103156688
0.027839251808193452
0.011715879253387821
0.0513661328908862
0.029235707616088173
0.025766729426707199
0.078870444454258407
0.071195036003481829
0.042454707038463713
0.024104129271573193
0.03070971324382793
0.05211281117014744
0.035181597749385979
0.014862765525653963
0.026780346052169706
0.010530487575118791
0.039170148111938141
0.06188878522189728
0.0052169132353789048
0.039034726724027947
0.057416692966920757
0.055537070996490481
0.035210340604861688
0.038885193208743687
0.044006928889673259
0.027887445155571022
0.033115056703557612
0.012026438924196187
0.056470488690106048
0.070754344438335726
0.051402194268656061
0.018661345772406822
0.010369406628043885
0.024659347133494984
0.030783488934740717
0.040455902687123603
0.042659991795254433
0.034681383147284292
0.0085785582914920441
0.0095808715013862497
0.056097259128757723
0.053684574919282725
0.025103613361396201
0.041048257015797791
0.056550132380809144
0.035405542506559549
0.037711949356615829
0.055529798228818421
0.03828845260592284
0.053387886976199159
0.024411802807039407
0.022987175709550632
0.050217598374932303
0.031473143043947382
0.041714907548364204
0.064978574594969044
0.037552820435617154
0.038504921755658422
0.020310768692834113
0.039659686444533354
0.030927494520825667
0.029872739820000174
0.026511558630888769
0.043395039231026888
0.02017231014082153
0.027765044776251253
0.017563933018728602
0.030911872328906735
0.029759163437561596
0.035369241814973237
0.034375373884429614
0.016471447683840252
0.051182169922426482
0.049245364650827017
0.034311195480292322
0.042319053089382414
0.015469187512266698
0.04376718524109878
0.037254667459598073
0.064718831969726623
0.0090687702932012795
0.099643269755392519
0.027422322689231435
0.023990164446295269
0.018367475964248602
0.042489878720713317
0.051408229092563311
0.043404328626875717
0.022432325314849472
0.042436093585473414
0.034867134721565551
0.035819820015930974
0.049313003080525809
0.039380527059375448
0.054334271154010967
0.01916882067615475
0.016981469917036533
0.030411464169699108
0.02117453670259848
0.033347582462805989
0.046310150844726915
0.01316831809364236
0.04660810138157772
0.035306882185875355
0.026014654013675639
0.027823691424400075
0.039796504816898975
0.028894089495057357
0.040227116129674931
0.032130580905220571
0.043856105581237648
0.042106794629558318
0.080745168329015238
0.055423622259133346
0.020534251105600115
0.04342390158004257
0.018726604039630525
0.014695522993498028
0.065809493976065295
0.017839867457864828
0.026289127766313123
0.05044714487651196
0.023465998765347811
0.037250892291930231
0.03367071741418861
0.075760336327231878
0.02204808066879764
0.01399650062701473
0.029423668132644982
0.025557990783871602
0.025791652216066347
0.04867139740529302
0.035820837667084826
0.044271505654835223
