0.021513900587878783
0.012686673390641003
0.01982614740185034
0.001390756391774017
0.017719680476794158
0.0061426079172280899
0.013840330469221935
0.019159093741798687
0.015125751125043748
0.022859149290973525
0.007587598943987057
0.0060568731506937014
0.0057543474268559828
0.017293660757816822
0.018787178042066529
0.0026418572747818848
0.01556030713185883
0.0056947239981729961
0.012037251002993434
0.01710142595179517
0.012537355284563621
0.0083888358286447855
0.015985090046009579
0.01198220487619981
0.026981768557703057
0.0089184275355313949
0.014771624306464351
0.013739471787558509
0.02205530290022106
0.028848080606117592
0.027932592877712499
0.020010239616832147
0.013218294741660629
0.014390365725039975
0.015958639925553419
0.012358169338023497
0.0091420985421652029
0.0086955227502355445
0.012495858529566859
0.012197056023123523
0.0090995500264005585
0.0073506601195299903
0.011752939250703616
0.0095408176858106757
0.017462387877979036
0.0067411011785186341
0.0074441345835737412
0.0059973367877278827
0.017752615836586532
0.0096019319757148641
0.022095233578986039
0.009132657480399816
0.0072512287844734551
0.014763445742703156
0.011286991595385588
0.010375530719115776
0.0056228603402079169
0.0061395113515162617
0.0078530167235756169
0.0074224182400204636
0.014797052386658537
0.012957497244870865
0.011184393536362972
0.02090428710800353
0.011727951634358415
0.008681950299497903
0.014315810509087633
0.0064753656676226111
0.01378158091123842
0.0050588132479239259
0.008627279904165475
0.021413532504687773
0.012787526238190563
0.0092035452798128158
0.0062969367652270522
0.021910883055615348
0.0093551729216886977
0.00579315261009528
0.016146669689414261
0.015716293461460779
0.017674315747423709
0.0086428183936485426
0.0094895049096389173
0.0081986678431343867
0.016177571302517964
0.015052558876444334
0.015639277954488051
0.010495747310974839
0.0067521656225159364
0.013054585502922666
0.0095531883916875615
0.011467484744601528
0.010826993857952499
0.0067718097971278231
0.022994045856426993
0.010847171765992612
0.014330067718011666
0.018175991101773283
0.015031835153004826
0.019866571214971564
0.017123651870228296
0.0061982811765054777
0.011908473709816453
0.014090041723691431
0.018247647081259817
0.01300045814197295
0.024336190269920739
0.01762816023669975
0.021165407499872231
0.018545049623972194
0.0098596032258426777
0.018626079267180452
0.018324476223368181
0.016576328171897321
0.023429039951385077
0.011139344118022691
0.013944517673171531
0.019756311820105212
0.0095074720725340928
0.015252758070934416
0.010420316236572887
0.01605569827955225
0.0089469776117622399
0.011018506848912375
0.012079131322125267
0.005636846369093197
0.0097662794154896593
0.01824400722796047
0.019768276189482476
0.01235977494315839
0.0048463622098904252
0.017790837377175017
0.013658961095290096
0.010471316464325342
0.019189594902990298
0.018567469440103797
0.0071066174753653972
0.019658854542165077
0.0087299099271777661
0.01933232908595111
0.014730745142120846
0.0066807948594110904
0.0058166597458067081
0.013703106796676872
0.01668823246349813
0.0043115162382562598
0.010213630932545152
0.0053851097749222782
0.011830895010119347
0.015701291999440752
0.011968565105684899
0.021204734876861107
0.015589689895202506
0.017495123302990748
0.0013371281896159381
0.022240710627704632
0.01398373007995902
0.012152782706250425
0.0070338696908757116
0.0019235525069092652
0.0091479532653898094
0.002740497828142092
0.0028475368981862644
0.0044264191928411831
0.0049322801966919221
0.0099494769790886787
0.010877469436675342
0.0038910043329886397
0.016573393227791888
0.0047854858631950952
0.013541554448260149
0.020664388302627072
0.013043017336595361
0.009639648505745611
0.022157080471582182
0.007957811630674376
0.02042323751983844
0.0073439682522707314
0.015030820871927511
0.010391871109285343
0.011242441195556695
0.010281465042437307
0.0021925735285291317
0.015393365465205902
0.015263829521514054
0.010613937247773292
0.0014652938507015761
0.0094853328704006361
0.0042365990443788901
0.020473189291603414
0.0084782771245865748
0.016447887202776141
0.010082414451753771
0.00097010963186560848
0.023102495076147114
0.019087871385051573
0.0028496117053276515
0.021511272440777111
0.0054707198459652273
0.0067796022667493787
0.0023033452861231001
0.0036858296519677127
