0.015332120052825218
0.010949362786310797
0.0094549095556544817
0.0082643028674005501
0.0085206583929039407
0.022601495236176369
0.0079870918634492583
0.013383882169096013
0.008802922678252138
0.016778462210144181
0.016906723642782197
0.014550565259148147
0.014476060143172875
0.0042190358124290731
0.011606169699842104
0.017297929097967287
0.026503283026444589
0.018719741924382808
0.0015908516841583802
0.0063663597806955536
0.013519189842550631
0.012274854188494834
0.018333499329331811
0.0083520651840260224
0.011243996601590457
0.018057788374444019
0.0068070489968128896
0.016204584148731924
0.011912866435517625
0.018461070128150535
0.0072237065724422515
0.020844285378778506
0.012522925504829129
0.0071369990136043232
0.013375287910756933
0.018413178560067966
0.0075052225741249583
0.017174228552720536
0.0029974085716923627
0.011490867453779184
0.0034412126657237638
0.014476463357170089
0.017872073776885423
0.015643756843675412
0.0085693875872966813
0.015126781666725852
0.0039805484456913037
0.0074395488449258062
0.011758290538101851
0.0042393320064074381
0.025393521880479265
0.0073590666774146262
0.011418354287857818
0.0079199000293546633
0.014309776105015984
0.0034866382562382938
0.0047268629309780014
0.0086534960241148977
0.017085615060906643
0.015626247203142561
0.013652511747748052
0.012513327304708352
0.013356321495086216
0.0061608723188184486
0.0098289854306709713
0.0083405638694239812
0.0016470609733954609
0.017073838142412884
0.01261069332765417
0.00776696355523153
0.017547746630234388
0.014348372370831976
0.02409202400978401
0.0048384984264097236
0.018410604747468539
0.0087519338377968405
0.017875776853555115
0.023952622101300492
0.027291998539323764
0.017615565444560864
0.0065848266728850552
0.012103556569854569
0.0068676026449541339
0.0015507220147727798
0.006535571018907488
0.0058663566910085729
0.022006715044229276
0.014908164793710073
0.040731394453314078
0.019979170735778172
0.0091533652821064841
0.014279313845548536
0.017897755530397529
0.0092357329553755113
0.017585961103285863
0.021650343238707279
0.022609592884599451
0.0038506916676159519
0.016041388442357415
0.0018877414663378337
0.0076646999207164862
0.017338809759499949
0.014053280402806664
0.010591462531901144
0.013489038956982729
0.018353106726646386
0.0099896769317608155
0.020918324448430684
0.0075376125777781621
0.012595889062046272
0.028005565411213167
0.014031100497201129
0.01098611747839047
0.014939421278449007
0.014246265003493148
0.01136623578104165
0.0049113998951120699
0.017460834562565183
0.025817556810448557
0.0036475299838890072
0.0095896156448768838
0.006001521154870691
0.010785765565787361
0.0088193890700787904
0.022172360772683572
0.0078509680343360859
0.0058903077555749169
0.0075724094227088805
0.011034692382980864
0.0046535875245675273
0.0037761366923144656
0.012010870657717259
0.016742454357299465
0.010304790775129606
0.011016485995190105
0.0068679763559669222
0.0073401838228413421
0.013449771590177248
0.0012401032621623055
0.0037762033791110734
0.006818867281029495
0.0080490814160919313
0.0085598616570999233
0.013742976614861445
0.0097932797493808788
0.0035473939560287829
0.013976882351917493
0.017522110271223332
0.0098080582680261791
0.017958461110070857
0.0223055931407556
0.00786655555271004
0.013855831509976425
0.0092479539032511941
0.0023793975382291332
0.014009704424072296
0.021431027051599133
0.015161697183120392
0.0096550528905317845
0.0092026648225268601
0.025467318505054549
0.016191060469763752
0.0025616477127015746
0.0077611966617887138
0.011578384789599118
0.0032474634894497476
0.020504775811160118
0.012742704802662378
0.021832279751100459
0.0044929661976663669
0.0045267380247801569
0.019134366416240313
0.0080483968748020218
0.026870328578211249
0.010988610770298998
0.013488774346266634
0.0095111372868729865
0.012835569975625306
0.020548491311401844
0.016001345278136216
0.025073573994510746
0.0063398185416634828
0.005983726201879952
0.0068011499484760003
0.013053643465534604
0.0046295122461131842
0.013573612777075941
0.0035115789812807585
0.0056912607970799594
0.014659420452051966
0.01960138911411987
0.0092342718645559742
0.027458919089052691
0.011461903049187283
0.0031564692046016037
0.017538846761920805
0.0071916984147869642
0.01271791275865688
0.014400846835836393
0.025421104022982179
0.0062742862273610124
0.01877922982073723
