0.013256743892639974
0.016228376860212914
0.014597002849738439
0.02147103364326686
0.002668666326635196
0.0090581530469944667
0.0098328578508701386
0.012100758947911896
0.010464817675488127
0.010971970514668056
0.0049343882454042035
0.021833571453720616
0.024513266693943166
0.0032331172474339442
0.0073045973938680462
0.02436820788000418
0.0081646822190489625
0.0040688662807448379
0.0092631620967564623
0.013116589349997949
0.014813163901926097
0.0093312443601164165
0.013561707186217933
0.022990859482708709
0.0040668980755913025
0.026262194468318591
0.016295120181411615
0.012873929848151729
0.0058904481930945468
0.027622912371573282
0.023894423009685705
0.003857865670122473
0.017992123034451961
0.0085141014431835312
0.0048488956925472181
0.03081201076670333
0.01767557708247211
0.0082567663470668913
0.018261029998800329
0.01177404095445078
0.015600281435232913
0.0059860225963632675
0.019385711508264142
0.010550901207752501
0.011631130303038993
0.018860779031634505
0.024266663065750121
0.02574325625789279
0.010173998761356889
0.012735083155504813
0.011236063468356953
0.012106333866171203
0.02011483588226342
0.0017907911722239162
0.023615593217315333
0.01776722076011893
0.011831784750201017
0.011797306308432039
0.010962852876666427
0.016795635691159657
0.014619110850629832
0.031909020460340637
0.0070275042538213367
0.01512266090803978
0.016025617976319469
0.019329035817968299
0.0060611255608397389
0.018957494201322457
0.0081868197285183096
0.0022260954801799062
0.034978746275609054
0.0063961054586635915
0.01126737576547315
0.020306386534655892
0.0043126082349320676
0.0068485096479831082
0.018719480073274414
0.01923940774453551
0.002533116644670663
0.018105878538182428
0.0096675872981060607
0.025906321531584443
0.010945640819237221
0.01189760023322012
0.012733057537659503
0.011730022450328299
0.015357426503402601
0.0036152684567881824
0.0049600126935099203
0.021141428966957018
0.010577855371846696
0.0073842596631077846
0.016170066753017878
0.02041811561252966
0.008793657896490727
0.003970916812007219
0.0083772322507936117
0.015175309820836478
0.010702149112766306
0.023151759414709046
0.01241488525389968
0.013324371329310861
0.014005470863470475
0.019339018620335425
0.0096356779759765223
0.02821472785937177
0.014981442437800736
0.015595374088550155
0.0028448687011526329
0.027906537645851458
0.01123844638703311
0.017951145898010803
0.014503295302901778
0.018999538520644704
0.021159052157457701
0.018023900267278011
0.0033834623665191825
0.019339461043362892
0.011848647303836267
0.018913904326981212
0.010303368612755076
0.023981913656517476
0.01223362658955128
0.010728632485351467
0.018971527015996234
0.0086473818079285877
0.015824903376849098
0.026134169854418101
0.023338417818837106
0.0045950029855551383
0.021205948221606988
0.007869207027822232
0.011946373346704085
0.0047198407464788348
0.011738489950259418
0.010346230357956246
0.011100985082249321
0.010795745871747474
0.005364211925513244
0.0063793811567863616
0.011161387411174371
0.010205692994496937
0.016768316514848548
0.02096715489740341
0.004252694101123361
0.01979871968154465
0.025262968007809455
0.013919672787906942
0.0069216521050808662
0.013218149868573783
0.016039126626397247
0.012242553849071329
0.0043617588201898096
0.013973092796026912
0.039472633140832138
0.021197063924979043
0.030946466607153361
0.018225070176056145
0.0062232279127747963
0.042875703048970551
0.015008801996982499
0.0032421511004045215
0.022746678467855153
0.017842883459167541
0.010048044601295566
0.0028463109292673166
0.0067141451565683316
0.029663462351994352
0.013043663444568301
0.022041421484513473
0.014889827148419695
0.013135797563887285
0.0058093406148599664
0.02094206795750999
0.010538068754866098
0.012337870744318179
0.02198100538138981
0.024912572079532964
0.0071585510908801107
0.012218093829443862
0.0012126177194160584
0.0031214337522628513
0.010698252887991108
0.014731197185887064
0.010846361338112277
0.016669252467719348
0.007871225359588967
0.013753794162207561
0.0061383978777139461
0.0036362280933477193
0.01852017762281272
0.0062684299107554639
0.012821709559680407
0.014571664103825982
0.029343843351245603
0.0099639324907310374
0.0076335587843152494
0.023998110440274913
0.016081260464132049
0.011735846524928838
0.0029670057117411404
0.00802741291705906
