0.028832197506500668
0.011245116618141343
0.0098370260256320091
0.010287957014205224
0.012310143629757327
0.0059321052912508524
0.021386198964314245
0.014403967373294083
0.014096288900927637
0.019086982384220075
0.01256805078119066
0.0038120636928504221
0.013718934912955194
0.020589836197669277
0.0058000047505462624
0.01130123450569469
0.011100982854964409
0.0074273023054104896
0.012138465021621908
0.011291333045538872
0.012787115789822775
0.016723144928183508
0.0068763622305498843
0.0095935470139397287
0.015205441520311868
0.006085448437711161
0.018143800603992177
0.0095761880922449714
0.0030997501152918243
0.018726263950210036
0.01324290729018439
0.0094597401761447181
0.021834371457532746
0.0064544437738730418
0.0085973061958228691
0.020542335689831395
0.0067653457365234428
0.016615484468364545
0.0066329169664622331
0.013755141458782129
0.010448667968132331
0.019380986520609721
0.014946501003910408
0.0053021199484408798
0.018039250168138132
0.016841491382300445
0.0052850334691768204
0.0048719960855178879
0.022691348364665478
0.012685034308026146
0.029621196446636716
0.0062038150723589345
0.018593286683724154
0.014691637708189612
0.014229562944409239
0.0063244013341966186
0.011735314397446628
0.02138025951868755
0.017256154576878822
0.020559470784635096
0.007091714887430667
0.019495342280820428
0.0097408651138837579
0.015329480650799794
0.013868571957343031
0.0051590842814482965
0.031158970345748261
0.012274410101499853
0.019735655407604778
0.020757547906375087
0.0032257886341828636
0.01226384981025889
0.017493122392294363
0.014792660629151777
0.012993038807145783
0.0016778979748343491
0.021287762498148923
0.011933515921373917
0.015941466629467032
0.020575725584116467
0.0049048590727453576
0.018880731963229827
0.0094797340671077188
0.0057675185756226929
0.009737258428267441
0.012705598645288444
0.0077510965830832144
0.020379731520301533
0.0070562702875210225
0.019296031213048355
0.023781095834785167
0.015921850561565386
0.015115440141592199
0.013946373393747663
0.013054472674038035
0.033504754099801422
0.011015449780511281
0.01273837910430079
0.014445957401011284
0.0081509165870326614
0.0092486298023259708
0.020378760171456525
0.0099694496407304496
0.010019176123533683
0.010216260557741325
0.0074360004054296793
0.021949672747647215
0.012600340482217726
0.0048306413604766061
0.024652781149043661
0.0056729215837344592
0.018598688401145234
0.0076452185336673278
0.01705994171236868
0.014845427990888421
0.014758230430779498
0.0074940349266504752
0.0049180652223309263
0.0079553400902220833
0.016500092509698451
0.010001138276266388
0.0049762353081721526
0.025511814208388443
0.022374696100336322
0.011496830641007538
0.0084236802957087242
0.013501366407907195
0.0019431654037976843
0.010644039747864195
0.016062321649089856
0.033696099174994401
0.022059576097393022
0.0077196695724243555
0.012495624749281399
0.016446710292393887
0.0080708492912653692
0.01385874257357749
0.0099052317330047632
0.023595672593392066
0.0055424691681406771
0.015098542551496376
0.0067432972151914433
0.01382041438100327
0.0051502281448439899
0.0021588697372140796
0.019052841267503746
0.0065985971740068613
0.016028174132584221
0.029209917834596227
0.0085367564273438872
0.021185517508504829
0.0028189401900625367
0.0075313177703590804
0.0055300318006217168
0.014249468011919012
0.0063625351788341956
0.0099216874954825042
0.016794996287311213
0.010570176721626044
0.0055310095651748452
0.038316346009193633
0.0033063191197952786
0.013651045289322894
0.016823230677853553
0.027920652164832305
0.015504832312520412
0.017760967287517901
0.011670791183490644
0.0048593684393389699
0.0071091012823171675
0.015165000484983877
0.024776661683949087
0.008053367919729524
0.0098048024808297038
0.0015504987715891541
0.017367623037384868
0.0027818138595555749
0.0040021936662168909
0.013141785754571995
0.022197162081826257
0.017031853852011013
0.0058275090613715587
0.017431805127693201
0.0061347969377962726
0.016807981651841771
0.012771435213322364
0.02122781625153556
0.022860323540711856
0.012791756470602976
0.015091218470102957
0.017846917311431926
0.022519331623793673
0.0087027462247304989
0.017001845640402736
0.018703860642761815
0.016535051340241472
0.0089361134223244071
0.0089019652515852365
0.013914018592952255
0.0046645568718858815
0.026485810792675441
0.0033946034650266604
