0.006401551863481434
0.019203538552791402
0.019898374841697854
0.013000302514358623
0.011048159134304413
0.00052378377195124771
0.023704343858231797
0.019139952131329331
0.027516762132678452
0.0072296748529514709
0.0073058360268906065
0.0029030038753841206
0.021838814207356012
0.0067382119610223598
0.010079676616542332
0.019446659678129457
0.0098384257709125313
0.018384825598347605
0.014499835542389653
0.011396061294194076
0.0035183397069661585
0.0040936592405370915
0.038168304569240551
0.025218858948135175
0.020780635201398733
0.0047607347357604681
0.029827483748924709
0.042091699199270867
0.015172043090542278
0.018850932364865503
0.01276796036306258
0.017110280549409575
0.012288356293316276
0.02432883820560949
0.0087152629008042642
0.019522912347905871
0.005983463917418351
0.011430735515876695
0.013106272534284218
0.0066849105440936682
0.0039686200396078491
0.01318505543110639
0.01657631328887112
0.0046046940408913861
0.027245439949365579
0.018296165600634035
0.016985345168611343
0.026647852580012583
0.018687707650767538
0.012526467062376603
0.02871474912441133
0.018468285600877394
0.025249691613305158
0.018191249788026453
0.01692450077902323
0.017775522256867026
0.0025155184675481716
0.021460831424111693
0.019094820064447564
0.016912907087755141
0.01176856190114974
0.01569295269443299
0.013091708349409611
0.0150133092748382
0.01656834201551613
0.008597164924325159
0.015615360408485095
0.030345764076215247
0.0090590892445351571
0.027188144333199847
0.0082971434357535147
0.011095743104640765
0.020184961569189679
0.020037294136899957
0.014611380218405455
0.011163425640320987
0.021759125378011817
0.023894365215499262
0.01312752465709994
0.015853980374965972
0.011190809088441715
0.019477888241939193
0.0018089896709486896
0.020207368351865044
0.0047825329756809509
0.024826290126547343
0.0088214772424636042
0.0075972128012470165
0.013429702449334382
0.0088831652473289769
0.020696841570751613
0.0039078096677284688
0.022639209282607434
0.033893638887429724
0.013819676108070158
0.0086608056563120314
0.0046840840729129724
0.013580538156347837
0.022985257461322982
0.044407250058717887
0.019955061586504001
0.0059486165606797738
0.0042888922639430513
0.01510868107772703
0.029372484848479017
0.019507912766731358
0.0062341184310323724
0.025017157028783148
0.014877909322729111
0.023712163563615107
0.011239391412288569
0.020103523869149081
0.031402862928584858
0.0089012413921959604
0.0097253497852908509
0.015604424956736104
0.018344471402176557
0.0096392160710105264
0.0020045818304523541
0.0090717224678954038
0.030023770680200811
0.010005215535324307
0.018708453122570152
0.023842389165707124
0.0083173816200963809
0.0079836556513568496
0.0096096401733828888
0.025743781091251843
0.009152949915272296
0.0047117346455812191
0.016209186131425794
0.02655592450694064
0.010864908783202905
0.0088081243327917912
0.015365321028791687
0.020248309364041886
0.015260438275280307
0.015354093250530047
0.025866922385078362
0.0097706024885212996
0.0067061662631730549
0.015722923644300935
0.020998276508830366
0.039632307527051186
0.0069608465338123812
0.015596216256833531
0.021174944907830055
0.022167571901965926
0.0072710154393144733
0.023721832535917198
0.014637929471893414
0.011803958422326923
0.0088817610018163667
0.02159903729867808
0.019696685234308481
0.023828538409652527
0.011265091817784472
0.012252278846148211
0.035282082914255823
0.035323298878859509
0.015532983787174924
0.0056934820218660122
0.014897690280055628
0.017621541545809565
0.029194026097300187
0.021648841533517673
0.0079183594991504395
0.022589410697775727
0.017578808309605207
0.019705309182004672
0.0034703557377145423
0.0248748498757391
0.019412323957049449
0.020858379538195474
0.013692160104148001
0.027511680251494166
0.021167950432647537
0.016548331746032287
0.018134261523825371
0.030828495681157812
0.0073414939017580217
0.0023070301651686082
0.017867341296194786
0.013453945710955728
0.0073939137768173702
0.014901165410172622
0.020174278063289412
0.013904199858428116
0.023048341108196584
0.019371185861918546
0.015488362624032413
0.017570124542871011
0.0057485497426318912
0.016402851605127562
0.013027805258460076
0.0029983212608171096
0.0089716100259644403
0.024533394877406339
0.020470263257926502
0.01518848386717018
0.019973828861344651
0.0092719147284985905
