0.096448107179610484
0.14169188164718027
0.043472673969531722
0.050819878053987216
0.051814475630087731
0.045393470376299747
0.048152213606325725
0.075340137250267017
0.012670918878287958
0.049663011661208983
0.12454803495545419
0.06799408127275941
0.057304045497835597
0.01961096231518689
0.097030614900556644
0.087977181255576006
0.091543080478030586
0.007139524288596882
0.051570627980141594
0.05458441533071768
0.032177465897986951
0.020585280322579485
0.054345495960325653
0.079766130876533461
0.089360068718223065
0.033117051866905493
0.1585720506911357
0.037064851945157171
0.056990945178999559
0.063089136141619498
0.066190295161325963
0.061858184467818489
0.075428470858159985
0.077507568734447529
0.11091910269563403
0.13248964402081817
0.012509319298661295
0.037782355413934203
0.054090307706739234
0.088112890803368024
0.092272987988097119
0.039329693712873287
0.13435674836973033
0.065267422578871206
0.05908683449204305
0.11997937333275464
0.055573234421932086
0.044097893697505448
0.059653773629791761
0.056248516565549543
0.019935362929169011
0.026179757927568402
0.029076350973157854
0.074609323029710517
0.14682806108934376
0.045927357394552053
0.063547365899159755
0.090649132431876986
0.14263311620871261
0.11263994378989686
0.057672176922152006
0.022976050221561201
0.046305620573563411
0.038115010855805313
0.059023911273832379
0.074614654584573087
0.096005780718589201
0.027173185145397391
0.077451397152478091
0.057870204780998344
0.025440804584702187
0.047897177649241673
0.10029446769791465
0.087044677090935066
0.084427309359058095
0.088809546380179141
0.099449940081755075
0.060323098383926951
0.078906099124707585
0.054957169226435239
0.060504807570637496
0.069926893052336125
0.076736611491884529
0.054010311895992098
0.04523919077475666
0.03898389005360893
0.062857162440329573
0.039533938400513384
0.075425414601377264
0.11529555649055631
0.034355859567538803
0.030219184177160317
0.050987120370634985
0.10969330069380447
0.107359776155435
0.12469013857982543
0.025624947281995172
0.037346451204856003
0.06112321425785544
0.057265038315472125
0.10567042620938009
0.033585444288849402
0.039969492971381755
0.078429970167921817
0.071619958490607621
0.024041060816728615
0.030118925294602729
0.04868639516359969
0.069600128894295427
0.034650643367282602
0.032203915360737578
0.056343413643805934
0.029609233246083777
0.040215500196011833
0.11215459630119722
0.056814978612617376
0.084137184556524552
0.1048626839791276
0.043233730079908446
0.059497384757054572
0.10074618681840487
0.042009188162325177
0.0037469047773172441
0.096455791040282415
0.018935303853087303
0.09594145612800567
0.077965615125361612
0.13618653964300012
0.036254958055935503
0.044661030757126054
0.0091779057689981413
0.12882629626163211
0.094695759020991352
0.069648537537901997
0.087381732668126211
0.096784374645520435
0.020833219033251891
0.11539422023818456
0.095572610092875501
0.10008370659443591
0.067201242602258959
0.11112515942089612
0.072820348417976952
0.064338185332908984
0.079437647554072441
0.087217982943453898
0.098992855799659038
0.067614290478762704
0.11636116972639929
0.10609310263118413
0.039368555795530301
0.054972694112539938
0.079143344759402323
0.057976280943761664
0.038745902799081501
0.05103131011301637
0.014638770720924052
0.036848030406213143
0.030369116542606763
0.079807071030740306
0.066580082548544944
0.015833432399086991
0.079431421803042732
0.069489412721472979
0.03086511095983753
0.059484316556321422
0.093450117591424714
0.074423232699980871
0.068409612180533722
0.01750066139110764
0.027969891078705924
0.089002969754054112
0.06038938055257749
0.083802870172623695
0.057754629631054023
0.13812386014582362
0.12006954082466617
0.050873057514885446
0.071109346109805974
0.075584916997626692
0.091992083798495744
0.059958065142540116
0.013656603692498912
0.047833280575311395
0.047485899247672776
0.074460178163248694
0.025865796368055145
0.020214760765754635
0.079233765003936349
0.040209584636201216
0.13121882691934456
0.07118789296989543
0.073700617740560068
0.021549903872722213
0.059904111355539115
0.053955821956771247
0.082688696625373551
0.043078477788339863
0.067409252037421805
0.070548156180082491
0.01786384930624707
0.019729216804050022
