0.093528271204768323
0.065103707744836078
0.03402432921491471
0.14366517556160172
0.094612035836596942
0.036759560734147635
0.094374188364375042
0.051860839785278605
0.034132770195026203
0.067613439105308717
0.078562847982517003
0.031382729748267779
0.058020548493720833
0.031081170046838115
0.06528853597264167
0.081249280522281378
0.11368830262627422
0.11241924209860361
0.11300082544556772
0.071483254688709849
0.10566116121850441
0.11674118312679538
0.027664295295512922
0.058645243514400071
0.077811654260031338
0.080142082887683791
0.10808124476000185
0.080331062152274577
0.0092189252418091155
0.07016864212263936
0.034952974786745805
0.02152000596580117
0.098257579671606671
0.066400316155075384
0.075646178354731822
0.038728438227852435
0.081838027436488492
0.038986368401498432
0.11882092021008409
0.094610605204692277
0.051028698303151612
0.1262184596098595
0.12008535896055954
0.054873438890087126
0.03515927404547816
0.014145671039047443
0.067212673556798969
0.084164288166935039
0.026710276614110826
0.10005656928477509
0.038083646316818612
0.053121985816978391
0.0281329893703476
0.044750973650865986
0.024694335904796423
0.026871991283210404
0.10867651858985214
0.030949915053987035
0.055305068137730617
0.01512544788448889
0.095983152101896535
0.056307345819663034
0.066500931542346972
0.10223051654947488
0.030761789836783595
0.04576242807697406
0.057478240096840418
0.043163176671540425
0.060898145300026574
0.10726119272770769
0.082594662558011941
0.071352811453338758
0.058781593610018876
0.057954702076442405
0.058309953181920809
0.030097412989802175
0.074475351910241114
0.074769629170118104
0.07123300582686197
0.073724590826640596
0.089948901273020521
0.057687315016238479
0.080913188024573604
0.11232827746538496
0.11906558837019038
0.16849098001493015
0.06619733306436297
0.036380650964563097
0.026062821596921953
0.044880980539290245
0.097213716799679481
0.056194746061428345
0.082266162603577137
0.11220376624896167
0.080672809957217664
0.061360906031129245
0.060912670274647501
0.052474710168753783
0.10395332545709816
0.047067377998020292
0.028417561012037157
0.019758574883332561
0.044876031327507129
0.053345390178668878
0.019421609028631406
0.080701624288152016
0.074588390325518256
0.033926905413908012
0.093621474118320142
0.0066452304029512767
0.070527385560328212
0.10227427854888903
0.04895628098143829
0.054728988714016984
0.087515238645095403
0.085654933739408037
0.027577529836043883
0.062155998799975368
0.053524787821221727
0.059186813094430447
0.050203658893572957
0.038865578014981764
0.020764247946297019
0.09366177780372828
0.063593739500364996
0.080790438349776908
0.092907894253492107
0.09926642621486044
0.035883573229921861
0.064397485745750924
0.09819646545007836
0.038707360835851606
0.061604843097989713
0.046144688251600424
0.1019632693155911
0.11022292340080678
0.029299210214063429
0.071552534481987909
0.11769345127022221
0.032686755106034013
0.10872749970636228
0.01709214355596941
0.092091311466332856
0.071959428944326193
0.063410188613199858
0.068854081026084896
0.033127808974430316
0.037080841842983006
0.044061801610389056
0.13935669330766243
0.012415387895233729
0.10511686637791491
0.093167548782888465
0.070149515609685728
0.078697618739481903
0.081612521399660326
0.065489913841162803
0.012943096172466419
0.034284064611815414
0.052398831163455138
0.046779655136730117
0.077037645910238955
0.090903313517660123
0.028011795449949795
0.039089777592985486
0.10542588933080055
0.026545947334920435
0.04978104946707794
0.047802094636014467
0.053545469721472637
0.062721822405510358
0.093748944722421693
0.035741489255090596
0.064685441372162963
0.11999790288473056
0.058606029146405211
0.072033804958157088
0.043892023583314906
0.010379752800312891
0.068029964598361567
0.090581682637043623
0.05761417320786278
0.055722529442517904
0.072063500161938285
0.12535199942532299
0.10485261176525956
0.056960744267081732
0.023918432095799431
0.10904040713560739
0.10456937797065211
0.013507147508273394
0.028507030421555689
0.11546385262957852
0.032721500127707033
0.022229171889635486
0.026454925243024761
0.10487078825408833
0.10411805327790481
0.07132611600995506
0.080808220201302489
0.086733123908327145
0.027378207390527067
