0.0092272775843183601
0.0044922693942242445
0.010895323049387002
0.0042820519139471986
0.0070417012131595595
0.003503029005338938
0.0088003629661396153
0.022478590406572286
0.0092759499814914718
0.012507197548577041
0.0096243828407691495
0.010523345792141398
0.014864274906442631
0.0065520281302213048
0.0030829085124695916
0.013579700900139284
0.003970830260921313
0.0085382239032627347
0.0063933281923340621
0.0085287041707276107
0.0090635021132371481
0.0034204494239989244
0.0085251440952178823
0.0035290389269513997
0.0074241989284879115
0.012037203994633589
0.0032685054808363409
0.012498381678300616
0.0085518916639418206
0.0092985720126374967
0.0071016347907243245
0.010870410239286575
0.011248174682290564
0.0091573712378512154
0.005792662482600984
0.015568128933740178
0.010748697005774745
0.0078850594232594239
0.0080454630233520244
0.0058339729804234609
0.0044996209659347083
0.0099755501014157383
0.0094562093049621095
0.0080983369399664391
0.012920536600266732
0.0085040183063324372
0.0080935349902916572
0.016477753849238514
0.01025888376148785
0.013948367547210844
0.012542588167378077
0.0072163336933147981
0.0055659177715586929
0.0021552652665061548
0.0090768138314780075
0.012908008791534378
0.010294270683298174
0.0070013714243634404
0.0078637403725555846
0.0063470233262751538
0.0016232332042696767
0.0062716324874770354
0.0067070958510122422
0.0096176286257325799
0.015295063808766348
0.0023113981088072793
0.0072735835367091191
0.013339105411706543
0.0054744418448580282
0.013725204066490108
0.011658199496407291
0.0058929137458612465
0.0028621111976576546
0.0043442709310788554
0.0085043927151406615
0.012854563103599179
0.012757291213993834
0.0027658309451510138
0.010441095061978177
0.0021207725325187959
0.016100055626363595
0.011751721146719412
0.0076507169767177554
0.0029391735347358769
0.00822180784108263
0.0052524659577108867
0.011661055628374314
0.0023136136046644443
0.0052262382085115563
0.005512481529917017
0.0045730929111884068
0.010664649642585733
0.0065632878583056792
0.0079396662394925523
0.0045455115903174723
0.0099577478856855105
0.0056128146880421942
0.0091247537293364048
0.0079401484186306746
0.0017917902909734657
0.0048316245946897268
0.0072805732762647977
0.0044403102953372775
0.010194053031469702
0.0016400117283149607
0.0061624582276995866
0.0065254484061057867
0.0027834434795552831
0.01415902799283226
0.0030919575934056308
0.016726038140698535
0.007350362039962228
0.001759278436994224
0.01690733132646504
0.0099521628207270962
0.002457578896058053
0.0065340666431761779
0.012294707020510554
0.0046461064234660588
0.0097283085982921153
0.010176337176918897
0.0039383624258499247
0.0077723468542420775
0.016485657334384993
0.0070321506158359717
0.010501849702550997
0.0026633165629124482
0.0046345957881728161
0.006147556695123524
0.0066443388576469834
0.0069077780889372029
0.0144205597148359
0.01084249929629108
0.0060700394555603934
0.0058534264802778202
0.012812396269825051
0.00043341222003612185
0.0075528761911878312
0.0031766996760249624
0.0034841408136817684
0.0094909155972574995
0.0059702647649293372
0.010869409292612335
0.005329742432118958
0.014858796306403087
0.012711755104798148
0.0055174254694659057
0.0039530309467863678
0.0013960099424262333
0.006377174469505531
0.0095038702002348593
0.0064941455831253906
0.0095928936805887936
0.010903339610041682
0.014450648505031392
0.0013070767299581268
0.012838921218812959
0.0045578185256831445
0.0071325592091997939
0.0036336179607083796
0.0076804411338078776
0.0075098088959026947
0.0091184293675687245
0.011279762655823597
0.0098138102939875869
0.010199284163694184
0.0015212973368206972
0.0034715301323366829
0.016023594369853768
0.0088567419343203394
0.020536942212083617
0.0065920327724994119
0.011643942880904807
0.0096962748305119729
0.0079926642939899366
0.008664615513236551
0.0021998218925614824
0.011657789299964895
0.0087167494330164207
0.0037252418070985978
0.011645324587930874
0.012120387375374521
0.0097374012623726875
0.0029624758847154034
0.0010217125008307761
0.008509693036619196
0.017819190103659305
0.0030349176570997399
0.0068557583449341203
0.0111182735619362
0.00036492086373193002
0.0083381978055790222
0.0020208988121405975
0.0021216408158424654
0.0015021310840863764
0.017079443614223762
0.0085336727006797824
0.0079223435375867859
0.0050357263939682338
0.0079798853322231959
0.0096536768771298895
0.0049176598201315603
