0.0028833784301680941
0.0062182738494104472
0.0045644967278124175
0.014786149025446877
0.0027161844689736645
0.013031165539495676
0.0092729264503337728
0.0085465914995505182
0.013854087237383777
0.011670014882949928
0.016058047107676863
0.0064063334265838413
0.0087919989512728614
0.0077162102554896453
0.0095819987689156182
0.011053445990304629
0.0030252109712412159
0.0037938026035323927
0.0041885969362358772
0.010170899063467249
0.0078433995246334504
0.011866886102048654
0.017477258194099666
0.006413425196452628
0.010761809991793454
0.011084317923122275
0.0077160210064216566
0.0090277030249193667
0.0035798676631916262
0.00078724343055834427
0.0066955269035645689
0.019147492959941854
0.011577684660227737
0.0099056553987652996
0.0061946609288945631
0.012523520297590537
0.0037333414249767333
0.0046573329413694331
0.0048163914298943317
0.0037046766912716468
0.017271413652352224
0.012527201596774996
0.0041616062952658283
0.0061340606474146412
0.0068204772946300497
0.011577049402911576
0.016713978619387768
0.0056499641821173658
0.0070371697149133787
0.010368722747597595
0.011648055065557064
0.0043323543741328871
0.011571514708147291
0.0043685207607304022
0.0063995393629708202
0.0083988890935457073
0.0054143475304808961
0.0040464682166716209
0.013259909722838895
0.0030400943698502408
0.0076143451764777081
0.012637120495508865
0.010115384696013852
0.0039081848071893686
0.0088141351285878165
0.006563177036913591
0.0091757864756510064
0.0052795578067126826
0.0052979444116080668
0.0093028981059752464
0.0079480819334279123
0.012009502270332659
0.0027621276893589012
0.024284734014926656
0.0040526332449837789
0.010773577726240491
0.0077350397741592055
0.011151533300368622
0.0057967403842205528
0.0057756502159111078
0.0081601000199184922
0.015656471012103407
0.0025469227580714598
0.0073752729723757966
0.0026406191893508816
0.0057733011771011044
0.00073759533638100732
0.0061328658832907118
0.0021020788091975396
0.0071387212334459403
0.0065574171278460665
0.014174641648534513
0.0067755249065775966
0.0073239668998466958
0.0066054355274800238
0.014889924156169238
0.015623696736989014
0.014349105324893889
0.0051358659861445877
0.0069221882711738188
0.0064047352552735869
0.0067537604514694071
0.01398757147898687
0.0077919979394190453
0.011287657242123635
0.0084854828220747979
0.0018028837875583438
0.0081831420277946963
0.0055107027165619635
0.010344606923615005
0.0059745813057693175
0.0097457765086514866
0.010225762035327423
0.0051766701000628239
0.0091495609123878642
0.0023737967133194348
0.0087501588642175717
0.0040589470776156182
0.013658912437454648
0.0066178503214730598
0.0068251498513695937
0.0063291704401764199
0.0054947513138088721
0.0075581551626704765
0.0057995746136187565
0.006462319816963105
0.00094386575312924354
0.014153104581554943
0.020071388584102113
0.0059062187415472225
0.01130358160821486
0.010119312874670406
0.008071649194700669
0.0075632130104597746
0.0015666677973256505
0.0062313370803412692
0.012765847076212136
0.012721418550142454
0.0046877076364521706
0.011786002232953219
0.0093193596687115385
0.007273178319332798
0.011460614952587017
0.00466811750737685
0.010461707369328905
0.0086937762808693645
0.0067064717363941682
0.015280224617517563
0.004657185780982169
0.0077492078529545925
0.0038788989289383858
0.0063149089385204854
0.0034032003139619548
0.0062820232374117338
0.0042524721579175516
0.0081049254424878734
0.0054386932673793232
0.0064457205470051394
0.011714102850842848
0.011666651302384678
0.012763344544435033
0.00663296156052663
0.015977547673299439
0.0074954276923493001
0.01345145179270461
0.011359949423010499
0.0086049583837727109
0.007701200513463631
0.0036004366859152242
0.0045475389751809736
0.0099077510382852198
0.0045206715018892372
0.0063709191552997532
0.0024484848607805722
0.011375870360286568
0.0054711579760518903
0.0050297020796335312
0.0061412493122524952
0.011396600145526235
0.012725017874834111
0.011928305199785468
0.01468316821419917
0.013268000146765444
0.012838208333946916
0.012417829803395864
0.0091372415655133349
0.01566441415033917
0.0090129639057108402
0.014154186326112655
0.017825232868013144
0.0054063625349750656
0.011143103849369118
0.0034412761468802467
0.01492436825703566
0.0044395548020734598
0.0082960041144516175
0.003294862405660552
0.010146165855012547
0.006510055325424341
0.0067701263630919988
0.010482652269445576
0.0098190356172010527
