0.005612520419367913
0.001792427175975893
0.016717356467889043
0.013868436841658539
0.0051034265036926218
0.010687253464140373
0.013069959137837598
0.011289136884617645
0.012190739374829151
0.010287431492385207
0.0085554404625625448
0.0038646430063828271
0.010156652127096441
0.0067147712802011405
0.014537719338987629
0.0070233927936609371
0.0034317475999644719
0.010848424033526181
0.0026156294849979098
0.014662947947193233
0.0014325027954915776
0.0085023188901955805
0.0021102824696206889
0.0044658363243145491
0.0072121599746255175
0.011155830821363044
0.0098493398485386824
0.01387909547493809
0.0053802441795636488
0.0086801037313651835
0.010714073048297383
0.0073851991243916448
0.0055414884796520184
0.0069108143967155835
0.0074541595296243037
0.0043902247341052148
0.0037525674794489827
0.0042831259303612165
0.0064973539749647686
0.0079857473096323506
0.012037892617429647
0.0086576266744696068
0.016490537697639352
0.0047876764681536481
0.0093906387261190726
0.0091271355653074066
0.0063152671814802807
0.0053838709108096038
0.0050526983718279976
0.0052892200903738983
0.017544609790345982
0.01003622247507968
0.00277996439204019
0.0071218801572747355
0.010789506362851238
0.0054420280525078277
0.0037725323275267096
0.015106171575278089
0.0073671773517796288
0.0012320679429937361
0.0028977802223681278
0.012348936680251683
0.003603539240808844
0.0038962287110316336
0.016974001908595292
0.0053803165367744587
0.0098504974423384434
0.0094119514988308655
0.014609586656056385
0.020786711326662231
0.018685148463583233
0.0053504153284319594
0.0040565192052239712
0.0077504820672532606
0.00056801528819163749
0.012842514540941128
0.013504922891554602
0.0090250923572102824
0.015818503139947999
0.0065861145015645882
0.0068075545851977153
0.012077682275995287
0.010702621561101187
0.010003078586700336
0.0086651976037126887
0.0061862147238066377
0.012105374411806865
0.0093783792827187747
0.0065453633436303787
0.0061883692698446761
0.0045166056085425513
0.0087882318031668894
0.011113849932967632
0.0025086604444193306
0.011038941747889428
0.014709454539978776
0.013976777930789183
0.010264684214297591
0.0045501379219233173
0.010664956037825673
0.0053891785289204462
0.0073017133155680288
0.0092630282705286077
0.01444579166819826
0.01004905853153521
0.00043454304489667412
0.0018283753370982568
0.018208264444859523
0.0078176387141375338
0.0057549999279740529
0.0057459570108866044
0.0084550503394559794
0.01149214405178064
0.011158528360634015
0.0045325021989598311
0.0058827031406112774
0.010404948082694147
0.0046934560422554009
0.019636547595732402
0.015296578313606646
0.01000895204593261
0.011380552103159499
0.0038930292046436832
0.014211411371935524
0.0034561620530396816
0.0080455660454129586
0.0059405457797896315
0.0089099334055392169
0.0084324065378026166
0.0099851554189270761
0.0053180530876833542
0.0074459006581461748
0.006716206570507738
0.010429835433285555
0.0034689126143149763
0.014920534052695649
0.0012506645230274409
0.014110056362150392
0.0028224041455960891
0.0025011392576751884
0.011517823960163244
0.0058097934891228218
0.0024026520181638427
0.010560037214604238
0.0015039791493498674
0.0009817012518717862
0.017388487305963089
0.0037054846198919704
0.009978098917836754
0.009716091583167899
0.013166212009805278
0.0020283252510418619
0.010704396488421605
0.018697662849242614
0.0048180339390293814
0.012347678059020539
0.01465876560848221
0.0036960990386893313
0.00054962378937636945
0.0035832180348563101
0.008462244598216628
0.016195309212479265
0.0049132552356451146
0.013231219659211046
0.0067023735018795771
0.016514548794690935
0.0070127301694424089
0.0083779640996904086
0.016735120707315469
0.0076048030649911516
0.011344253238526773
0.0034341705428886098
0.012352417200454607
0.0020911955337280168
0.014512293142935864
0.0096125346772229069
0.0076696163286401218
0.0036044516380348435
0.0017451458863003925
0.0076353570019371299
0.004714886040741966
0.0050420985608642882
0.0061642556420012356
0.0073373822507228079
0.0069213742729619552
0.0080354781209135626
0.0038120881800173209
0.0040101749793281785
0.0021780042907339836
0.010710828437655246
0.0049108289781463251
0.0042223695237560725
0.013561038645670201
0.012079388699952823
0.0087944122803621724
0.0034999572654223934
0.011888116763775736
0.0055398960041492798
0.0083173698799023452
0.0026015902809511391
0.003924012543445779
0.0089559006231667102
