0.0035506616088267343
0.0015987167983590267
0.0076618764529783065
0.004809141053280697
0.0042299876930874227
0.0079057075732706129
0.006604498649426584
0.0097392506011443128
0.014393215989005231
0.0023201440234759943
0.0088470675749699988
0.0024421921249967184
0.019304566311034797
0.015434658130651922
0.020954471183130489
0.0068921519549067379
0.0091060987551442509
0.0055130295187318743
0.00375742793128152
0.0057756612024290202
0.0060005056206776852
0.02136048293605208
0.010519823084883674
0.010708180007760264
0.0086231448604073835
0.010140494456275521
0.0079558601477723381
0.012616162226023353
0.010395474740770808
0.012093629022839485
0.0049848442902165118
0.0047380182758552276
0.014989206895521238
0.013185706632463245
0.0095459118924928164
0.0028494850911173876
0.013863682857555034
0.011455624346794469
0.0026006991715472579
0.0081314724925577054
0.0027038423752038642
0.011751417003170471
0.0090266189804710014
0.013817596488625263
0.0063211528753879557
0.012378629831002481
0.0056222827395269528
0.020986324964695754
0.012272053985167319
0.0070185999814281839
0.016409119944096575
0.017247615033120479
0.017151685111805086
0.014232439119019866
0.01314166866784662
0.01068147258535047
0.013582951458078224
0.010092626891713957
0.003593078139854444
0.02021241941256844
0.019946843682764649
0.011350005481617973
0.003478906321553692
0.023266054893519936
0.015490336643317802
0.014935448649234115
0.0092561965570141583
0.013882264257448906
0.01416467624892058
0.0068241372769297145
0.016689691941380484
0.0028474767950627412
0.0078596813451349244
0.0051338807603021923
0.013002976704517145
0.015422726693004523
0.014611315742340586
0.020589099211058046
0.0076546094778667407
0.0161340492855565
0.020767508113995442
0.010187740020478531
0.0047634949233679039
0.015490628075548903
0.0054997977982879764
0.0046182043185806947
0.0070124986859109841
0.0093147098720128291
0.0080705824125777027
0.011055577670508694
0.006985469873149271
0.0073662938322104875
0.017552436967461848
0.0065737717832342803
0.012264381914377743
0.0079683617383394852
0.018693437326393138
0.018535542413917597
0.0029157398086469173
0.0079453821679207788
0.0088948335633759271
0.015731960847149114
0.0094810790325457247
0.014190224234221878
0.013053797681123054
0.012439517462834429
0.013515916248100196
0.011262442402746433
0.0087865457599531609
0.012200512042431777
0.0053435134357218547
0.023204227616901208
0.021732660071223493
0.024139195036675453
0.0068802068864023099
0.019097478510817056
0.018399676741367617
0.018805196424676915
0.011015530276762825
0.010001593216890205
0.021788390436748184
0.010230781891772282
0.0016264536461112076
0.015707812015332903
0.0063689411809122959
0.0075792179650701385
0.0087098478517068541
0.029994018905082423
0.010822816994386468
0.0083673517062852025
0.026623924371605823
0.011365864236017487
0.01530075007689159
0.015183341619783656
0.014985044135601651
0.0061354876293100175
0.0033317248082349264
0.012299259012169389
0.0024806532942215909
0.010427293083277034
0.0024638275468720234
0.0082240067617674571
0.0026885280942088793
0.0094192939620298261
0.0096774350724463404
0.021355785929401856
0.011124116012130801
0.024575652424744111
0.004587699740485009
0.0047533684078465508
0.012414331016585765
0.0030802001314758488
0.0097298455975121361
0.0067191751246837121
0.012967581706244494
0.01363816634950623
0.015757742992927041
0.0092175645158594083
0.0059655665417346878
0.0054195342454192979
0.01698264375325614
0.014573193949842482
0.012533439694753392
0.0070111292464498324
0.011082404290092102
0.0097304904703023939
0.0042673595558636998
0.018918681410066918
0.0076344478655502382
0.011148710528684561
0.0017423763704266944
0.0026445523551569209
0.017511168791716304
0.0046326282519314407
0.0095178232199530713
0.01098480030771915
0.011306577656060333
0.016267447245665694
0.021098288986666051
0.0078657034634944528
0.013614089014481263
0.0025520447599974563
0.010433142061190734
0.011424499468109769
0.0082623159210008981
0.0020484884566441021
0.0095918296943014684
0.010797136219340865
0.013445831619107257
0.0019464617410784781
0.013621787586123795
0.0235442591873249
0.017142739594356929
0.010865239011833122
0.0077148956790794336
0.010491460584235604
0.007419309497142387
0.0071398812926514836
0.017810107686958804
0.018950411982760637
0.017654811030867128
0.0074030761526217613
