0.00096768170518686753
0.0038071078590753735
0.0091706119688854011
0.010068376704756453
0.0059892637738733698
0.015571005003543087
0.0099129720719833975
0.003833363860998066
0.0099287731249775735
0.010289061486439993
0.0018933744324601677
0.010767371024365473
0.0023831484864605037
0.0033583446291805801
0.0062511303841642513
0.00769461493407907
0.016191732805035056
0.0084862777777689052
0.0073878106301958815
0.020761980143349117
0.0088815564871764022
0.010064935035946939
0.022108115533341643
0.0050407997065637531
0.017114981912816934
0.019743864995490992
0.017328733704936192
0.018988961966947215
0.0016895408891905992
0.015062270556510365
0.015926094533453519
0.011886092432990721
0.014605636981405462
0.011816411694261694
0.013219946412326275
0.010933991440820119
0.0079714918776590451
0.008078474042315242
0.0078947549108008726
0.0097914490972137846
0.0081602432373395154
0.0058235883493721746
0.016231917427195063
0.010604116963713436
0.016668945023668513
0.02531739737965788
0.0069186660724965031
0.014802740290655838
0.014387876971227826
0.0027778453706939678
0.030448503094826395
0.0066708404269645236
0.010151998492664549
0.01443048352690451
0.0016254380068364814
0.015992309124005302
0.0070264724440892408
0.0047674266736295948
0.002783083530876195
0.01173945781840785
0.021894420743539578
0.012447242432468248
0.0072829463039673931
0.0052484705222335445
0.012570508118106732
0.01877355530997158
0.0049681976363197371
0.0087138092010621161
0.011672676816040521
0.01754709667140418
0.010118829470046857
0.012390406745462925
0.0021649481453619823
0.01457148970329198
0.018002801985620948
0.013326557310960153
0.0088365140282786244
0.0042351621732955487
0.013323464830373742
0.01171191086343421
0.022857465150661234
0.012678519468293859
0.0072413651518588628
0.013033905970510079
0.0057120483188847328
0.0036151150706481253
0.012812680959159835
0.025701729338702625
0.02116895325965212
0.0030870615331042507
0.015810653645203995
0.0036703259984692473
0.0036976558922924853
0.013164887841445285
0.0067087834815765393
0.0087133941789127988
0.013823802400004021
0.0095024660347415493
0.010377600783216874
0.008107516275089547
0.0059936642846480171
0.0073500317985194371
0.021117682297519706
0.013766712262853116
0.0026592287201058383
0.010660361918387033
0.008389462066950357
0.0087529459564969873
0.00965823391915634
0.0079989721792399458
0.0077873064463629864
0.01831439151243348
0.0067509656370056178
0.015612253899104079
0.011954239524944768
0.0076671062079001553
0.0041822192908537578
0.02507526045101786
0.0083250328806397447
0.0074567603190192474
0.02448817423585594
0.010260049876549857
0.0086357891736721024
0.02244650506748384
0.0046403076544982878
0.010342928689596966
0.010544586756692178
0.0074632784381179198
0.004985070352191096
0.011172570304253095
0.017317703068121883
0.0082825864861232768
0.0098260900922136976
0.011877024241436981
0.012393570698326055
0.031922915023884169
0.016258285842446638
0.0054908832422807521
0.012310709709688785
0.020089498867680071
0.004017590401629135
0.0096541709628284785
0.005982558633184332
0.011818159439231694
0.0074445097837481126
0.010848061131965342
0.0099003394182463223
0.0076466990457434462
0.00082323875557168758
0.020707687722287777
0.018220130393856403
0.0066787789069371094
0.011433579457362205
0.014424606283818911
0.012650022174312178
0.0025381560549508943
0.01276922050315501
0.0058925362704799868
0.0061105031376374229
0.0064146172168856545
0.0023883884970097046
0.01360472664915042
0.010466990328859924
0.015013745829586264
0.0076997768140872605
0.011380985085857651
0.0095455034418999718
0.010762447945319316
0.01330833908414108
0.01058818368356032
0.01828877086901122
0.0079318085885113424
0.0054317367297964875
0.0022022382306767551
0.0020716509230087306
0.013545772307711885
0.011631027841678505
0.0044396256662887707
0.0020036789424321597
0.0098160594595352018
0.021773500623667591
0.0055289813601286817
0.020853198496073408
0.01613668206352176
0.0028592413820833933
0.0052747770422966311
0.016447258523026517
0.0064862553928209917
0.0059823291510321241
0.0089663480540682697
0.0095969051536844846
0.010039693164225491
0.0067838283374922551
0.010490560249502593
0.0062267806299140362
0.0012655353654937682
0.0048863694407565543
0.012844302701734513
0.0021844090039132226
0.0072678011743714886
0.0084346325111158606
0.0073330103324659914
