0.98629056652971492
0.99014663540044812
0.98865172062010565
0.98040514721156924
0.97350300137962475
0.97363427918642198
0.97613299050353164
0.97388463700304584
0.96858331778490725
0.96808660796577706
0.96675059882029768
0.9612383554733418
0.95793324322291662
0.95092353724948886
0.94167264167467035
0.95150320257152687
0.94531300957214404
0.94624777494434142
0.94151368900662091
0.93308803023382181
0.93069161551836277
0.95582707196227856
0.95957786054014405
0.95537032490321094
0.96609038010894999
0.97089810633048945
0.98323299957327759
0.98449449183009252
0.98356622525053938
0.98323292281488939
0.97950240773913577
0.97696638006242964
0.97486712256566666
0.96988146342521453
0.98026624920464911
0.98918430174595817
0.98835199396559914
0.98206369861981269
0.98136932042970948
0.97627065605707686
0.98090780940218758
0.97726222155323195
0.97942360906696424
0.97865335339256987
0.98382814515654349
0.98195618518339167
0.9774931578803332
0.9773904857846446
0.96702974769408068
0.96450820765960787
0.96912117812555798
0.96222891418167877
0.96076080392252639
0.97138835077350461
0.96560379433797083
0.96715326788669365
0.98019659502803758
0.97480024203821258
0.96672434435670151
0.97034054900776634
0.97307418744542429
0.97292045096961233
0.97669103915193245
0.97534825399237624
0.96826906859144468
0.9623936038332358
0.96634648905284648
0.96562331524243061
0.97227983920873751
0.97392257121991688
0.97632219023641231
0.97615192203935963
0.97825224925816279
0.98025536324951634
0.98333650142495455
0.98433699408309294
0.9818948109015565
0.98189690150254993
0.98295201465819837
0.98545237373818295
0.98027843549777682
0.97871617670060018
0.97369236432797157
0.97323673069058403
0.97411669954594371
0.9810805066119308
0.9771046032194558
0.97374227592516926
0.97272359876099745
0.96421593857256638
0.96289334393700354
0.9659997704908172
0.97064904370911298
0.96661924268642607
0.97530893794828621
0.9689101549409409
0.96752858120390206
0.96524402294914913
0.97216525947405563
0.97108783517269825
0.97156916927286796
0.96483992974228661
0.96681477873848154
0.96033622807125307
0.95911422455010442
0.95660223224289964
0.96091636655062174
0.96325992771655378
0.96565848131622933
0.96938381007539709
0.96698160229077768
0.98150795881987385
0.9728036183705322
0.97897282461693513
0.9772185569917522
0.96497560012760053
0.96519993963647466
0.96945313050659798
0.97811272560613594
0.97980849080689347
0.98008568524250894
0.9797908860323693
0.9818116943824351
0.98260737512798835
0.98464817561386264
0.98580963599275928
0.98496335612722963
0.97881677223089358
0.9700646971387924
0.98045484031145125
0.98573948858035942
0.98326345587702979
0.9804624565642569
0.98234239197907858
0.97581444112980742
0.97166043153611326
0.976465286667203
0.97513342611192633
0.97338499639395082
0.97945246946133091
0.97821419881593363
0.98475513849988838
0.98668785446843266
0.97910183570395826
0.9777265556811755
0.97918782182768527
0.98157016265339336
0.97762719512228613
0.97769017810483827
0.97444112988554021
0.96719449181946016
0.96284399988192282
0.95440374381721693
0.95383647138045413
0.95360696269258161
0.95391342694604297
0.95894598732220093
0.97046977052548811
0.96462653782581997
0.96477607925237874
0.96581790011681412
0.9737436963370445
0.97738959292238647
0.97188244727067175
0.98035211973961867
0.97975478446787156
0.97085503743542689
0.970669230413718
0.96688277087346708
0.96319495989747639
0.95689767108277157
0.97422346644118973
0.98458067427256035
0.98019783887716927
0.98570975540641892
0.98210253701542161
0.98135622654495747
0.97571613402382118
0.9791114282063379
0.97562378490661383
0.97166537211730886
0.97366465188169582
0.97057449027120313
0.97567595011372776
0.97435554479148478
0.98223809144473961
0.98473886831663149
0.98151479845746481
0.98591439678193749
0.9865453413843559
0.98387490602603866
0.98333306877879079
0.96864302420596859
0.96940175695675668
0.96667382682823144
0.97084073695053696
0.97192871255514646
0.96937236578079955
0.95975443143961503
0.96523523586969728
0.95853230188890381
0.95749945520208279
