0.98604603252762002
0.98639988417845559
0.98491723102831741
0.97909386752230454
0.9837429707506371
0.98749824691682486
0.98120504497175054
0.97617180915043544
0.97335280525040457
0.97029539023270395
0.96819414638565404
0.9648528908881927
0.96064306303245039
0.96967067120765926
0.95972976190541381
0.96317363750911078
0.97385968024747749
0.9721677842673967
0.97045598703374347
0.96662534725738947
0.95224307200353664
0.95845366714422486
0.95352383486167169
0.93673990118771921
0.93550145407949137
0.92907980519002975
0.92791488409741918
0.92709534324111742
0.93097643934466701
0.91912746925902067
0.93258335846749885
0.93497177690549915
0.93759189593890213
0.94152375494287743
0.94387738344278183
0.93806737633815385
0.93687233310920282
0.9389697989943272
0.96623194389091316
0.96558749334630956
0.96379527941269483
0.96398870769956868
0.96453430141615581
0.96874455474484211
0.97473194635661786
0.98121370416751741
0.98374095021837182
0.9821781562445111
0.98261812228052237
0.98431394527210403
0.98101198695135539
0.97971800053394553
0.97750269202442874
0.97867275922171315
0.9832649279910225
0.97821831414098792
0.97356686461811881
0.97069976579112494
0.96835090517490208
0.97040705033077046
0.96568087909104638
0.97106956455883542
0.97453197656889667
0.9789014789270275
0.97591740410883221
0.97618775322069196
0.97647219045221767
0.97696950304359553
0.97244535648437846
0.96257671356969488
0.95801319266234308
0.96084033316398931
0.95547626980050804
0.94868276809623842
0.93894799392809369
0.9578567237580663
0.95890905039193963
0.96538856567189446
0.96728069951421292
0.97147921536075055
0.9789986150253055
0.98321252979193374
0.98194798765923996
0.97744425117707012
0.97813321714891188
0.97229870905705373
0.9785546488540483
0.98459215568843184
0.98192712060846332
0.97642353227726719
0.97622652162187962
0.97681070341017062
0.98275315567342592
0.98632873399550347
0.98642998557666173
0.98608164237895402
0.98645663423747287
0.98515303674397947
0.98098745937943765
0.98070518535886042
0.98105852625249679
0.97423100793637118
0.96466239244983421
0.96805637135277933
0.95753318234016283
0.96175590776037057
0.96825431632915626
0.96629631800011251
0.97407444615891026
0.97710016645935704
0.97821264014674647
0.97986439571368011
0.97750728760438932
0.97416256118038436
0.97447546141831254
0.97521015480146089
0.97439710247756162
0.96764067287658051
0.95838216936256881
0.97554987220950706
0.976293669251868
0.97163094524090199
0.96987181933358535
0.9758180004059398
0.97740736165162168
0.97641967194658685
0.96615335866215646
0.95761499151717755
0.9608083400737677
0.95721582130619609
0.95501527385018281
0.97565080588192332
0.96579227362990383
0.96921328148345076
0.97046111312238026
0.97479654627516832
0.97343773912187037
0.97818415349669152
0.98097502457279218
0.98032521440616194
0.97561487792546453
0.97655186337305278
0.97707794690010652
0.97337138878496088
0.98064538711570659
0.97480335143655794
0.97184122125918349
0.96550769865690267
0.95581011906218227
0.95727749083362901
0.95428063477143776
0.95878758751746673
0.96975568955652991
0.96043984636181179
0.96682912477732263
0.97740736971270448
0.98200925776090475
0.98244719957359572
0.98371183545313945
0.97863483283074371
0.96802091226854836
0.96976432998021544
0.96862405075093871
0.95886296516165748
0.96178723351418804
0.96223278362552278
0.95821544422454408
0.96566858126145183
0.96050928040547401
0.95449715405907631
0.94660853717932525
0.9688268866143751
0.97263530859708214
0.96874077670553849
0.9645054174120109
0.96193380267138628
0.96370880379513524
0.97070422636605347
0.97650206068996448
0.97502317779820258
0.97524485622196411
0.96264844948786721
0.96092110424298116
0.96179277209389169
0.96740772154872667
0.96814041029072473
0.96825993305383118
0.96738843317825141
0.97097167385689098
0.97419032097600478
0.97449397335173282
0.97330397364844268
0.97040045290124943
0.96460313390036856
0.96118102765414737
0.96034412863964003
0.94916170598507921
0.94813028036305036
0.95279712656754734
0.9628144945295416
0.97280346406575202
0.97048119148878131
