0.97409636271754874
0.98081816823963552
0.97672975110623916
0.9799396701358537
0.97812999115202948
0.98112843515398773
0.98196569635676012
0.96955931320789301
0.97404870511880104
0.97330954136008285
0.97852623067446887
0.97701104263172267
0.97406549616811977
0.97405245541772834
0.96622960492693211
0.96321673473575431
0.9606954113187629
0.96935507227965856
0.96543781906150328
0.97406457434769667
0.97949656280055097
0.97748574702041835
0.98287836835887932
0.98307467916560176
0.98916698271134573
0.98155641482460165
0.98071122672921618
0.9795362120216381
0.97885719470366495
0.98355768321851167
0.98913264691505076
0.98998383261123868
0.99009969776315798
0.98586762608303236
0.99159263893275518
0.98726221624166299
0.98791458551896849
0.99059097144164054
0.98863042104251886
0.98992629034243385
0.98689212458701048
0.98613258081199839
0.98548990887516796
0.9821153093788787
0.98252449171201717
0.98241421529794548
0.98337588645004415
0.98192318619479779
0.98260028937875177
0.98710708539157566
0.99208174866188603
0.99196806963356265
0.99148052830346278
0.98859821370730772
0.98911415733929398
0.99054755314552467
0.99117499875510329
0.98936086022549585
0.98506960814671618
0.98739195642762279
0.98781475383961381
0.98752727927754902
0.98682919844027561
0.98363787349832421
0.98444594964577481
0.97810416833491498
0.98023232487930423
0.98208223491304114
0.98576370265151803
0.98576428542651418
0.98752638052920372
0.98748497464629392
0.9828053751411614
0.98442115109355
0.98304622944405884
0.98610037732669031
0.98754391213925807
0.98188089864707928
0.98365594089930908
0.98016961659481938
0.97597529214707313
0.98089890686775683
0.97749481169373353
0.97799160329721424
0.97470641750522014
0.97430323204054903
0.96948944265572579
0.96614616667332887
0.97455282759118733
0.96725216433212535
0.97107347120779774
0.97431006947062482
0.98092916148954612
0.98107449463285468
0.98337346187901031
0.98135605086590949
0.98431709105260912
0.98427833787850227
0.98169272596656543
0.9814103193056376
0.97781003767779895
0.97234738406554833
0.96888977096794482
0.96391967862711336
0.96454836647885112
0.96246352554656422
0.96231587826494991
0.96163115299088509
0.9561221888066459
0.95588521059462761
0.9664886888098343
0.9571194314362278
0.95155444515192911
0.93612070133161274
0.95837387487820513
0.95621187173610411
0.95126374222942167
0.96129058980454984
0.95623966554393802
0.95380496989434027
0.94627937189541
0.94700288663192345
0.96333598030213374
0.95445149875306801
0.96221978519254769
0.96985071611554818
0.95502575255470024
0.9501228305940953
0.94390308313404403
0.94966917181087496
0.93955128805768828
0.94651287784978133
0.94594249123948215
0.93596821482207071
0.94026271510279591
0.94796032624271342
0.95024794316730621
0.95953312433142135
0.9588883250880792
0.94977992215846774
0.9449271673451658
0.94856328527075173
0.94616047323760988
0.94963998838855368
0.95246371126884266
0.95364938631949059
0.95188409643905914
0.94303496116914254
0.94423905669697483
0.93555541641189255
0.94577123393059659
0.95887994250368147
0.97016074556926135
0.97437377686052029
0.96179084642161483
0.96160808639433792
0.95672474998948775
0.95002352448903715
0.96742802576222042
0.96647847237127604
0.95860540260774052
0.95478181078272006
0.94332589763623709
0.94750541835828295
0.93693441563486946
0.94986102769971792
0.95504541427238576
0.9602051458280223
0.95790385428951341
0.97788654134052755
0.97824701170641004
0.9760646901548895
0.98185710252252456
0.98075588556679216
0.97928852586101778
0.97330698470053245
0.9691631249626288
0.96259815964108475
0.96428549541597608
0.96603134143087166
0.96300046291146923
0.95842873058663125
0.96173684699409145
0.95582840813524839
0.96548535266972146
0.97087846156615909
0.97776264289125869
0.98175038405827741
0.98180302049676937
0.97513139695092399
0.9647943237276948
0.96631299135147652
0.97415134050448415
0.97172132742885076
0.97120805083199879
0.9628524347465518
0.96506833271628967
0.9597692086029872
0.97055551944954588
0.97815340764617209
0.98010637512181709
0.98384490272498404
