0.01248524196826804
0.0029986023333325542
0.014008970451739778
0.0045450959890394353
0.0083517300661219776
0.012380454323838476
0.0051843217469275046
0.0088181273738182284
0.0032540625397481848
0.011388565204451018
0.011048381437401618
0.0030361530036246542
0.0082315596412562211
0.0072091889059764554
0.0052149725421019189
0.0048639736713766007
0.017922024663207057
0.011184599270772888
0.0058238914361639178
0.010721225039632767
0.0104201790413398
0.0093169410652630905
0.0062762373730874278
0.0016853624845991975
0.0072027011164269251
0.0091756073272790274
0.014115211434572365
0.011718813975312735
0.0096453742403885389
0.01614878875734602
0.0039700098466269405
0.0034698206443955575
0.011703370182371178
0.0049452699726631657
0.012449380490128999
0.0034844443071286131
0.00050851560473155755
0.0080457289275595277
0.010940545403199688
0.0094041905248008466
0.0083564493979768409
0.0025278951638467227
0.0064072522292536538
0.018123363208440966
0.016111225439303139
0.011193521710697972
0.0090785260743278876
0.015082544103597106
0.012350606420093446
0.005554417356627225
0.0091065623979320626
0.0064454795315288657
0.012694657345408759
0.007081699963381388
0.0069231615445211284
0.0070325211569002401
0.011181443670403218
0.011423911901371941
0.0054938964102904447
0.0053811825649580161
0.0072203026592469821
0.0037406985733594834
0.0071492463171803824
0.011287792597030718
0.0063043935985874809
0.012329109906983653
0.0042165663089772827
0.0020400722143995844
0.0029697827917772044
0.0066667148047636106
0.013097892528364154
0.0085611299978979837
0.015105723062864101
0.0020630969340029431
0.0056329413555298033
0.0090561589346702664
0.0093304315066117388
0.011147618949035017
0.0063811303603617435
0.007229749704457048
0.0067708384857009191
0.0063894725719514768
0.0056992719000048516
0.0021598048238972668
0.0059806230068120605
0.015640704224745755
0.0022135664569569121
0.012198099245404258
0.0064450638476578016
0.004640894402777645
0.004444277163104941
0.017456196850583378
0.0015186912566871845
0.0054471375873285681
0.0069070427258891547
0.0070552695517006325
0.0047729407030358793
0.004798207236259208
0.0061258274300925696
0.0035809082079779797
0.012419709816480983
0.0071108715058718326
0.0077834974618694657
0.0076436761580936582
0.0084132618096156384
0.0080354862103916951
0.010749758626707876
0.012877692225653338
0.0054978062325257955
0.012801013092391738
0.013659658320806458
0.0088504265529409584
0.011861308526522523
0.0086102195240361258
0.0076676015943878024
0.011548510619278279
0.0064363394804309694
0.014683913307207459
0.0045439346215128519
0.0034616810630717543
0.0097158009380515185
0.015617668647592241
0.0072052508826922672
0.010696185198447415
0.013549137753286398
0.010207172085084933
0.0081838934568051885
0.0060926433703503702
0.0089927035351530012
0.011879460457379063
0.015767137822133633
0.005930271374110647
0.0099591584403961337
0.0053577995711034396
0.0043988930184696365
0.0061132104961934639
0.0061246225408537417
0.0096999333742732868
0.0079724805795636563
0.0078400458589149066
0.0098727454816193317
0.0075387223728683051
0.0050009576222779092
0.0006372968457511065
0.0049073569595337232
0.0085603991864368796
0.0077939864932986278
0.0096694798049940644
0.00037086055187430947
0.013604604254072221
0.0079343310361941009
0.010989555796263732
0.0040819830195711034
0.0022635981346184365
0.0066190294147432755
0.0098291749833573014
0.0024512077611386373
0.007549704610769821
0.017210148702050038
0.01419490846328253
0.0043500525650921971
0.0088537041491510322
0.016760890798885486
0.01725205014503153
0.0066868501017386126
0.011813582302285087
0.0041212186283395465
0.0072636230851615222
0.0097577767160134075
0.0081748351571853776
0.010172299906607524
0.0016827787906078823
0.0084446958728161721
0.013958519496218224
0.016686534524391044
0.0064260806348937511
0.0064465465324925891
0.0023573324128031573
0.0077586367725723604
0.0027052879475423395
0.0088124753411344282
0.010840796474344805
0.0054124912380035797
0.010425801245681814
0.0042006909261504358
0.013263325951219967
0.010217141974416283
0.0093814227648923738
0.013370785937747343
0.0057244956282890367
0.015659399117581192
0.005351715447049688
0.0050896626186013221
0.0041511253227395194
0.010471177967245135
0.0067464963021204661
0.0048901367863617064
0.0068043133469056355
0.008896777138931564
0.0080427544585089591
0.011646089567415587
0.0022008510328070073
