0.0070541703267421162
0.0041218616153173033
0.012696840445915417
0.0031506339674747478
0.0097698933450444374
0.0087866049769605766
0.008530006756946068
0.017734222348877851
0.010578223637449683
0.0046781028247945061
0.0014296758461091186
0.0051144533871102325
0.0017406684125117727
0.01242088039321862
0.0024582299159730198
0.012956096576288895
0.0024862170000665017
0.0032190893006956594
0.010784505131819047
0.011712662571595754
0.0054808466685665148
0.0013430004627294687
0.010776033462370459
0.0034950375946003185
0.0084945845349037579
0.0058983802443787359
0.0034524367880718857
0.005939764706846493
0.0010617686772273088
0.0088277080342570452
0.0076189341584742241
0.0052188382955378407
0.014830681934496787
0.0091487138869912471
0.0064877006016044987
0.010981289051870142
0.0070830700700160705
0.015026147175116213
0.01178070688615562
0.0056197102999577479
0.0087799927386765404
0.00087102782363780219
0.0069906841890517929
0.0085243830019034791
0.0076375656928909276
0.012452000189644626
0.0064531230932596308
0.01317310538298746
0.0073595049172669146
0.0089957066548949881
0.0044155174676724536
0.0097533563996608716
0.010264970652325964
0.0082605198790487167
0.0056676713907975436
0.01366550413574061
0.0039207444252166703
0.0032201209316001143
0.0068413678098913876
0.014991299230934252
0.016153358301394069
0.0059624680928079795
0.01206926104535897
0.010742824688981519
0.011253768803366686
0.0052987089084457683
0.0049449678949857476
0.0047807109369766704
0.0094015895622195367
0.0028458908122259998
0.010284590933032934
0.0094834860942250472
0.011806925626012817
0.01132192584422838
0.018947805556399099
0.012751123765510687
0.0072253224933618611
0.0039012244212568467
0.0028191136091139635
0.0021361048691755646
0.0058981557266568401
0.010007769630475571
0.010987200537927419
0.01157809892278361
0.0097600461133094951
0.0085700943020172102
0.015235406326195024
0.013633290130995976
0.012370441311363093
0.010573243565920605
0.011160273398400549
0.0069250183826361101
0.01170417074063463
0.0085187730951840068
0.0099036665672006512
0.005360849381712874
0.0031774088546461412
0.0075011956701616254
0.0079359565152898291
0.015756563812432522
0.0064268766532348896
0.0039190684990498947
0.013043413667704076
0.0095181583614523009
0.0017829545776305786
0.0092058784408127082
0.0063895680754123326
0.0039549260317849454
0.010625997314832353
0.0091831097381102639
0.015152175933194728
0.012639043828594234
0.0099040153802017142
0.011508983314926169
0.010899390023197508
0.017926200528456088
0.010724890287271038
0.02148421639591757
0.00047340742919299453
0.008162180128399605
0.0086865932569306342
0.0055777462491369044
0.0093917851669415922
0.012255362694050023
0.0089465553319529496
0.011449313717669119
0.011590041527895351
0.012513460441255082
0.0070181672318203282
0.00981288715423995
0.01232112586450407
0.0058231035603071024
0.006574669616955504
0.0045117697135136229
0.0069823702560227966
0.0099572589036333661
0.0060282673073846068
0.0063364203748904786
0.0049807523882512625
0.0013701936596274284
0.010903695923462353
0.0077020375375825567
0.0088357151451602736
0.0088194296667001761
0.008464146868227657
0.0073596434755743003
0.011085577786388605
0.0086977210933376105
0.012157975612972266
0.004925894295160424
0.0014710273559498171
0.0012730095138531387
0.0019051846880216872
0.0022980949820283277
0.0017710124561847623
0.003591219772671688
0.0058687835871214476
0.0087361857780524632
0.0041673109870107349
0.007722887118065954
0.0035452837340796024
0.0071510461927404801
0.011092831296650252
0.016303233985167944
0.0072459939536615699
0.0024703054575238052
0.011859160718116235
0.0054074565236903287
0.0095916234928738516
0.0038016452949729807
0.0096602637911799832
0.0054798977589748631
0.0031510048148478262
0.010745872271448879
0.0054661317905771688
0.0061849144785794587
0.010685548453084708
0.0066328677116036378
0.010390653081103794
0.0042434438578618982
0.012693017674566482
0.0077905957997613439
0.0079673729510935341
0.0066822740981662574
0.0040659383636718659
0.0065786055283192689
0.0048112990257680012
0.006788356101878004
0.0032520584902753138
0.0084902990047770258
0.0023663776501565686
0.0073750298778662163
0.0076853467838847046
0.0039546303508019159
0.0086496444951832015
0.0079197591525002262
0.0017844013685389026
0.0028570167561455043
0.0099862075132205828
0.0052744659044598559
0.014879775063553242
0.0018318080416293214
