0.40332452932037782
0.52150495011622333
0.47898276638786719
0.49065202738273972
0.57497128098182071
0.51317893986752572
0.50799889247660446
0.50976044433742007
0.5670076280383769
0.49161604450298513
0.4699339927359254
0.40272610908717726
0.4807907119502704
0.42273944026892091
0.5142333308568342
0.61997905167180878
0.58980504223968877
0.58198235211268534
0.49244563464757618
0.49265597757608504
0.41135852414589746
0.35458827251000685
0.25987525565882669
0.20654649081897011
0.30258739659925449
0.37321804482537296
0.251082468527208
0.26916786759179395
0.41268370353992156
0.41881151871166716
0.43142208176591912
0.40549625688888197
0.43784443390200828
0.26747197425729141
0.16505300014802804
0.23246141462799594
0.16960019303428675
0.26072444550282159
0.34078624944645253
0.51143705521176186
0.44408040227604262
0.3035036049373146
0.16383050741656399
0.29566935492827784
0.43874334956755179
0.42167476882767552
0.35922455102582684
0.31590530373399384
0.24047150884572929
0.25638935342410069
0.2923891182893103
0.2283361885863342
0.15618911439738203
0.25764357436018043
0.29425007822821192
0.29650613211332211
0.34253439485548315
0.3703622826034863
0.33662783938664487
0.37405201697361623
0.44539157097905546
0.35191138592508714
0.36576353606295176
0.32497829084464697
0.31308041802046332
0.3523050792722659
0.34853241161236637
0.35423494664104771
0.33555000278944835
0.25089487005361183
0.2139499546689578
0.22760678631832179
0.28516111577903513
0.20097122425480771
0.44398567264883715
0.52952919810338894
0.56282825271752412
0.52588449974768581
0.5317049772996687
0.54183254320472729
0.3730169952724065
0.38074257487718116
0.33568626121319484
0.44010178912083536
0.44466896898834862
0.51749865900501679
0.53746275491693329
0.62520797018473429
0.62655297917996022
0.61754998765025282
0.64170480620234027
0.63209106987058616
0.66396476977161922
0.60996503977198258
0.47724741185483943
0.51269332301125681
0.46372658296095698
0.43310359764947864
0.52708613771393686
0.55080777610759324
0.53719065720987913
0.50892891741620438
0.48670896351253629
0.43670793692400117
0.47932809563051521
0.42547603540475354
0.37419684731180403
0.51553268279715303
0.63114731306156091
0.53002989660851307
0.49973910512135
0.54575857103747627
0.58991544681499941
0.57632072140422086
0.48290290789050822
0.44267546487234688
0.38742554159900588
0.26120781735044757
0.27432396723549202
0.37916736876218377
0.2980834772510631
0.36880084265935359
0.372527693791529
0.50755612149396068
0.49481803708035565
0.43819146470761011
0.37443192808384862
0.33357247164390541
0.30084957425268133
0.19472621652532293
0.28100367414419064
0.41996745849949219
0.38089428622646893
0.41151036377034356
0.21031812135389197
0.24690668380219524
0.21252293538249101
0.25308176785204456
0.1765304204820094
0.19298600647975844
0.48876691790193022
0.557169090104356
0.49979359587302918
0.47734948384698933
0.61897751341136686
0.56488607121271184
0.58401385190188859
0.57002515745904203
0.51485824451056872
0.51932535847261174
0.51951703503207369
0.44647241962402962
0.42803560630541632
0.43257792011396462
0.43684409619635217
0.50296268377016085
0.52672015258237603
0.46456594652952038
0.43571317147605948
0.4493363057858315
0.42931824727621837
0.57532203375046176
0.59815335895074007
0.55602917510476302
0.53379072629269264
0.60992877732241779
0.55201344365578531
0.58374967217957197
0.4971909350412958
0.55033703583673887
0.56163208603576309
0.38561040110463807
0.29171884910537338
0.33465211672197653
0.41685683006521129
0.39246066441200783
0.45520577116740479
0.4774419351464515
0.45695769835928518
0.41028987183591153
0.46118904589745868
0.53849967393855047
0.56730345821604322
0.47106915686265916
0.64584265831831189
0.55456876116427456
0.52777315068759212
0.56194958677450757
0.56560088667164099
0.47411484069639875
0.45160547400852474
0.4260177197180548
0.40514216383477619
0.44624827121982291
0.43363263812282632
0.25607824152827269
0.36455415004784103
0.43494445161512507
0.45003450477448609
0.4492869584627549
0.48779998147475229
0.65819912793890234
