0.21833136528617944
0.22453321964584078
0.31874068312382176
0.39208749026645712
0.35351843831366608
0.4370224726078048
0.51200570971599424
0.53165107704388026
0.53147949706002384
0.42099245792102719
0.45614025120202545
0.58695913394522192
0.5483612682278417
0.46257956625133767
0.43081493854422853
0.49703362556931807
0.50199223965055229
0.53089960708663797
0.53904113364624695
0.545179203736325
0.54344366240074571
0.57778504127090535
0.56696736442234841
0.63409495384276815
0.56752634213997288
0.50479572844005871
0.46351607865939876
0.50476149010295035
0.44167322822451244
0.58767944056001353
0.55700601513029313
0.61477280024191905
0.63909655808565713
0.65610817662401522
0.64009419629397213
0.59128400410819271
0.51049401681061335
0.43322456431053219
0.40959831474124297
0.31243810149097928
0.36367484980373621
0.35765402388682599
0.35952153365484679
0.35677252753357841
0.41933022664971653
0.50907175675858984
0.52334605035419401
0.46509933276387799
0.51524149963695254
0.43826344642527421
0.53693112667950649
0.49355275642147761
0.48540704124084155
0.49616372533169106
0.45091118860896146
0.43163362380307141
0.48792460730095472
0.49932642130161214
0.47359703286247151
0.53748819801014791
0.5684086228819476
0.66132760593722395
0.61284232159191909
0.54055149162371186
0.59158765804615798
0.51131638170186577
0.51862205288539154
0.52673526467028542
0.54871914232638974
0.49163879063821758
0.5246239266463586
0.41946787183095585
0.39107223952569531
0.49447066735278572
0.57856532258462212
0.487023941945467
0.45307560580421435
0.44332760998717397
0.45560276749526762
0.63033484371151338
0.62853760210488618
0.60688692858609306
0.48687605270579537
0.42483278362283244
0.45977333815855104
0.44336609651277237
0.51160620864443407
0.48534441490494296
0.57137725753759083
0.55863646990979965
0.55476089818659646
0.5374726863259065
0.46237961795886778
0.46706918571012435
0.46185595863456991
0.53464485425345287
0.61307233602799349
0.56315033541486437
0.55970769281527111
0.52331763954791632
0.5166103251401668
0.58720521200375664
0.51845348204845298
0.41210686242555006
0.42676857989003425
0.59583450852697328
0.61498364425948249
0.61467728233833452
0.6458268841956466
0.65591002167218426
0.70525044773844237
0.62590549511286564
0.61137670797352861
0.65814546358388071
0.60427231660574032
0.61076759758225474
0.53576307014610958
0.50838339006567801
0.50484400507191507
0.58718938373500296
0.53302570994943543
0.50909995956275222
0.47040209742566169
0.48325553821215422
0.53621511682927636
0.66691759164166231
0.67963944700807821
0.62458970555928972
0.62029598149137744
0.5918421943599893
0.65884286973562112
0.6639154857556252
0.63515913232612653
0.63470145405686562
0.5753400867503865
0.55461248035380939
0.48158182670971422
0.52297961118211478
0.46649106142100666
0.53574587110124616
0.64100507095217429
0.59388171787255473
0.48076656104273557
0.5293417093267162
0.54401754701181815
0.59279236578634587
0.6046556792172032
0.58425443617723327
0.60589487120918795
0.65839432492259242
0.59146515089655127
0.61346841392104701
0.5147444862392887
0.53273076978397638
0.44989093001511576
0.40057329965431143
0.40028447046592269
0.27531369412957174
0.49188904587328397
0.5320301401737858
0.54470272451586799
0.53753763216536599
0.52212235951673425
0.50843905680846069
0.46669542713876172
0.35752974049638714
0.41918640996448892
0.5681319365408769
0.57746879301119303
0.59007001735441911
0.65349076845204124
0.57266189464929618
0.59799948135762182
0.60449438538538813
0.55046633845956827
0.6441707211368688
0.62444199175590698
0.6291984469017271
0.64017547263436614
0.64304369782881265
0.65586858664724801
0.67651479032602835
0.6859787524166947
0.69973302143645055
0.68371649875435736
0.58556460765054019
0.66961757580974635
0.60235186764587145
0.65609842304263977
0.63966252724151673
0.65522695258467423
0.60662277910799356
0.57587431431886849
0.61533934481974506
0.66260749995292834
0.67421817793743632
0.69406933083801048
0.63028105880370178
0.6535899673658585
0.68100657833257605
0.59951676584687541
0.53361074067834369
