0.10993650175600302
0.11629980110399976
0.0643497025712811
0.056381088138561554
0.11086445040574881
0.075612809618021568
0.086494694744534875
0.054063037890434346
0.059437928663791544
0.10675211706108681
0.059764903073381684
0.036727563702650089
0.076979196529268767
0.05601757233454633
0.098458387752621584
0.055456060430518934
0.056372815993799612
0.12094629881412235
0.04031890659197529
0.084007245038953585
0.084648832024105766
0.070046837580110183
0.050062914237345636
0.019009730966768147
0.094103706193096423
0.062596635459290076
0.11884039369136076
0.040200916779503451
0.015469080324503524
0.061995383102364791
0.064406986044349079
0.11241834752235437
0.11518941980098611
0.084287901910854099
0.10334660104649522
0.065867321401421014
0.021266768229393822
0.057483028122997236
0.073622574238376287
0.093961218855107914
0.079280216710001739
0.046671831382414757
0.042081517326962366
0.073007883310442181
0.015776081586068445
0.080037700622240276
0.056793326212643012
0.056255172201624314
0.025355409145756101
0.10616082889378113
0.081933698674582778
0.099967915600603016
0.12140014045773773
0.12883130463161374
0.080900061358420067
0.079345045620988666
0.12008371787789927
0.055214405088703983
0.021976944426035726
0.019160900105846885
0.026702780155484128
0.075956545529248631
0.11411680112280351
0.09275577639864728
0.071442978823129416
0.044537754974231271
0.01977306765493746
0.019185636554439566
0.073461769309393313
0.044891956895102232
0.060130220835731933
0.067396196224345464
0.043026532945007245
0.082080858212594296
0.05032856914294645
0.072980016828804423
0.056279526129622476
0.012008709522578525
0.054083733392705509
0.065584052137850221
0.1029605138822851
0.047569671317984515
0.070303376607061638
0.051981250280413206
0.066275245584108175
0.040088791572715075
0.063892269157816789
0.047932527967115467
0.094064637282157873
0.081566215218070476
0.041591236168625929
0.027752720563166425
0.062251182620686824
0.13531105812470395
0.12571806896135332
0.077878372047710337
0.073164811305640509
0.10898718694061053
0.03837566289016018
0.051261742142443979
0.13773819044039851
0.064884776635748001
0.074223085191662
0.032039775424929223
0.080433639837823701
0.064570009557921887
0.031416620405447071
0.10003669034212954
0.0644646460747339
0.080333961104523399
0.0092097982018861414
0.052003751889682162
0.09263093611977033
0.067922634664475776
0.042662382536764472
0.026947971686933157
0.10244993762398882
0.020685824975563819
0.079028329832864216
0.098914908720838135
0.032446068920311821
0.064183830774562634
0.11230189812942304
0.088006548948940888
0.054360979521562214
0.053963749423012998
0.039536231145168424
0.052179463032173565
0.033360268363387187
0.013437434122469985
0.054313125626379542
0.059615853578185427
0.10164511015480766
0.029255348207050762
0.055396673215473501
0.017465024920130981
0.09613197857305493
0.090317706834128111
0.05311691315459189
0.094828684621262482
0.063254298173786777
0.1081572103516872
0.081704412384849809
0.057774972659269987
0.06982332855539998
0.042970770732434709
0.0074626376805862222
0.023847304280343679
0.14900572202016651
0.078755836013549921
0.047946299422512544
0.079707106488683593
0.077592905412503355
0.032373171267309424
0.0226978528630912
0.036545376566868425
0.10076385075994138
0.039410958161034224
0.029796812418754877
0.039555902269719362
0.1513811671264797
0.024848878058602229
0.023163900645882359
0.032593175693415355
0.047981786165505434
0.026005066654965287
0.018844687111810969
0.065886837568199616
0.10537143405323031
0.1034866403376801
0.033105729755726759
0.041260745323719455
0.020926977806301889
0.081287939210252264
0.019246328169009379
0.05305301082369427
0.1088380129400064
0.059146795358716586
0.058992250810212234
0.039899184353612949
0.050502506091865372
0.029257891369563086
0.048340055638419477
0.018023517947925897
0.088847077516847256
0.054626677712722602
0.07976234249784242
0.034635850566046136
0.028122993378423507
0.03211733311987218
0.038604985464813939
0.035336306681329158
0.044836237294174783
0.020702376505795515
0.071696336152017953
0.035012220412166138
0.040275820927937724
0.044467518010296282
0.064230881796400172
0.038153133972610075
0.062277387396715921
0.067229166869740078
