0.010711609592349281
0.018860907245267067
0.038666375749804908
0.043808352512559941
0.029191615140497795
0.005650254305355088
0.03261667480339752
0.012390849408989109
0.026184523939580168
0.032906030330887973
0.026990743478775756
0.027696697482258358
0.025131202759871456
0.0028030792902613301
0.017049277469845438
0.024720775318596202
0.011102445832913147
0.01062036390466306
0.011386313931088849
0.016968108114320271
0.0066763548224239612
0.0090685804190222367
0.030838014017385597
0.029381098744662555
0.018504093795408967
0.045818399767318829
0.0048300416668055624
0.017107823719146948
0.0091691688601785171
0.012483950747464627
0.015488556683253451
0.016486932953704257
0.031179236512679658
0.025730691868672585
0.010438774798555567
0.022722683908286738
0.034381219714032095
0.013836677397995618
0.019378168642374648
0.021628805708682711
0.02743973681201536
0.025400362436516777
0.012430033172427895
0.005120098514855986
0.019190465795598848
0.021752596982110697
0.023372238360010258
0.015936774694511952
0.02508859589796926
0.014002371179746748
0.0043528711702012389
0.027184818272038985
0.029302504508075516
0.016674743187992738
0.043409621144196248
0.025010114955981124
0.016229820929100285
0.034808205546806373
0.044630392038073757
0.009684176430918871
0.0065781076188864652
0.011159695898351763
0.011685783656393526
0.02979786581273482
0.0054885759596839242
0.025560087246878697
0.026720501872618856
0.035388736202242824
0.017177717365959192
0.0081182680924151828
0.0080597771502177555
0.010623177652890977
0.0090016293093316494
0.023404557457523019
0.012930825229692834
0.015321706237233744
0.024227584579621663
0.022109321228410035
0.043712167223880216
0.021180788135958337
0.016586112800334091
0.033235034883997344
0.024878724475617363
0.013968413411151539
0.023591284066212838
0.0083279834018236548
0.015478217907864182
0.022874485920978838
0.025464682296911706
0.0053440632918646813
0.011085569923782219
0.027814364984451254
0.02344207937372355
0.023660205985319784
0.014435538741527972
0.037262241756297436
0.021170866906296087
0.0080617749144320967
0.01242049172349893
0.018103061456927756
0.027464842326812653
0.019975749539033454
0.011352769557810932
0.025607861539751687
0.021552489585140163
0.017373839057366273
0.020255524382596726
0.01144682729881466
0.014782894166805411
0.015636765226829816
0.033578639155411719
0.015831276716929837
0.0035902592368501351
0.0072630933687100061
0.0145983890206793
0.036358169409277254
0.016867732024075578
0.00819897482038103
0.022242570430840665
0.023543944925799202
0.0031974861746022981
0.023408013364639199
0.045004139760337708
0.036298892676435733
0.019788844514701195
0.025527508928692565
0.013829921981910645
0.028893269055454199
0.010830370553176025
0.011932547338479175
0.017109758429340306
0.034252477640638455
0.010975287034571181
0.020689392431870252
0.008997143916728961
0.017845423392075899
0.022809290517738459
0.036736619684706165
0.0062480416146299877
0.029874969418574805
0.014304213585758981
0.014254977127973982
0.016610423446618269
0.0044603451510050749
0.0072450375279294972
0.014093530870455791
0.01217486076536929
0.016203616133478271
0.013342654446684154
0.014501346317138203
0.012983634984289902
0.028968480112885678
0.0097561018465763746
0.029048147871146634
0.0067461767288911198
0.031505625841856948
0.027630673108534499
0.018066454409176459
0.0066670716169528587
0.029101143554576207
0.034359288405737383
0.033994685581949041
0.014492370306885563
0.0061979571999861652
0.0099739275753794165
0.011238679044000685
0.02338504669613312
0.0033961188485729012
0.019258656270703185
0.0082895851188108122
0.010162588694221679
0.013588928311907887
0.012398728038569255
0.029196872249064542
0.024417664333294616
0.012067017186273421
0.011292457141146323
0.0044512045559035257
0.018492206003452125
0.020320374878456712
0.0074911683116466012
0.018634031813419643
0.0071613617175766342
0.01576195044580914
0.020152317760708083
0.025934192840339914
0.0096035424014914716
0.016132009260284172
0.026922296018189348
0.009219088240937685
0.017799341787153922
0.014925949520081182
0.027354069507271747
0.0025984812052159546
0.014729865123897474
0.0087172174235986052
0.022730564643985322
0.011647115056896733
0.042271002239520468
0.020498827196433044
0.031372054073718174
0.011174576307332304
