0.02915626838467705
0.019504071884195416
0.021315237084362858
0.011385636217689999
0.0096040780222292257
0.013165058426820222
0.011411400513850336
0.007890274186994119
0.024475362131979667
0.012671867552444824
0.0083403058377686055
0.019651491221727206
0.030939590541526923
0.037545182343313811
0.027714860532951149
0.025278418373749546
0.046566710656124395
0.027823487233215066
0.012103471725640415
0.017301072080151723
0.021070634041414422
0.016626667652467904
0.021301372348638558
0.0033302379651084565
0.011594333077953326
0.0092151661851601081
0.02985110758809735
0.025697770278652367
0.022442699158690634
0.0037955019340110844
0.01331933009683816
0.023594911966591716
0.0087292993316752734
0.018614495680339193
0.017756193031431878
0.0080608547348498451
0.0082921499860266045
0.0015017700528105451
0.026607206372386324
0.01726074652999152
0.015440858685687611
0.029113692825269703
0.015705663480457304
0.0065184027787768542
0.023242698045020157
0.024209409470539636
0.049066939348221712
0.0069843780489733101
0.018367105297145601
0.010658599361772447
0.012806911049482119
0.012460707252435005
0.023950790837218752
0.017657139899139088
0.023154842220042212
0.0073235297632402397
0.016678785068192696
0.019301109215497783
0.017647391229208085
0.014338135359889922
0.006491534785324965
0.025845307782388756
0.0043029121763845509
0.018243811212319324
0.023078447306805881
0.011968515466021529
0.011220707983053498
0.020203691519584899
0.023381130924970579
0.034753556804719435
0.014262399187971057
0.0086794527358785515
0.010172410679447422
0.0075999501883830542
0.034638253449560008
0.028245784884299213
0.0080329695615079626
0.0064184674060256009
0.013573306191895595
0.018895720622557746
0.021281826777935768
0.026917258915643429
0.01237803232029056
0.021973712518437525
0.01535575349138899
0.023996715604347425
0.02213068114030858
0.031198603076816777
0.042741876051608702
0.010237603309106941
0.02253641052490921
0.019960638036542074
0.02021324647647774
0.020172426795894007
0.017703168805335533
0.0057170769680230937
0.0064407214483363324
0.024935145954380681
0.02203075743039274
0.021550202043835225
0.031719986767863577
0.013804566938698967
0.01155153186534106
0.030635554821365485
0.011796774411676491
0.023654123279512471
0.020757755839275655
0.019898277698172585
0.0078527362948857832
0.0051144130523650567
0.0052422690760300277
0.022759743311423469
0.0069773626117062577
0.030564612824401403
0.012655849891000432
0.03265288099150377
0.033905740791833873
0.02171324444464531
0.02213004140135939
0.018315776075069228
0.030473473526569938
0.013888643052187791
0.016100624617974429
0.018247698546613213
0.034776843992096962
0.022697686799325347
0.0082972093503365478
0.014165587539433417
0.0018005124648856328
0.01578485476967496
0.02323925582949482
0.015173148408839014
0.0082771736233442084
0.026234567847740177
0.030576684191947874
0.018307461734693029
0.0097843535938920215
0.020796699544855392
0.024571155251024546
0.013011061647828316
0.016736378377578427
0.028945756441127665
0.039406578176407601
0.012276609641421502
0.014926360451601044
0.021744956413852008
0.014331788509334685
0.020724181806555185
0.031150066701728787
0.0061094751087960109
0.002735202785380259
0.011327983625413514
0.0046607945871752696
0.012346039080284759
0.029237646166099758
0.015146822198858528
0.006895060563284908
0.011480020311735268
0.027624367591777308
0.016434053878035405
0.019959240123383827
0.011744699960523745
0.019095776849246317
0.010343532057189186
0.024622767334451578
0.0071425557545809672
0.0065861587129971344
0.021690151107767081
0.023886747148901502
0.025174405617856031
0.0056211510499671411
0.016013922462256892
0.031377860488814607
0.0048443154009841461
0.022723097904009365
0.0087936017933254399
0.0073386349032326008
0.0041379581835741435
0.015153851647511716
0.016728656241279026
0.038862769088955397
0.0053316652109459536
0.03788715193845666
0.031215223149825781
0.025831367607264531
0.019699636501381793
0.0084872763830116486
0.032897455045464492
0.025781370594031339
0.025954364776577959
0.018983203723909926
0.019685717639147286
0.022173682342760473
0.022244943880771351
0.033007524605151078
0.018976644694009712
0.011963851907666362
0.037799457584137809
0.027075663361985365
0.033544108331307373
0.010120783460091244
0.0076573730974082484
