0.012254093300232015
0.0043256380465842856
0.009560554596543815
0.0095905286530554752
0.006328542581343354
0.010323041397597005
0.0089439272374487767
0.011515514433460593
0.012716146365331351
0.0075979424984051053
0.0065011353781145882
0.0050098893639656215
0.0038191822465860532
0.0047497832151777936
0.0071536489973431901
0.0058786581744188545
0.0089948107596184608
0.0057230512639826992
0.0074478101577594305
0.019042111456614448
0.0021997485456041509
0.0063957987889328785
0.0089410049373696964
0.0010978097447052442
0.010334537494195059
0.0044701936860708615
0.0100959851003934
0.0075001157574096514
0.009284841465175088
0.014720159276268768
0.013716411072569044
0.0048339282613118068
0.01094604957532188
0.011795956918913789
0.016192943383261708
0.0048792424973146207
0.00087759281717219369
0.0027529448142898662
0.0040088704561617068
0.0056287655023131251
0.006774995736416831
0.011462991685091673
0.0077296477728384027
0.0070291251356481357
0.0046766628941394698
0.0066166316403885707
0.0074180933295912256
0.014235314890663844
0.0068194705964501707
0.015510688589335396
0.020343833037574127
0.0027812056292871555
0.0024502152018050197
0.0074276374600982173
0.009438423048806717
0.01038537126215683
0.010038296761628583
0.0065559756243600805
0.012892135561608474
0.0013169768425215327
0.012472468097840864
0.0087269294891932324
0.01265648535997986
0.0055399892218254169
0.0076082000112454922
0.0095220311144392378
0.004703916950987143
0.0054298282173789588
0.0004693157022212758
0.0050863467500456517
0.011484131735754046
0.0056174402675529872
0.00098679945458708305
0.0063723022722918425
0.003393011709720649
0.010701956745037029
0.0057714803660271633
0.0097786082600629202
0.0081254908188701219
0.0026875618175786799
0.012295934956741243
0.0078926762183469806
0.011091801437776345
0.0057509410910092503
0.0082825898306655276
0.012731672983012249
0.0037355156144419674
0.007319188957347662
0.0075752887665538155
0.0083813421133077052
0.0059232144506724954
0.0085260301013917149
0.0057249642600963194
0.007774502193425778
0.0094885038905352624
0.0076511299432791046
0.005080813524239774
0.0038582766861018345
0.0039940829122066144
0.011962692388991506
0.0069818851271152187
0.010828866547797944
0.0049853970420201026
0.0097361774985953563
0.014499743706809077
0.0059256710938583078
0.0088249655334895014
0.0071520087004859822
0.0017245280502569162
0.0068640042476753914
0.0082998624061616268
0.01612425639626465
0.010974188701294628
0.016298663808777897
0.0077208625143400994
0.0081563039384446364
0.0030879770912309833
0.012383153888434065
0.0055705894352917557
0.005567735456835669
0.010331759732118315
0.0084278108758384183
0.0064897532327925049
0.0041145937419749933
0.0046907118185299601
0.0037264402310668576
0.0040727207185253323
0.0066738879172626589
0.0064322747334852985
0.0010795070617027598
0.014353265110827927
0.0058009632981323948
0.005022149585555709
0.0095653859772628011
0.0051713356693174079
0.018643760348262647
0.02706273896989014
0.0058268707440120833
0.0098774070330919315
0.0012385462282365231
0.0023735173484716494
0.0069054545585871914
0.0092789441694581219
0.0076675622966961322
0.0087619084197521797
0.0032279473418524627
0.013345981589558967
0.0026878265365193575
0.010714319908211348
0.011604702390604573
0.0016545577986801661
0.0061413440989370608
0.0039674555165308423
0.0082246591970659821
0.0078402505939463227
0.0056833810621789238
0.0017587556055655693
0.0026459707065607345
0.02158722026717725
0.011105232525337337
0.0054928660585943714
0.013909480570543479
0.0050452859213120137
0.01172026770206846
0.0050946328652972861
0.011769291115459699
0.0048027014546426399
0.0046982659691731697
0.015401759232659804
0.0056166917006573239
0.00088621108869191073
0.0048090223323482405
0.019623890952557496
0.0095349614295952775
0.01674071041272366
0.00065953243096915977
0.015123885724562518
0.0094605728729503877
0.013663211832378095
0.0094478228378188159
0.0097699633781262452
0.008683562357239152
0.0028100375462974301
0.011608435040047934
0.013844151546021552
0.0063931158378612834
0.0032558062655273488
0.0022900785423225949
0.0059942615105610065
0.0059702072201180687
0.0076288505080564697
0.019666249124047734
0.010732810867243543
0.007387269624462128
0.0049753864903845455
0.0047396279427978152
0.0072081607576542387
0.0070074751211465312
0.011719658190777454
0.010162702686878482
0.0048470905305322953
0.0062866715532575662
