0.0037480806785541785
0.005994364698112614
0.00062493143272044477
0.0043378681112329837
0.020352281451055939
0.0036295939063234989
0.0081353125570368268
0.0022953251986024504
0.0042559622555501794
0.013722450660292778
0.010373947418818658
0.0081342909501880209
0.0049898094474526648
0.012107361548126945
0.0099855073287368305
0.011348241605159327
0.011530782402557135
0.0084584740512823019
0.010663692739893421
0.006872270916421847
0.0021433158479200257
0.018892117288165578
0.012365557040563758
0.016308695358800876
0.0074264806491436694
0.012300381016211812
0.010055957415197448
0.010555633103977391
0.0058114033132913656
0.0068786733369478768
0.011723294430989732
0.0059564052579930207
0.0093016043275730292
0.0065465461786409053
0.010944538932942453
0.0067969660818707695
0.01191935691221052
0.013281674715691584
0.0025115703459959197
0.011454032157847549
0.013593990567296977
0.015392296156067495
0.0079844312157315561
0.004486502570858193
0.0034119666255782817
0.008257789207726695
0.011289844533773139
0.0048357270424940141
0.0027780656551749296
0.0040000788300156506
0.018191612897225588
0.004716932391183988
0.010488026039376895
0.0051704217663026469
0.005647125047312903
0.0040763759734694415
0.013424361517101946
0.003312971080285998
0.0050176358272648342
0.003184486894098153
0.002609453565815103
0.0080856196831711729
0.011081774400884899
0.0066079112655420677
0.0089727093637870133
0.004341259126347705
0.012338291640260183
0.0094132105830709283
0.0087680041529533976
0.015649391978921404
0.008006807317605634
0.003863016075333953
0.0041341709409082814
0.0023245253589272712
0.011239452307029303
0.008866607378636069
0.017069007617153086
0.0074437526422240141
0.016820983120967803
0.0070163412712962595
0.0042183748427382399
0.010852074262724465
0.011419515143015237
0.0073682249041323701
0.01673725267770268
0.012255838680235368
0.0044542511388317258
0.010030258262031539
0.0056884474571411931
0.0086327693551918536
0.015244317321312161
0.014974368547998888
0.013649640061909763
0.0031844886783628742
0.0093678081396062936
0.0070826569420765753
0.0071872704810817482
0.00070144365127970524
0.0065764338377522127
0.0072480391636995439
0.005075019195754254
0.011134955494954109
0.0053027824047726059
0.011285214860367454
0.0069003860713097035
0.0058634413711461438
0.0067996159303731468
0.0075452028991749949
0.010251863865445529
0.0046240021696125162
0.0069625393655719714
0.0054926802756549188
0.0032137849123874064
0.0048942542757585096
0.014652473725815596
0.011614096493437311
0.015056558411854198
0.0057467152210765845
0.0053248500617357848
0.0077013824910808432
0.0051341613339656008
0.0076348201769607269
0.0068294670716220716
0.0023234957519613652
0.0047175929661094091
0.02005439398163503
0.0073496802485407495
0.0063194883607925224
0.0032925337696709397
0.0049766941107964053
0.0083128937594237826
0.0043888444086991633
0.012508027001896486
0.0075488735648554474
0.0074923406004509382
0.0019958296086027409
0.016276475307808271
0.009562260713897458
0.0074607127104561136
0.0062200796764994952
0.0040522642225632533
0.00085505470398067546
0.0084113259219701537
0.0098979915948417888
0.0047483658937601172
0.0082979585522533709
0.0099606219523752024
0.001777204038156358
0.0095032434470881163
0.0032255804015090413
0.0049253405001450272
0.012150058030257222
0.0087929646184001092
0.0056213296839481806
0.0011719515873192801
0.0051534434325132454
0.0080509949596750431
0.021399548569865361
0.011359875662256901
0.0038433392202493612
0.00034359955176593322
0.0088618205606556984
0.013056283108728799
0.00875613220524297
0.010297998308207492
0.0050116035945739056
0.012361490043271842
0.0038867400709112544
0.010673893512963727
0.0036287510473943267
0.004872675353952075
0.0044413664968563334
0.0040941555528869623
0.015662448606339956
0.0061969720415609797
0.0045972333426116596
0.0028858362161534243
0.021846618511828002
0.0082399372145292166
0.0060677012463734572
0.0077679541814719378
0.017756501555407925
0.0058635734593573668
0.0026318428592113949
0.008412669383757166
0.018652047121564184
0.0067816283112291254
0.0067451314793559088
0.0045758944838774724
0.0066807595936372779
0.0064535963401934401
0.0022934110892604189
0.008390723934098232
0.0065446829139642311
0.0063214472321263667
0.015187478823235304
0.0077808583984321864
0.0013766527995552618
0.0072134630768807221
0.012499633464396493
0.0081793460009128051
0.0085137914754902597
