0.53473753709712923
0.5726701228525336
0.5891138803081124
0.56806422764968445
0.55775385793453747
0.56171794723387269
0.54974882872020014
0.54464047695942508
0.59734048150102081
0.49781524305514641
0.57137399983675319
0.57997011873018933
0.54756536825857116
0.55807759284604253
0.47252515059882522
0.48362451633528936
0.52567915776024043
0.53264498173100305
0.5620503060601173
0.57721840623552423
0.58609423633804136
0.56577622842811148
0.56523823844336307
0.51981083678648832
0.38615456530293613
0.54881767906255985
0.49096436981079949
0.56430157677342252
0.58510363497185025
0.57036896446301577
0.58684517242673984
0.57796909861295231
0.62628415405330129
0.55974296352996844
0.53000061826500011
0.43762174520080349
0.49664949079028131
0.49924113529944047
0.53994582537961544
0.53494162622579144
0.59363634140761301
0.52648312103250205
0.47903888328807859
0.48391154595791314
0.52898301566017825
0.56595667980541975
0.54873086454639319
0.55538493908103315
0.54890253056092631
0.58541470785447525
0.62264707972931055
0.54081499619068851
0.49079313609603226
0.53185277064059044
0.49170419675116994
0.52818598597262645
0.51175892841444559
0.55749452512858833
0.57557207441058522
0.41579953018597948
0.51062496253834233
0.46355164754687112
0.57440153610318101
0.43776437279040831
0.47499293529545183
0.42277440977213904
0.3374057089793211
0.42144828607984242
0.41394955675365647
0.46499007389801117
0.43427281078292052
0.49764047270683426
0.47129780268108684
0.46733053294859389
0.32009028841375964
0.22932840455146555
0.32041970485605992
0.49219084090923804
0.47005010604822867
0.40883114607090359
0.49020714659292303
0.49671775904207172
0.48734219730269185
0.47376264078787195
0.47470589074877573
0.39413748807866439
0.23812788134716295
0.26955273074985625
0.34055309319133936
0.36017901486954279
0.44470761967255384
0.45052251753881528
0.5373360319963999
0.52173510365225428
0.4302139156806406
0.50577036136096998
0.49290787281821102
0.50840808329093412
0.4607430676866206
0.35943069830186491
0.37415417522044925
0.30850040972773202
0.33951959749187061
0.14618410605189477
0.018934499176083391
0.17622458919680228
0.25566322745748649
0.16686549051067665
0.15527819734757259
0.20879942357690187
0.22682024056864111
0.11698344467320848
0.20503240541407661
0.35662616607182851
0.40146772530941865
0.43983357731856138
0.54104030503650347
0.43835318443707033
0.47367227195829081
0.41993221041994355
0.39828238766823809
0.47395225052872997
0.48442223821261693
0.45859891092759458
0.5097310906314596
0.43107650556238886
0.4819036221952237
0.5289342290300757
0.54641536283128411
0.52820773474891425
0.54331716589653289
0.48532579039489243
0.45720845272761279
0.47559914203896175
0.34223246056147205
0.40310263888961217
0.45205984518873071
0.4792884335336397
0.53461668294082965
0.5372508999957698
0.38751292447714614
0.4874787421342322
0.38789724396376529
0.46247014940938752
0.47545965634043597
0.4003027787218621
0.41205550318467288
0.49495586778078154
0.49517662760651121
0.46468246785252798
0.452077293958491
0.29587044225588477
0.1767801663481095
0.40043809549875758
0.31953485909420415
0.19336564341970769
0.27528673886390403
0.18828738328567032
0.26618904618454114
0.3258673631993283
0.26594305747042013
0.39781556625231501
0.45933081063864051
0.37283195662074775
0.31006696730032735
0.49723845208960449
0.28425576140236419
0.29777809354074986
0.36531910158238301
0.35917930743927795
0.40689700760593667
0.49176684649565838
0.46975386242437062
0.45152201527726776
0.54384989349654378
0.5699052008538793
0.43665135074629791
0.47960043314904949
0.49523134013484643
0.49765857841819056
0.50957662994123842
0.52709809246851314
0.60783586205003848
0.53895145436940306
0.53411960271744419
0.53122663430929529
0.50553100895391945
0.537625106189214
0.45641691448031668
0.3996500539123366
0.43694626392423969
0.44824604185635958
0.37023601865903738
0.52760941487336632
0.40977619620076017
0.46511443101122235
0.43521928208547023
0.49017020870156514
0.4902399646685201
0.43432026711049854
0.48385181053933041
0.50576706292736007
