0.012851602928928176
0.0031598139032817051
0.0055492557629036763
0.0074569302809750848
0.0072630515086983451
0.0074561995955070102
0.014241063405133682
0.0056091716640363255
0.0079742810778927475
0.0018600085437567024
0.0042559445906236301
0.0059873580903846493
0.010613592288296588
0.011631769675492228
0.0010378549242748797
0.0032015011151491392
0.0082576397261752386
0.00033959015657271992
0.0023900425611962932
0.004434903218308181
0.0071923391766841628
0.0067347485114141181
0.0040223565492441861
0.012113365476338393
0.0027141060103745493
0.0092864332214234995
0.011332288244328012
0.0050452414222034126
0.009498156407886215
0.0060646456069885874
0.0054755685614842516
0.004409549857612864
0.0023572839762411642
0.0060970799063380819
0.0058355893495950833
0.0052912285678042145
0.010273530233672083
0.0084440805399132891
0.0093198153495308092
0.0056527559951448196
0.0068165131341628099
0.0059968996870593538
0.0095646886007747581
0.0095413877904289152
0.0088827090986632086
0.0031090134871460196
0.0068001122955314375
0.013937090363608034
0.0063214946606878304
0.0051965521943924502
0.00068074035785854184
0.0093788445667336642
0.0035354177971672978
0.0054335656996712094
0.0077253456513916964
0.010323555200098507
0.014012728497711022
0.0086225706636252463
0.0070381268524256167
0.0099665363680717881
0.012557679474303798
0.0089750539844185399
0.0036165838818076161
0.0082852346805330438
0.0044973148722272042
0.0070131231197470521
0.0035885878389643523
0.0060315500436194875
0.0045681137949362882
0.001980212714717643
0.0081251413334994492
0.0044578172579746783
0.0018856633532661146
0.0058274321787345484
0.0097848422721327922
0.0067206465956824264
0.01369111373500524
0.006952983219428689
0.0070684160159490764
0.0015400017709013964
0.0061051565761009391
0.012119466935326876
0.0041763478930959058
0.0052080097257206099
0.0062554179259222331
0.0041895602795122017
0.006824153527873124
0.0037270677854849238
0.0060963518733238783
0.014283103908184637
0.0094370518772680378
0.01998123188507148
0.0031551819668266053
0.0081012055575911471
0.0011356850122681676
0.0052255430839319396
0.0061188305888015843
0.010471777537410493
0.0058874699140547358
0.0085217131304936543
0.013348119319858619
0.0045776906576054108
0.01251319177849625
0.0082656964139850783
0.0032208817920548649
0.003828240206190867
0.0096033580229312604
0.0056144901664650949
0.0034240531386340294
0.0025158659615013845
0.009351496465160718
0.0056224650461526651
0.0088716328827407008
0.0032615383278692864
0.0026421719282260555
0.01029781185950091
0.0037905232034144798
0.010195653583496679
0.0050000837101639552
0.0079630906142142879
0.0064502749023066111
0.0066525379535668991
0.0087923056947870198
0.00717625452005258
0.0080599525586471342
0.0045738606940174484
0.010321044821707507
0.0052174300015713701
0.0069451197275696578
0.0083282393908038922
0.0085633822915132905
0.0071399051153986804
0.010132135492911188
0.0036131302618710383
0.0051639463888462737
0.0089658362276653688
0.012703268502084968
0.0052629734395967364
0.0056719011814418546
0.011723173142715105
0.0081170698838164794
0.0046033461605214246
0.0070135464705358983
0.0089906602111598753
0.0076886950298328711
0.0053983635431218138
0.0034718319408288535
0.0082564720205145804
0.00255827075809622
0.0034588694780566492
0.0039232121529062369
0.0098389581575889853
0.0074214323395393311
0.010291888773395177
0.0043788688179352163
0.0074853096243128027
0.010873850455700322
0.00088585116834139508
0.0094354374143249178
0.0062540661738263092
0.012936917610403267
0.0069119267206053416
0.0070692891314147856
0.0028403266488482106
0.011682254383024733
0.0025589321179402338
0.0017462821339408571
0.0072869353213862184
0.0055883900024855243
0.011545064828403563
0.0063829592144000226
0.0067758255936514761
0.003768998229109019
0.0095917585897805514
0.007619731645271236
0.0076890911007454132
0.0040642124545489846
0.0081768301480465953
0.0091187142181248862
0.012148851369583777
0.0062170044307282646
0.0045324774664498657
0.0049330560263054109
0.011984690341392077
0.0085781857998095505
0.0093408019803438887
0.002941771951259923
0.0054249006909415426
0.0070725513566077718
0.0061459063739576639
0.0059124974758327873
0.0085248247573469719
0.013929576017518323
0.0048518182279482054
0.0053796582538790418
0.0041585192966379341
0.01169863933111618
0.013161175578835792
0.003164073993831742
0.010403282307848557
0.0058686254196165348
0.011428219430521578
