0.019218982485674514
0.019012841656574693
0.025604789378912737
0.019085444734919563
0.014198559935694782
0.028179841814885604
0.003051990430162388
0.027907395582453302
0.0090143306760160791
0.015875412342195777
0.018902022560106684
0.0096385145651846516
0.019792943083936754
0.012692873509828279
0.014419261503590604
0.0055324354422805746
0.025591716129707891
0.037742392576258381
0.019387503425984838
0.016001211851015995
0.018595932146464177
0.025600533212899332
0.032837833418653803
0.025171518085507563
0.016229483645613902
0.013055145739652441
0.044649032531163112
0.0067986468782670062
0.0079009973152203115
0.010893356675588259
0.029581532988470195
0.022677430527294221
0.017126092975159036
0.035123643577958885
0.0084615829923099378
0.013124561948411422
0.016971792581228405
0.020140797519025325
0.029135912126302982
0.023448539335678167
0.0023913294887043233
0.0095328163120031537
0.012677633138281639
0.018746958600493017
0.015347270244861782
0.032961122441659343
0.022214103365427163
0.018726602850004645
0.0090554156892066577
0.0037753475501726024
0.020744466650097285
0.050106909866221419
0.009798013533714043
0.013134336630673068
0.026644197085987108
0.0061433948828199707
0.01636217646330786
0.016877682913251174
0.020831533886532562
0.037482992212718343
0.010645348280110729
0.027960559009064637
0.015870443043756777
0.024101739944483586
0.024255988789763611
0.031038837217310929
0.018951908133003348
0.01049474015849293
0.016757314010797903
0.024251532550209547
0.028289200376812745
0.029074833213990573
0.0093310922274074445
0.012927426097448538
0.0232369811976211
0.043199573239128576
0.0090710041344587034
0.0071024734593460453
0.015989794265383217
0.023218257529454316
0.0093237126525315892
0.02009395594704047
0.024996553562665575
0.0051995709450184018
0.03198787284403453
0.024101627806297141
0.04155234731305972
0.012386230546943638
0.021993619410471114
0.025172317648469014
0.0087342632972742772
0.019236385006323822
0.014493676099918418
0.027809920944662912
0.034404735684371281
0.022471827349092234
0.010675702034840815
0.015080941458876972
0.020094731968908652
0.016600761453078768
0.013345028898949696
0.02054911663921841
0.017797589691573398
0.012956718168342818
0.0058337437766754537
0.024494039513423001
0.019694738262149819
0.015888907975140448
0.033919675501778768
0.0098755080077804324
0.037809687287604969
0.018658806036015638
0.033967700478947219
0.02847276770232415
0.029627212506700529
0.01867694100616454
0.010678854917956879
0.027756684908086585
0.028374932678535726
0.021973551154389672
0.0094172429466788006
0.02610733171962025
0.034629291867833235
0.024911940663566723
0.011499786719648533
0.016234164644356629
0.0075514118640692286
0.026527812631476789
0.015481586859047146
0.047358418451458412
0.012290206992053968
0.020736991881243963
0.010926937655298339
0.014813178117268093
0.021678721995947375
0.015246940749019482
0.037962179290433211
0.023198404845278346
0.019826770168642861
0.0077082705081492819
0.0097339461951015411
0.034455793931143265
0.030439148108063533
0.01279697458956371
0.038308896952388323
0.031947628585795272
0.016403937488479695
0.011497233900806259
0.023838142202848939
0.05483299999522679
0.014138610551119682
0.035939079349054562
0.010603558358371051
0.035875647377205888
0.026820932269053396
0.016606737594736121
0.033224933977535974
0.034107980656347722
0.029874659229830878
0.02892828834553679
0.013506050114003852
0.041866461851077869
0.015007668862618723
0.019974894586140709
0.0231874760694648
0.0094683756332679548
0.01424193975551339
0.032714263171057599
0.015506510041614385
0.024484629997405062
0.063458086282163581
0.058392127567266881
0.02152425767413875
0.011808222164886258
0.0063421956912095402
0.021515958469027575
0.013199162535455748
0.014053614466759711
0.024339681444143429
0.013527956109220472
0.029281542706115396
0.013550698951006707
0.022542947444409215
0.024701800784142108
0.014489896768257069
0.0099418402420246195
0.019841800593179963
0.0076553079720885582
0.019477109368808178
0.024779397667870122
0.010494891854907431
0.02743478752541163
0.024236340270083482
0.01346387189752961
0.024116231603504113
0.035112487299937982
0.021368188718711604
0.016194033614905932
0.008805764133949295
0.029083352295523751
0.027269335132133303
0.025940023734490676
