0.01179230276952596
0.014367503952559341
0.024492926512146313
0.029585379313927181
0.0099635218129642336
0.045862908368946791
0.020683325738590396
0.006228338851219678
0.012257206114041304
0.035157175324161571
0.042714275022566826
0.022210739785775604
0.015690353579125706
0.018965875642913778
0.0093598207312459974
0.013364942685648203
0.017039326066342418
0.031534391178195086
0.0040957367289909683
0.0092448071039176738
0.018395617241908052
0.039421409140596074
0.025185718563406522
0.023917095281041204
0.024480555361480659
0.0084487445868106307
0.031755840859589567
0.016455683649739355
0.01089294151355677
0.021151806127415351
0.035290518056188894
0.010554844277759464
0.024114152815437533
0.02504586219090622
0.0058842278206722321
0.01140052526719439
0.034987078354384041
0.010921482458085134
0.027750123067597977
0.0096290519861209137
0.010288569319102546
0.011883036970481646
0.051648169013768425
0.013172276283996594
0.014648019759569416
0.033054113617614185
0.025692181387005974
0.035416420542353402
0.019462639077091292
0.014741444371139127
0.018518019760165403
0.022306589462426269
0.019257695840968411
0.023978954090051768
0.02982882657550984
0.025597244256625535
0.01728263935815082
0.030881045189508016
0.023181084835398019
0.036100118461727608
0.033514327778346904
0.016089159660421591
0.0050181457247767385
0.0072421296357531853
0.028942137551347589
0.0219342224110258
0.013592953275516002
0.00976501769233213
0.013633735447191871
0.037107064827228566
0.0094815882901422809
0.026564184281541753
0.01328990233930142
0.029263964500750663
0.0029234621803530237
0.022321187534136724
0.0095443457227839344
0.017447575904106186
0.018052239593058007
0.019117432067187284
0.010174652288048815
0.032696742731317757
0.031894961336226164
0.028653733595746779
0.016405184104556002
0.011325165634413832
0.017001609868075425
0.015782931068680821
0.014987434997856063
0.034660398603133913
0.009154716822127873
0.014031914946661559
0.0026294051595442789
0.040404618840259456
0.018728572758376971
0.012294260441568412
0.0208651808372038
0.0010177651442929315
0.043593957774335827
0.0081794881724072104
0.048400442528828254
0.021965331868100256
0.013884259558340139
0.023567257794591463
0.024707689576881124
0.0056352405283075857
0.01595539120418598
0.0082186361358897765
0.0014561017551391027
0.030309854764454768
0.016855205580676814
0.029434302285507401
0.015508178329833699
0.012242628237298853
0.014672338528703832
0.029924238200787833
0.013508555727401292
0.0061352089359539338
0.019136923165021524
0.02966931994154498
0.02613236535073888
0.031577836265741156
0.031808670754170612
0.027831254232635591
0.015484480363334602
0.039331537308131506
0.01288115531467895
0.03444308342363471
0.024179794522910841
0.02110524681142523
0.012508136512031573
0.023534616350606604
0.028424605607167273
0.018091673664252048
0.0067594004386224895
0.0078971528904623559
0.026535476151298885
0.030445246872437277
0.034730853669740963
0.025577573784064569
0.01879429663544363
0.027967400825932055
0.017017063896723163
0.019019966317616405
0.012734460654715287
0.0090321182026220585
0.0088318124288141765
0.031269685570860434
0.022914030801283465
0.0079764647313772773
0.014702163996253322
0.0033447675114600581
0.040558300156530766
0.022506001491917216
0.017447140294180916
0.026300081483615775
0.033932879920173062
0.018945551692027603
0.038147710160207869
0.010027878019286606
0.021920002679534693
0.0090634544823176514
0.014150598850570517
0.055563913834155113
0.027421377162965933
0.043427726843857276
0.022368549204936236
0.016305300378019132
0.024626436020968208
0.026759294037584102
0.039097365601437499
0.0057974048911741839
0.0080905516936560628
0.026203485313524105
0.013935094863990428
0.03573528599191874
0.023458879883460935
0.027589613629315154
0.026912288882845057
0.0087959396506953249
0.018740659184511115
0.0087723206765032424
0.022253780996810399
0.017968215472309181
0.023004553723038546
0.020875274478988525
0.033422948871297715
0.013640046428000225
0.014083000001260185
0.023288607149681454
0.035253838501276252
0.02871252191564172
0.020890951626468968
0.025240619946940747
0.017580709063230397
0.019708660507663931
0.032918416146668399
0.037580285666260434
0.00941667057926001
0.016164600072977823
0.0075955561061506168
0.015841841280097142
