0.016751438004563125
0.019198956753195842
0.036237598940252573
0.020698648001063122
0.016297693476482262
0.023024327506850177
0.0025050129131245842
0.028293569038301908
0.019410958795713747
0.0099900523077623062
0.014840403412062679
0.013125342160808332
0.015162612719293976
0.018787309398033261
0.030370577331436218
0.010020356671020515
0.029046161000716574
0.01669860370162141
0.017013757478497801
0.016891553521110735
0.01969368811768523
0.016340140793871433
0.0054873068426285103
0.037671558067021271
0.016462703860126753
0.0087281825974167577
0.026640377257422895
0.031609758908986131
0.026642244957767135
0.02701764097232456
0.021989573660766409
0.019610654021793718
0.031281883121526188
0.013068136949534246
0.02605713856637144
0.023258876701709376
0.010353004887823869
0.017673198593631183
0.029688388639723347
0.033965855673269707
0.014699252491823146
0.025979234768490667
0.004671231949065221
0.017119333657700353
0.024100029261830708
0.017460272612331573
0.041043862244571586
0.019911356888588676
0.018787005354608359
0.016580171414019719
0.028838472617522731
0.025963884863973604
0.017837003433275555
0.019583390112042218
0.011259572257384963
0.018350298349209048
0.0059885287333486005
0.028277681938916607
0.0038205953760008884
0.025930720470674205
0.025132132558283376
0.0099540154182843968
0.033882496283951014
0.039910663286734649
0.031190058301223046
0.005331855933567926
0.021290133120731369
0.030035832863921311
0.013923911554943892
0.041258392957191942
0.026823438407865826
0.018650517697207457
0.012528729435420998
0.01872386768918621
0.01179140877530062
0.026539476087056736
0.035971981076201594
0.010299850969938504
0.029680723428779716
0.031253490309429997
0.019550082197240019
0.034916803352631941
0.014504599468172017
0.0033237103819683837
0.031632984271846833
0.025275940504732721
0.0062337987782514386
0.0072454982824791975
0.030424574026413707
0.011429764125949584
0.012956131115724429
0.035554584748052127
0.02888316869260946
0.016204808193783234
0.022957865618757158
0.037456985244492258
0.031578703755603725
0.0060433633571137981
0.012314859567225275
0.032971710104780824
0.018354186144216699
0.0034171234512199427
0.022338996971248457
0.020484075618952938
0.014331616886627473
0.035273824086608709
0.025137695295024434
0.021856183566069592
0.019891620331866863
0.023028909343299323
0.01156265561949199
0.016728823373324972
0.020496666404160962
0.0085605748134121046
0.012033194505544853
0.015887360502792741
0.01314298365550517
0.018009738521662752
0.028598058529678574
0.011513361413120225
0.01739130934018852
0.036953421702885431
0.0096823188160487135
0.053104656769412895
0.043786926253090865
0.018797163290079029
0.027818815469215125
0.036732719282105156
0.010618833163216801
0.0049863230389385026
0.022327568335341247
0.034670888684513838
0.0073749806868601041
0.030220876951813986
0.033759571938624416
0.027429749488957052
0.0026286682227563201
0.016561660080594072
0.004434891407088735
0.027543800955516239
0.0073699962851926093
0.052996658942083878
0.030454643607277964
0.0080417751403270826
0.034907509843008319
0.017001798001719748
0.0074112957302254392
0.028388576897835516
0.022725754159951449
0.012454398895524235
0.014603114909402259
0.013084848646032677
0.015400364086204672
0.02610780967333369
0.02492656869732382
0.034801814721898722
0.029474919686062643
0.023038271476653178
0.019373184178963738
0.020523177815815433
0.028262040617172541
0.024611369890106
0.011003183806459014
0.0045746963151518261
0.01927492446019528
0.03512451884691678
0.011097228382698408
0.020167405741188565
0.010885647767294986
0.02039960031800294
0.02040312442138352
0.031076944480402498
0.020909660835907239
0.0066515439272524148
0.006243905440122776
0.0042612867220883045
0.016997994470411816
0.016661218407280985
0.038773247980584395
0.020039594258641418
0.019054296330403252
0.0078395870303565769
0.00032682801451660172
0.0065116477272940988
0.015003584646233381
0.012703932216820511
0.029456274028363587
0.023789418106144648
0.011731858132774164
0.024551827409773946
0.019531008481190739
0.010380081751598425
0.014228310086826523
0.026728398628107327
0.028833587491982837
0.016861889558043835
0.027175107269353318
0.014086029484005835
0.024326468963458258
0.025291693277212635
0.017674952504683171
0.026226374900852494
