0.031660406369780382
0.028683743582205899
0.010277066565493858
0.0068957426370129396
0.036068525396161795
0.0086392305869769075
0.021628976761432168
0.0084099112010952454
0.032789118027418442
0.011169186003294288
0.0053603819882585974
0.018055706406228469
0.02058372210533763
0.022899908546616228
0.019863469938942613
0.019612882361096571
0.010912438021390511
0.0041884986341770283
0.021719694401701829
0.024330185153066008
0.019264769186512067
0.03604398160530977
0.0063036369585122874
0.025752168763819874
0.019574507845690127
0.018905933873029235
0.039670813196650043
0.022049144854230741
0.039444230080201016
0.011777006137714667
0.026726586449394379
0.036938241888537678
0.015885885015655042
0.01428278111256432
0.008988871753050574
0.0075850541699918955
0.01043271299557216
0.025988438547663213
0.014413567931934254
0.035935019298869865
0.023953829819282971
0.026666231863934898
0.03117195447038382
0.0069620562968317236
0.03097565020846163
0.017930087599244839
0.020203275578262642
0.031693288692074044
0.037998221428697965
0.029016008100324446
0.013661997887491563
0.033204360496326184
0.034168348991318195
0.014682393790137681
0.023107750889624565
0.019055180588345363
0.023848014887151072
0.009463922397972618
0.013696389334615578
0.016742112213229594
0.027385989572594711
0.031451801797534394
0.015268328886204987
0.018287922345804307
0.012359456179067424
0.032921367455319664
0.017393562868053786
0.026819043396212831
0.026512259983681792
0.027732897259086207
0.019388933502650318
0.015623133587405439
0.015314709799096771
0.027463703797690586
0.020602273080211484
0.020945496334512013
0.030481277425893509
0.0063387353656030598
0.037648231559991634
0.022670782121984295
0.026571921071537413
0.036942153724851191
0.0115374689261793
0.016519071288691085
0.014938443067087227
0.02141302436977767
0.020646691175634887
0.022959284616353087
0.027726654566137245
0.031640248992236754
0.024240114493731115
0.040353460506907572
0.022342807426034294
0.0034843717425470659
0.026410655803007478
0.013210818741562828
0.032202658166238983
0.04101532909302711
0.020841498530234325
0.02458556515592274
0.018172773749830579
0.025845280885440268
0.0087527928800924699
0.01876271761652365
0.023277117434534901
0.020976845569531208
0.0024750634915240519
0.048979078007456572
0.017948407208736118
0.00064205517244964126
0.010566776123462214
0.0043425959170046409
0.028254370042984055
0.060107323771925902
0.018100067591748929
0.051802983245635315
0.030552471333941358
0.028688090838172732
0.027131490700555826
0.0095397840389970148
0.0077985553288437998
0.018108957851296268
0.026924202218195161
0.015427667884661813
0.0071380388915664025
0.014823539754364332
0.029659993555820951
0.018201925378580914
0.0070675884456770843
0.018007141262434558
0.029357912729658125
0.027923732020719017
0.034168095825366694
0.022348298366633535
0.029658133844232073
0.021898295139951948
0.0075359884054720166
0.023366386403733407
0.020174099481564397
0.01976211777743591
0.014747661932387053
0.035862898609746473
0.020493544861335363
0.031277521957287786
0.035033894542788192
0.023991479314274342
0.0068916810701932256
0.0099411970496238768
0.012159827547361241
0.017801294877878234
0.012272734190187989
0.021304704720718853
0.032587482925880415
0.016175263178047562
0.02098242064873403
0.016239643458904818
0.017885153105943748
0.023746540232770293
0.017217079706965666
0.022668751679538631
0.013388171990636823
0.035274760391150094
0.010381000047544246
0.033115526101776281
0.027615271384708141
0.006145588034616384
0.040570813040401263
0.029918007164018403
0.0033989734927295638
0.01843346837599906
0.016919395947412447
0.021178209745154709
0.012416363754340916
0.0088055606756144295
0.029579746339161283
0.026476588823645165
0.04731118263463005
0.020773426777274305
0.01290612069164033
0.0142456022345703
0.030875197175768601
0.017753308728354539
0.0046153917822529126
0.023269372358375229
0.014067807043261937
0.017288101251546773
0.025866159173820048
0.03063127493711134
0.010504511163225778
0.025459778740310246
0.0146660670625919
0.018550084112422011
0.022086053033179103
0.020273016042674299
0.041379034519991705
0.028326914898737128
0.025779795814585973
0.021271599902046877
0.014142104815475131
0.0090038222705490657
0.014102488392837707
0.01714257349030817
