0.0028511502332733227
0.012764448657408322
0.0085276334704160722
0.035379863788162394
0.02458043733049136
0.018954159229137971
0.022374948456737997
0.03761578788240072
0.010563888634683983
0.026393508057775815
0.031711069204497712
0.0090700494191415636
0.013551197758455116
0.014311102298828501
0.0055111267003095203
0.014195979633228797
0.0042686741178545248
0.022666654572362093
0.0032163685925182964
0.020463472812084754
0.041028136373064579
0.0048507090931882791
0.0098573456982592924
0.020249252496373601
0.0062882903924350543
0.0030404141939911473
0.034958669584954215
0.0078421591823666387
0.010890713412942215
0.032488642703579367
0.0058149048166610349
0.02069465413311963
0.0070609995750603796
0.011721711867730142
0.0066781510499993087
0.01606222461672608
0.022465357528170912
0.0073477588627037333
0.018651467140678675
0.015772711607851687
0.014521766669338311
0.027999483929098998
0.01341153252375004
0.0011524648580927578
0.0042504919979517919
0.010991260485824078
0.01650833124096112
0.012906350688660147
0.0089404347391458718
0.015397979392266854
0.010087979704024551
0.0020778371330673392
0.015570513898269264
0.01785729055468975
0.015285116896067491
0.021658423895495906
0.013984374061652085
0.0072158069669063518
0.016245024796666414
0.014228489693156918
0.031175765115565381
0.021586699146883433
0.018209996742548081
0.020838445075452891
0.027372551224694678
0.0077589331009508848
0.017967951463237843
0.015659592754790154
0.0056255191607710005
0.0043359558596013769
0.034243510329533947
0.014158648415926666
0.021538367056080403
0.0057581628914489171
0.00054376096650822546
0.011534286851294435
0.02883489510396705
0.0089691342654358748
0.016422252358935661
0.0029914496780330305
0.01291524944617361
0.01646922210826951
0.0048940146086374012
0.014354000638365097
0.0073909396069067714
0.02680566551618109
0.01671172373936234
0.014125990656703283
0.016053814368035785
0.026320115375418989
0.0083736584281634534
0.012314711009103325
0.017498774505670014
0.0058210224272977583
0.0071629487247756619
0.012240606604108362
0.0041473961228618364
0.030804295281596117
0.013568297846942485
0.028520440908854635
0.025864767393614641
0.042673348292146501
0.012896437252722888
0.023869279865081409
0.0035091119571491513
0.028541581241515911
0.020590501460594931
0.039327414444759415
0.015318288098808711
0.015890468475743467
0.0045936297597038425
0.035464975255832892
0.027733788335993072
0.0072304216975928454
0.01409957140102948
0.0032467747542668465
0.012149124466161081
0.012896871526163095
0.0090838276968923867
0.016484832968095126
0.0047899821829604809
0.024162606479028993
0.015784648631399844
0.010356717914313867
0.031176786301710564
0.011354819767413159
0.012486889667331086
0.015850260969964197
0.010240305785426425
0.013771496794386186
0.01571421863514056
0.014718672496226199
0.038008843363434269
0.02988679690512323
0.0075964967380704662
0.0055951334469152621
0.019537125689302274
0.014652467741935208
0.0050267979040306086
0.015873959499608938
0.011994244990017434
0.0028249433184636
0.0050637341261127308
0.014322749249069079
0.017432341719403326
0.016697943263131336
0.027974908665498652
0.016348631312810214
0.010621476978949013
0.018505249915852066
0.012182158026130031
0.013699137896923003
0.010748226998950113
0.022180399164617302
0.0074205017907848633
0.013461414877598419
0.024013318117372891
0.0081645054441581381
0.011527515432172652
0.013631041055848052
0.01808187834427671
0.010768239360188321
0.0017612838254492799
0.0029611448466899111
0.012696640082166937
0.0035916565766931428
0.0066562530938443637
0.026248212112858858
0.018533610723325631
0.020643724953141398
0.027171360846843032
0.0007554088763984762
0.015775497201422999
0.0090478260043512053
0.025575366066260836
0.0094275137431166466
0.024179621113958518
0.0096143334727917563
0.014793570481195046
0.0053390220641396846
0.014668531524524846
0.0076493300020336677
0.0028687616747527828
0.027599891775269031
0.013777119072574201
0.0012004816431601757
0.00869355594956479
0.011916914418448159
0.021649744051141104
0.017336329932209318
0.011940044877579405
0.030022621696089699
0.031702200841725647
0.0019995494158961276
0.01876548284707337
0.0080270577785106472
0.0072678909221579949
0.012585327667146363
0.014326398006446181
0.019589679044249939
0.0087970876578935143
0.017488864391832133
