0.00627571447854605
0.011956874488294033
0.018586265863038839
0.010015348193579125
0.0012243688714199106
0.020273715428983784
0.019248807364313499
0.019612101221838683
0.014292263027948875
0.0057590777557775773
0.020648182339238957
0.0045816883416617653
0.011562385510011618
0.027262941062565889
0.018066747979278531
0.0055954914551314397
0.0057587668399366283
0.016841748518098141
0.0085010944507308145
0.025560032199698199
0.0086622434248855521
0.0035488311843712792
0.021461415263436843
0.01031639459851587
0.0097358222204123584
0.0038791901389179364
0.013574986855031911
0.031015175040043582
0.012510543475553484
0.02012141074419601
0.016373855845116702
0.030347676679404776
0.023498830381329647
0.0091499140709657041
0.016190000951760503
0.025448407049554072
0.0054932431513141124
0.0054443503367084482
0.0084864373204395303
0.0071196434440342861
0.018595881979994153
0.017642909759590864
0.0020380367800219633
0.0092339709790842835
0.026740140121483312
0.026165613757094419
0.0079404262831748677
0.014591213417187674
0.025714352574882787
0.02511430709519704
0.026228045537090693
0.0064830017638492074
0.0067881900829374698
0.0045303049982755514
0.0078338504461935056
0.011675109592223712
0.033742004315340773
0.0010844241155632244
0.018305065806611055
0.017175165157478727
0.018508236068326911
0.010675883302997029
0.010996228617415062
0.015144504891497636
0.012346125105962381
0.022686678582317335
0.011851721864017227
0.012581462287761802
0.01860038291194387
0.027177510915816733
0.010804966075618833
0.017122228497127037
0.0080073483987063016
0.017506014841260631
0.009991707564772084
0.0048119147783087391
0.016959439756259138
0.018651296558254395
0.019978876337073122
0.0083898407792074563
0.010688390946925677
0.0081849958933700295
0.013210764319486909
0.02369486940409455
0.014470976835876833
0.013344459419654418
0.024451877964320679
0.028201516544996721
0.024470067596214784
0.015051692824091386
0.012504044466997202
0.0046863794387234595
0.019240418900742354
0.030474302409562153
0.020334869326880084
0.01826796980945352
0.033777649345670048
0.012542156657852648
0.023625347228924939
0.021909652658443184
0.019131160659434855
0.017658736592586304
0.019715493146895149
0.015182577594848461
0.0052091909072361975
0.010458079364542801
0.024886466101373919
0.010485196955179589
0.0023380814821093547
0.0021265951528209059
0.009214341062569931
0.018247346928619814
0.0044123089766986883
0.012126496337452441
0.0066867385875454127
0.026596591264280364
0.0085252580657571748
0.018591740923690269
0.011597203402663469
0.019713510516572944
0.0042790932792248649
0.011446204498571359
0.0082918843952368392
0.019804540282327664
0.010282385673387686
0.0060002800936127853
0.0048154651899846371
0.013462064920019114
0.016176869281989192
0.014117905331452588
0.015033525674389392
0.0084184260134145903
0.017388206871129977
0.0091431859263857423
0.021872883468622963
0.012486295927268432
0.012476290712745974
0.015378833173726842
0.028284303552392545
0.0063608802155998932
0.023557198044588307
0.0059259289312958074
0.015835636236757492
0.015075187449876555
0.026251824690414403
0.010571209913885672
0.024299412451407643
0.010896570288436646
0.018871270502414623
0.020050490885405635
0.020336296782788216
0.02325448863479309
0.0076244858700197597
0.014295355615773636
0.01491212722791074
0.011427803825128263
0.023490308626710737
0.020286066918579648
0.022940841313145881
0.020105568082495258
0.010675957772353773
0.021273246778580723
0.027706529918710497
0.0084430930824383934
0.012336075523693524
0.027968657578101006
0.011387991505146992
0.015912118944074925
0.015203303554494863
0.015486934919646492
0.008067807774098398
0.027958114651230832
0.023202977210091701
0.022612128514010166
0.014849142980993112
0.011588459565804681
0.0050862294432350809
0.0075922669235902098
0.011158760667957497
0.025339846781143462
0.015318253433865885
0.015259600265532096
0.009434081786637875
0.0052663798846595755
0.024927996306706127
0.020614537155070826
0.019874995568960718
0.0099977482368388913
0.0047889994299706654
0.012391738653984175
0.023506663840500791
0.028678527858764038
0.015447842720800577
0.0094541628497059847
0.0068172494188343553
0.0039393347422295479
0.027183832069968203
0.018557524669332668
0.015837444950915321
0.020669732346856432
0.010854281245985394
0.014003034060137226
