0.0076834440165309574
0.0063517971989442744
0.0053744296331525061
0.0019735511851020262
0.0047178316413076541
0.006306881355756893
0.0078522612755380691
0.0078557455314746411
0.0037032554891912265
0.01093492031893872
0.0066967670801490776
0.0032914360333325065
0.0025016634547723009
0.01285868577338631
0.0050390596687006975
0.0062626050306878855
0.0096137118429023907
0.012386870975695245
0.019019780607419844
0.0062107379363433753
0.0035894638234697674
0.015490764650049317
0.012849423844938288
0.010116526193251724
0.014694873862407204
0.00072388204128497611
0.0040186410608984927
0.0055627199391791544
0.010663478392517148
0.011995056224100957
0.005854719632815278
0.0070489033032367036
0.00083827698402943389
0.013099138734421378
0.0058602341945245004
0.0037113223165286986
0.0069557479657989772
0.00727809235765829
0.0037784956218787184
0.0069116308802441139
0.0034496511577668506
0.0037490592799152909
0.0060320884513134004
0.0057543358515963058
0.013651960622842074
0.0070848263546138763
0.0060571868652016516
0.0044598412153915769
0.0059342450487893626
0.0080175197863339431
0.00096344453256488286
0.0088824657822149915
0.0036588889170531746
0.0019009828843910986
0.0081650115569753667
0.0075357527500745499
0.007772568731000299
0.0029155695128646533
0.0108148322476612
0.004496215620244195
0.0044149550293943705
0.009397653451216393
0.0063517625584700796
0.010012597018220923
0.0098015150239647714
0.0043559102100509247
0.0036955484613125133
0.0064884961094064933
0.0038645010277382247
0.0091990997861417529
0.0047927239661578538
0.0063013868354314115
0.01288043931571013
0.0081841085673281071
0.0051708237803010197
0.0091755435908047293
0.010396979872958045
0.0055961826976701108
0.0043093621928551222
0.0053130215007696404
0.0065741195261922059
0.0037150264296834587
0.0035686739694884367
0.0029006948907801975
0.010057276883137543
0.0087900887354060049
0.0051784431196725831
0.0047352761734926656
0.0044798915480214847
0.0021207407371518633
0.0055420282724661703
0.0031094268185651347
0.0033759409811410929
0.0032341389165174497
0.0072276956909820634
0.0059942022704409011
0.012900845109119945
0.002352633914559729
0.0031258171256078886
0.0043976205724184361
0.0052851611856054217
0.0021648735099431419
0.0067409804402086522
0.0028562397832672041
0.0063378426743148069
0.0063298524586402512
0.002197342543577297
0.0078290099678097174
0.010735962896341858
0.0070721402941142982
0.010595946867417855
0.0066236095648295936
0.0053773057443700003
0.0084031366036426292
0.0064185383334752358
0.0036968124462366083
0.006959024200370788
0.01083861414845569
0.0065180931658177892
0.0040132144501313603
0.0042031945438356288
0.0053496441709635989
0.011960773988780185
0.002953563552442843
0.0042234607906048386
0.0080525571215344892
0.0079485502021427457
0.0059120263334933821
0.01050716091069983
0.0082277471523177995
0.005280939977957826
0.007702059346885135
0.0043900408990374474
0.00030107788184521557
0.0037129960758672609
0.0082012729845509537
0.0062016046387980356
0.0046570913894435377
0.0011270628546880934
0.0084656421706611577
0.0032030599858595397
0.0042211216543163645
0.006802679551845674
0.0070198277919623275
0.003270145233549614
0.0099282687048539778
0.0086578321935374142
0.0050978029613823706
0.0064376777313690505
0.0039994844440491006
0.0047446478108116663
0.0048947887245343541
0.0079370002474497513
0.0043975957191683384
0.0059403893730261333
0.0052424668291571252
0.0021842129275994903
0.0083014445594354613
0.0031854519230031923
0.0082222890635011061
0.0030732309537929818
0.0087779466937710146
0.010821759179202747
0.0056524094140272428
0.0033955168234526853
0.0032954065278304511
0.0038083123374560695
0.0065737485541710276
0.0083824623346412368
0.0072985110519918281
0.0053936596556604412
0.0049064910651798405
0.013063997698065962
0.006397834812551237
0.0099826610863596749
0.012540330322483874
0.0011310008735991547
0.001756388430858076
0.0074543525236264695
0.0058606485378054516
0.005270652414782956
0.0024960574695153987
0.0048166022552634377
0.012970440992779254
0.0047724915115691796
0.0069584703562001844
0.0049309860371960397
0.01057332438538945
0.008285231755091136
0.0071666658823957763
0.013828689828227787
0.0099128801899702329
0.0061622283793762046
0.0035397720041552578
0.0058088872927705201
0.010764120958140663
0.0046269249921144654
0.0037244872663078623
0.0094846301485092353
0.0013428784341266064
0.012852438260236724
0.0070778720466735277
