0.0057339721557126706
0.013351071575486238
0.0030110232556122191
0.003442436308797976
0.016886012860921104
0.0099962358558863991
0.0085983453780880594
0.013262634184650174
0.0075652927411606905
0.0027431939530812785
0.016840139751864401
0.0046475520970125639
0.0092756024839475339
0.0070284858343793027
0.00595248764902233
0.0047155131633602569
0.0024694204027489544
0.020122555007424658
0.0062494368261656148
0.017737610395709265
0.0092710781998712796
0.0038511440919264399
0.016694906820116574
0.0094694834510330918
0.0099156028477664724
0.023861994057126471
0.026646922937034041
0.0036639621980386621
0.0051004913953858954
0.007265362204515226
0.015793890866422682
0.0051936683946461329
0.007031419959592564
0.018268510726947986
0.001853667218062812
0.019000330553978418
0.0095817328379378987
0.0050449993101824211
0.0092503884288326014
0.00085685514090610797
0.010082171816935579
0.012423814212555222
0.0091149253602543206
0.0062916515735280511
0.007605970864218597
0.0052648912557944072
0.0065053298522529147
0.013222514065136595
0.0051458364127021528
0.0076780108755722335
0.0064544509693951349
0.019922836269629832
0.012936482485049658
0.0062835668811952339
0.014408637460917277
0.0093734224885921279
0.0065352068719533446
0.008050758665419341
0.0071109184625433985
0.0059451945605227489
0.0087133699097443305
0.016938251069827812
0.016569286281039472
0.0017497852458315092
0.0090433215866065533
0.013145338397021046
0.012267378759000341
0.013333781457679873
0.0077505033208197195
0.0033264467066159526
0.01006727185198235
0.0091929372014169179
0.010754121315107005
0.013157453631280614
0.014948428249648642
0.011546150040978654
0.012179565278925273
0.0035878261621792801
0.0095678159103644196
0.0038340318989109573
0.010811532924374177
0.0088255593035432636
0.0041956416779113815
0.0049541247465982145
0.011170511778560653
0.0038171395906055612
0.0089766630533600501
0.011287741065340647
0.012378166176143842
0.012977012678216193
0.0062119212359355511
0.011908834407815736
0.014690083646066254
0.01407537677501047
0.0054253973398233016
0.0020609839256428486
0.011173412075459009
0.0069929231800513235
0.010188118674409328
0.012035667181779746
0.0028614202144693793
0.014943518214266928
0.011439893814164184
0.010180560897023221
0.022684060702258056
0.014656162119883166
0.012107179891242487
0.0076419856847211405
0.009594138379940529
0.0031217909690998292
0.011499120786488881
0.0051699098017631761
0.010646523844710903
0.0045884898258157798
0.013781626426877426
0.011064592314100346
0.014197695705722744
0.01572044572849883
0.0024712933173858431
0.009315033934772253
0.0013169621519342049
0.0069113332555274529
0.0021785646194246965
0.010612379650031404
0.020530666313037786
0.0082523487505745743
0.0079119924982329649
0.0048500542813044228
0.01173856574547181
0.0038188076093734619
0.022976082031686721
0.0090328654898534626
0.017175134527570093
0.0096897457045067945
0.027604958405688322
0.0075484421534933481
0.011686545244577009
0.0094496784084050316
0.015683709898182865
0.012237396103753097
0.020806948233704416
0.012279407929564791
0.0095224075962332139
0.0046033651965610928
0.0046952555624523709
0.016760842369113571
0.0031009541023649025
0.006445851936945148
0.0040594115882773901
0.019516326258662252
0.014749878065478103
0.01922698830207184
0.0096909319559858771
0.010335775708569625
0.0097052036260064402
0.023581120105717369
0.012866584801485398
0.0085379941157166968
0.0023469046335376203
0.016419565184107955
0.01259592903074197
0.010695451701458162
0.011279365037377146
0.0067375580664980738
0.0058486897071800981
0.020952110407376101
0.0087421367179757285
0.0023593141618722855
0.0080600241847030955
0.0062632943042522033
0.020276184142250502
0.0049314647731975121
0.016444809440902413
0.011129106464597555
0.0075927138743806652
0.0085849507805756502
0.0086267397699992254
0.007215217968571201
0.020559273794408153
0.0065869224365777031
0.010528363675935027
0.009994163215462832
0.0042682841158258765
0.0083093469560907591
0.010359783562673737
0.010267396158523654
0.016977697961916342
0.00093807297597485418
0.014370624603156391
0.00024259087208321897
0.02079855242586191
0.013326054320372994
0.020640033639674499
0.0044682118531586615
0.0089968355677339795
0.0076140038800145571
0.011130738022876887
0.0038145693657257065
0.0064802420448009622
0.0059164662129179745
0.0070362218596049598
0.0034169115526686811
