0.0029096347232656001
0.0093967011831966752
0.010567542726665421
0.012124216744532538
0.0084598527431168843
0.013592872994829749
0.0035577440242281193
0.0074667993496979699
0.010444208545868736
0.010437048444634386
0.0039006124362442403
0.011248256212738525
0.018411613904502248
0.0049034853725295445
0.016004476985184847
0.017214113719796285
0.0069551127251946242
0.016861436868346555
0.010866477355610674
0.0074948441286392994
0.014939310137791668
0.0064769207173494461
0.0067121788343353674
0.0041186333510866598
0.019186255885735193
0.0081474616894726265
0.0038678393193788949
0.017976938056351598
0.020974974166569241
0.024011136167779612
0.0038937132835576036
0.020213768011694933
0.018634856356859835
0.0074272507821825607
0.0086851700301473142
0.017176275063139325
0.0042847899205262279
0.0012646541514887747
0.019231225944443257
0.013672372171676769
0.0073581067739314845
0.010134505184733987
0.0018679404298340978
0.0098612122512788964
0.017131009954261162
0.0040634152781304717
0.015507397664920866
0.0156438692272876
0.006665113899071139
0.013645185950631728
0.003074342333179097
0.01849395359541655
0.0078593454168422137
0.0083254736611715237
0.0046816269612813873
0.0082878669717137941
0.003643586485686559
0.0082147727284614842
0.0061313108599829217
0.011308750248554742
0.010024657684493954
0.014991133073134979
0.0049197550278335155
0.013178724537520912
0.0073313609989349264
0.016839577284812685
0.0041424198205750121
0.01784253962774909
0.019170704373281756
0.0055084851509374661
0.0014600156092760756
0.0040999105140895661
0.0061303757764583407
0.0066469146275391746
0.013723056157147759
0.0061206137026155009
0.012594095475341254
0.0026337402748011379
0.01369829501596154
0.0018376553436865212
0.0087984776967476863
0.0065672460025136357
0.005656717019394502
0.022669792467162189
0.012955957201543663
0.010811793449404977
0.011047145242632747
0.01243617219214155
0.010966823983026995
0.027552513239637127
0.0062614603345161907
0.015467207486658151
0.012967213531062484
0.0066702073818422185
0.012934223910885291
0.005672136341676114
0.0034405492068531342
0.015833679123987827
0.0034448809766953214
0.008409437935416814
0.013397227047201851
0.014382357004794278
0.011237718394859691
0.009845538914022121
0.0057891402057843148
0.014155920516766526
0.013438442782238285
0.0062693591470605256
0.012937960391535969
0.0079186490879571015
0.0026702098089327665
0.012969044195156215
0.0068216471494650655
0.0051720556487692424
0.018082338156740586
0.00120189630466219
0.015818542651310438
0.013550407728017537
0.012828557232765341
0.01465945784966906
0.01631883662802595
0.012114284971254174
0.0088366915772219671
0.024010884807553548
0.016828255240619885
0.0016793437315066415
0.013011071755883724
0.0033072275532399697
0.003937124227584919
0.0043663662290546546
0.012794993227172138
0.01075584573333479
0.0049393380625448258
0.0013940899974954652
0.0088712816049616814
0.0053882595836114884
0.015077167733047517
0.01205668683725266
0.00050097888354090874
0.012234958422818099
0.005273073154016962
0.0048919987708805459
0.0038227052251921085
0.017564906389011637
0.013715401077671734
0.016560350764831817
0.0091386997172095731
0.0027028216416947319
0.023448203315431758
0.009179870930287817
0.0031730765949503337
0.010398577192367657
0.006849551188911728
0.0040022768764614528
0.010704793386740193
0.012887198022772677
0.023542971525851705
0.011192658701852971
0.014112668287218641
0.012097120190031885
0.020239615363255241
0.011415898384963473
0.013945377161161957
0.016378323075882575
0.0055205633475704854
0.012478207820230359
0.001132076515451081
0.021313509211508187
0.017156824590622066
0.014726014125030199
0.016530688384804943
0.0055095713884838115
0.0030900797998931078
0.015896710538825503
0.0075543252443543265
0.018100645694321637
0.024194014351734489
0.0074271178722643194
0.010564593032580446
0.011977382982863731
0.0099752024415271003
0.014518238102325059
0.0064452566483003239
0.00079072878797350056
0.0097066658275610333
0.0071016781888413125
0.0080389455921001437
0.0097029188985654456
0.0061505119986234426
0.026283155151773263
0.0090391388118014667
0.008026105413215778
0.016325314189959618
0.022679932515329911
0.0067919421696561663
0.013090829633578591
0.0071070261640222574
0.010894103364322985
0.0047417416219206797
0.012011010098735109
0.011628297295378502
0.027310672789589527
