0.018492875097793942
0.010290226191943058
0.0033230675224908035
0.02361699512186741
0.0179171606278546
0.0041003440253130222
0.0048553794205111753
0.0070357693569197263
0.028252587437762957
0.013849129318534815
0.010464136950748767
0.010609985605513324
0.0064570495866005054
0.0068104648927108796
0.0066448941675357901
0.013521505425835271
0.01576197340651414
0.012520336994777007
0.010510735949807254
0.0091138654966031515
0.0067660483735781859
0.0098063835974604874
0.0048111761009213038
0.0087815430416460852
0.0095758900590314899
0.0023964327040478109
0.0058965247681123318
0.0045214443745362513
0.005783138683945992
0.016567906284078979
0.01260960241288487
0.0093456609395821434
0.0045735818851442818
0.01551684446913653
0.0055283243585072112
0.0049374234624668233
0.0026597232898274239
0.0013648178125673276
0.0018359394510762083
0.0091859718787814359
0.011128109410053919
0.00823478386604087
0.011518463523009607
0.01055570471670314
0.0092451769649351204
0.0024922208959902198
0.013557621801115322
0.016005876094915269
0.006091220117698885
0.014790009727834657
0.007132975932870933
0.014478286497464431
0.0088769810469934551
0.0057934539167610053
0.015454593347144399
0.014189726888386558
0.0091770130314710926
0.025156686577797221
0.0013310534870332863
0.015825103990626466
0.0092238140620468801
0.0087718825679168663
0.01177806160140992
0.010480248050128073
0.0071300736971902602
0.011883528758716663
0.015315922360001301
0.0047516511949076594
0.0081111017556997223
0.010057419416495834
0.0012467995168094319
0.0069100392764787112
0.024330593656848299
0.0058862227860187579
0.01944143519573403
0.019396355512375944
0.018024755239875411
0.02851491982182932
0.0082493923302261324
0.0044937401833786712
0.012007966985140811
0.0092370310958239978
0.0087162462890552662
0.010551000039003668
0.014343406719403207
0.0017790558588945571
0.0017498295345506436
0.0091169638851117708
0.0040220859214977062
0.013573775665761212
0.009507097975326036
0.013699375169085716
0.011146846047541084
0.0063807152615792031
0.010734425200342875
0.0021968403286329744
0.015308062474422662
0.0041071667106892841
0.00445846433426855
0.0021939222962875432
0.0033953244584702677
0.021383383240696455
0.0077933434041262874
0.01387503345026048
0.0079027728138632587
0.018989431413867868
0.017953848614506985
0.0026522965921484823
0.018927072829329979
0.0079243374567431052
0.0076215308784929395
0.01201747988347461
0.025287174654078079
0.015330763003980528
0.0062620672956832787
0.0088946780137069675
0.00796674261810487
0.0029390502000386553
0.0046931574573005393
0.0058121219157067196
0.014385752201786301
0.020517927775182326
0.0053935387676873787
0.015355339951982518
0.017097039232633771
0.0064022191576795957
0.0067669825209940157
0.0099973750462995659
0.011429020004514052
0.0076275770691409846
0.011320843853445318
0.020635716230105381
0.014908556792014159
0.0021459987328853194
0.012681310197382787
0.013666000068931561
0.013910726523178435
0.0092835213665036342
0.0039932463924230392
0.00064191914083130963
0.019797602407493689
0.0085300849894747333
0.00541758012972184
0.014833075032578637
0.0048507418031143437
0.0068818345217502323
0.009621524713822209
0.0090295628157239724
0.011278646315564293
0.0087633638178589626
0.0041044266661648702
0.024757561775372416
0.015686993317345771
0.0068286135682711089
0.016586754094215152
0.0005258773184033664
0.0061925394363423246
0.021586615337455553
0.0064576029395640609
0.0042497711767920335
0.010344561354673959
0.018205078223792585
0.0037745559930127404
0.01453809863408872
0.0084554851081658361
0.00059235119471466244
0.0052712463167115592
0.0080910950331592457
0.0014188105099347717
0.014527796825022194
0.010062385174055156
0.017454372528289557
0.012005452066827188
0.0099169718461918598
0.0097560564419952554
0.013026833938250713
0.022169259879239012
0.010383599033776721
0.023939547624231901
0.0094356604722873622
0.0051299038770243255
0.0076904134451205161
0.01130018414503222
0.014490775784906923
0.011617378546327325
0.007552026808934487
0.01261079477957769
0.015390976915343316
0.005424052524158415
0.031170808808977764
0.022537288291734365
0.0081795136883977548
0.0056097511643461674
0.008461329167224408
0.012398700071189922
0.018621617171447231
0.015086298782383933
0.0087534533238810362
0.0065774968091100094
0.013754001255391309
0.004247658097080379
0.0066531084943023825
