0.97376270377476648
0.97707511491617294
0.98087429961197936
0.9774824479012636
0.98151318333198334
0.98561037074691937
0.98625200385322265
0.98575526484238019
0.9870191723543279
0.98513134922038237
0.98475027639322887
0.98641702304189138
0.98344988665352118
0.98287415427882907
0.97166015542117956
0.98090846311912194
0.98234203039352275
0.98286051077245451
0.98304932019683555
0.98316998209966766
0.98233354919662907
0.98320411718465761
0.98287718737554464
0.97643395022584001
0.97878064241724239
0.97728426772214161
0.97924072878655299
0.98516575222634284
0.98212509381987945
0.98447773384769643
0.97904028218992978
0.97876638250476566
0.98110438432442459
0.98160859418574953
0.98024101574398748
0.97817567182600096
0.97673571117453462
0.98270751597395434
0.97986904367530081
0.97932376010901956
0.98671194585540301
0.98388096798916846
0.98261455743244297
0.98721824122434476
0.9850497479478284
0.98174344042193606
0.98488842684136479
0.98673651346274227
0.98025022082614344
0.98372475961222849
0.98449479179828303
0.9816748949119517
0.98192119308631753
0.98309791466514218
0.98087703480641086
0.97885218171001454
0.9800635010639569
0.97872440461134946
0.98398936628058498
0.98239529514154311
0.98194788506287989
0.98741786650346808
0.9862535006748222
0.98327009599695459
0.98397587843312329
0.98180408899007321
0.98018160195735582
0.97390543847627931
0.97716484821990579
0.98197663792794476
0.9841198709953739
0.9855559355182143
0.98468764854960922
0.98316566373749903
0.98567263501793612
0.98280057020704115
0.98062537357191015
0.98065849327878774
0.97934966179954441
0.98296487509371566
0.98586298556564433
0.98791240174322426
0.98631949325094037
0.97721462943172199
0.97839426097492233
0.98133348682799826
0.98364177289750299
0.98448788383873398
0.98207015373943241
0.97953036316436015
0.97817587146928919
0.98594994675527137
0.98213571420014989
0.98369281134840492
0.97865017289492817
0.98054296666572538
0.98133368709389968
0.98236812613502333
0.98768550315718062
0.98544762684853171
0.98687034105658777
0.98367621397879079
0.98228432173791602
0.98879646543047484
0.98742698268639928
0.98029066657494257
0.98003166763186511
0.98253185798386078
0.98167684652764542
0.98416445911360917
0.98116854730451464
0.98157403147115774
0.97767372699147448
0.9840458213238702
0.98056864427622259
0.98259902209457484
0.98393730894388376
0.98377523836664449
0.98377653296475465
0.97579102971819864
0.97162620167547187
0.97883276530820462
0.97460563640904874
0.98402554034386525
0.98379903717372974
0.98053418073442478
0.98248160168590537
0.9821520513741957
0.98547516017072301
0.98517737256957905
0.97998686384651967
0.9776935810133337
0.97984851760038827
0.96936830984781996
0.97238944621635914
0.97037836228277508
0.97810253539222392
0.97886737911756549
0.98177233127322383
0.98003767780253614
0.98076620993827046
0.97514117574028514
0.97697782191784766
0.98162021659946108
0.97772930738459818
0.98706527116479192
0.98098046049643128
0.98285742884759852
0.97871679934257749
0.98040881699368465
0.98169658828140105
0.97731393883239537
0.98174838127144026
0.98186484829425347
0.98497925668607245
0.98147893708478517
0.9813170418630609
0.98497865053062583
0.9825560425529084
0.98089320818461589
0.97945561828265337
0.98255939253139235
0.97768669959927501
0.97405873887259464
0.9735067073002498
0.97282144804133153
0.98341434836125263
0.98280447477131805
0.97981137708578925
0.98607279511669088
0.98916487643412732
0.98641137481674024
0.98207468514642271
0.97972000519001579
0.98646798023148463
0.9858774198684529
0.97996465841420388
0.97795927946301919
0.98328531846640244
0.98251501543104158
0.98483258165200416
0.98302770718235488
0.97811491796737093
0.98142687049015942
0.97688037183385379
0.96965120526908111
0.9762424034298921
0.97546763883700327
0.97730232513055226
0.98438884589058695
0.98413903612139852
0.97730070686939075
0.97803322883176735
0.98148752242119508
0.98334499204626213
0.98393616381037619
0.981183415129255
0.98309131647374992
0.98614891159934648
0.98722972458107383
0.98023340907231427
0.98903284973905115
