0.011397262835161568
0.015395823481635963
0.0071538976424958172
0.0080828450210690597
0.0089219512438377131
0.0118144361025612
0.0084750614932693914
0.0036208760385748624
0.00568862191421884
0.013078689291678724
0.011665499925296923
0.0053842818504996632
0.0026821690978141967
0.011736987128376203
0.0042287582008940262
0.010120701071882114
0.0093824081140458856
0.0061132787516716657
0.012919099988241733
0.0093528325288741443
0.0045181704118864166
0.0036475209433097021
0.0070973339408570736
0.021658433256709349
0.010387614164341757
0.0097174766185036746
0.0083256164391128616
0.015780258088154381
0.012768196795120089
0.0071203807061111356
0.0062629276264897608
0.0093982608357033315
0.0086638696348148112
0.0017024302651215567
0.015890936358065308
0.0013467035895217902
0.0092746874204484714
0.0053053294529083715
0.016430565356024659
0.00899131769374986
0.009851392092339907
0.0094388097868094469
0.0051121195853578612
0.0033875469872276937
0.00071984578723335608
0.013082736341143798
0.012503668414359881
0.003796221114634435
0.009767363697266206
0.0040414892566989396
0.0018689641568559426
0.0027672165196939505
0.0097051331285977205
0.0064120241044165905
0.010074876200330717
0.008659204971048523
0.0045554990614689291
0.0057571789148282192
0.0081129008696618262
0.0073943300891028338
0.0067538813253904938
0.011615270257778558
0.0096884565026267907
0.0054235664129793403
0.010802784009913007
0.0072213100053190931
0.0081610999650777848
0.012621589759166354
0.025969478045425664
0.0023360645667478072
0.01316464109840523
0.0059527767106046636
0.008976122400697709
0.0082230404552799657
0.016480646626322391
0.015411387574461463
0.011850643723570036
0.015806531854501212
0.0042113337878880094
0.012926906746029783
0.00071556860657042711
0.014748902231678363
0.0084846593199087109
0.016927662793367736
0.014316208379492962
0.013655854937368086
0.0041916276265035416
0.013532697710320887
0.0074009813956998844
0.0042774350480203468
0.0039646730697368024
0.013185891521616814
0.0046759276448075865
0.012860290483449631
0.012265135391194799
0.014836525872906197
0.0054762162445725375
0.0090622560313689243
0.0071532480871128335
0.013169150751990967
0.003586782972061327
0.0069465265943093723
0.0075715352192489141
0.0036243490146315627
0.0071861269493475165
0.0068898028474662478
0.012991094627572336
0.0062233151548409561
0.001971234342885978
0.0078818396306647356
0.010988400915555573
0.0037738920033872779
0.0022982334316251889
0.024238426664123
0.012814821081177957
0.0094747795165823438
0.01751826351786653
0.012527695061935342
0.0052828731933310009
0.010376330122144891
0.010344073558419624
0.0068912931323614098
0.010757598991606339
0.0056751724680064401
0.0082633728577833094
0.01043028602702561
0.0066948513268756237
0.011531167671933967
0.0037380668782606703
0.014379586309782276
0.0060232011124982006
0.0069547616128074361
0.015872071423124346
0.0092678204215466131
0.01129298161014157
0.0025574567773290319
0.0079016810597163645
0.0034565421474654452
0.0086860555058961807
0.015582176473728854
0.0091144869050556934
0.0070653475547644076
0.013517618118895208
0.01317083116199509
0.014392292104282351
0.0093735363013383102
0.0096016754960793413
0.018920630378697144
0.002388944785775741
0.0092483372082327979
0.0041286271314775825
0.011375031487850924
0.0057459492640548372
0.003194658309536828
0.015556592546513424
0.0097194750149458432
0.0092669476860196554
0.0079061377267780255
0.013049836481706472
0.015774405008766593
0.013402439656879955
0.0079768548874615437
0.0011392619012802899
0.005900475639799673
0.0079598261543821283
0.0067020185398190607
0.010437585502048393
0.0059734937860834404
0.018586657764016138
0.017197845901699309
0.0045390052483118915
0.0073751697939646579
0.0087247902511526764
0.011657116039262762
0.011129221227827104
0.0099282782409827516
0.004785237238717514
0.0062064021293006377
0.0024338108777176241
0.0075607439769193709
0.0073406000434990595
0.0072221378271707156
0.0073091370251056635
0.0028694418684288982
0.010060241156900827
0.019224562480932586
0.0057794180485872702
0.010718976117610187
0.010199439615296244
0.0034646710367194715
0.010356726631307808
0.004289221372389883
0.0043988281071396561
0.0060987416834330892
0.0030010833958141474
0.016053620896860778
0.015803844260023209
0.0093987489344938471
0.0071429092485940371
0.0080163251207759599
0.012246290259594405
0.010739353735737952
