0.018482202814446711
0.010689756956545209
0.010377154062843981
0.011958554059669422
0.0034517759483353129
0.018235276099194311
0.011425895127054742
0.010740214263340384
0.0069742516440683151
0.027083947760796766
0.0059819102323211666
0.010636144487816569
0.0073499699509353474
0.0054553990616568598
0.0054405131725514073
0.018683596264073905
0.0085510894724623188
0.0040341994175281063
0.0032539501710973661
0.0085146040784157724
0.01389642140901523
0.0081393469989827667
0.016859410011223531
0.019609428577040421
0.0081860074718955768
0.0097262947370856268
0.0055048868257068896
0.0025213922024902493
0.0088525408838094309
0.013235522406842625
0.0051610765925330232
0.012579589306253415
0.010591250142521129
0.0059911692462129868
0.011216982501477448
0.0097023024165195267
0.0083852989673893347
0.013252631124771869
0.0091043613406870481
0.0012602127680819558
0.0072849302897250367
0.0044142880457641413
0.010794806308335698
0.0021231864502243955
0.011706514296768502
0.013914050156342422
0.021192721181598168
0.014236573624111468
0.007235568723001436
0.020431565154896678
0.012495910922982661
0.0083796957742115676
0.0087141103532046311
0.0067736796884203402
0.0047602454733502043
0.01742874187643903
0.01140671513426585
0.022222424221184905
0.0076675969156553784
0.012826364764317873
0.01285924867861578
0.0087291804786899466
0.011392012405244737
0.010904697096074341
0.016385434889580622
0.014423298203239832
0.0027508212985367449
0.0054085933400176292
0.0054354849596514113
0.01250620358160308
0.0073752164837445908
0.016169246323478218
0.017005845438315733
0.0080550775374421801
0.0098975542227635032
0.005925267150898225
0.022889827570007102
0.0091427246704696759
0.012346866503011445
0.021682830580959944
0.0053951626327020516
0.0071602572278985747
0.0062054985313010581
0.0067916431141292546
0.02438457343166817
0.01238220012754852
0.013010718077286446
0.01029032902082614
0.010501987160291352
0.01382848772531905
0.010360132348921988
0.0096815556450818522
0.0077772507800816367
0.00359370443728138
0.0066048993182086999
0.0047325069380235243
0.0027105268105819891
0.0091475202239538912
0.0032526092479452364
0.0046386730575800408
0.010088204236422567
0.016521097830989692
0.012733998521487731
0.022440860073117914
0.01102814316810897
0.0051064721205888253
0.003396812634379456
0.0048758590512112485
0.0047087777827367044
0.010342927612297421
0.0097449428540205968
0.011842702221431052
0.0073660042415171628
0.010009521300452252
0.0069303393349971938
0.01089149030741887
0.013868907607505022
0.0094028378627220091
0.015601804518469958
0.0094085774775940489
0.017890622723941114
0.0030940635698998306
0.0089114756651329907
0.012907824060510057
0.011974437266139859
0.014523330070340984
0.0058789386503418197
0.0026018775540064274
0.0045048049688451693
0.0088609933042504401
0.014638825046069595
0.0070042089781346996
0.014100276410711503
0.0081495170291586202
0.007423284939737985
0.0066774569827729368
0.010635270030358926
0.0042153694437342213
0.012701102897455734
0.011071410658900478
0.016322032649901088
0.0029940308048301157
0.0073432097089878752
0.0079396680719742985
0.010317667172310096
0.0014885727909407943
0.0044150970459688171
0.017876410488461482
0.0095363098234081626
0.0051310253358168752
0.0057294529896615605
0.0041894797768744331
0.0044233523331115195
0.0076851867026287157
0.0085126488195954118
0.0092908493434128141
0.015531441459057013
0.0064776577645960674
0.0057314220837297357
0.0050709192636463557
0.0035040184334317677
0.015934654059869199
0.010101806938226288
0.013607511346948889
0.01220225336606775
0.0083204749703633882
0.014336878385822562
0.015171883240237358
0.0098323468734680015
0.012447060336512925
0.012671401105522548
0.0099183974924284407
0.0080428798615766392
0.0065867033817367101
0.0064739381534745719
0.0044064053383050493
0.0061336463484853651
0.012598911479241656
0.015705910008629045
0.0061247547211420979
0.014353704967854019
0.0034495173723184591
0.010381650461074407
0.014289759401359231
0.0030459665795120423
0.014577099512682382
0.015712758901676872
0.0033944579973834359
0.015116892125155185
0.0072373026911799103
0.0046883524631913453
0.0070827555810290188
0.01048582595538617
0.0041980745371112084
0.010416741976236146
0.010845132796263916
0.0074598029171181399
0.008711144233119748
0.0030163138875401252
0.0061082415549297258
0.013738118626112841
0.0043994724178165658
