0.011285261272903262
0.011458192936225757
0.010068711119104339
0.0048007525912934432
0.0029072128002212978
0.0065827467770905295
0.010543118497333448
0.0087432691310431535
0.011271965911628953
0.010018369181528371
0.0062983305746457394
0.0067414701144807966
0.0077143515081109643
0.026618734658746847
0.011589541421483638
0.0090922770712192728
0.0088558993094948121
0.0080259582175354737
0.0087455153729915878
0.0050096446211488474
0.01574187012169774
0.0088443381201217721
0.0086209010549438431
0.013290994948089758
0.009926642185976494
0.011047791684308235
0.0090255194353083927
0.0062888546153301471
0.0090331497079918829
0.01825588588525031
0.014770455846498394
0.010911067081945953
0.017658981363683563
0.0063406351935936236
0.0050949733409714976
0.018436575264374332
0.0034492571352014241
0.0094127990450569004
0.012162618502807454
0.0089167534663716769
0.0089809254101910988
0.0052807447517712117
0.003557648768996407
0.0066684506902686992
0.012192910879116664
0.0025293630265662151
0.0052506909276208253
0.0091887168665491306
0.014132330235503978
0.0052672842792280449
0.022988112574133759
0.010712361200477007
0.0051751430073855324
0.01171375397762469
0.0066439473653910411
0.0028334657104210582
0.003575341701003655
0.0066287337250602483
0.011329430049679786
0.018802923677076113
0.01704730143274516
0.013897445936094738
0.011612845608523152
0.015830991225659015
0.0080291965762336812
0.013214036350706048
0.012751717263469685
0.012117513858978936
0.0036664836361746064
0.0088387948107872868
0.0090491310821621488
0.010180225983152548
0.01475586454967078
0.0089996833366286881
0.0040681135105804121
0.0032899540017205854
0.0026063075313479652
0.016132614637808153
0.0069187732619126968
0.015274765760828589
0.017037966826625155
0.0081661248164999374
0.004326209284204705
0.012035852907318423
0.0049772026559681921
0.0044747090363137067
0.0045149018612793013
0.0051414864862082523
0.016017501661109348
0.0031169198808745327
0.0074095989860753931
0.0071072839383551243
0.019014470810600738
0.011175611672682814
0.003168070680942099
0.010440828432182409
0.0077344666778303888
0.015570656938772708
0.0042129881492339889
0.012157070845447999
0.0079573497606250099
0.020170213359641389
0.0059993112088967734
0.011976663158998927
0.0077927414626682324
0.011828938886762381
0.0073902912663393492
0.011015138221499458
0.016118843676161364
0.002927186701155059
0.018074704066156928
0.0064185449162945654
0.010232743449432244
0.0018863488874731854
0.01298253289828845
0.003872625770894738
0.010702387529864743
0.0074415279886761495
0.0010688189894107979
0.013577856299165282
0.0049228738180079785
0.018047619097176552
0.0099938344670910118
0.009102063374127195
0.0080859373452394044
0.012896937480280306
0.0085844725223484797
0.0066486367603514063
0.015240590063558443
0.014714008329202681
0.004650156945007808
0.0083623201620049471
0.011331548853023676
0.014826321622893567
0.0079490087461007389
0.0069548069628469263
0.010627079538912834
0.0081101944979086165
0.014391775086053174
0.0091100075204541692
0.015179414237399477
0.0042756436929785868
0.00875635320854669
0.0067565439669774827
0.0023377039251009425
0.01023802695463393
0.0082540199811487157
0.0058093045946132757
0.019009421585816665
0.024229101465301797
0.015376397320987821
0.0079047416190865544
0.012062934917035781
0.0018789504996936266
0.010142114857097415
0.01502825288273976
0.011503186405766324
0.0032610785235429873
0.011041067995738495
0.014036694488819229
0.012383864038154181
0.0020256592503093223
0.0084067791520975876
0.0047763940837623493
0.0083827735235447332
0.006976815509519339
0.0064193325916072795
0.013309582804662698
0.010146357737319403
0.0014429247243164776
0.0056949670187589627
0.0097951744213125771
0.014737233685077008
0.003448180003587686
0.0092592052739010524
0.010232681983628035
0.01191864734118874
0.0065891963845246494
0.0045076393809955527
0.014663046630756949
0.0042393533624267513
0.0021009127379593381
0.014923366805269633
0.005861032327824151
0.0097949384837294155
0.010013702433846437
0.010782105900262975
0.013790751848878929
0.0083849530072856119
0.012457675211192324
0.011617063290125922
0.01638514526628472
0.016148905356564651
0.010965752675789029
0.0076063650226711127
0.0064503232780843299
0.0064499988561242628
0.0035359740111395787
0.0086890976416971154
0.0094545816680045927
0.0060597019593636873
0.0076514332494129877
