0.0065269304061368509
0.010514192425817474
0.02149483831541827
0.012983024496723197
0.0039630621763332872
0.006309462687610061
0.0098500159794193357
0.0058206767054344421
0.0026225162483436656
0.003299675589986065
0.0085986761848355769
0.016340454643541804
0.0083927468781670039
0.0062840998300237316
0.0086389758084915915
0.004079855578717183
0.011314229762777808
0.012359971640356683
0.015230640621938294
0.013215413870885838
0.011346253763074755
0.01072962674424671
0.0021081960888105402
0.022187774456492663
0.0068367564444190522
0.0032239739146053149
0.018995032274561303
0.0079533782745075613
0.0082201007679611315
0.010104382228896603
0.00663877367070513
0.0048774939076328952
0.013965288132091924
0.020133654125817104
0.008330390795670356
0.01164253915622626
0.0056770327527062856
0.0051897808857759194
0.0061937968492713448
0.019084716177563615
0.0015257390349789821
0.0064146417116076057
0.0082536685284222543
0.0061263483782959555
0.021365398406579392
0.0071318959036652096
0.015021650921531763
0.0089623409113797035
0.0096915547553521626
0.011962804972823975
0.010726177893288769
0.012541022992800171
0.0050781355646362224
0.010747737508639539
0.013416204394371646
0.0040771335839071025
0.016112935649380929
0.0082399577527079385
0.007288291505975545
0.005291585958432524
0.015937659538059014
0.010535089130894451
0.018228758193888389
0.011011550375020326
0.019174369703328989
0.0026292272684402432
0.0032697352887895567
0.0091430401552556623
0.0054334874790407817
0.0045476277464386421
0.008307871325443153
0.0026341645021199858
0.0040805649282389337
0.01124677141081142
0.0076163107847818353
0.0087554225224040078
0.0098902470530126112
0.0098704780923469498
0.022601039658805399
0.0034695131854905093
0.0048592080850132372
0.006566330108731434
0.0058349862685216237
0.0010127507160660007
0.0045930023231616985
0.009071368772595529
0.013429877717963109
0.011030212170357418
0.012903165606477194
0.016477912396878323
0.0066098011172326205
0.017766602136434141
0.0089998250022225862
0.01261134601409802
0.011517099839319389
0.0097026927567141763
0.00083093761356887509
0.0079537109116869405
0.010955621717425043
0.0074993006839298836
0.0034658850221020612
0.0090662749486477533
0.0065894915472859122
0.0073455097842083095
0.021795916615020706
0.0071392098970581011
0.011977018481115915
0.01058686163176085
0.013533147485559279
0.019167884846603568
0.0074497616677552791
0.017276510946427251
0.0081017148297041017
0.0093073296981012084
0.0073656552696498142
0.013242818776152023
0.0050892080830642781
0.0068077252869077325
0.0047282406710290282
0.0081594654848303784
0.024713911733329222
0.019863057893220307
0.0052590008302239024
0.012684148001982863
0.0092427396067659307
0.010565100773921846
0.0088804095146671168
0.0098874464699319174
0.020599123201168225
0.015741031539108535
0.003793095780401462
0.0077383840746560106
0.015009039941210339
0.0096167574900065198
0.0078715471690518554
0.018261060948898369
0.010280479297464232
0.0023126318666454263
0.0083233564033890709
0.0038452513654858951
0.014813620199533126
0.0038022521139573547
0.018096087252637033
0.0078797936625218928
0.015491030391834103
0.0090298774446016007
0.014941408784379518
0.00052532152853164719
0.0090740646383038852
0.0060388809845216334
0.0085274503439939295
0.0087820611233719887
0.0083637520740254736
0.017318110215508456
0.013690270165857615
0.011904964957082709
0.0098397542049016001
0.019536152533896126
0.0082378731185274532
0.0031387195723878141
0.010347324664538327
0.014144960174216899
0.012192353747067784
0.010878698798391553
0.0057133327524807008
0.012391920255391367
0.0092479848232890609
0.0094988312488313454
0.0062038260100935839
0.0094859193131441935
0.010189749414764387
0.0081739116364825306
0.0071726842417312855
0.0092285820750018215
0.0087816207359459279
0.006509633850857034
0.0087768103464309979
0.014682828562081952
0.015261225626413917
0.0082003046815377692
0.022808663510343725
0.012194766593117932
0.010742029869001758
0.013126397254531786
0.0066224287165618304
0.0025256755594212478
0.0047955679184880137
0.0092202166442810433
0.0029827357518636762
0.0097391204751970193
0.0041992815236744346
0.0036628004923533845
0.015535447323085086
0.0054888629842990231
0.0047523611956584045
0.0039458229999581648
0.01177769102472283
0.0051482261216370066
0.01051495875616823
0.0064774222483247853
0.0053871586792820529
0.0059568085959007854
