0.56646117796529194
0.54935120268337723
0.48872436604112557
0.63079134565143913
0.52349232934081724
0.49951364863439884
0.55896784695215929
0.54364058892443867
0.54980445594320349
0.54186299632048363
0.60264388764471988
0.63498252593409976
0.59955165507383557
0.55894554740929614
0.56155295110073222
0.55928099156074362
0.56794814659343862
0.48518878255595743
0.51157476891895259
0.56250776658218726
0.54325098522896642
0.59686024159264295
0.58473463540082937
0.67286136589279066
0.65114660174323791
0.61634054935706495
0.60370237724481335
0.60904986122170246
0.65200257852198951
0.53708171487675371
0.38235041122553071
0.5258048922616616
0.53977328245225964
0.51800808673670062
0.54494643568962209
0.46349033523738337
0.55659673262641962
0.57761573755779805
0.52435327326267844
0.49932526736648797
0.39960375641999796
0.42339950416166616
0.36199744763246527
0.47286270883673809
0.52897599184142408
0.51950971139034485
0.50753005722743771
0.56404098470954422
0.58360513216171361
0.62019261125262448
0.57378482391462982
0.60846432003734974
0.64056621046525886
0.59637780277319252
0.53330993284106254
0.52127658644566455
0.54677962300248517
0.51300015092816631
0.44510431208609536
0.47745183297437055
0.58355611025423437
0.51838310850054403
0.58113017417440871
0.50905825783171377
0.50608148833672584
0.53229768674028777
0.5902890308350851
0.59302196853048494
0.61262487749146599
0.52098876541242067
0.39572153037775892
0.47966540429975985
0.53255410450219465
0.46665011868667378
0.52749638825041878
0.54679012204113464
0.58075891907394406
0.57553965649208949
0.53109904185873991
0.50414102085816526
0.50929440128372161
0.6120575915102211
0.59405647733645539
0.59688647644595572
0.55014371309501275
0.70539592184866962
0.62141126850165507
0.56204337384948488
0.55064576732587533
0.61997737353245563
0.60590516447875253
0.53665666171723492
0.47731152144564049
0.51534851700256745
0.51287828173708583
0.40856101902163167
0.4187415405601842
0.44288570505393604
0.4779458335471729
0.44471493626037317
0.46997992564101371
0.41957720268761595
0.46236229626494413
0.6234302940779598
0.57173461884014543
0.57634887641228472
0.54611566366043107
0.50018786852843999
0.57313673646953778
0.54386080592664032
0.48200201709566992
0.54590546587205968
0.57020843871583615
0.53500883666313204
0.49530658423016588
0.45921603030742425
0.45108136428206841
0.50543752672838849
0.50687497402885506
0.48400220282611883
0.41879614579188051
0.48724323648854362
0.53724758038556897
0.49503742622065949
0.49604391765254047
0.50702779154015609
0.47390412439667751
0.53059938764984194
0.55341810166867289
0.62613143817695938
0.56806726401793184
0.50844376897069821
0.43707297590671945
0.40978183192854722
0.4428445668370059
0.34748490331051146
0.2450979547714584
0.25244376141653235
0.22851340277451873
0.43283551601819154
0.30505819414661911
0.48829619744861741
0.45358037376028715
0.52768671211554807
0.55571158996941883
0.6216695767338023
0.50609324486534524
0.45814260764626491
0.36158844543141161
0.44090557586486012
0.58768434504914413
0.63407943391407129
0.60373940870366649
0.50833772184809778
0.56493992100444601
0.55243383937976287
0.49707620493005966
0.46955882698864104
0.56612683018872245
0.5291430844735403
0.54738361100453325
0.59837081713392426
0.5632170185649481
0.63757070539004068
0.67063064799931871
0.62725289144235086
0.65240611206297516
0.50009485595471037
0.63303421706942864
0.56278705237111026
0.54515228707110153
0.55498450645960029
0.57560465245565862
0.59988717264505131
0.60567856233381823
0.55532307307014817
0.54432539967024807
0.51135075732094903
0.55477371584783308
0.57722432283993808
0.54597124701682564
0.52892660523916235
0.64775066223638489
0.58179789376295477
0.59888980521804747
0.58302539905662776
0.51440214432450737
0.47766247939688566
0.55135670521342606
0.56784100953313477
0.63087790825683721
0.64694636585970455
0.54254859007589562
0.6024882080015701
0.56729525527006242
0.40420737927264211
0.55395174484695975
0.59159560638466246
0.62226121466241702
0.63464850526920624
0.65334564324472244
0.67866145427467395
