0.011523384947361303
0.0070724650342405956
0.0086478201439565052
0.0071235850299805805
0.013191408225758235
0.0060731240789314933
0.012255841174350728
0.0087657282746361649
0.0077623937755317901
0.00089390261534080958
0.0053250815332640568
0.006426651034973409
0.0066376331675556659
0.0038186641996021714
0.0061399082155117407
0.0068417380336453087
0.010717704285941656
0.0066147392238260876
0.0058457219931396381
0.010850080632769717
0.010146958625524002
0.0063269222634083069
0.0083891878569130919
0.0042265469797602732
0.0061909044275058733
0.0063747554166215152
0.023257105817066463
0.002241297553042032
0.0033798836896022054
0.0071566135936492392
0.0067682322690554055
0.0034596238870574698
0.0089655521664331259
0.0038442402067509727
0.010121158439686596
0.011358923458696811
0.0081955461456575673
0.0044960066513131773
0.010268928903424615
0.0091449796397555291
0.0059079172155378917
0.008789509025897058
0.001535327995647089
0.013562090566861503
0.010826949370295864
0.0051574742370378984
0.0079246861865020397
0.0068467089801924645
0.0084890834906603714
0.0063531594036664151
0.005876896895658245
0.0043719540390313987
0.0093870800893934847
0.012078122255292548
0.0093266574397206318
0.0069671970774954524
0.014028401962389227
0.0046488950078580329
0.0052613488125322775
0.010271748812794036
0.0074099300035402309
0.0012623132640832769
0.003612483298205852
0.0094100615805874088
0.0070436798748309071
0.014287737911519842
0.0069271197442089894
0.0054064635648474763
0.010755136592444998
0.011667276209869133
0.012829199964218259
0.0026378481669770311
0.0055615088002478807
0.0071273819276882209
0.013881013194761836
0.0089491475533913564
0.0099221081841107117
0.0080477344514657424
0.0070456251557343965
0.012512450290615243
0.0057925746035944184
0.0031771513125713738
0.015031766590504425
0.012321476007462747
0.0051603204403737344
0.010279528253415077
0.0092293746453928835
0.016608741089330893
0.0095249909059553165
0.0068858403371463584
0.0030882426696626926
0.0028841967304145356
0.0051638812083630537
0.0080500603692582415
0.0092355237857368599
0.010177870013203135
0.0055858256628267249
0.015451357629322144
0.0066832947779678822
0.006936019758226674
0.006678383924663976
0.0042151237667964496
0.0122561126889566
0.0056843048389213485
0.0058659498993863714
0.0046274496667778903
0.0046979654235447636
0.0096204364987067525
0.010343810684181711
0.0019958002643014031
0.0093270191115070507
0.0078001383164635306
0.005619425953292405
0.0043680736342543479
0.012883799663037297
0.0049882885102472286
0.010600427291725539
0.0047663486930343687
0.021679013779406158
0.010371837868032256
0.0050053911367521266
0.0094674519966838778
0.0023382125746679743
0.006773063092260158
0.013395030759612096
0.0046506984805370667
0.0010883471819509727
0.0021537436160059672
0.02051846641397986
0.0032020828852786678
0.0040683105763353071
0.012142636041238098
0.013265996907953192
0.011962555391453069
0.0082696575835875061
0.01565044026665624
0.0026475508916826542
0.0031692740785312871
0.00733747537275381
0.012079337373038951
0.008165726082348522
0.0082990496780490954
0.0068987287751064753
0.0068243893384913037
0.0048325828243911085
0.012493385480253031
0.0084874151164253571
0.0088456353341280405
0.0015371074407285103
0.013441597152225138
0.0079026026493220491
0.0039233125682402994
0.0047485091613406446
0.0081585478066013295
0.0068469171551805846
0.0082152736801084213
0.0044190423122492462
0.0067979601860744506
0.0090968472386283323
0.0089170388952489379
0.0041134396393456337
0.0083087351805672723
0.000656715533447197
0.0033213662298569408
0.0048465763785981112
0.0048643762864074647
0.009411803479199175
0.0066840313352542705
0.0068645223716871833
0.011587505284746707
0.0031698342161615174
0.0020665658670016261
0.0070982917056672716
0.0020171981837955508
0.0037095565004634278
0.0089602837193833093
0.0067324892667686622
0.010033434696413279
0.00042985385417733244
0.0085150381442656679
0.0096198279638332416
0.0043699359742152459
0.0050114171981681475
0.0091999220749308646
0.012455167259582038
0.0098303936812066117
0.0092159080452873365
0.0025628823919624346
0.0095661116853953537
0.015539870083130847
0.0049891220655538951
0.01624296419222104
0.0094780143142787782
0.0098779675172563572
0.012380024136506004
0.0076662853305729355
0.010072984996677156
0.0065394130823492958
0.010404666753214387
0.0083020689552100145
0.0049788276660654128
0.015691687607524731
