0.0065191626271776104
0.0070321236659539547
0.0027965843318219635
0.012936218640243502
0.0009846045128590929
0.0050577062388949996
0.0068527819032290728
0.0030945159691361879
0.0097420767251054519
0.0093717135980756865
0.0085409485066342637
0.0068716855438578691
0.00064077020442835134
0.012203207003600242
0.0037791213512603475
0.018820165850852864
0.0023771534466953308
0.011401222499721135
0.0070497525291905484
0.018025191963205563
0.0020881183448302155
0.0067103984290315883
0.0070092992639519012
0.0099226073968979641
0.0040657364628836337
0.0018585154456942526
0.0067547824613156584
0.010543164642403423
0.0033141311272866258
0.0050052386450929734
0.0079447550618004601
0.006430845575785573
0.0046051754448555712
0.013092477494817782
0.0079203494867122973
0.0056816748716326474
0.0047484873221430848
0.014891601125624689
0.0045544419912920825
0.0082142355568612553
0.003853078832784981
0.0087312414699000068
0.012076906423093605
0.0063650316591792678
0.0028997834203983376
0.0065064334595209576
0.0024984335717134717
0.0028744463691976938
0.0082050236212984125
0.002284536590526362
0.003046103863724788
0.0089828639457363319
0.01227336549129451
0.0063838431630664086
0.0042957792152158404
0.0059337916933438085
0.0051561928062749483
0.0074130307458226555
0.0061675894002782153
0.0025074323405547636
0.0015247782737228394
0.010565260828498065
0.0056115877464517497
0.0078380883776156679
0.0065639411986637315
0.0071856714718764279
0.015449052182733502
0.003406493938578857
0.0015368401700887285
0.0050298793599656338
0.0028442558776555558
0.0053688202094375756
0.0065125662006810785
0.0050929012730953471
0.010942585134452131
0.012228186273017036
0.012309761526037879
0.0043287333532137841
0.011919453416085926
0.00346593995105133
0.0049202480923503829
0.0036115039093542328
0.0011190953287108147
0.0041787105611229697
0.0070812898129312572
0.004861313868222205
0.0030983610035812069
0.0077815421049455659
0.0079323583907243856
0.0037796118227656529
0.0050793934428187745
0.0067328662421240072
0.011109629676236502
0.0037809587200934745
0.0034342536007878682
0.0070932581790339134
0.017157584534077001
0.0084435856279528303
0.0046742092007033432
0.00089762685045823194
0.0084636148514072255
0.0073078494504371103
0.011089843861395981
0.004287335871167885
0.0041397960554259584
0.0032570977199893564
0.0060243283357687329
0.0046157290248461831
0.0078785195076903399
0.008846163006799454
0.0067205476627831152
0.011162000912965382
0.0073039729692539563
0.0047395209329948555
0.001353672701137427
0.0036911184690569276
0.00520929507424396
0.0083215073099005346
0.0098269673405863966
0.0052194930907956917
0.004365556624868829
0.011067043565691305
0.0033842634516996167
0.0025716797236639394
0.0055392141646652673
0.011069784288234078
0.0065315167928330971
0.009721630371864895
0.0047136857242874837
0.0091004827797921597
0.0036070896538244858
0.0069277324367486683
0.003795403179659638
0.0040772637523774679
0.0072207604360974382
0.0059363256472019788
0.0079697538519152566
0.009455344568873595
0.0060606237650969712
0.0017368338101316902
0.0033291323529302899
0.0074337424736160094
0.0007167591337630876
0.0055461416698710676
0.0037921752680305423
0.0050135861266331454
0.0082672759791845678
0.0039200832315438869
0.0021084141159653678
0.010313964468128656
0.011678016690058027
0.0090186432380613014
0.0075033014331069969
0.0092631969721571703
0.0017760134704709726
0.0030942140771556331
0.0058366259273982327
0.0038731329557524551
0.0025970334717940581
0.0075594499180966388
0.004309667948708267
0.0037253779838415258
0.0025146287484401307
0.01257900962999931
0.0097750419168591823
0.012120665113537994
0.0098068104768269399
0.003162699243277594
0.0013543026372173548
0.016532833271915837
0.013717130748428792
0.002587833659982804
0.0051111062858631325
0.0076900616295596394
0.0059006090790859351
0.0020501171529363183
0.011575286481503818
0.0058102094289429283
0.0068777717174000582
0.0053133097931467943
0.0076438458175012531
0.0040049392110463574
0.017456300315221794
0.0061138550995964713
0.0036981973961257072
0.0047170557399177299
0.0033786050346956212
0.01051335593206202
0.011996817466604357
0.011700922770471292
0.0044783814232567717
0.0040859448472536806
0.0059300059695587036
0.0089060511154190058
0.014257168271851851
0.0044440246902866546
0.010607143255758797
0.00056036267076916993
0.011064852003973603
0.0078903052287833154
0.011205635386727504
0.0057439470527361584
