0.008069913084154258
0.00041812473098463867
0.0020303666251480601
0.0061746143704995314
0.0060495459327178343
0.0050391675336543514
0.0065310318611677262
0.013178968013063992
0.0092264091941801733
0.006078181212249764
0.0072468734382098304
0.0042629060045258817
0.016976382203533594
0.0040027084423803734
0.003109682616002273
0.0081982977023406511
0.0069012971257160624
0.0060439113567063102
0.011418325661995535
0.0033243607690779825
0.0025016271625237065
0.0071407787380788701
0.0097441436837559427
0.013578807013855306
0.010860115064282073
0.010373935486483247
0.0068792522344673958
0.0036299147875525216
0.011222007746149542
0.0050300058839357039
0.0074744968725154052
0.0040378334549451096
0.0035635582929136999
0.0098523147004492793
0.0075964655571181651
0.0017290283223338884
0.0092239741096925738
0.0076856115047629174
0.0034329263832749094
0.0050943836470946323
0.00759116916766447
0.0096921599277125983
0.0093395645119135808
0.011739234294716518
0.014410820601623036
0.0046635015056737655
0.0061485411928897879
0.011443924691369839
0.0042750646454447344
0.0079150004625397567
0.006690634584227982
0.0074444123934138398
0.00047743524549157624
0.0015942398812853317
0.0013851649664022776
0.0067708322658575262
0.0072150192204099165
0.020040389309216197
0.012938289435317813
0.014240022219558435
0.0025963496036950908
0.0045169993923353403
0.0018530237453264781
0.01079777078735814
0.011038123605397828
0.004924147565350926
0.0047910024675952186
0.0064715015014019548
0.0083666259675866175
0.005123287984441614
0.0054487025373716226
0.0063784370769123782
0.0076982317081328985
0.010427045992166532
0.00059503550243921073
0.007125767779868823
0.0052601165419218212
0.00037033896802038494
0.01262606596077411
0.014068085547715464
0.0049410351477296686
0.0030638838346681773
0.012819819632520735
0.002409633231665455
0.008901466345005056
0.007335241325595581
0.01586526169056373
0.0081927634765685126
0.011231999214053583
0.005572994091488463
0.0035958808427248631
0.0060289580119821679
0.0033850378224913585
0.010651845824254125
0.0036977339482695687
0.0028281578204005101
0.012144679028699094
0.0051401594451855985
0.014818501919550222
0.0091447600432895213
0.0072728791308999639
0.0089622079594345247
0.0041725372374545166
0.0019170633763851686
0.0096740501643311095
0.0079837647909923662
0.0048659825838137643
0.0093346525318134792
0.0055003041460701761
0.01301261093695385
0.0062772504952413348
0.015801297239148054
0.0093689225917248237
0.01143112706436542
0.008181468874420195
0.0057767960400323922
0.0022722700802691523
0.0026272618386460468
0.012018315367829262
0.0056435858760419287
0.0064159603120411569
0.0072889183534755797
0.0075446165658164133
0.013431202386015403
0.0037000489603815048
0.0054009308807048458
0.007625483481658606
0.0070033724655450156
0.016515097500554538
0.012292846570382024
0.0052682155899198774
0.0069186697597661447
0.0059302076275746596
0.0067987815492043854
0.002435019928756004
0.010825420725172756
0.0061300187807464311
0.012610148075420321
0.0071417776340548635
0.011291151311175305
0.012090706633061414
0.0076452616737451894
0.011147036290353214
0.010086303526815046
0.0091753047690569297
0.0077948388178041769
0.0043595529292754995
0.0048659063850326183
0.00076502148724442998
0.0089820199622693969
0.00039375915667310459
0.00078906076867646759
0.0056681374319641148
0.0050949645955986949
0.015459777699723879
0.0053705175618136269
0.01078219582740292
0.010983731466686863
0.0036552245278607962
0.0031093091996892306
0.0057268262361434416
0.0024500924301021935
0.0027954734428409247
0.0015490019198414976
0.0069678912531294336
0.0042921866580693082
0.0077202433680270809
0.0053089169448392462
0.014981167565814239
0.003506640235518724
0.006985855409800513
0.0039716429142676148
0.01179386309034809
0.0031453687570167496
0.0061127746034639148
0.0080887762331580699
0.0097321852101550192
0.015291335287457224
0.0026072782598739693
0.0055344188524463697
0.011198920396776588
0.0055296355815990473
0.0012598273238411989
0.0043790027627453139
0.0056989347528804586
0.001223631056668872
0.009143027699580069
0.0016789270874130752
0.0033861058646357306
0.0081609488353230637
0.0050502704264849896
0.0056780490127038693
0.018185389485072017
0.012851210192911256
0.008280917505690254
0.0075523500787981895
0.0069525703744668906
0.0051106347713443289
0.0032438595778374584
0.006442880256636173
0.0073754281324943868
0.0059649104257095574
