0.0071548597257360931
0.0047983158433241154
0.0063081615000800508
0.0026244780440366593
0.0031957909733041283
0.012590679331050757
0.0043321442483219147
0.00226902284921305
0.008335099674318119
0.011120404182156504
0.0097642470640158102
0.015030574879329206
0.010511039181040332
0.010852256743295388
0.0040192863328657102
0.0036757894781532388
0.0023705148890400909
0.0046305813470188233
0.0098447497663951711
0.0033303720938665854
0.0037782453642977972
0.0081235714718082448
0.009583329787253311
0.0047135111872647732
0.0083173071430433058
0.0044139592303424
0.0036560978783290957
0.0044749051300684798
0.01008395142916235
0.0097618573138414395
0.0013605774942834614
0.0071766799980056088
0.0027206844074501944
0.014620901520228878
0.011100784052798523
0.0085731671932431433
0.0082899389182522903
0.0048241250992145292
0.0095714363929565345
0.0081181622078356237
0.0079790518510556314
0.013132213107729385
0.0071843790143859276
0.011255331801317396
0.0023870941439307152
0.0050888848375776532
0.0088443895642442531
0.0054555829475459719
0.0056394411057528694
0.012271952682123518
0.010612052951279526
0.011965287244744341
0.0033350467297031429
0.0076719854313050465
0.0055846699909698171
0.0059141365483826166
0.0053055312767567803
0.011824722481089921
0.0056867944937891877
0.0060882590614394711
0.015351928449231927
0.015079662478968419
0.0047571585621101987
0.0029724503003991159
0.0096354752043490109
0.0081391640508841762
0.010363575472270811
0.0042660118116803064
0.0019247094635180179
0.013996813317081348
0.0090139662214650564
0.0090763363821988255
0.018721178877546339
0.0073729685198651298
0.0065957728132119446
0.001450529090404271
0.010188642363605565
0.0037168805150341435
0.010465365953116566
0.0049332617583201501
0.0024386693748642014
0.0030846925563621044
0.0071946311661387798
0.0067301577571063651
0.004233139303699898
0.0070820136781279573
0.011996444960279289
0.0095123744139697826
0.0016031128664729681
0.0039912815987883403
0.0024134155067879804
0.015918816378791594
0.0029424403791566854
0.0054595857527635671
0.018030247509241516
0.015341442936055959
0.0055843260163114875
0.0044445998154904231
0.010745473585493864
0.0044542339187769947
0.0037504733698135824
0.0052787545439687616
0.0042511099530927379
0.0066407123514147454
0.0027945259117405806
0.0063884535760257762
0.0099240682013865024
0.00049572052668774697
0.0036786438955870118
0.0024198844531392546
0.010282029246444382
0.008625749173859186
0.0038250819093885516
0.0050229571996071578
0.0045714830899001475
0.0062374519409327507
0.0062369373147473268
0.0010557386518261422
0.0054615635274021706
0.0053790574110171184
0.0076472510799839273
0.0055943885478219229
0.0056000667706476879
0.013930276214358503
0.0042181777196421454
0.010978929027969517
0.0038945152606785203
0.0042007836172944383
0.0070252852320986641
0.0082640271584047843
0.0039080764272272934
0.014010298469455453
0.0065492406690286767
0.0098624226222859945
0.0069030691749602481
0.010464719180110795
0.0038020641798574332
0.0047835868133626457
0.006107421919206696
0.0087483965172134755
0.0049960090704797653
0.0092212868415196755
0.010251596492305349
0.0033533662745304431
0.0044413802215869571
0.0066979448931288339
0.0057691444080425706
0.0028330283758927041
0.011955462252878479
0.010526455143175283
0.0042771524983097964
0.0083249621172387447
0.0065262760803556693
0.010147642834552306
0.011196569689853622
0.0034031929710683999
0.012519923872771684
0.015436141896920807
0.0030225466621646071
0.0055517584890483265
0.0036651278794315066
0.0085468334761107361
0.0085840463254670211
0.0063532768037526015
0.0079220994779140089
0.0048432604993320222
0.0064254899858582981
0.0049132133694452587
0.0080189038559011598
0.0092167268820600619
0.002526232750607261
0.01721091268290428
0.0065956700662015821
0.010427391611205114
0.011359998741562655
0.0069086565326302654
0.0029368877199541597
0.0031696722748848906
0.0085463853896456006
0.010733294055495583
0.0025628383848292097
0.009135804313507646
0.0076653592395629407
0.0036796450744247641
0.015707043171440106
0.0019408127459179584
0.011070867029108906
0.0054445524030837522
0.010675129306989438
0.0012572044279261258
0.0094317924451274484
0.0039250828082176567
0.0039338352154371422
0.013858692716407646
0.0015572054393841049
0.0081098032087785037
0.0048440051300782201
0.0091243492609052214
0.0072982811414889917
0.019419034862412272
0.012641022821598267
0.0039427958524336617
