0.0095779742958155747
0.0053490021957907181
0.0048415438461488084
0.0099050380913306962
0.0097663590287799269
0.014496645937858762
0.002701681776486128
0.0084572733909580363
0.0046639044091495189
0.0030211218521685257
0.0030789654200239062
0.0075543099352842723
0.00054388575938176496
0.0038055915987702466
0.014653431441679769
0.0055787085505458805
0.0090947436997251534
0.009333091755454534
0.0020968095857118729
0.003560151737630557
0.0064047661287592655
0.014647775075437967
0.0027628250404345251
0.0034597364535950215
0.01203837500552005
0.0037664560574930646
0.0072757005013508779
0.0012402074418154884
0.0031009509414347543
0.0029399152327662468
0.0090451861305139488
0.0040740571524979438
0.0017994809910830019
0.0076677434581737995
0.004107997306312239
0.0094961640893806085
0.0059802698894690347
0.010407939126027037
0.0070716733869992509
0.0090486072461813706
0.0032090837878886998
0.00036007105247914245
0.002468856273673136
0.0086000079387770611
0.0063601461322930044
0.0046483279324106806
0.002588109974420712
0.0085969620859440155
0.010379662272817718
0.010448001779244287
0.0084035093080083965
0.0012270092354931983
0.013464669576888516
0.0059548713955321639
0.0028290957682213622
0.0033323024996192532
0.0024806983389415206
0.012373522916513526
0.009069078505182477
0.013521044724359494
0.00087750334258194162
0.0038001388170455751
0.0045426182829619932
0.011349368992531573
0.0087512389149134381
0.0040206287197587839
0.0052420463736052294
0.0024767075881831917
0.00450053576090242
0.0071870326102443909
0.002666685978119377
0.0033946945279120563
0.011960201798591573
0.0047913611826182739
0.0044229987899297588
0.0017386155940062892
0.012781055464268111
0.0099696440271034234
0.0030049556659185552
0.0049651464495053957
0.0030009012200555834
0.0068949660924910164
0.005453747939401352
0.016900510941342265
0.0082823877834677304
0.0033512066331875304
0.0039743324531201531
0.0085489751121820522
0.0036108093755276619
0.011527519244602
0.01196291640727294
0.0075290049826986756
0.012432079524528333
0.0066195146089394101
0.0094563075740070595
0.0078446685715402743
0.0023642942585961899
0.000608800224396783
0.01171391082378752
0.0037099807919712237
0.006576230831218363
0.014373795708997644
0.004965958186480557
0.0055685909286367153
0.0030152407694215527
0.0019531360812876188
0.0092110627167145877
0.0078220466960823871
0.010493703782509077
0.0066961468283476995
0.0043156635619643882
0.0070877306240502216
0.00042947751840703366
0.006038156794229887
0.011828683549165404
0.0020352320003796118
0.0096240225788939947
0.014976572918576165
0.0043199511500250495
0.0029730064873000517
0.0019637068904526716
0.0091299953466084608
0.0068341242838992058
0.0025260894968645742
0.01020957027983924
0.010126135644144959
0.011758837428608693
0.0083969686261838473
0.0087713606488689071
0.010179241481441963
0.0054640952869236918
0.0075222571477623883
0.017090729764396649
0.013849696370694059
0.0052789552927764109
0.0098775615174054952
0.0093864305165087952
0.0013516883068645023
0.0025283323623565353
0.016602990775097519
0.0097256337419441424
0.01136252821096391
0.0051962361755270806
0.0022169916306458851
0.0090682175305391421
0.0073239543930354745
0.018734612533346542
0.01369848593447133
0.0055671025015552938
0.009463519684311689
0.011304577309752217
0.0064441847454514449
0.0015043798017392548
0.012986677142690386
0.0056587109824127743
0.0037980991519687432
0.0048250105633097506
0.0030803248654809358
0.0078491945487985226
0.0099816339148193125
0.011595257678389301
0.005976665332235522
0.011059165291781877
0.012812821738315846
0.0029075990329722953
0.0094997984575727248
0.0082041803759788957
0.0045548527978344511
0.010154015729774837
0.010098134959589304
0.0021282666702117118
0.0069586076893332505
0.0090517635968410896
0.014385011568668256
0.0065869284977551137
0.013324859203621744
0.0090158907694051788
0.0085349418669814527
0.00079470031199180779
0.0075163921833433546
0.0063323635070142567
0.0056972572918275455
0.0097405024468311396
0.0051750785630820919
0.0065453961824014934
0.0069297731167520882
0.0071779521529084876
0.0061447284289072252
0.0032651091227708299
0.0040933048595266294
0.0088402895071616888
0.0020381431456001158
0.0021960927026019404
0.0067368765308504263
0.0045100065067363911
0.0071828848370978689
0.0097848076848703145
0.0095442051392237246
0.0049006395511992608
0.0075543681771432251
0.0073059459100279136
0.0035079992779603508
