0.037842634718459021
0.044193291826191992
0.051329232590216718
0.042737442392214296
0.050842621743049064
0.046891024410094503
0.057971282935550122
0.029508485891457947
0.053856606951573863
0.053003891886531394
0.082834724637357096
0.022059298425684336
0.08061394556102365
0.011667441201979217
0.017533710242785622
0.012474912301733252
0.037620593943101951
0.02981012156174959
0.025396284361884507
0.045669534999846592
0.026683593944261671
0.032869291931614621
0.042825819470618053
0.018873588558296753
0.081888038822298698
0.016329297716273519
0.073113019883024571
0.01996061273083722
0.041238377321609343
0.016698167014564839
0.061371143651438025
0.04107941120201352
0.028885375910401384
0.040920129756733668
0.047674786327648211
0.039596998135861712
0.057385083219212714
0.0082203634301175419
0.030861513329463634
0.055777814462672458
0.028580187277885662
0.073911555386116767
0.045875425330460962
0.0535406363315232
0.03993287160216813
0.057201963060380258
0.023267567290077628
0.090046771940045095
0.040269062068237722
0.047601494350454493
0.07620201965284637
0.024678115853965267
0.025266235497326518
0.033365215256861105
0.013925515474798407
0.070656069397881618
0.043347127281868757
0.025977479212727708
0.058680332335873386
0.061067026175510623
0.078878243023304984
0.020644915490941825
0.023232475444324333
0.013804886878912487
0.06969279807643082
0.015725835446258621
0.039172873321689186
0.0097808463942609981
0.051307767950619212
0.029389571495617859
0.033180480939267197
0.03997651506362996
0.034651341039453096
0.02192290628245103
0.013692500065407101
0.020290081206198671
0.0035654531970443662
0.043180863925425216
0.05483622349596156
0.065628166091118739
0.012922126358426092
0.05321982174129402
0.031165402480042584
0.029874590390860677
0.020731746472209652
0.024609388517568696
0.02459902513554689
0.061525756014858456
0.042008076030707074
0.018903551762812245
0.019081185174429964
0.06647589451026846
0.012207435484821968
0.042993488218867497
0.046360976099905173
0.057442319445567637
0.033621826217521154
0.071427894730404604
0.05308532274813052
0.034009431499814953
0.047545293127300554
0.034174131382934125
0.045866778128043045
0.050424731607294111
0.048257879375888352
0.0097488989467543283
0.048831950249414897
0.046242388909584396
0.019133547985027262
0.055990659116478013
0.047629646319064183
0.025216977662222598
0.021321609050985679
0.012298693344476251
0.040037664259125756
0.036946802062132196
0.023749465603412175
0.046848914145040846
0.031050007280021198
0.066618141505962097
0.025739898827688863
0.02371364384426897
0.024520466773277395
0.04235200637870503
0.06138105909869241
0.023122728196583276
0.052239220979367819
0.027751775758697365
0.019851343647398018
0.034135462178129662
0.071630219211464702
0.025799493453788059
0.057625470577395144
0.019109761301619812
0.026398259746886549
0.063793678353976466
0.055102955055674072
0.060689689011156032
0.024030779140140821
0.03108494377599175
0.019590579335305641
0.0034301021449473445
0.037974071713481841
0.034284950220279511
0.034567685866732187
0.03558276856013444
0.027641114762033941
0.008662964230332651
0.010276823115758688
0.06881222431680345
0.10720977799907312
0.02120592665813114
0.030776827540938662
0.019194144098153888
0.023980557015537498
0.053623097217200558
0.060855078112858417
0.045057244789705936
0.023084795014959539
0.059332431422773869
0.022339027356969514
0.013310094457984169
0.018285533112667288
0.014583195116311608
0.055074550994482011
0.058172343793287576
0.065011072239533327
0.040593828710843653
0.053452036979817805
0.015647011195600826
0.02255207248556159
0.024020054988102849
0.074818512733369133
0.053136381154145838
0.019373862921179322
0.097446935543132912
0.02889119338740859
0.07448068633423359
0.06303287081007819
0.068679075483929514
0.042609026001794857
0.023157752045191105
0.035265860127854508
0.043965469069257704
0.018104934949213804
0.027041005266406324
0.018203099486311776
0.020751807265608452
0.051693612085282441
0.017602868115930256
0.018090301694782884
0.040820449267325871
0.051265654935569879
0.058648847256812985
0.027653439275061389
0.044880725742040939
0.021309032198025216
0.031697250817738908
0.059531344112718577
0.058088476054499599
0.042209913366775501
0.020239042183370904
