0.038533059021113779
0.040844696690571052
0.041619658778267565
0.060258606493809666
0.02802015590780042
0.034971760829758426
0.034351299555990471
0.024791181213490721
0.036105189572060561
0.082660434961620954
0.043885922453722519
0.018146411869244188
0.030526378179348411
0.031841429619563162
0.050363756375036456
0.033573532604094458
0.05946877886098214
0.020515563798580577
0.039394538030823496
0.070921342424511896
0.026539727129809194
0.041361759482451264
0.068977888454435698
0.073291921586296591
0.015112518857436134
0.039589339447890927
0.0090170954998712426
0.047792285003358595
0.026405576501569321
0.0095363525696558118
0.047941523136603985
0.033393261551351215
0.039839154255798342
0.034468718917799075
0.024505596839419018
0.03447608812408319
0.040528003193237905
0.025604930291494136
0.022523171758633387
0.041344895614131988
0.024487824551287608
0.071989957470074195
0.036222751067063706
0.062576045479146095
0.053186992373508157
0.093773887369405132
0.0057803298544716782
0.11356884900973983
0.039740688922064275
0.02322476620514324
0.02819848927302207
0.069777101683611328
0.020198345356755597
0.046109125732106987
0.052487443131451997
0.035225570410228016
0.02858568963762799
0.046791489524142506
0.06049863982593378
0.02214742161208122
0.059404083017855533
0.057746598191572691
0.021146281064518047
0.053017734687007399
0.052203307843144441
0.036715381096120603
0.040609695264572199
0.012887342664302907
0.053658948381085626
0.069948123611172836
0.070536665682780122
0.068735253675892047
0.0098074561467827587
0.069691453985977508
0.064307902808530423
0.051679496294387645
0.04372232074932017
0.042586796424056272
0.022866266060793863
0.01334907019551063
0.058423057221402439
0.034580861240515154
0.026024869984208051
0.020427422604781292
0.063446153877917841
0.051634652241898553
0.062877661809678756
0.037320272834914854
0.062648931740429833
0.040068162275504172
0.033882538005360813
0.079254018639236978
0.038286610832909393
0.0086808439106965934
0.056877600914583423
0.07694268963095216
0.085015521241996461
0.041611228678416316
0.090274923894886783
0.045709609195657072
0.038301959364872712
0.049785130627468595
0.052916572325592347
0.022771803732862899
0.028349160536300124
0.038399285722209298
0.0079734618774796821
0.084145611541702789
0.053071904306508884
0.046598724691228929
0.020796045490083029
0.013253476116048594
0.031366185435359295
0.037040126771247239
0.069185096830576387
0.054520063931797515
0.021524294494697616
0.029939096573377639
0.05533510195393513
0.037907103514869943
0.025227025067674776
0.032799649946351005
0.012052570363040672
0.01559872452114929
0.085723718267688417
0.05084057250568827
0.050075128190115462
0.026998575131228258
0.056968660863877529
0.040534340659131488
0.02882272019625845
0.073090165136505639
0.017718579974964177
0.027951219729800535
0.0061391621340371122
0.032384901935695806
0.016173109371251715
0.10656762086252276
0.022146970088429228
0.036662343121583348
0.018202316376709906
0.017278284043971054
0.019396823605424839
0.032128179651660482
0.057542498870023086
0.086020879388652605
0.04490235504234498
0.045155732440138596
0.05943318373448056
0.037565462114680773
0.055048056714519379
0.0086125751211374498
0.036342238744810358
0.019271989104754129
0.013508556493660338
0.014491147845206205
0.056119572194514508
0.018953576849780624
0.035167333024454697
0.032684391508674984
0.048618378686808704
0.051517837689601935
0.013060145403095212
0.014311344633596467
0.019002846624689623
0.036453124565343893
0.080454108600992211
0.016562124243084259
0.010571085256028748
0.087760456560614514
0.042176293239187548
0.037975355504949876
0.033277888191088532
0.021756433512444398
0.013563472254903427
0.021339714655936193
0.047610310625291107
0.043827098114699863
0.066446259124006632
0.027960212450525122
0.036069860611848914
0.033425063941825102
0.045667934111430698
0.058589485922051453
0.036535312314672476
0.05480781795509073
0.052518025486064934
0.020112467130598694
0.090248665692723579
0.034065826745587641
0.11748722091458269
0.041773742294395608
0.052692943834711979
0.014227108294975515
0.028333989560011669
0.050595607177143703
0.016880719138622591
0.010251833519353172
0.0247320591109597
0.095171971471793543
0.013746110065975366
0.036486522710626253
