0.05175989108429805
0.042630662146823844
0.0049503664850186879
0.050548055487047404
0.014797415861449814
0.01292732099891185
0.036785825648476746
0.03529032529351777
0.018448789008819265
0.074744515536287956
0.035776729815308689
0.035118319016791931
0.059928184797232061
0.023122278720471064
0.039301411715008124
0.018129779196895592
0.03341861815141018
0.051840490700007708
0.038013351065911791
0.013727739043810741
0.019477101119827853
0.074602835793078165
0.015403024215884584
0.036253990060707703
0.073521475776945289
0.020761281333365626
0.013944599357697049
0.078551076002555953
0.066439614992374871
0.044502719229550541
0.042418920029082048
0.060159186268375547
0.0080496595166630203
0.029608605228332016
0.051629949300732579
0.043343040107123601
0.044661451176914078
0.037643238273831398
0.030808458269123484
0.041088492232749366
0.067366569448083044
0.085469249720432031
0.05451065358456194
0.048666249614879378
0.05630950037225721
0.040520384864036349
0.029944671050931307
0.059798073138674405
0.037129242385536519
0.039753867676579194
0.034821873724325561
0.034194910176197156
0.0091284074563511928
0.025762558674669093
0.026349445021815077
0.035550404970113379
0.05556089797621911
0.0941319567866611
0.032982657284083047
0.030607107366561345
0.034007611378063379
0.04522408881293969
0.038528913536504714
0.052305776332530217
0.054784852498999947
0.027853952647434201
0.032699311086357742
0.031425854717776008
0.075815164100191443
0.071993645064330147
0.042302317211544364
0.024071746791474755
0.055816532398183377
0.086300927506320096
0.021128760926613213
0.027706552608679075
0.083513380290768963
0.076431533445522948
0.022849197735243413
0.030529266691686721
0.016918450658559417
0.070655549441852206
0.041515327923856996
0.039943836603795801
0.046616681917927817
0.072594144775042738
0.0080406330090867281
0.046362705073789437
0.016709740044940871
0.072376367258933136
0.013400343385259333
0.016446689453748817
0.049267438673234104
0.024804561118143165
0.06148051351986801
0.039031535652127546
0.052278350507218532
0.085176738485051209
0.029437382718686608
0.013065448451516666
0.031631445439673514
0.068269540544609222
0.044333709882669395
0.039621272606940552
0.059491392687341611
0.027538072084222754
0.081408582336234644
0.034538347969126415
0.023967525994015564
0.028521977462797055
0.079065744892489756
0.032005224091982025
0.019690650172845391
0.045791033210497746
0.057229988007041634
0.022743230943523721
0.054372698942084088
0.012909671395826569
0.075348114163684282
0.052380584897507791
0.019158050317317821
0.040426800784223366
0.052064231060198932
0.017295197183193951
0.03295283662096031
0.052676464942163506
0.050891679774261032
0.05640578560972357
0.044921563303100397
0.028028808987161712
0.016624057737170388
0.066580585804084103
0.038690965197390147
0.081238047620484782
0.030630778593208091
0.054068654076028795
0.031943074876358973
0.014251495401430258
0.016491646167622467
0.022256225889156891
0.11196591629172545
0.057742002986241818
0.039932151181571819
0.05368389763413247
0.02221321279716915
0.042070674283491989
0.042094098555233661
0.037926667403357407
0.061745283664807908
0.021937579779709521
0.026106517227916005
0.074149654643923618
0.056898936080097537
0.063899105286372146
0.040639970344405002
0.014182868412654124
0.011112600737532128
0.024241352099400447
0.032021177342283831
0.053803700844040778
0.045735854632626881
0.048065635406549789
0.0340064760578421
0.0053822058235837404
0.018333960792393161
0.050849035566777501
0.072883609577898384
0.037100440625282893
0.023238764956639318
0.02519693869077207
0.018043353300618559
0.074079456550991768
0.070573296084860959
0.04709731899794832
0.073388769162577555
0.017627578987999548
0.12085423466595474
0.038989672673931233
0.073940101292494606
0.031661239092720554
0.049501650548381335
0.012429946343363184
0.017555624944376777
0.037389832456135787
0.052324205352745172
0.059501357726051321
0.047600463699632334
0.034666813236684961
0.053182478056970066
0.062616403159460834
0.063250630319752935
0.08052499167736929
0.067070855223057307
0.036734482569990956
0.043264525363484865
0.046165060042614128
0.036116426859012556
0.020851356218815151
0.047523792919580581
0.043095312414061331
0.032307885053244161
0.027201929175033977
