0.040835915008965724
0.039206072115482479
0.041035029651891472
0.018171553237715535
0.040359955638056
0.022541352936983689
0.050147688626320769
0.025939819033264335
0.025919030844666218
0.040076997754142543
0.041959549055258415
0.045791495173978979
0.064043716805048126
0.043600065235129846
0.0784125761106238
0.093025434113127178
0.007019666671615239
0.015869092592671618
0.038197685509754428
0.045680984492432263
0.031743003682549981
0.042697583863008745
0.062307091744083415
0.017110609011822226
0.031916148503156487
0.052575810154169636
0.044019254324316581
0.023186588088889851
0.01045192850605108
0.046988176333805677
0.027957046305088263
0.026561038868099462
0.044585759358728064
0.050589732311785658
0.015664157778516173
0.045178039303885767
0.043034475617125138
0.035148758390439641
0.054233481329912979
0.024646909000482872
0.02278687838452436
0.037518303671579947
0.0065266033762560781
0.0047770547614730853
0.057868008432775848
0.065400896075010595
0.014747547956527203
0.052454339914846944
0.011705971240908828
0.04440196844822053
0.047426491272539242
0.01502945179257781
0.032137914613892385
0.022118567136145167
0.072566577538777793
0.026802445044469998
0.010134385968944044
0.015311973711952653
0.034258115089780244
0.073828494206810868
0.040339612524947624
0.038667828060794912
0.035648584902296658
0.057034079794120021
0.075871166759829078
0.034131756610713791
0.021221896350710968
0.026676683243577883
0.0077822810774657589
0.030301413334466606
0.047269634900675664
0.082644472149701123
0.029694039028288922
0.023191514829747469
0.061017225042490485
0.030779992452660544
0.046930845101246982
0.042219596152496673
0.056654144947597865
0.04208652817399796
0.04372373843087176
0.030896621166987801
0.043116860580856661
0.041145554542363579
0.011101754040665518
0.063407761701524359
0.027542781577849489
0.038306379918728491
0.026536294786592536
0.006862592736058464
0.027258864857864815
0.039344075836488253
0.016497166469106067
0.054771688676646696
0.066842850485778718
0.07325654420685293
0.024345366959174039
0.099173999328635618
0.073220713265730555
0.017301145881946957
0.0072693985628714819
0.0627090330085113
0.0090397500322099231
0.0091839134719006524
0.038145917449110604
0.038773637727351831
0.010482872982421763
0.043417881942228849
0.040375761968870917
0.021525292772947225
0.087205994440371054
0.080230486692933867
0.048824478657925288
0.029187700833119164
0.070468560638070554
0.019737399947078096
0.03525326661930319
0.020375878064090913
0.054848779436979286
0.056025393263439291
0.01638355794783504
0.04525327571549654
0.034434404189003058
0.038412558242242746
0.02988652525769691
0.0590212822897093
0.075491094976345319
0.024818424025706914
0.015152065942214089
0.02474570979529149
0.059630107953947936
0.018010395448853942
0.017410214616006166
0.031956228750922522
0.011561387134346414
0.052234905538041228
0.0079097061214092618
0.087424744326777645
0.03826560203371903
0.028117823771404479
0.061680246073886363
0.056111903022259019
0.018007567289719046
0.020043935080373634
0.010983344684435816
0.042716947128501777
0.075914815340440214
0.053469538355966198
0.064680513672631321
0.020956892088816008
0.087532039535749978
0.035999618449190238
0.030273663576994826
0.034078043232972852
0.061037680223261621
0.020962913836509892
0.057351193747820023
0.03144161503344834
0.028884400266122878
0.051087193524110265
0.0065157631869780129
0.036670870027758061
0.033864727159487226
0.060829832445347204
0.027447114701723889
0.045926829260108534
0.036271088574647413
0.054461648198550761
0.002680736490918021
0.033340009091964572
0.025035826820590624
0.041298421464050473
0.043067592249758285
0.088040029399446981
0.038909177762774208
0.036680148379964077
0.034888115375760295
0.068994925565937212
0.043181312944889479
0.03393153410086925
0.015656563910670256
0.012615760803247639
0.035065410420438682
0.026260585895688086
0.021535746821774938
0.044040045712084211
0.071523721550163302
0.026046500251866223
0.048320140758803913
0.026045710910845732
0.010156836971030717
0.01416879106221706
0.0015368033038136359
0.030385079337080921
0.062988679793312102
0.048165168711661363
0.031635344566308343
0.061212123237014207
0.018710489219706798
0.01404644864940857
0.064255396063436915
0.026921303750739478
