0.048658897944548779
0.064563353764648626
0.029212193614629244
0.017285848798910101
0.028188800263608944
0.044138031003666346
0.024170486727808665
0.02113710737632209
0.078171765114203859
0.044073339394526144
0.086951476220857762
0.044197677740028522
0.021535052145349929
0.055952923345313502
0.046667602807314315
0.0028817249591498555
0.021436195219247181
0.021940878671658809
0.013807535348444512
0.041104156101011688
0.037529876523298228
0.0049069773100288098
0.020027870854080317
0.05240725172419667
0.045024319795117791
0.024583710110451726
0.029325531289895807
0.022901598258275212
0.047493680899301581
0.048556141548111789
0.042653017501982735
0.058609952239152649
0.031501358660962861
0.010772711757610855
0.048192936156755989
0.021659857199016686
0.070920177987701838
0.030788419805242523
0.021193349777336685
0.035682676455065516
0.077647505316447846
0.044473927215983415
0.022494248323792848
0.033512989772287505
0.026788323684240008
0.041359309424968412
0.007772240412006505
0.018365202996285832
0.056972494289273812
0.020710057372362214
0.029434672345257321
0.011389607719692812
0.04307209857274856
0.015216108784506988
0.034597377212602733
0.046402952214551797
0.020103587886346641
0.081725474868419704
0.049082556680892925
0.022323544047706475
0.034224500156883643
0.045888139404421914
0.025018682080917624
0.038829698208274817
0.070025193469272579
0.026568969922754794
0.012015567455066246
0.040863765681312052
0.039480523119959095
0.029665795728441677
0.049489423293397505
0.059767443420457894
0.011442269867952815
0.011401357862313782
0.018571618209597376
0.032501760385012221
0.029843561897933201
0.050853588670123608
0.035621866329999308
0.03176162292244384
0.048900551672904163
0.075427599219042421
0.03120914171431937
0.036080462840104882
0.059998594665483122
0.044402334103452304
0.035461325140242347
0.039733277571670812
0.025664536601466958
0.028004919102543973
0.075512265330550568
0.01119571036341779
0.023556308251283437
0.076411265184491206
0.025070680147042921
0.029220367646851184
0.070451209495193956
0.047383506897434056
0.023204603903023924
0.040388513792252112
0.050435554327512254
0.053389151304282338
0.038326482214029331
0.079929615423987563
0.077990155497356287
0.063545288530291094
0.027029061416868658
0.021756963864110707
0.038681606823747029
0.035530464335173158
0.03109892949051311
0.042836994758965026
0.016547723631341785
0.014243953674926318
0.039569539715086761
0.037585601347600375
0.015119749228276833
0.024863602176473602
0.039992865846079723
0.016638539823435862
0.056526307243617645
0.032091739675764966
0.028601847752408212
0.029530379728659774
0.067744860849426103
0.052677467764852243
0.028521106402914276
0.081820106775111728
0.017005537637141365
0.044711834725535637
0.045298676092772175
0.059275002242735977
0.054065249604248411
0.019783812711708825
0.017412421278508235
0.022196081327974088
0.069832837411050827
0.085297140510607453
0.02045391778976589
0.028724939897458484
0.029999834532428972
0.0061943227855974859
0.033701574359964542
0.023717825421294109
0.038420293513156387
0.057186307209070017
0.022411642387470735
0.057826149182878005
0.0502239446050314
0.010517084785885634
0.046343622774491319
0.024147925947487991
0.054060353546588003
0.050217095219604359
0.028990822824401578
0.084743117737960935
0.023858695982080062
0.051671415872924654
0.041925703239468509
0.058337554935055894
0.072149064041425792
0.067008317233150635
0.030995529130612459
0.066779685996456215
0.033835152005917635
0.019782425552180086
0.055068502423103412
0.018596676498799924
0.077896785464172891
0.035269669961570667
0.030444661278651877
0.025057500299995719
0.031049782785847729
0.013491831936590391
0.027632871645075583
0.042641950035031358
0.043021145568787902
0.008146790261909299
0.012961832171434836
0.081898951716725177
0.041219436677083797
0.058568693715600126
0.017837357416568323
0.031151508402102797
0.013912300181478423
0.0025438923379252133
0.016481240438585999
0.042365557689616543
0.044512416427988651
0.050548734705493301
0.027694772425676577
0.024258262592695944
0.01542018076169571
0.05963854241302019
0.085588643839831058
0.045549378213890671
0.059197447606055817
0.084384259663390512
0.070523246318863614
0.064808711288606213
0.02934013911345348
0.017125169034751697
