0.81281061255614517
0.81779945304631574
0.82896540932600016
0.76328302977893103
0.79335912184049329
0.81169094824866483
0.78525601222126773
0.79752236984930613
0.81174078553209406
0.82773281958643019
0.81035889469950539
0.82113974506448073
0.80182288681587321
0.8242534802604663
0.82162562672184525
0.83065457600243897
0.77604541602856447
0.79507977889118098
0.72433242947671284
0.78874305979813264
0.83253119322221714
0.76968096917064321
0.80989119860009562
0.78778717772156315
0.82458124226226148
0.83431623245429043
0.83435692151025498
0.84176326153886505
0.8397001089855608
0.86692557404764214
0.81634440642742789
0.78511421464087894
0.83766824629617243
0.81746354843151725
0.83057941732209883
0.82998282112099075
0.82283657880131467
0.78257963609443559
0.81873428472753917
0.82394970027692505
0.82876218118295319
0.79151967601567896
0.81218640072547055
0.8282193028302296
0.81447772768226678
0.83011967977626822
0.78509637610839333
0.82369017298665215
0.84832783528725031
0.81615202525735053
0.80753350570623039
0.80889541965889222
0.80139593905513573
0.80438785186112671
0.83858953998904062
0.83500232487423753
0.79477406201464096
0.80225809683126215
0.80876731122201651
0.81626201876086002
0.79971877805690961
0.8356423271273361
0.83689947787855401
0.82083162124050379
0.80958231866799113
0.7854374120043458
0.82439761074122186
0.82216276723808501
0.82016190693804314
0.8175467370161642
0.80856600447614413
0.82245078162473884
0.82097025191511241
0.82268183037409104
0.81575310749711671
0.80953943577249088
0.86280763341974109
0.80184429221733122
0.83319463072890032
0.79818553845406803
0.81484165245011797
0.83815284236154497
0.75399820123915717
0.82453749357152639
0.81404864884198858
0.83697483502518844
0.80513505181002221
0.82271243728838828
0.84544360110412697
0.7917867901327591
0.80256063031714464
0.83477416510529789
0.83347331979129746
0.80734225463560827
0.80440631920957051
0.81443008141330198
0.80708382001440615
0.85147723597904912
0.81195080143400744
0.76298498253298008
0.83514863255992755
0.86146546903043464
0.82288359615605455
0.82877287130683164
0.80794145456870936
0.77828277921843292
0.83588194734754284
0.83056088140681772
0.83873752216093334
0.82760449697993521
0.80382637500285714
0.80743898414492743
0.83974379006658095
0.85673762029483191
0.84368147622087319
0.82658855716496482
0.80298079738701389
0.78804316427448873
0.82790689460149469
0.79159467584634602
0.83095968489219252
0.7893552609122968
0.78966504613619448
0.80464102801350235
0.80310208543127903
0.81074913605369037
0.83527463863370699
0.78884402609295268
0.8052420090875908
0.82211013297968993
0.81266040653531113
0.79800503997917493
0.75907278830086033
0.79495698939704662
0.79870571887646769
0.84779199911457581
0.80096879735077553
0.80804073165503176
0.80026441191761244
0.77489855387694051
0.79551963641206302
0.83869672489786817
0.83053687854846459
0.80739117278051531
0.77085325935207005
0.84216522324920373
0.85417935434391801
0.8022524221699906
0.81079023145092788
0.81689154514561757
0.82111274203107731
0.80647450742913052
0.80025029722017826
0.80960868633197858
0.8134123855776263
0.83573548549593157
0.8255623703414442
0.81393256649328516
0.79637597864790477
0.81992421669652116
0.84392871260846269
0.82599503132514218
0.82957528228349275
0.82141785118304733
0.7983672162979526
0.80578283238791504
0.80680946029389256
0.80629050578885619
0.81344850176104044
0.81912796881834748
0.80034656133622561
0.75763127454188328
0.81854170404738968
0.83241549584926144
0.78146551411651044
0.80798892810432377
0.81027224196938685
0.80736792562748727
0.80552876502463255
0.84936937864705209
0.79786966343593735
0.81749819940594737
0.80546283625224113
0.83209126175078829
0.85123612422360717
0.79575923347686772
0.77861734312171094
0.81732002775694723
0.80783870015036308
0.85521579039509088
0.83426317424623775
0.82938878725767251
0.50175282863812665
0.78873406119211142
0.83702392732258868
0.78446606943374264
0.82265845151269201
0.7983688545659261
0.80382934287708985
0.83355109217727907
0.83326444404605804
0.79653068300458429
