0.78770655417563118
0.85157789854723109
0.78063136055085047
0.81098367786181336
0.80404401094957145
0.80487439204022582
0.8178169729890038
0.75552619111607644
0.82465587931827222
0.83302945596794231
0.81112839448668805
0.75577859078051823
0.8160940370445896
0.77428306874803687
0.80224647550837491
0.80875697057477058
0.79950081493147462
0.82258486927351226
0.80981314828149409
0.83224376929891042
0.83468384202512758
0.80615557734992849
0.8349814122144531
0.80345453696115321
0.81066773254652846
0.78270696731559686
0.80675907164926597
0.78116073011681086
0.81853827008484481
0.82623987322807879
0.77121819283155946
0.786613926375342
0.80581609640753982
0.82230517006599613
0.81216965875253977
0.80232817048035754
0.83262019111778207
0.8266353541450755
0.84031409828450665
0.79592078485780626
0.78402479317246321
0.82874917693322314
0.83866182207089468
0.84029483779325964
0.76881157653218113
0.7722966209481279
0.8031039569517131
0.81769729221208598
0.81913505570889267
0.83915879950018413
0.80470224612253838
0.82225380865936049
0.81008280303053937
0.80710854419259193
0.8025102479110473
0.87054442728772863
0.81541759945932824
0.77421948390555961
0.8045885362469527
0.84176603754421009
0.81328010291282482
0.81282096349490307
0.82396861177237823
0.83930070926514444
0.80562459308742507
0.83398150160496076
0.8366712528501673
0.82614066998998237
0.82264908149158522
0.8255068173815614
0.82762153940808014
0.80751848505845469
0.81927501103869549
0.81917782005059014
0.79691851577641792
0.81521298602243875
0.83161630794613495
0.83770938785173632
0.81212239839248979
0.8494676678643428
0.8095020545929732
0.84646959251084231
0.81212075259985039
0.80382019185789888
0.80071926354559475
0.79582717295849414
0.83436964911869937
0.80785908568885656
0.84430177369285497
0.83468458480451413
0.81781433468094566
0.82582580126009031
0.8353850046450092
0.83780089422191784
0.78408904067862428
0.8513121863927664
0.8187990104000048
0.79640200740453404
0.82097565265181749
0.80172256202572345
0.80067228497924803
0.83530911577012368
0.7961433357226112
0.82169161283234005
0.79919480210715632
0.79738708015348236
0.82290734729615089
0.79700877583091001
0.81496455832222925
0.79441508047980836
0.79797246349069673
0.79842094441990508
0.82305189602716633
0.80390803173281944
0.83036946110165677
0.82157348053317358
0.8066686443084895
0.83770945518484208
0.78185470823247205
0.80775020698021616
0.80543082198433447
0.83742382900407752
0.82805104802474583
0.8310137379052005
0.81224184808291833
0.85843475219798748
0.78977899960995079
0.77714108148193184
0.82404478079391319
0.8069923700428826
0.7819465067134781
0.80123275661123072
0.81460429710289928
0.79672544026512437
0.85695959413537459
0.80531075814794251
0.81476286146776133
0.8530390913608229
0.83018486585922746
0.78942280313285385
0.82848921202082038
0.80214206225804718
0.8035309116117505
0.76096145422804773
0.80798064662135483
0.80504713294173258
0.82421878624920886
0.80750784137679943
0.81241524907181417
0.83554788688500958
0.83406654275563608
0.79991597027388184
0.84580248575935835
0.80757599541403213
0.82090249231255386
0.82993286895735974
0.79101329553243305
0.82901116014219578
0.81846309002547757
0.83312800295956368
0.82654838324208435
0.83538073573294513
0.78638331178507714
0.78379357121768078
0.81697477928449114
0.84260825143689577
0.81988871300651023
0.71713237663954654
0.79944776458924605
0.81413449109699665
0.81745201050523764
0.83267955943253069
0.85150588697709695
0.83346408458895749
0.79754483856874969
0.82312925744538579
0.83210645335726685
0.79500956898832575
0.8253455159221097
0.82892889613014453
0.81748679687949632
0.79599540420464909
0.8042813366057342
0.81411257469585974
0.8670057577937208
0.81188628267721707
0.79129227048372941
0.81121484220056872
0.84215360397851524
0.8136244256663725
0.82381398102712411
0.81370119197465607
0.83922197438641422
0.83714284479036394
0.84578276896219262
0.814127600676402
0.79668340986831787
0.78669396309545803
0.78927190263935321
0.82508099209074215
0.83263394493887766
0.81891017920572706
