0.04928509250549791
0.018854883183644838
0.014817028117397517
0.023076235118884406
0.018260242942005112
0.014872152333899687
0.011434848799697464
0.029596230193498118
0.051227548935817289
0.022451669283276281
0.012455023268065296
0.03667204111512281
0.032299296467303285
0.02287975732651331
0.0029454623321940273
0.041829719089590094
0.023853055322813829
0.028372189986940497
0.042261900503322174
0.02045797709540172
0.011351300627938644
0.028958890082148692
0.022090282885538132
0.041147257621356334
0.017459109942372496
0.03826837308367359
0.033271523310840559
0.021211982241268756
0.050692734345790816
0.029921737755632716
0.016189984024709905
0.025610826617118002
0.031412001252652602
0.0097289586128869125
0.036777873175385382
0.0046332236825641733
0.016641428182935614
0.018797064538373934
0.045732976308526262
0.0095706571242638004
0.014552244563489154
0.030651529365208208
0.030079719112499497
0.010686041067083905
0.026676126834639147
0.019927343217956146
0.0069768680936052978
0.015139867994566689
0.022645686999230856
0.042374211329765689
0.0085965624092480576
0.022464489543220126
0.010707750340346942
0.018658225308665965
0.024265804310592179
0.044646488832085281
0.028283573770765808
0.017052296226641162
0.031469452364709209
0.010653157990882562
0.012218171813588896
0.025104312682331736
0.025389872777305589
0.027000104760619936
0.0097327120246559554
0.033359558578696456
0.01645852157198683
0.014652076458592145
0.010542048192008482
0.012175351736815495
0.026720330720361847
0.025566452554431664
0.017606439280629754
0.025642921976337552
0.013057856999569548
0.039582371089870873
0.019563365357044019
0.0075814901022406333
0.044010296735080397
0.011750283922357042
0.015659222976503125
0.0202822681996035
0.0018077984322996642
0.010412228473609883
0.014999026261925501
0.018513442283556912
0.032516356359418352
0.022956193865651668
0.029868066534458684
0.029173078858781093
0.025247524978541502
0.013081440226989604
0.013550704436715856
0.01325383455251586
0.011375598439248727
0.013482944574747675
0.015846450403552172
0.035198094721383459
0.043844261399022887
0.014052796034295103
0.010969867707741748
0.012529898986448254
0.021196737923548713
0.012031578150571204
0.017251696086831921
0.031956331399137415
0.026795657125283881
0.026349502273561583
0.011940486012025926
0.020137919206094698
0.0068935402198914983
0.046808162528066494
0.019009575279264054
0.049607386574612063
0.02785867656116537
0.023801052947374297
0.044833443933192961
0.014821549184739248
0.031739413133080867
0.0071423368150406478
0.014416909200471702
0.032041814205607415
0.02489266430199906
0.017621954475473382
0.010960529457954388
0.022483223250119606
0.0037671495012723284
0.038395470713052562
0.032749293064898516
0.0037418603063313085
0.014270222918237561
0.040355417529954155
0.017014481837542443
0.0086765290258629842
0.033753286314485084
0.017345169205030143
0.01012526757948827
0.029905462287052906
0.011054604775607218
0.011886070058145182
0.012752215712615561
0.023111298370073988
0.037214159971990027
0.021245936303688238
0.025672263145066373
0.01391126053781567
0.0079078578733623242
0.013337519062879125
0.011730314295953476
0.024286273199900638
0.053230924085235685
0.010194500878652769
0.0040006553672577655
0.02734922067489232
0.0071014372692534602
0.017314731158147304
0.012596871891995013
0.034696403715207977
0.0045218144139157947
0.019923803283024
0.017058290744059956
0.02931323064214638
0.023255756994481559
0.024148307301047198
0.020823832199718173
0.032309662470944522
0.041820366891702342
0.021514233026867495
0.025646493062616713
0.018283938708236355
0.016497759941675759
0.022733582505549008
0.0084450976122933605
0.0092733395113385603
0.057379719783432925
0.036024770454279209
0.019508042881646478
0.018511469968715385
0.0066806305569956197
0.015628872953978509
0.0051575640083894479
0.028019966815812012
0.018727490492955624
0.013419283915101434
0.05073926482126323
0.031403871972980245
0.016825474888594656
0.015380782876645903
0.010597181366950667
0.022515784150459222
0.022372903924400941
0.0063505382563598441
0.0066736003518612225
0.022581067251834824
0.051177862819437897
0.050568465531452625
0.01505744289714428
0.034302417101823142
0.03626606783183229
0.020947423299063704
0.049323121409335161
0.015802471207475084
