0.016354399716678254
0.012589036836292009
0.0069136146828183507
0.014820418875818938
0.0088585047508586996
0.012227755447713847
0.016616602778951946
0.034103996582943191
0.017642254192461019
0.01554820814664758
0.026511854604740818
0.025616265551066809
0.028877462616911896
0.026122213082586502
0.003285968387178219
0.02502874506837837
0.01176413899843539
0.0067747711101375464
0.015841147765133633
0.028954239793637534
0.030121751220359861
0.03453505856344008
0.028766148676009917
0.0029160853976514995
0.023461011511808259
0.018442596001843583
0.0040573216523150327
0.023882789741662594
0.011641528953306278
0.01817840259617132
0.02746487123106808
0.025482219259740379
0.014432672660838357
0.018749789751799393
0.0026390966768795451
0.034536629130519803
0.030916235047229512
0.011744560936648505
0.0030531843230947524
0.021497038456097569
0.015429396684405502
0.037979333397715247
0.011529409725719182
0.010291055858008057
0.028262411613483737
0.023138452052052453
0.018230014017639837
0.010591334110234498
0.05116467091666773
0.022749441341630712
0.0079818143327927207
0.027378310520067853
0.0087370937380486131
0.034557293493979881
0.031399568256447449
0.01999856354201705
0.0073736697640064226
0.01324556840279441
0.029127889952291271
0.032936294493885118
0.01725882133333265
0.012988504934438309
0.015773154116574907
0.012015511105030166
0.0031089065340091713
0.028743004842750209
0.030292125682945852
0.024682874150069305
0.0037494429533773705
0.026492098951621603
0.021346647897343887
0.023343324150381206
0.050984942317438851
0.0090304801973854782
0.014974953061127203
0.019984739730626731
0.023634405749714336
0.013521075679368843
0.007291982184742289
0.0061308284783166186
0.0062290178087991586
0.01398794004590471
0.02845638656365829
0.033261807768437457
0.024376199755960986
0.034068561352672978
0.025372209970450747
0.024438543093671043
0.010822340957353013
0.0095680082346671653
0.014390988025315337
0.017043758013789542
0.056673167178154196
0.029326522417050208
0.0020924486473317735
0.031894257120511166
0.027734109589555345
0.016026668183557281
0.030121111711684218
0.0099745563905355352
0.027523896630004853
0.017076122075723916
0.015106481831792118
0.012142520386400277
0.0052576386424724713
0.032255062743471043
0.00087750828841548566
0.016001186723981715
0.035654507488277504
0.029736187878332196
0.016410030564229329
0.023447546074693106
0.011713466871074095
0.0066192982767931023
0.027667515207826333
0.0031595621586303323
0.038936906031018348
0.007198740831618004
0.016108693109419411
0.013643240554457141
0.023206795401967316
0.02213346440184253
0.0061152928235077442
0.012261419145612599
0.02720813805272778
0.0096068682513548442
0.019585309314231258
0.017710487277407861
0.011269012860101041
0.020378188946566598
0.020365557601754881
0.0077457706408109528
0.014502603487995694
0.0098262556147843093
0.0092888313155404141
0.017519239568629479
0.029255903369114232
0.01705228691616684
0.022791300329130203
0.022692494270578227
0.040873415683514006
0.033313541145617249
0.0089948007344259166
0.0083162063778517321
0.042289845877595579
0.012228688675832072
0.0056272399181600428
0.024068664326685498
0.015224828644312469
0.015674188196882273
0.02044277736744772
0.021263162203488273
0.019052450911330596
0.019578696278997193
0.025432617138730344
0.011722980249724622
0.0067047632650879038
0.025526412470085177
0.015307297352656686
0.015484485869116689
0.026721231362209226
0.020554795289470518
0.0093505356061634043
0.0097929751281630659
0.0072136986249599121
0.011562929728493709
0.016553593078367124
0.029275291549759771
0.012700079174974272
0.010904675660004953
0.014333518381460346
0.0022538880690617085
0.026301658196058619
0.015554424133948209
0.021927997363773974
0.025943102164410883
0.032901005163036068
0.0077798984078090916
0.020845936012661184
0.022412599565989712
0.018920746793649842
0.0080619528083226526
0.019657298036929945
0.015058688940546478
0.0085853283596727895
0.026463829799114401
0.0072904950564261608
0.0080982239575072834
0.027174533265396605
0.018036331267214052
0.026592515535339974
0.017661477525240315
0.0071972790392889601
0.013692536270531481
0.03779729361994652
0.031796825044518202
0.0073105550913973435
0.02613937713472185
0.0019932800658281789
0.038723397872347701
0.014967860938807444
0.016464686684118986
