0.037317400603162916
0.031659632752135
0.031158231482280623
0.018981568952080242
0.022133949869578017
0.025624638607092003
0.023405180559837604
0.042582808098034913
0.023330884780141125
0.011263387196741951
0.013310248523549966
0.011915257473423908
0.0077185766080913286
0.011155774291263219
0.026673923237156633
0.021983822675357857
0.011906685012012735
0.03295896370683922
0.012860998405571795
0.043843060251369519
0.0084992655722363163
0.021515759786985646
0.03640082525198593
0.032392792797935048
0.015103961239162252
0.029548914792755246
0.019612067309930335
0.0095545691179867737
0.0085468747087906246
0.016677239316258221
0.0083486707896615713
0.0093368977585588531
0.027820397015592486
0.017616246046646904
0.010465807695027897
0.024745246804496961
0.023500434727603443
0.022396741268462507
0.011133542843013908
0.030498041270442675
0.038180465358758603
0.0086996527677997183
0.028240516530978071
0.010925405094545013
0.0097239877609023462
0.023469128313857016
0.0083368102346645292
0.0068224523981904274
0.01210114539905313
0.011729499617991889
0.022072936044401976
0.023245242427866492
0.019334902902481882
0.021846000870756443
0.027506673827843178
0.019898976037870102
0.03297144609559477
0.023033683026178763
0.019337865869070544
0.016278094580591675
0.051562792932580662
0.016694438076324682
0.03417444229693186
0.04174651557356393
0.036604270685909997
0.013377172489721801
0.018073164235281079
0.033247281516443905
0.029238780038018691
0.026672448182120626
0.0089045930452756796
0.0181960399119456
0.015879693916657927
0.0050513937708978451
0.016446663764920419
0.0053128580796231997
0.01338568290324357
0.033046667913863549
0.018079015939881329
0.02859950473838288
0.02420153388805045
0.022007965817422974
0.033572115211437076
0.025575786379115312
0.013712518303188913
0.019017894699039663
0.024052168436417803
0.030420920350874125
0.035694260754374395
0.012128751389724378
0.031570026108811877
0.014693114328415387
0.033225701385930839
0.022390185126938196
0.046273223736212572
0.028061801787199855
0.045825301050998024
0.025760124244817047
0.016203442141037964
0.01064963121901333
0.026314788285384628
0.021498371634194935
0.0056143073687420194
0.016588495941795362
0.042080968089378987
0.033463720490549798
0.017945932429103494
0.0090813097703654633
0.024531375101756615
0.0085359474099556739
0.023521108189947269
0.030623503647248848
0.01818953117220936
0.017353516634445117
0.036614329613597112
0.025105861299770594
0.015346130238135056
0.016434742750888364
0.026138566000888801
0.012455199171032239
0.02370989352560475
0.010902935481300875
0.0416397212602184
0.0021960413870496364
0.028813928640001318
0.021581987518486615
0.029941992665560378
0.014055057654398405
0.041358498251713005
0.016436674789598468
0.018440347617621897
0.032363745706169102
0.031154411093329278
0.02026624256783989
0.0070125008796361014
0.018410608432510727
0.01522729467911779
0.0070022911419118311
0.021194658083535642
0.017657936342794216
0.027328431810698467
0.052598075320312146
0.021652436825556877
0.040452095255344857
0.050014602016937124
0.027439603636181583
0.0051255945232186609
0.010578591449208793
0.027117499130364722
0.02534769638529992
0.014065891763059371
0.011338506098985259
0.019218547632447014
0.035485999230203361
0.021619085402838165
0.0048188888411334271
0.050949623602705489
0.018980601427512657
0.019371040173045719
0.012060209166722199
0.033672351885521631
0.033374338775270324
0.036602589528852029
0.014987762035878914
0.0035781878545402433
0.039547252398853733
0.034660286689705617
0.011478274565388108
0.036747579533673039
0.011549378416780285
0.015752491122427239
0.016987498197800606
0.036726482960617458
0.004776820375058749
0.012870176995106486
0.026954403829016253
0.017536691885175017
0.027862660156427552
0.021955307980865403
0.0073242196783749915
0.023112478295605445
0.0040418777281670277
0.028375477316812107
0.010311595423756939
0.0091993452068650696
0.022291745869523736
0.0028311771561942353
0.022620575179251933
0.013276434624081547
0.0091569983426105835
0.017298134533812959
0.013430079772365641
0.0227219298238997
0.027087019006477329
0.031777187346422389
0.028263153271547766
0.026462087591532169
0.0066127655936198595
0.018238974876967809
0.018666877961342993
0.030719405319882823
0.024042998085193144
