0.025847577642356977
0.045797330599383429
0.027874166747964134
0.043893002930761565
0.0048889524619614962
0.015925482373572702
0.017310459291919843
0.027838185681147806
0.03691344507262783
0.0072608176985121666
0.013906359058611704
0.008385383025744016
0.021611490596037952
0.0035764512527920369
0.0079738861471963431
0.005322287185766536
0.025218333698345776
0.029197657115111471
0.017461142582089344
0.018286583334757297
0.032998649820616434
0.02911031188148961
0.019920406761386254
0.025847824171232239
0.018593673133794352
0.01536462397451952
0.0076555837223759669
0.033397410668303019
0.024625843411641209
0.01315566649415657
0.016085342859925605
0.021777960437507096
0.016375317853434854
0.016213841363671173
0.015025285106143647
0.03176387966441839
0.0032477934896411784
0.01262533391307784
0.022025753410467426
0.0099922436013485764
0.022331459652862283
0.02981998839248207
0.010465696256406124
0.028131960591136349
0.023756405100464107
0.026814018445811615
0.036060307848378916
0.022569236297026986
0.0090758355363774416
0.014861121935959591
0.037145958945323292
0.033567259772153989
0.030090269524099614
0.010151941800093987
0.041844240885980696
0.020945969887497591
0.0087651737371864293
0.0086821947474425686
0.041522846716002107
0.0090974010935490485
0.035893034472697712
0.0070563300279168576
0.02067423731653803
0.023796193716139728
0.020218215422858097
0.026845644449757781
0.014538928350297575
0.015436411683917253
0.0040307963045841241
0.03095750565674036
0.027704803729336716
0.011447030877141115
0.01196458441455628
0.0026678754529399296
0.040984190600550169
0.010638419683012455
0.013016919747037919
0.0082815879214785896
0.012398986581975351
0.0037474675499282726
0.0092428047939325849
0.021159440942379305
0.019586353488952851
0.017400792013392986
0.03232895446832313
0.010781873194706127
0.011996918129028219
0.015623879801209738
0.015113052720023848
0.026530620411615555
0.019764816586943956
0.030149934170491749
0.0078724554248015988
0.012488148857895107
0.028379150064430713
0.026563210911234196
0.0085797241518365316
0.028568161806305423
0.031991814117965686
0.034599741105863946
0.02696780020338084
0.02715811191843643
0.029266498482102041
0.0098048214147047653
0.020351151529451567
0.014384640783725327
0.011938946378088735
0.017145369492662262
0.021295849883095443
0.024517776949286856
0.026921013975038811
0.030879972933000127
0.023186285604320532
0.032909543323683857
0.013339378735173343
0.018483793458723391
0.015731022542502023
0.0044467636807960734
0.024536190502656968
0.013980488317862017
0.01215423689521688
0.011186539108833837
0.018943883947015568
0.027246293861598912
0.0083153127833035124
0.019259884327659772
0.012902154184060568
0.012414757738252022
0.045378238987700784
0.020102079112586164
0.026635924943870473
0.014881894811973722
0.0071862021993754355
0.017940251805772016
0.022665926156419543
0.010656201234549321
0.011135950695723503
0.011353694282673467
0.0094215170065027314
0.0353713402870902
0.016056395641565982
0.0023468629170326858
0.013696975662804886
0.024805436877078271
0.0068554848635158355
0.031161712701241091
0.0035769525253816201
0.013711385148681428
0.0080602496552601155
0.035832119353536793
0.018751681572327067
0.012792992587974646
0.015514198020450842
0.028510033037936346
0.019351769583713083
0.034218380178857435
0.013955338843246271
0.011353780954240061
0.035464014416264608
0.02606358887386891
0.037919550626638217
0.0034188692948642135
0.021845318857443528
0.036573392696442025
0.0055696252973150076
0.027720617043465012
0.034019672096304493
0.019417422414536208
0.015343913515416852
0.013590748817902894
0.014893845712882027
0.013357310503154684
0.022545667239882702
0.022042534992403249
0.01022089247825211
0.0035275500389880796
0.02151806440514932
0.010407851661077926
0.023198439637184244
0.034808612150742727
0.019133931938528342
0.0086520104437620149
0.012989493039900992
0.011377236121839489
0.0093841752688949322
0.026382145030704792
0.0044564054695052585
0.034433557953404248
0.020369752384547701
0.0096123860682199146
0.026179246751992392
0.019612864016728362
0.0038137030425235635
0.033494744355985692
0.015933635193719851
0.016616212124665422
0.02730378658767085
0.030527992909342147
0.0067306162554698961
0.023219962373670699
0.0062594921945667249
0.012281481434311414
