0.95740827828882047
0.9507150733370503
0.97237616603809318
0.95984633345027703
0.96187490217185778
0.95250850386149089
0.96676874537982227
0.9665304786642448
0.97536458780702662
0.98149184582852456
0.98090616593123836
0.97217173797455469
0.95841520872154873
0.96884528383600144
0.97479984521099317
0.96759635295702273
0.97061140534315471
0.96990467103167566
0.97772581560697025
0.97657249682704628
0.9735982265052604
0.97608173108048568
0.98739352232971989
0.98426554674234101
0.98912489001190962
0.99004303452188114
0.98643382526660106
0.98871005510084453
0.9866521814951732
0.98638522385008365
0.98846025207300803
0.98618528164736474
0.98659845355102349
0.97188449350000528
0.97896213157085155
0.97995377123678995
0.97071411261890839
0.94337847222254012
0.94511126011351565
0.95213605671757895
0.92794099099461902
0.92918359603163936
0.93796190221360565
0.93962539364587705
0.95267074551696707
0.95429286906393562
0.95479351370763499
0.96443209580102351
0.94565252577107084
0.94718322065501814
0.93886086523525947
0.92368869168631407
0.94805211404135881
0.95155992116066579
0.94814605629657922
0.96841962696339901
0.96887239126869851
0.96222076977088589
0.96234331440797904
0.95914167375189974
0.95692877475096094
0.95362965772242303
0.95443605741303461
0.94322178104539811
0.94258126418978372
0.93971053067493937
0.92867557218324348
0.93380524746384452
0.92000719942138354
0.93154661696644203
0.92148958027968475
0.92600116551557787
0.90906583642447181
0.9350842203847044
0.91595215399022045
0.90887156615199183
0.91084026796072992
0.88997194107746413
0.87613581068217739
0.90103638073730452
0.90166387898937517
0.88833915594579327
0.87653077209430963
0.8440413189416569
0.85289696406964199
0.87168313653086582
0.92472113657560795
0.91567359015985883
0.91259805958965334
0.9454086106910824
0.93473254528218641
0.93082617336384565
0.93552331151554935
0.93699899454617608
0.93232424385000834
0.9408493752518633
0.94891085994337665
0.93980037346554357
0.94756945989962049
0.95313152425805658
0.95558844973616963
0.96164165655900424
0.96759353906276335
0.96468414315444628
0.95438657704924745
0.95877329943668643
0.98554193757698683
0.98715231256422331
0.9876759389265406
0.98741853808208169
0.98710105658594038
0.98384975570256405
0.98003413014097329
0.97895135541166001
0.9764103831368145
0.9759546886872128
0.97721357582458179
0.97766949860344776
0.97922279979906046
0.97382572213552532
0.97392601312598648
0.96513107977068924
0.96231212300489111
0.95703771520015746
0.95771122534431552
0.94661438192999892
0.95155594620898465
0.95757863939331522
0.95075071346117046
0.95227328895576602
0.98092198274822695
0.96954779319010553
0.97474044441310737
0.98268843019643159
0.98409026313604564
0.97596856799505682
0.97236817436970746
0.97341530038534219
0.97938487622570392
0.97375609707280464
0.98127465970007333
0.97550099164469783
0.98004523003163035
0.98536778684984572
0.98749624220146848
0.98491231811349311
0.98508686727025829
0.98195476383655167
0.98146697249788839
0.97677869531271688
0.97328366504837172
0.97012144211701767
0.96723880969898202
0.95720414034462031
0.96131234878365035
0.95380473278381084
0.96412782135812847
0.9571813827641793
0.94928643583179639
0.94008982232281735
0.93787173299658932
0.93928105952138363
0.95720761754338857
0.96655495580024708
0.96955053270376901
0.97529707403463306
0.97652617283518073
0.97788898786766931
0.97975679553485406
0.9803820320383827
0.96369447553103571
0.96152849996214418
0.95820400696179897
0.96038002173615
0.9836063399376882
0.97148575599290043
0.95099782888238893
0.95161782532519634
0.95376218302638271
0.96082543096624107
0.9591190682866938
0.96894658430250968
0.95360689829166334
0.9544416963215665
0.95818851529047211
0.95335124430763951
0.95184476614552316
0.95222450229554945
0.92563612831175623
0.91647061455148282
0.92374494207557045
0.90595898836502964
0.92076272520541513
0.91807701776211215
0.93560775185169143
0.91914534890896193
0.90188599109582668
0.88551688062301359
0.86328605643599277
0.85594029048542186
0.89357251040927044
0.94926863278566043
