0.96370844586199511
0.95974069318247768
0.95834982419206804
0.96337981219936186
0.94663009156783195
0.95230863441012104
0.96354745129657482
0.96365825857914911
0.96736680028169209
0.96521106213452368
0.9676870551000093
0.97199061992614655
0.96434649244620585
0.96292533004282266
0.96740569625628303
0.97406094472351012
0.96560928584080885
0.95213357569561186
0.95374575786350591
0.95424034974412519
0.95139747180924306
0.93428346290604747
0.93473493647795003
0.92058233988284544
0.91629245419042848
0.94241686784820722
0.93481159048319873
0.94148772052226526
0.93502459777759439
0.94316545055122647
0.94980225272588603
0.94951771447722921
0.94482230892190933
0.94551528940126073
0.94253718493385019
0.96183810133970427
0.96383397334737686
0.96774929766895557
0.95815742876713539
0.96555220266508801
0.9579879176426489
0.9525527768353369
0.96009938548191487
0.96837236457619846
0.95985373924582051
0.9639571377141295
0.96464454969260005
0.97105803219254638
0.97060659047944398
0.970490777146084
0.97146191807081961
0.9733867570274376
0.98257554781713297
0.9765531182967947
0.98097535230896982
0.97512907171554186
0.97665570441989813
0.97677293394904252
0.97118134397254063
0.97933373343003849
0.98303551752243867
0.98132078982186288
0.98533571643302453
0.98254949619634191
0.97518588630249525
0.97506834186647262
0.97631016358941003
0.97546154281059239
0.98068039841907462
0.98414475827530346
0.98615302796477877
0.98008157016518682
0.97704531752456647
0.97240759355359252
0.96627157565819299
0.96458229331709411
0.95570008093988668
0.95354649575562223
0.96394336194702945
0.96305410992564422
0.9505030932330667
0.94554155696701303
0.95109808232335802
0.95186400201257193
0.94771403346925598
0.93573816942236987
0.95086878307949008
0.95169696650526725
0.96267066994189077
0.96262459092879504
0.96092437148064536
0.95010870519277912
0.93108972221487241
0.92378896903504981
0.90598513834351835
0.9084357158298787
0.94453825390930202
0.95602290786999089
0.96006666297810161
0.96786380489133683
0.97696360578197639
0.97611830502829089
0.97962450535884948
0.98644310915472277
0.97901114330853933
0.98073784606378145
0.9890238660080557
0.9865426273616914
0.98316902127652928
0.97705206718592763
0.97629925357973968
0.97560990238965339
0.97606295561589906
0.96834762526805085
0.97312687499213935
0.96856082702484814
0.97437024483447943
0.96658886324587301
0.97642533165038747
0.98117307608945736
0.98094648210528645
0.97685552244454976
0.98431255269756579
0.97455577363252099
0.97406018959660268
0.96590023488895316
0.95916429357885169
0.96546133276427848
0.96817739669262493
0.96868413683932675
0.9627519779446444
0.97477924359386836
0.98225163287550132
0.98621989159289025
0.97622776235774988
0.95916337717500277
0.959529048828479
0.97014798238166666
0.95473697035672911
0.9358561373860631
0.9569306958062771
0.96430790805833577
0.95446232703029754
0.95284690792469051
0.95918263289537697
0.95562269157754043
0.97066717173600614
0.98030559481259694
0.97014349319259141
0.96693016209505667
0.96051046630366477
0.96666314453994906
0.97276384661586146
0.9736778482194004
0.97642129040722037
0.96996704551293489
0.966860553913239
0.98016650586493059
0.96256227889789381
0.96101557292630135
0.95280883811451023
0.9450377558471299
0.95030762949693981
0.95011882921088586
0.95525636416649984
0.96334610341710103
0.96666222979516614
0.95342914763365194
0.95817141442960474
0.94735341295679332
0.95009288674650971
0.94532013282555816
0.94163109630006225
0.94257934097391916
0.95306318638664489
0.95493841276090008
0.97426723388443859
0.9785467531614026
0.98226517231841282
0.98520402797131212
0.97354350420189339
0.97081553268563447
0.98274102434993049
0.98179867264374965
0.97428405274630869
0.9703040904532636
0.96401325446247432
0.9480119207556873
0.93821592836351486
0.95065316427854574
0.95376775704812289
0.94043393710482881
0.95241231557222361
0.95380162187541517
0.94989560584050814
0.96351644690384364
0.95606094673699404
0.95622819774887491
0.93110637907420579
0.94499481819174025
0.93064462882815446
0.92007033993258169
