0.97600434460124252
0.96829051656509102
0.949902092531967
0.96963271531271233
0.95737181417078454
0.96060791124759481
0.96316482690321004
0.96436177491225161
0.95273849921084874
0.95570678268441456
0.95745984072660206
0.9677437211454869
0.9564855847214897
0.95388631298253646
0.95808038073090496
0.95212760675718699
0.95678882382066677
0.94831700079970938
0.94266969372967502
0.94138711937527941
0.94287042021462752
0.95051740989995503
0.96427625360437219
0.9571535138736349
0.92986014662465211
0.95975830459905931
0.95959215180146884
0.94694656053228321
0.95840082699297413
0.95539593074176987
0.94908393142087433
0.94234526623930193
0.94124081730372222
0.94347742396032253
0.9536162808084967
0.9527159136564497
0.96487610741735774
0.96632030353896781
0.97203490323020403
0.96783673080641597
0.94589236674511912
0.95668651697613971
0.95442238868220852
0.95972141170305814
0.96646136760850554
0.95961153800550814
0.95149025618923999
0.96299888346146045
0.96467940180569545
0.97427735374836499
0.9741244872429754
0.97928642411700062
0.97530102307301392
0.9686152290630029
0.97577186295439655
0.96390197351436713
0.96009448653116525
0.95349777485970755
0.95542903017876124
0.96060125897842963
0.96866616753590329
0.95759381658255494
0.9585176371686851
0.95192642384060833
0.94556957394520391
0.95906835454934725
0.96017594939520512
0.9645540742802855
0.97210874953148985
0.97219884090743436
0.96687032798933381
0.96415944516294994
0.9650859278622399
0.97675810313511113
0.97845750890643846
0.96737050718766748
0.95869631130191679
0.95160886100721587
0.94840486967424886
0.95759635314975078
0.9648787952329182
0.96172207910732255
0.94332319492414207
0.95687826439889523
0.96088787443722146
0.95806740518146449
0.94841849324235328
0.93859885372745511
0.93944959579407861
0.93536686150614212
0.93060283169315905
0.94329213521999866
0.96090587973248365
0.95419070479820134
0.94691020145339222
0.94523345089001332
0.95572237129122883
0.94564834914027884
0.95671060737693991
0.97628002539264147
0.97495509156460269
0.97676525627492383
0.97530478528057918
0.97479894735998662
0.9623805272627366
0.96568262619995482
0.97539069055616834
0.98085318518105669
0.9821075463565947
0.97624508958637168
0.97069404283544058
0.97928640501604125
0.97536175946059034
0.96488798417723698
0.97318971847598257
0.96391314649958748
0.97389708109712725
0.97587417798128895
0.96732068264932003
0.9696425996284721
0.97832498177556715
0.97360008058039194
0.97117334548340772
0.97028063549318078
0.95968941971156618
0.951834019917977
0.94543832729083399
0.93716018577341753
0.97168106107357066
0.96504029180112705
0.97382461911198137
0.96477721229853253
0.96011661116458769
0.95806099783687626
0.96616277782785953
0.95962086047032957
0.95375615551507886
0.95797350439689155
0.9578706761470932
0.96158898554916739
0.94566855957672113
0.92154823542086461
0.94045333671055031
0.92152144690777593
0.93581814189488866
0.91707641451238853
0.91418276204185833
0.93719784757974756
0.93250149345605415
0.9432006952305696
0.95463538749971888
0.93413301162125972
0.96420870040804674
0.97613579857186106
0.96140660417779866
0.96046374388329869
0.95266732625679507
0.96136594342914894
0.95970085940583338
0.95987065052001463
0.95088197239937544
0.94211881377899009
0.9416797439422866
0.92791988968571426
0.937037937002971
0.93221194658943496
0.93509189529024594
0.93855318139536825
0.93824475168925126
0.93981097419266846
0.94266840470758584
0.94757118037256671
0.95350818421174399
0.96562330312176192
0.96019751016776567
0.97126184228500168
0.96982012157443809
0.97659589519539747
0.980009677765595
0.98387476875256696
0.98731720433501335
0.98387101074507688
0.98185577314158468
0.98387449135276506
0.97268926740211448
0.97060618241821961
0.98206561421664496
0.98214569142033292
0.97473263903671226
0.97195447412781577
0.97675413978114933
0.97817184437833915
0.97750013116810708
0.97228852023208467
0.96178434016443748
0.97017177672565935
0.96673662738245503
0.97044975358781949
0.96587011955421409
0.96092442087331198
0.96784355369241426
0.969020069854579
