0.38367511921980335
0.26293724412275044
0.22776212879821539
0.22443868095666539
0.21052784063887978
0.23819051828315718
0.45260663259638645
0.41564230724708112
0.30516218460658279
0.29266987105597031
0.2620198710512095
0.35004483763007271
0.31446808930450748
0.27778615746156859
0.30030647636051122
0.20519585644605326
0.39030251720051568
0.2549419420823375
0.28529272323145455
0.26739034635706249
0.38257390382131601
0.44553398735202315
0.50967487328049887
0.47532604401301659
0.45691000109998836
0.43347018296318024
0.45303289596290619
0.53671911028946229
0.43362344975274225
0.39458363152851722
0.32876922339943609
0.28887248608555166
0.20148973166808287
0.22071255391320102
0.28507293321547428
0.30119560920308935
0.24408665988405487
0.29224353620887156
0.33984082759570006
0.41425780293687114
0.40385787106000937
0.45038638858671648
0.40636403735229037
0.38036403711158789
0.25901946065677828
0.17469047589140818
0.023121390446323345
0.13852414331388724
0.3118491146041133
0.42514347725010837
0.42822884573668335
0.43884043432537279
0.43227839604346424
0.45786702129234907
0.42311134208113488
0.25991330279062153
0.32069185037688841
0.27571447057023973
0.42565738847480117
0.45267850644341651
0.35317337103336116
0.36005778116492831
0.28249035931038535
0.38591452380865204
0.44143117590592917
0.47470527731851614
0.39296210382424146
0.33563240597204158
0.35626807266248689
0.33986792406416905
0.25507873111700652
0.26859841471992174
0.24037206039849643
0.25455331829253935
0.27194012809396179
0.3119473946315629
0.49715486562453715
0.46265748173288174
0.39469218176880144
0.35108196316997331
0.31491999561029149
0.40915071200338321
0.38708905600208288
0.4667654728346583
0.53637689212264894
0.49604386365490011
0.49808500360259672
0.44399638393213814
0.43110949115479741
0.40931015649334845
0.43190002006883693
0.39522496164544035
0.37592597133356032
0.46884076220540127
0.47894176462332838
0.41565543295898355
0.46088124127514934
0.46922627013188295
0.38153295734902365
0.38725113471169587
0.53892452249188028
0.47475858919986536
0.53134686352533367
0.50729507502662474
0.45720635608537791
0.41658227573284096
0.29703248931167597
0.20293329489189521
0.16319033772467836
0.29480148683858021
0.26560292274302216
0.2950635061584565
0.34657459663709528
0.31580020202701148
0.3630856395644782
0.19950908358650052
0.28132354741179133
0.31466392612602012
0.28652148114579257
0.41120436977724861
0.4409854619906301
0.4492721847949897
0.32291046499959397
0.33093742308080432
0.27777547005455711
0.2753193231390722
0.24425645764051285
0.24031917870456707
0.29919057683470018
0.32153341182581824
0.3411314362413117
0.39713734650888805
0.53034917658231406
0.50738077018754479
0.4741412637817034
0.38293253998118632
0.38451374661594506
0.46815096287368618
0.49852805485524504
0.35759037537046512
0.34649918713553307
0.32307000848382006
0.35061546828970641
0.42036811948193264
0.3656255857561973
0.30639970759935248
0.38538635954022865
0.4074794633810398
0.44352494456026037
0.41463469644553047
0.36131845990662614
0.42736708351043456
0.36028563810503117
0.3568203190992788
0.30772609671424878
0.29329821722241989
0.41108030719699928
0.42619565387252079
0.43549061859908239
0.48140056941975712
0.47109375383979696
0.37347186874709121
0.46739140856288658
0.47596572500977041
0.2876985042700233
0.41539756880287843
0.41790391030109703
0.42368295815588319
0.34910886338823605
0.20900876063855639
0.25398888088467531
0.33396725913570763
0.43110940876468273
0.35610896300010142
0.39880774490638637
0.20623852083368313
0.223345759571552
0.25808935645070125
0.32360645405106087
0.3114935909233999
0.27108382766093986
0.32366677889034007
0.28741643698560476
0.36806021674654987
0.41120795693051232
0.47266689849801874
0.42081556448999913
0.40174479333367108
0.40317962410862163
0.32290027254058573
0.27683235071076884
0.25755591374858394
0.21016764091347884
0.13849332580926585
0.11612273639525751
0.022540755811736986
0.055518515752220693
0.12516407637148891
0.0664169973961444
0.23463086437283795
0.31100472495872178
0.32362644234230975
