0.0059175259021600722
0.011464095122729105
0.019153332615093849
0.014924230314807605
0.03869715146417043
0.032194334971279569
0.030872997051617678
0.010550086021860241
0.021771939977898919
0.0049221225411890503
0.01170803733990841
0.0093924669150835579
0.0034372893063655801
0.030419085116857855
0.0082411069215398512
0.021418648227745123
0.013921323769636923
0.0086378401985606566
0.009355844477749271
0.027871118913524718
0.015743823511625326
0.023029748998953836
0.029932200705391081
0.018784558396274867
0.0077861430099582145
0.035453015574406804
0.019327980137776726
0.019383768815698893
0.023303898060601694
0.018544799980043446
0.022402542829288597
0.016899669186306521
0.016410662068024082
0.0040542946609414959
0.016850199527257047
0.017390474576583739
0.014606317634454011
0.0079458290595831108
0.008755688909623428
0.0086892405527501156
0.042451007919677312
0.028294024300361677
0.010816102817809229
0.018570980196539102
0.0092390902622533164
0.015657890714508134
0.016928718230009344
0.011806055782725026
0.026972281688513917
0.0032777014152505593
0.02268872731817417
0.018782295067539242
0.037777572789099115
0.018368545958321846
0.0039398567040547791
0.020133480540649763
0.021183934132395776
0.01613226989895682
0.027602140144615039
0.030640361074808779
0.040860706817410199
0.0019272862506280949
0.019513768283477527
0.031007166278983631
0.019613207514684396
0.011441616251457178
0.033650324025967598
0.021498430616295857
0.015755204639842309
0.019207093368342604
0.022426572323689675
0.004989739233640076
0.022455080819729471
0.0011128688978993321
0.016488637062829336
0.0080686095556634346
0.027694161895622318
0.0016189317225735968
0.018234276044957882
0.0079056842362192539
0.019150662512383673
0.019712613071015395
0.024350934313476302
0.014121889614124942
0.015172396877594889
0.016073962237117875
0.0094990985150503072
0.018043822128399795
0.021548573517246327
0.0048364768473983357
0.0041379903919418022
0.014045374626887335
0.017331355113823336
0.0074234265080019282
0.0093210819672045076
0.01211833998780007
0.0096467982386186958
0.0075921428319253642
0.032463254473841845
0.035215208817973728
0.012872761628849682
0.0095447396967039775
0.014880850166703733
0.03355692751548911
0.0034873012968729051
0.014309298526651479
0.025448264915659224
0.016516682063568381
0.004195062978746846
0.017104210931614575
0.026077329712921492
0.01183682456471679
0.031531894865663671
0.031056028821720125
0.012278834663605369
0.009435810829424145
0.041580026471093108
0.017270555353558332
0.011985128392860636
0.013564529483668479
0.019001109459813283
0.016438008204295751
0.012792827748088485
0.0067756488581976202
0.017182455632988487
0.0083945684850061653
0.020255911251301974
0.016509517523034641
0.025275093908513416
0.011085470719221257
0.014072486245254369
0.0046404516930730689
0.018950258821151863
0.026755641848739454
0.013982463436772634
0.0045365139741630738
0.013212252758340275
0.0068647268025871545
0.027468404522967574
0.01093027815853965
0.027104139574796279
0.0066564910124921051
0.037942025429564381
0.011619470282492071
0.018785980028359676
0.027930777789780856
0.013040242662601698
0.012630268150376428
0.024953972948605869
0.01497421971957922
0.0067095908569973816
0.02615703466963476
0.028480195247722537
0.017765469708595244
0.0083539372605285576
0.0043273257716596241
0.014230580299624616
0.0090044885709723178
0.0069735765081005568
0.0088223924748324686
0.011415489473841181
0.016029174512987767
0.022629571505958328
0.0038592989268837461
0.01533662733626022
0.03231698256620482
0.021072801444487147
0.0065574909287555681
0.01175931617774423
0.011815575416502985
0.009370301302456455
0.010891264845617794
0.00745463263310069
0.023492941177457798
0.0041986660452057248
0.015743572397868243
0.016127805569463579
0.012546418393534127
0.015840924872127588
0.018430260888253107
0.0097217163484392341
0.035425772766987336
0.019362015268933445
0.018175927428896288
0.03331563863532299
0.0071183386359280803
0.020079408505950934
0.012193807614407097
0.012793238832916625
0.014291276524614207
0.0059498438800722614
0.013724317831036018
0.01904320313259979
0.028266481522937911
0.020683938206401919
0.022647739703456887
0.0052189225226147266
0.0073779391514547368
0.026428242986102708
0.008751504204628684
0.0074380959732940925
0.015031619296500079
