0.0028744169229413994
0.016331613154547803
0.010514104319458567
0.025742501043176366
0.014739685359548336
0.043465364831499063
0.013146595867670604
0.026237080511576763
0.0054263115899251995
0.025615310185603007
0.025955323346880277
0.0054701598717361646
0.016446533601530141
0.012745712060774711
0.0084489879309413516
0.017834911002640362
0.024125421088081422
0.0091842650430840941
0.034987830173291636
0.010485345242598795
0.020422259654057678
0.017701305070460322
0.0068528425780781639
0.0075236358326567715
0.007275385518943276
0.0052500739284626315
0.0024195899987226508
0.01406001723755497
0.0040735189966672148
0.030387849980403309
0.023096396208662714
0.0087169171095845335
0.0035849377921409204
0.011401774894584625
0.033354473355415082
0.024182320424604914
0.011928841891211663
0.024300249331103366
0.013199325032497737
0.022761042250727479
0.0073057323570147907
0.022372473250119759
0.022286968049310369
0.026639642154724974
0.01508799056216859
0.027105527407746587
0.0090611978394636132
0.019736563991788223
0.021897367053140663
0.019186116020408855
0.021050350930120892
0.017372909494681121
0.015152683877934564
0.021170130956882093
0.0050591639793991618
0.021149325765052126
0.011733307370939168
0.015540606830126749
0.010985637460253847
0.016444485872399911
0.0092653839986077888
0.016418566297107012
0.014878294041681199
0.024795240957767445
0.016468401944400895
0.0064098517529288654
0.010068738373713084
0.012286628146206867
0.0064172024663516425
0.006482410861779698
0.037915103873811577
0.0039006828246365929
0.023563037433291203
0.011297095590724808
0.020206109340327953
0.020945735555143796
0.024194072401002093
0.035069076597405657
0.033257595929367154
0.024181264411307631
0.030539929966950499
0.015712495106373715
0.0092785956932404951
0.021252248123755382
0.0056594967920264192
0.0017856717366009388
0.011042546312669788
0.0060299077422581587
0.016078031545252992
0.026677722330019943
0.017500969779185641
0.0050409913426315454
0.024223323744741381
0.015303235399716402
0.014991104765623237
0.018568389720423344
0.023039114467004348
0.029914893666515927
0.023202097005275701
0.01335029440906225
0.016041011460981813
0.041852865519203329
0.0098041584637005488
0.014992304159508448
0.0062149977241079428
0.02236960130523491
0.0092633913039047184
0.026009100208454677
0.013232925057286999
0.012327579589174029
0.012983458623573542
0.015048799778260189
0.021851677100589249
0.017641808817216376
0.0042751597000801897
0.007818106673715448
0.019574336536315486
0.010732426465467904
0.022242719186599504
0.023209669630403374
0.023565047941230544
0.0087643891332050885
0.01096762612198454
0.017944120708127349
0.027367284623643368
0.023127892319872927
0.02417459349297707
0.027793349838924498
0.019894459325066418
0.019771857348959466
0.0017474835267815615
0.019912968997995512
0.0082606474738215179
0.028367061135560711
0.019866627269633935
0.036385949126573107
0.0091811789072196153
0.021039428438329764
0.016284370806633624
0.0087443590314876859
0.030433431808668535
0.011090469311389607
0.011921487365551734
0.017451595148614128
0.012443045256262593
0.0087445509541394829
0.031109803051958065
0.021916609866523579
0.019939440744215262
0.021242486720951397
0.013957886480262619
0.025202527523653165
0.019323118977093861
0.0011402855920867043
0.012652742464305408
0.013706630814959361
0.017442019193973934
0.030338972308114914
0.015437658868174884
0.0065303404707420911
0.015926010349355698
0.013491335122915745
0.0088894368421615615
0.014566269367944062
0.019596500478161579
0.0028275689076757431
0.0069114755349515772
0.010853858427877894
0.02013462148501487
0.019251481303501381
0.016443870928406813
0.0066286229412994202
0.021316389793216508
0.0084779178911324627
0.020062911201352535
0.019093527831494764
0.0068861404787199376
0.034597547112578432
0.016185726339289018
0.0046794607005401501
0.0080898272541241999
0.016708017185346383
0.0080642646371086469
0.015201482439261636
0.012365330504189406
0.021299188248157019
0.011050355637894832
0.014544128538360073
0.02359362078374198
0.025230769163758545
0.01265532604873989
0.010273238888964913
0.013970858304312309
0.00082870740210263529
0.01504069052924123
0.016460043609937147
0.037979236731854861
0.029637325319471528
0.016010872050624608
0.013779766648113012
0.012354564244792574
0.02661631120013758
