0.0060678921030318323
0.010030343941171372
0.017057151821036908
0.010228076709374692
0.012510488295562497
0.024012053050854455
0.020485416222078699
0.008179617349123959
0.012201688756122675
0.015473764244907389
0.020559657582285822
0.024494674891705193
0.0029436799512068475
0.028365141105685138
0.020966756727014129
0.0068498200302351013
0.0070640601107007303
0.023970956586803625
0.0028032350278015552
0.01370655808105138
0.012395459180745446
0.0082341753368142118
0.034408430754272336
0.018442539881195767
0.01973594882430537
0.0080811238398171472
0.034577894531401053
0.0070639330850176298
0.030834378138738159
0.016506070071121301
0.018550223150249186
0.017535618758760932
0.022569967688208317
0.01744607043659659
0.012515766422975113
0.0092478030519408793
0.01306698189776636
0.0063144223701148547
0.018440115841661772
0.02772504405237099
0.019135522317154728
0.0082965420130903054
0.0059140079468934835
0.0097194612191799524
0.0089235805699934365
0.012818304264569673
0.010012376662149668
0.0039616230759170418
0.0046183028851979604
0.01663633074332755
0.028265972291268
0.01646430187991452
0.038482880342651966
0.031179038551227511
0.010920902350198223
0.023459305322658403
0.036304196621162389
0.037389333513358332
0.0095923388500682733
0.020399473090415763
0.016059195768280323
0.014723711396143606
0.019540584962092548
0.028793865832863644
0.016551799988523522
0.011667379626730838
0.010964117575318255
0.0075765303835302099
0.015633577740614035
0.02058060098987442
0.0014987151093257007
0.019287409072196254
0.0044238189976153718
0.011451189015933373
0.028503185097504269
0.018948860904924977
0.012762517713256968
0.008076958002222032
0.0059977666167076865
0.029852065528454961
0.0089141225735226166
0.0020951324852632883
0.0053484902224468509
0.017149302514222694
0.010385376520362312
0.016086623413119353
0.011408719678203776
0.019237858189601682
0.018711373455942548
0.0093984047435543751
0.020169613674518378
0.0070239178597477532
0.035537760657604507
0.012056916097217199
0.014900600277410575
0.027137451117422884
0.018429313807711414
0.010084347438245957
0.015080115514493295
0.0038590891977286022
0.016472420054676386
0.013169361424946889
0.012278873642762681
0.015893651223351343
0.025088533446764413
0.029127159895366277
0.023257033895757201
0.015661575750804638
0.019822775666906847
0.015598567974938473
0.024063125031848945
0.015297767151878737
0.0050341139439387039
0.016448639343524137
0.023618082227723162
0.013107855877610526
0.018078175741455708
0.010832465584398919
0.02687841511771609
0.011635428983303352
0.0068656797422274153
0.011751251910215803
0.021155927008735212
0.016978024256206453
0.012128578767327406
0.00092605108485667269
0.013418023654884882
0.022039762729428137
0.018912338239188548
0.014281255870829825
0.038036261190934791
0.013153241813145094
0.0054694781781028518
0.011196297857536515
0.0216075762655943
0.023214727575989899
0.013946787123535205
0.02592253435791721
0.016826958917909075
0.0021364664591158916
0.0061839546943016554
0.01452493413264813
0.014512613279036657
0.014386265052375462
0.011648734643319685
0.016707614246145315
0.015391474249409912
0.0083625023718704988
0.0041044645272298392
0.030148972960338052
0.015258092656940919
0.0087037936594585967
0.021359126822700931
0.0086472250598995746
0.014585539501163423
0.018833325514401561
0.027960905699480718
0.004364702672127606
0.026112202525776698
0.023647375525693137
0.0062323371821612142
0.016753287184323201
0.026475364775847037
0.022192651179960207
0.019317612556891631
0.019792751794264336
0.014680928177047255
0.015110550268621936
0.020017728657062073
0.019131914487976243
0.031135533559621512
0.013583235243601601
0.019271436196284297
0.016395136750018077
0.0045640009547130555
0.022415678499048797
0.014144125729341107
0.0079810598392755418
0.013336716187311456
0.019259589085891357
0.0048168072066792373
0.015887096615645965
0.017825158362055418
0.015863026719906321
0.0049639336730646589
0.012867504833621791
0.0080431211366373354
0.019750518859263152
0.025460077132944511
0.0061841022568998654
0.013121479199000018
0.024804785396730308
0.018575382275320445
0.0090165119238149009
0.009456763440683939
0.019921644844478632
0.015860139237115788
0.032841468223910562
0.031503686873013331
0.0160444547345561
0.010713911044328119
0.017665399880584191
