0.013985099965185951
0.0055533169319499087
0.012224547236310515
0.018076384067772337
0.012685129267865934
0.0094522844694755314
0.00061275905591389259
0.0063925526071234697
0.016344413318516667
0.0170303422810094
0.021800657933092382
0.013668911484064947
0.021157269258820246
0.013924948001383304
0.015681532692079694
0.022612492300875933
0.017388960854503119
0.012187600678076961
0.017026948129708976
0.011855338583928302
0.010208542850275079
0.011438889368491139
0.015244778793788013
0.0040133933588923677
0.0079781457922134952
0.014861453687448472
0.019202345749740852
0.013131347088574448
0.0044944430631864976
0.019563270418717912
0.019700745386084486
0.013453382551275076
0.011754721409660501
0.0054767407201934256
0.007445440022847135
0.013596216370150196
0.012261036063805755
0.010101159185566316
0.0060848255336235432
0.010335882730405454
0.032856494104549154
0.0079957420242533477
0.015665324427462803
0.005383710085551152
0.014653242641273191
0.013033862652656813
0.026397774640352614
0.014097451176649622
0.025091656720481931
0.015335163336201654
0.0033722159501501678
0.0023479069599969
0.020003834736897107
0.0039751671477985051
0.01070369249035163
0.017456505928090303
0.019380805759282541
0.033592424771657026
0.024259733963698196
0.025858107142563078
0.015194053130472639
0.011899537593419392
0.011530663156603871
0.014436590464069981
0.013085069463112225
0.011516930488496014
0.020672526455287717
0.0083923994245445593
0.010402262206777983
0.028274120926885263
0.016950010344486382
0.019954319127428056
0.023769636398453354
0.0014487467660740201
0.010234921851487394
0.014607764504037465
0.024974200836637178
0.024234246278493007
0.022765350474583213
0.022628003379569921
0.03029379489405214
0.015303314792147827
0.012828388651211152
0.012824213868025949
0.0077114748772417509
0.019803756029234027
0.011978917431534357
0.023615479394607484
0.013812924143124065
0.013156574165185822
0.016602669638556541
0.023181316005971803
0.011201235467263822
0.0084812531374457902
0.016980613320500722
0.0031669306536914956
0.016959263380059441
0.011268879222360084
0.023997652754718185
0.019656913471247692
0.02035574590639443
0.017856684904162392
0.012158859367578786
0.029544685226971887
0.011744150100313594
0.01607662868696294
0.035741970902451826
0.013480539684170437
0.008793750042072529
0.0345574277202619
0.013521081151177457
0.017609898570989404
0.014433986651557139
0.026710014697983297
0.00834619046130094
0.008907870306913649
0.019809852348354799
0.018631467827053709
0.0053594065672444213
0.014799648436825795
0.012453571626308502
0.011689522879354784
0.014129964806081365
0.012332870593851254
0.010373183400019579
0.019317198941299598
0.00072229019402119353
0.0051708865579487059
0.0066121984503057793
0.0037389592729259774
0.016736860479829373
0.024064324915630878
0.01400589097166516
0.015349561312972064
0.0059005798243738665
0.0092951118388160652
0.01026418792055883
0.015495223270200949
0.022951406375408424
0.011334123176318147
0.0082339478862301207
0.022787383185539564
0.016933547405643016
0.011295203352166468
0.022965284791621909
0.0034623033518112541
0.012290449325418389
0.0027227298207850169
0.017722929355607462
0.024492586388670509
0.020569879127628334
0.004670188366221263
0.013920391906206314
0.019727618163232572
0.0097327832460376799
0.011173317123075635
0.0021549065553491775
0.028367404184130252
0.019452525264016574
0.0028733223622221132
0.012737328507293496
0.014830506431014195
0.022123150570581302
0.018088110936889619
0.015328233338599557
0.020301680512297773
0.02140685124842789
0.019953067777673496
0.021181239820709064
0.0092710751654975169
0.020948389017914262
0.014489828825314568
0.0066511058726214144
0.0041959513922793217
0.012880031296083574
0.0087603426070568344
0.01664009158164827
0.015491263998718864
0.0083989072422063181
0.020953722485477434
0.010553068168776845
0.0055591294297409393
0.010710995504311304
0.015376206397590178
0.00079218547703769195
0.015564660244938933
0.011525932194516801
0.0082988182363851436
0.014012024627581362
0.014293971949668997
0.012073080624730378
0.0095098708089320708
0.020828796228288218
0.015036161695031644
0.010430538401816044
0.0014785883785911362
0.015223494296793719
0.0084912181948833126
0.015063095387760081
0.014720059989612502
0.019599279714448335
0.022389663216256891
