0.039157681062312613
0.011097697018601211
0.020626026615792867
0.014097362303731906
0.0061124964643096309
0.022057422189651118
0.015606343414233205
0.025211573001803694
0.04544756522944457
0.024562966133652976
0.018391745254987161
0.022147359414026763
0.026837955557070158
0.025531850044661707
0.013782384584520231
0.013753468315101795
0.017127350852205622
0.010461842830322898
0.01812305213378099
0.039608421488871948
0.020317673056589752
0.036868281022256748
0.0226924527913181
0.0063229143636565916
0.0035086154604372019
0.013904077658406152
0.0090423443346528513
0.021663064344190484
0.018784971741282904
0.047077746069713204
0.017179571606658582
0.012469176560422417
0.021062165997699177
0.036431667722400189
0.03405847182437436
0.030968754884208676
0.027603332718409847
0.02384385098578717
0.029358573773744994
0.037441690947416964
0.023681181527441073
0.0070111307458507102
0.042324665238326793
0.027737878174883247
0.011615404884860315
0.013596425782184342
0.01345630345053773
0.012295635984315554
0.042504812496810103
0.019527991900029653
0.010449859189487348
0.039177808651377724
0.023265671254011404
0.020744553146729062
0.036797077954562996
0.028304897920721536
0.018557293025461441
0.013392422702687753
0.0047169963243862967
0.0085216095034759617
0.025113124676853681
0.03713665486996718
0.034952670440714831
0.0054799329685882208
0.030706511959760867
0.019822579637221165
0.039029193753429316
0.039352617847346949
0.037914680267717965
0.017313158870751216
0.016377759608408732
0.026870603307278796
0.018033670810956536
0.015103021261948856
0.041794816626924101
0.011416658154876512
0.022228303461925156
0.012548097823771732
0.019736477436871607
0.027342646635068069
0.036224930054730646
0.028167137921162429
0.014079466245328087
0.015006799943246805
0.020019440578024888
0.013994073861358649
0.01194143490486016
0.013407491810746571
0.019646301762100638
0.016909504698236284
0.020444094749872736
0.01567266649575046
0.014135355043962766
0.018898663222080038
0.032453044244338543
0.017442804889213983
0.0033579786469775802
0.011498819657933508
0.02377742696478672
0.0057862873579856049
0.011883219250505393
0.035894382048643265
0.019757810830638541
0.013136575381710361
0.020668429987465937
0.016407978056638968
0.031582861266559785
0.014507188698202569
0.012331628280838116
0.0011842436084612254
0.028740493073583374
0.02836642054324116
0.011988643417991784
0.0084626328034386397
0.0088185625891816725
0.012198559546281665
0.017081722266966859
0.021962172740730437
0.0078601917462083875
0.022466219329060219
0.047030375249535877
0.029848858534232428
0.011362318375039916
0.031670926730657162
0.0098894484773036379
0.031109117420839674
0.021339750839248616
0.015403032976458932
0.028866093432011419
0.041624462779975537
0.026231138578434132
0.015270890048933028
0.020287244020999129
0.018795729886142164
0.016293833286422366
0.014986192297866635
0.014683133535679668
0.041155748040846492
0.007590156435750557
0.0077652270898321595
0.025717228743820111
0.010865031507012053
0.020320355684989608
0.043222372204632042
0.024747586036370901
0.013212719019958968
0.012343855364861867
0.037250451229584342
0.020792500305666334
0.017845467811280085
0.016080678992611036
0.008809254736507911
0.014543651532900041
0.029959431323597231
0.01578022370965498
0.013616224651797071
0.032123735173295538
0.016391536112878555
0.015561755254790562
0.0046937270137801185
0.014961010324431095
0.012563841033500972
0.03361817797776237
0.039148959666500747
0.032640948173216833
0.026454682805152317
0.023749735863280823
0.040433490871514953
0.026267450555865563
0.0064371170556091102
0.023665127782800086
0.013304851803607269
0.033887442169040521
0.0066273901208313332
0.031192855772931974
0.013666814149447575
0.0058180393730098692
0.012377299900309771
0.031762740418117032
0.021317188132207177
0.041465711840429971
0.022945820860446907
0.022062683285962482
0.031472263155477888
0.016248684287809262
0.028841498227233375
0.027384020838168145
0.010506800344109961
0.012949923490205344
0.018556739054147123
0.0097853598985557615
0.010948483639853259
0.0093486771202056541
0.016668328234225243
0.007057934675806999
0.0054886615162460742
0.0076820007294039084
0.045402774976281431
0.021466715457917895
0.047689061137737417
0.029123299268335581
0.0040195900437173466
