0.030959058955535433
0.0068342678615613125
0.016395693642672151
0.015316129951781807
0.052402297650146999
0.017033622548891292
0.018726856215918099
0.0086578096918943706
0.022250222117497599
0.024895566567993563
0.042428042629479648
0.013015865770465544
0.0078085924192296402
0.0085495202062727711
0.034526879983230577
0.013186412727703645
0.013852705887787885
0.027886993277485572
0.025824048117167358
0.018099842095977526
0.023549092159767294
0.011040811152213378
0.025836444865856446
0.017291686305810353
0.022455054747086162
0.027328851704058004
0.0080172785912221243
0.0092132209139106809
0.011434462913923213
0.040818984230587593
0.046216778078200717
0.026820621161408636
0.018158087391531817
0.021051581258239215
0.017491761788689209
0.016974787948464496
0.020992511465895536
0.013360999477272369
0.021679022580804903
0.043352352592336649
0.018058613665896433
0.0087145915145678335
0.009335409900920565
0.029805686982449047
0.0095623426764188807
0.027351139986603445
0.017532785346741343
0.041269851688933677
0.023042142234226567
0.025663632931851487
0.031979134908754668
0.018792884348198167
0.022804660941184628
0.01965234422485029
0.018541656991969392
0.023905383342013191
0.034440796242307996
0.018074054099389447
0.018515461832489456
0.017993524529166516
0.025744540559179567
0.0087352979833297591
0.0041136324165039709
0.02637020483672
0.031289058911321214
0.027858456227428437
0.0097740140781233751
0.014123651731327909
0.012601223095079082
0.018538204813597952
0.0096730853210533849
0.03807266862136513
0.025122840659217782
0.022408874986048419
0.014265481941036134
0.0080695807412692264
0.028139831056865683
0.033098553577652227
0.030833789880586864
0.0339630621152174
0.014655803191232258
0.042347769144849064
0.016600148497748123
0.0082485068149762263
0.024160024558739477
0.018842872222500157
0.036525270996503746
0.015800068254735497
0.027442778959085198
0.012232159877078444
0.017637875637753733
0.024647984115931162
0.0092803885358773586
0.020214716931182545
0.0090087630814767606
0.0083985009931295852
0.018245527248810754
0.012238593702776447
0.018530365998383258
0.022629963480172047
0.021100992249755524
0.01295094726107386
0.014313051242017916
0.040550241950881909
0.016709648531560203
0.057270758065815205
0.030911433855539801
0.010582159433781721
0.0080626732454702546
0.025924534879108757
0.017423481458816205
0.050633634367808732
0.020142266283227427
0.019627480949907163
0.016063581951433186
0.036606990607260741
0.010993763802200737
0.017242922738753119
0.015454664735064157
0.013600339360128064
0.023813788972839752
0.060243220966880902
0.016219574530772128
0.02823732592506881
0.019944581528068821
0.012990587676021769
0.035322926453889722
0.0043211943731266689
0.027355456160318023
0.023446874820879232
0.0051791592454830853
0.019446469494463194
0.01036921181440347
0.034303172006703027
0.0082689526570285301
0.024780497317654051
0.030131204654952594
0.0055007935669693963
0.02235812509902076
0.017673478305877538
0.014645985496398697
0.024238831931513515
0.030347860942859725
0.0092608581072977925
0.030602245734238968
0.026844999007179921
0.0067493501739124429
0.0080716915378451545
0.041122808930619585
0.015547429905040537
0.013438725505887176
0.031154913761677862
0.034415128360856681
0.02361598100226971
0.014786964102255521
0.023489755302021065
0.017051843634956473
0.0059333279036330863
0.032108948436775503
0.024094090068565468
0.0061158778148187052
0.03069967983410141
0.013524086013506152
0.032981653826259283
0.038642733513211194
0.035787621901385555
0.0026102287624983236
0.02019289659617645
0.0042358281428959742
0.022653456322649836
0.023091418626339774
0.03606143138742917
0.021283534663783552
0.019699736845269999
0.014934783015347277
0.018055415617418184
0.053690380369382736
0.021180187448422018
0.01372088177184457
0.012577821212418459
0.014616860301094603
0.0253369139423756
0.0015665351812767739
0.0095031983447135746
0.021216394020314094
0.031889680645210638
0.024077548036286464
0.0053655327094236857
0.037923685573887388
0.002824201889929124
0.016404140195736442
0.012454380135211215
0.015524632475947932
0.016936849706922476
0.055887840578152485
0.026674059848464819
0.010359175608738174
0.0074966478357874787
0.01955418464000408
0.014297344196759508
0.026708646710235026
0.029154837416283882
