0.021126699598476736
0.012233479421255028
0.005334324692873451
0.032922387965296118
0.013547466715229753
0.0093305889845810459
0.041844379969335189
0.031498488321281187
0.022610394681104783
0.016217381153839219
0.014796875454114806
0.015306118696978342
0.016844299621002423
0.031957036562511101
0.043410283278751634
0.027979811589679101
0.019675588756551701
0.02154914381314342
0.0037742549018288918
0.026780989775803284
0.017412802725434863
0.0371427988520691
0.030676233357391298
0.013124759543412953
0.013744766765866247
0.024964675332874147
0.022197687444696062
0.020750157682393557
0.016182544112750118
0.032836891313336392
0.022778934049942974
0.016433207670871187
0.013759464392832061
0.023054992507180735
0.0024694852211195263
0.024222469897551679
0.010970011446959416
0.0063202627596901555
0.025037154461019281
0.034212372304563927
0.012974780949653202
0.014121366523005885
0.028739976353572838
0.0050002226413951379
0.02791687351096998
0.021127357837917943
0.028145469639915505
0.014169259554310155
0.026621542736950776
0.044619572744828154
0.034210105963097523
0.026589616826103162
0.021929840674712524
0.013915063831563636
0.016959004889261498
0.035253436559670545
0.015998462418405208
0.01569883564764854
0.014690838589963246
0.0082867261577191514
0.034083745083666815
0.0054977126862408264
0.016864906190090321
0.037763030284860534
0.034147907007924055
0.01522629547382829
0.020119229039263265
0.022207693277493432
0.012341611611204371
0.0090232234423379774
0.017354041881336449
0.021468856721054211
0.002774457439581767
0.022574044755690144
0.017431497505507942
0.044116287050756535
0.019737715427874149
0.038343130302400552
0.018978443206351409
0.027188177010462111
0.0074164998797514566
0.020541658131408239
0.027087677133598598
0.01933506719643218
0.021997662730034465
0.036448437871002937
0.026617674111824845
0.018800391199393491
0.001586542993751784
0.02009307405096164
0.049582166660849497
0.0028173142342000032
0.029020347818116344
0.021783554951074601
0.020228141092821606
0.0090261158979248607
0.0051094951051225187
0.013997313658645653
0.013169967541960351
0.021936792501707943
0.0045397483850868033
0.027695431210838433
0.0191734822088943
0.02930617368765908
0.049974334033158166
0.017463415521207434
0.02844073217815524
0.02476492062701325
0.011374740801967303
0.013611495337209161
0.015826736974223581
0.029727711520484739
0.013154475422890189
0.014987251045310334
0.016055977172288106
0.043790021155612063
0.019017864980844568
0.024575870387629529
0.012672826165597518
0.023081544608476844
0.034654603381890338
0.021587789749286362
0.0099412601428115234
0.014015084386918409
0.015740075479380295
0.018381100015264953
0.0047654279766273554
0.03860005657550359
0.015158159080768629
0.0074424989548714212
0.0094946418253867692
0.0063941610397838314
0.039931988179330385
0.017757622589830151
0.023370929969550709
0.017741525835818579
0.011712382865664527
0.0063686415481766867
0.016559060914311235
0.0091965348491665697
0.02883244027269417
0.011102722262190211
0.036199140096065188
0.022335659303065407
0.030980807690725792
0.0176212311277993
0.012732115826480241
0.0098846153913674448
0.02026432410719458
0.037752481658068646
0.011981942894746996
0.019244242586245137
0.031133966139204772
0.020957644706458257
0.036962694710726808
0.016340156727000649
0.0074401925993277558
0.013766607679071782
0.018677061717631848
0.005692823672955441
0.049498893433156832
0.014129558379346234
0.029159763304577788
0.015825780928462076
0.018099298524619875
0.0076681441221144522
0.020474674905968233
0.050544365121688875
0.020918410604890719
0.013868739288958045
0.05247493923384236
0.024898586487033633
0.022181239683723916
0.03274898117253694
0.039131345550901697
0.038197934495719482
0.027844660018846522
0.014819950959007698
0.016063485898919885
0.029003643399661092
0.026265066603814839
0.010311964072117765
0.015277779453205378
0.017004111567721802
0.030727527189122552
0.028270793055594028
0.0084257809778224245
0.02239349907173592
0.053770264202433152
0.035795608807473268
0.017108301572284896
0.016392417403105201
0.02111883554085427
0.024979031234115451
0.037663438656910964
0.028906334433273215
0.037310152360301586
0.010057798774417355
0.04308848068028906
0.031932556696988579
0.0059508950222274329
0.02806400700533266
