0.10347518390594876
0.0612656270093066
0.032749403452010814
0.091237207239010895
0.024401736738431132
0.038570391877466484
0.16518880317726728
0.0545998554085
0.066917938720703188
0.082889535143886098
0.098531368272826825
0.09695237446805216
0.075526449123721112
0.030027120192376688
0.08390267849806532
0.030010942040091436
0.13887079605826483
0.071040786250381058
0.070737575355061671
0.059947426361407909
0.073555594739485794
0.054835554957434099
0.024759896997431835
0.063255420380184224
0.14465527965780758
0.09980514431890003
0.11709273457399814
0.16477245663993775
0.14247317517910182
0.048771031933564989
0.051342384790264456
0.080298032238324601
0.08252404409014559
0.013897641022795936
0.05282549429891744
0.019410633998706666
0.16917625040393691
0.15834174708482476
0.076023538535019461
0.012391958958138031
0.21128786182392451
0.17470920962027958
0.04587296241013869
0.12076797984163352
0.097032838789112424
0.16793988770952667
0.054593861661158059
0.084869829187280185
0.07229969628581448
0.056180602678559302
0.045841672640717639
0.058118373126134763
0.071182934410120566
0.014879254087626628
0.064204039920810904
0.17685494073576327
0.14830644916247027
0.09381211624624991
0.12351236994627414
0.14494109866232099
0.14757821867135962
0.12446339443761478
0.098103742659429879
0.056061316628200748
0.044200442438409496
0.083881852351484251
0.023345427297369409
0.17729945010237888
0.040111305307321599
0.10631153185988551
0.059229578796766783
0.065180615781922885
0.054405918039490062
0.050802765227516089
0.12727964122822094
0.019829141671536762
0.040563484069398983
0.065262815575962363
0.218275862514277
0.076814897693765233
0.16388630081788644
0.10495874063032841
0.10388418526217481
0.016909004189769535
0.11652776687025095
0.049150678455964956
0.076270627810828481
0.097101637149121955
0.021770729468426672
0.061220611202348549
0.14277212386036348
0.16490163354046392
0.02892281948981839
0.06341022457777859
0.08448106583370886
0.09640255430698455
0.057290342632484094
0.14348725506738039
0.1192034589505029
0.089350373380419457
0.081156800098139137
0.035841890092348137
0.045778437021767232
0.046106785493659139
0.057398479690827335
0.052198061720106145
0.19068837380215259
0.026863962104045638
0.035449855040899217
0.063814547998643292
0.15803315720301356
0.03163845020721686
0.15813179045989315
0.078685011327645604
0.10851298162090678
0.037054365838732846
0.050201432475208856
0.08584405169264131
0.066917949197120408
0.09934268683881918
0.019849238040546377
0.078255780890761364
0.054980035623402694
0.046486705494156129
0.11680966161038879
0.096952857731096284
0.13556435027287178
0.072420641817057652
0.085073174846128391
0.063582021371247965
0.084391908084878897
0.091130294924254729
0.04521877994580438
0.099417426953866142
0.036489410431773381
0.14174893970941049
0.12863015101698547
0.06218939002869351
0.091589583703230129
0.063564660065588516
0.062836605908831847
0.028884677686791562
0.06744479449881173
0.082413168504600995
0.090297054646822
0.10943647638950239
0.020647371959899338
0.038334327622897776
0.12587814235247879
0.061916454796359911
0.010639368000355269
0.066397851102825228
0.22909286731946024
0.10922685541869176
0.10565919208323112
0.1482786117331284
0.066331232451747629
0.010857979018202873
0.079822277149711865
0.14976997858466362
0.098782615339690072
0.11336171071998835
0.11959534383745839
0.13854044897703044
0.058423869281351029
0.11028218337816825
0.048225301078235049
0.10041602510215301
0.09202416772228518
0.018410438222044533
0.10894665613019251
0.057346239837447507
0.019736237004225651
0.075573043266676229
0.13714061015324019
0.036235932929052216
0.009768172800671349
0.050587107768446174
0.0740437255369924
0.079877826671391608
0.039550957246605678
0.028592119777723451
0.11695429384488912
0.11306059595115636
0.11247612703351005
0.14439563347450599
0.067201959433770997
0.12681330333649746
0.079391205933821929
0.10677244872953801
0.013671091448585257
0.0063508418840464362
0.026558667622723145
0.10015373098618592
0.016493777213693092
0.046828148466529954
0.11777070471116714
0.10849907138646508
0.080514317981843567
0.057936431100865798
0.079804978003889498
0.047465313615543896
