0.16349709361203066
0.078088827999540478
0.17115065443721181
0.031413648175370575
0.064692707068841906
0.15729737483893427
0.036000325287894125
0.033676568429367545
0.20447368212517897
0.095211553847339411
0.084347708527746881
0.073790050774067084
0.090828367096905657
0.026949196427394712
0.032830100520803679
0.032770001655306705
0.045485168476501692
0.094148792787363836
0.074984721461744924
0.066986284502391233
0.073625927680530404
0.101360641534122
0.10519443382659922
0.12465966984835196
0.11937869580194543
0.035602616420883963
0.1204717015188591
0.095212938338761877
0.10889773728211889
0.038181898184989113
0.072414319666522287
0.1514957947399278
0.10481090307408981
0.046499617737904488
0.11992475776032475
0.021150697793172527
0.044116320023240119
0.1067114375543719
0.041339986000841732
0.18243189488278003
0.12386258279970462
0.1106230608528628
0.12214454040894392
0.078916621346849555
0.043323608379131726
0.028250899786325844
0.095977249135688475
0.12124317122386791
0.061765316006832806
0.12685325264753089
0.070954798683614262
0.090738299198635824
0.16271337902855421
0.060882900830157897
0.20001586114219194
0.12680059645549788
0.11282287260760386
0.18279909944105988
0.047591741465186001
0.059907943152234473
0.12662082128038235
0.032988182755790491
0.097729410211566017
0.025790314336094841
0.11870933998268168
0.12154757058707229
0.067893280839169429
0.042185333325489023
0.11473704564435687
0.031284893291886121
0.062913670932043017
0.11544100443118327
0.089117288608414807
0.12903725590419146
0.026370822141581957
0.045592735836802463
0.065847836399004656
0.16690861029220347
0.07801558946038574
0.097222668785624827
0.081295987969183262
0.11438754965424189
0.052682295423787134
0.097308611977706044
0.049045438556661436
0.10715034040909369
0.046218808437385996
0.10793764683388643
0.094521474063209654
0.13015574841782326
0.097135134755913136
0.032481161293089707
0.08337849725889443
0.12490025022035081
0.095773408883303116
0.15250177448212307
0.16508175991401494
0.095777628468152284
0.021409349128028835
0.099379480872293618
0.13263598169307472
0.055957367930598641
0.039741708193165054
0.065793735058683897
0.11676181979596552
0.056665718288662355
0.16521257427615937
0.10463124729662904
0.026321467935671517
0.11098044409651892
0.078842397801046224
0.1076700293383208
0.064373921310710402
0.06790106116002298
0.024757415728372048
0.014452251948703143
0.087950459573147455
0.11023637634071967
0.122636139501587
0.072908709933574525
0.13093286274715596
0.1212466741825429
0.073154777595856091
0.10561899067796587
0.070262151960756955
0.081242626141303786
0.12912851174850773
0.034529714067900071
0.037686221230770138
0.017502345100667071
0.099075029630257314
0.14284609167943862
0.16227001805795083
0.10564117916759368
0.092710569564971326
0.10539042694766663
0.080446055128001029
0.023523620013630724
0.10658878147347639
0.048685567284776618
0.15433919947216482
0.016885990248740327
0.090493898471526862
0.082243494763811528
0.0032595639384658862
0.046749319291090732
0.20864529399676754
0.03169671804654884
0.066955266120706097
0.0596643823726506
0.10332799318989373
0.076583413867994776
0.088945782243982419
0.042995110422923186
0.071556475810145265
0.060327922670848994
0.09607041699193436
0.083668989471666524
0.14523049749709349
0.068207114838518837
0.093057219449275738
0.17318461770589949
0.11949301326725474
0.021598088540876925
0.035678801884344344
0.16890719461912518
0.082331077638671826
0.055897750111271287
0.14478569503269428
0.10171320114301736
0.066037225729725452
0.030142509877034956
0.099710021252541803
0.13198650825354108
0.035775979831852538
0.11849114676848647
0.12025310641100216
0.099611860215808354
0.12339345953209016
0.067543358085291536
0.13949698513025827
0.035877339930957576
0.065010751925533836
0.089760171434172503
0.086839532794056262
0.038296373018116676
0.039043241068577303
0.076278852772804134
0.12068152101703829
0.05803882089771821
0.19364815701925259
0.056707394118064157
0.091778314111317164
0.023186216120809556
0.10483292704659727
0.079307826292104214
0.019669226602379915
0.072720517234694609
0.10474213185837399
0.06936988952954215
0.093318825003780276
0.19356094792496811
