0.13759458801158761
0.056559561145107351
0.11789121709700784
0.14610747851421341
0.055128024839554791
0.12029400891859503
0.14775706110808465
0.062394462527196555
0.050657304675160886
0.0472960830524259
0.071519195361127316
0.047643099543765222
0.096389579112519094
0.097788085095798422
0.1299917781146985
0.1164481950102037
0.17645872407923094
0.13513698077935329
0.18934248880687277
0.2296256412653355
0.04721461766724034
0.090010040191412941
0.055851036047970926
0.061774709844532844
0.033937014767133664
0.088909577585676289
0.066153661203196101
0.071370905381109087
0.22568345520426863
0.066997469256444578
0.12292229846324362
0.036595694488156992
0.071430210361539764
0.06160794705409757
0.063101595728289425
0.10244005010186963
0.05798747271808434
0.071798090943505782
0.033884150471155464
0.087515953939231284
0.054309485248281351
0.16464822478531632
0.083133104958377474
0.14621570547941543
0.048964743995023333
0.030567094491679176
0.06107943125590528
0.034417416299007651
0.10276594600402583
0.19799397551018544
0.061966069311497916
0.078980973632174045
0.095000560358259115
0.024264630869593438
0.0098845856916114274
0.023104730794237312
0.15279462901322394
0.089474485143072602
0.0061581262155705379
0.075856471999591848
0.16406938104487626
0.11351208027617146
0.085358282101160143
0.056170309602818429
0.15357539847521684
0.07724257487868369
0.055774852482323327
0.067339973840730746
0.14522939162268328
0.070596572601176452
0.061731359346794419
0.074241676764249226
0.069305712408078146
0.045304648079083652
0.085075930935257602
0.10439534513537857
0.074458386361433385
0.050019197889681538
0.053194936101377821
0.13666341559229653
0.17048798826952574
0.047602953754809163
0.048580452007828623
0.10617319581263196
0.095909876937029806
0.084344481949252606
0.0580926388163025
0.048491993424530998
0.0187190879548607
0.029786576538440163
0.060814190327574083
0.076124225662890746
0.09359035884371264
0.039053357993180479
0.1539670472409867
0.13807573907401141
0.12724208513075894
0.020088075859640078
0.17203421009870817
0.093755856321070946
0.095478785385601755
0.071151277008882172
0.09767644908796777
0.078800503404316852
0.081867288677640135
0.066224648714139647
0.0092376089188225367
0.029049207568454537
0.078863828950584899
0.15495393107489985
0.12681361755925594
0.1832772834060567
0.067888355824712171
0.047607074488618673
0.021210470032196175
0.076910256674330504
0.047756968516665374
0.15488190605211311
0.13963874886363833
0.074620785036297002
0.068504695282318506
0.039456089142133624
0.076391068036746168
0.10930326129839159
0.070658998935338418
0.012569938686323445
0.0848142152793981
0.081114899787551847
0.098479644843223677
0.059663425199763413
0.10382692420417716
0.042503405143506978
0.063702545615441933
0.080791355987838417
0.1237872329467285
0.059652217955180602
0.053827133878646467
0.10272171006645012
0.11839778932746467
0.046955461289354267
0.085933704196603219
0.076804534838882429
0.066607797721448106
0.081402790804394901
0.091639993486413107
0.064093609494783196
0.032300155356455619
0.13108961192570939
0.086751499728685566
0.17856108177359933
0.11848903530451683
0.096256585686960272
0.065621890176841197
0.12290417226768335
0.042419593758354697
0.096349304186095608
0.14989849682670711
0.15799773933667344
0.058455775834730155
0.05312651185305714
0.067272816298101654
0.13470123978091361
0.15916222059068807
0.021376450503679173
0.043612096968075859
0.10135656634844437
0.11353566089679978
0.031695174337363845
0.01863274243776027
0.078130956104747754
0.078973453348270592
0.057734747257749332
0.065853572042593442
0.092311770352397585
0.12269888800691499
0.031996502660820846
0.068484470128701416
0.074549247650356643
0.073780526033125821
0.16805532827301456
0.1145827631187519
0.074630575972010962
0.10332867539617106
0.097011436061602896
0.027506223120774193
0.032252229248587436
0.02897779245537228
0.10967491567770755
0.073548863200504119
0.063033280388982746
0.10210399864997671
0.16259387884799573
0.063731526521326659
0.097704688849624632
0.098741653168255117
0.070867377626827099
0.060584693623116991
0.11055078710942204
0.11963408090044352
0.069566828462879787
0.1416538937245915
0.1621381536396011
