0.014320050147559592
0.033162294059194623
0.012269643661666073
0.031031636775803891
0.01865148363940736
0.046283119626748151
0.042806564877836843
0.0088348148787787927
0.012235430351647664
0.027005252598757568
0.065236807309806411
0.035864490471480666
0.0072707561705186077
0.010920624069522419
0.0091672853856004256
0.042591891252149384
0.010860004441456961
0.016946787022467762
0.054646568203787917
0.031165780999191709
0.020842168675497645
0.033823724096865959
0.01956919500247287
0.024992970506897728
0.0091929904200333118
0.014758629962634065
0.027557880519154285
0.044899068411064419
0.018360928988894104
0.021317165675428018
0.008941428685835133
0.018587927864904194
0.020124352203825944
0.043383223784163566
0.0072817702253365653
0.013284266116272127
0.02976658943213991
0.028145049479433627
0.021154135458062134
0.0077949096044599188
0.043854590507119907
0.042598727938350789
0.010841388349964202
0.043640124228613367
0.021219269039008663
0.011790987872007778
0.03336437842159376
0.043647050057118456
0.026656779413190498
0.036137853660186507
0.023901248215473094
0.0090276302852045215
0.041073662085227093
0.015485478327889326
0.0047503665093964805
0.04519104544125168
0.018646170278670157
0.012220731300779214
0.0066054083162734025
0.02274304945913426
0.021786703294378703
0.024215774942535882
0.010226498345792303
0.038141893937033544
0.026855364253196276
0.020506231487087648
0.0031062730851403441
0.01824955491536806
0.032521393173357248
0.011952443133377323
0.0088515279952648632
0.00244174552816138
0.004145736106504247
0.012613389599510557
0.032846598686470156
0.016429612077699593
0.0083475116522305683
0.036889887628998974
0.010978992733735848
0.021286663516459806
0.046481931081375466
0.033014310268629207
0.03325403092553865
0.0091728609183818061
0.01104609122755423
0.0501123669691649
0.012668345725652421
0.024874512504933458
0.034262498349469282
0.040758641097363872
0.039571428655248889
0.014552225452581629
0.010131888280673016
0.053811457437765907
0.030258629548069266
0.029742039134039319
0.022269947057398556
0.038045952629200193
0.026411046856465704
0.019503310563103688
0.0097918574673388544
0.024263682287440268
0.025636026596418369
0.02867064419069355
0.031897058394387334
0.01569907105359496
0.014617046430773805
0.027067207495443335
0.0043967443389626385
0.038832589649942469
0.028548044972771129
0.026469587434249878
0.015312991522663843
0.014028224401131018
0.02121974664992942
0.022088151960415029
0.012643760138321128
0.024328813978062663
0.016518730794451163
0.017491747884936262
0.02653873668600425
0.019090336434660345
0.031422942577003836
0.032197399236314365
0.041754983428784018
0.012485123847815815
0.018917608184077485
0.031656051472941267
0.04279482369686885
0.054574719393814912
0.027261902160182747
0.018368206396557979
0.045585938694761123
0.019329357828184377
0.048455924368873748
0.025226081133487253
0.015953735102189046
0.014242962913849142
0.0046345186034970143
0.033403675738400335
0.027229946117837106
0.0056368979505998056
0.0064018250283418045
0.042351172378061568
0.035501056348060181
0.040092899930807939
0.017547306185990989
0.025533430782655565
0.035666933895264992
0.022198794345285149
0.0022684925687544342
0.010226422216912707
0.040369249745301809
0.0063220082224985192
0.016205458327225822
0.0087410770998004299
0.023910719149764895
0.021101241552733636
0.026114672988857106
0.018428849526262541
0.028512709142965591
0.027439190721909094
0.022714568479296808
0.034691046649817071
0.032871167515134789
0.025955221490697702
0.009282997314843432
0.027263392067230163
0.024705238498713547
0.02545925477677731
0.029712845050589288
0.022811274602122511
0.013171438153220007
0.0086778576367859302
0.041331740955962974
0.032632364748263691
0.020759097063874934
0.027184535581770843
0.010648473801234891
0.030952474780679102
0.011232974122380158
0.028809890620200281
0.026585973666303987
0.030749204411616798
0.034840009465994588
0.0024773585889682546
0.024834531833669609
0.016083068220852141
0.016253192182456293
0.015727848215372372
0.015012412593881233
0.014918959416377655
0.019346056236455501
0.0075593150307299694
0.025424869761789613
0.053330216182051776
0.023888414560398814
0.017955135011539076
0.02218936216779975
0.02424220320954102
0.010749998491355455
0.0088993091934162823
