0.038630476992561516
0.0093620998468181733
0.037325102581501915
0.016864805817437489
0.0083377917736183072
0.0050216300463639908
0.013061546858847851
0.029399977972561157
0.011410508291015985
0.018032221601370167
0.042238833635577358
0.012452840998096999
0.01815856108188775
0.01564494492793523
0.046455884151771459
0.018886859459030507
0.01841391242159238
0.024354693827866192
0.014729164433806017
0.009752776214986391
0.01872042705345861
0.01587744876505098
0.025114181287346909
0.026572590169702134
0.01397037745122009
0.029757622673102682
0.038592162219064044
0.038183310308932322
0.025771225304851059
0.01817520485534966
0.011110492014214627
0.036681719672855162
0.0055619540457412789
0.015384651770720235
0.029649883544767826
0.015020688398503863
0.015605426982823821
0.012883585400937854
0.0050407623845355647
0.022926212967118137
0.011247996667019805
0.023264496970768263
0.023098459094232204
0.008342196187608078
0.025354626058307433
0.016367921351695115
0.010433551410518337
0.0042356871767293188
0.0041949206119545083
0.0098626730971803356
0.043818742228196546
0.018190198852892629
0.015290426538529174
0.017930092401225277
0.024299810323519126
0.014903618051099552
0.021763047588547229
0.013958357852918062
0.021210849582690341
0.031605139778090194
0.0080815920555664979
0.039065733124522287
0.015889607348663053
0.011594565193219457
0.02467583982282652
0.021002898246332159
0.013427101607176861
0.0093444703781480933
0.01104108093080001
0.026662868063542206
0.045488222694553541
0.042987386716775593
0.029561617109556175
0.015866824047432768
0.0090853659038627015
0.016128666341809712
0.018126241623594615
0.021893165493572564
0.017923446832658729
0.027284847634253061
0.015335032784251289
0.0097538807868229275
0.011387068415435164
0.010516717384984471
0.01932523636582377
0.028191252476688952
0.011449283406859558
0.025334143569176851
0.02612535269096556
0.0028097050304473786
0.023707692912374279
0.027918264635310424
0.0068752693138842708
0.012323458463615324
0.020437490465523882
0.020366793683196407
0.017188390602442444
0.021699907926695617
0.018045860076429159
0.027211672285381749
0.040307486437130523
0.025832386409285937
0.031752806740922228
0.013958913969324447
0.02693966204770298
0.070065769598753297
0.019493886800114428
0.027439467626143684
0.011487740545054867
0.024760650455444389
0.02852710005179496
0.021803802241400792
0.043419579292210415
0.037166552742141888
0.056317060407092875
0.053951241213903156
0.026269323011782971
0.022589675114615172
0.0074099395881896133
0.026544039491822539
0.04424079715271486
0.029843737801894317
0.022966127209261389
0.029112884411963719
0.0048318735436960027
0.046936978453158362
0.026033343923694767
0.018146533369112202
0.010831637852036457
0.071438501363309842
0.0077385016819453692
0.038037100647155674
0.028538124349991895
0.016424469813716584
0.0045888875348811245
0.028600605535839492
0.0058893656850249609
0.015102389241977838
0.039587192102519923
0.031232013670557852
0.024142084108109304
0.015866166747156303
0.015249199545542231
0.0056423594448684255
0.022448409898410768
0.0068572346251956039
0.037282919419385309
0.01372625148258534
0.032534636442338102
0.014646349480839111
0.039270570120243181
0.035717401770665687
0.042880631302956676
0.023454006300560659
0.010240903561357099
0.027637432313125584
0.010408284736603669
0.013774963776965084
0.021773873444998735
0.015001693271056727
0.039074457333785478
0.032577203633064752
0.011515632697377692
0.034071849929431144
0.042550954937590139
0.0061976730457160003
0.026830486730791483
0.021522710172366927
0.018071608540898631
0.028541635166869892
0.031492452719719899
0.0059836142363524653
0.023286908665815158
0.03920803975542031
0.019903606329338189
0.0402490457071146
0.025407365082164297
0.037574074293712748
0.0081498717183836923
0.020419940662009205
0.028864415285600614
0.015696483832306714
0.043050978570796906
0.042210935021180715
0.011852675777634042
0.022093137248541797
0.018776074317961435
0.0057518218263323878
0.022449823656259249
0.014580613559300303
0.048911827665533543
0.025945819367194641
0.0097946958725078238
0.040953485765432736
0.018478441431069526
0.025110486301113899
0.043262875842394785
0.0087089085933407355
0.040679845907050198
0.0061030427751215272
0.032437033299903321
0.03586567487840555
