0.026121523591532216
0.033711958240884576
0.033612008442693991
0.037659192408746447
0.0097659094204339946
0.022140534749372498
0.038123240987752896
0.04834789676041977
0.0051455095876556259
0.032093614744762418
0.032100019764718206
0.025000322411010575
0.031526857756489203
0.014655541830891853
0.03210006751578133
0.023189618777123385
0.016488532560878639
0.0070687583527071123
0.014996978916394852
0.033440194957310439
0.012921772546857682
0.040718028938802824
0.0094308168941829498
0.014329823389073655
0.021504848451109598
0.016543586613991086
0.021519867129378128
0.022752317643166122
0.026828608281373685
0.0040505324157642528
0.018605162206187319
0.02195496716448328
0.03608041066625995
0.014702532670390492
0.029393200721303157
0.010586636571831735
0.024144500926323288
0.010917224279991125
0.021681710838212638
0.017823582760967276
0.034717372912409422
0.050820872827002712
0.043072687250639972
0.032842602829819365
0.023510424941800775
0.017487403110254974
0.01283620995338559
0.015116147871019595
0.017436620248657757
0.011663675186664679
0.019074168664026926
0.020899822273380463
0.022154714704532657
0.027830145662083028
0.051819516063834142
0.0067745492216630936
0.025844193498309066
0.0045214075909400901
0.014076093824443461
0.035887260774571612
0.014827480376340204
0.018743106067609414
0.038513824352467703
0.037112134193013117
0.025296107658161853
0.014594618500119266
0.020073234275129938
0.021552653559439548
0.031975536748570343
0.033527738086825049
0.0099647637205339274
0.026991730402760757
0.0061083120394923281
0.024062818146672729
0.02640767440236853
0.033843603397022096
0.024032792790457159
0.025310690761836702
0.0059699087405192686
0.036427630146731588
0.033428444866400328
0.020002888178877555
0.033143538052888895
0.045408849917656015
0.018238580493797174
0.033916368957513189
0.022007418972994228
0.039848074009928264
0.031967821283352751
0.04823830031176498
0.02656848038067915
0.012560562361199254
0.035555233744658903
0.0019905092724464119
0.019017580618533106
0.058698903124085315
0.026283907813663309
0.010215386535462667
0.020700372068682003
0.0030655579181381653
0.019382048654395016
0.014737433603756881
0.027485731520580186
0.029834459630735784
0.02033934375060301
0.042322049941260598
0.037880815046567054
0.02648537727892894
0.03849083462365769
0.035939746250245548
0.021731910545020605
0.037502801370148921
0.029553403023888626
0.014089745679992514
0.0043716305520458002
0.011900700825112428
0.03155032352925715
0.01715406208056567
0.019473399078792589
0.0033593968833091669
0.027619151780089234
0.023749151084247515
0.064783605661761168
0.026107496886655174
0.045180297783969078
0.024251505208027841
0.03855266703267099
0.023255943668664833
0.027434807864368103
0.039726809202361463
0.0040732838510835695
0.027270584960860239
0.040667275322767968
0.028888718833591079
0.034492750747680739
0.0115404319746704
0.013370783777814272
0.052856230840441262
0.03006323861315879
0.030966842035093735
0.0025531399925061492
0.035182602408393278
0.017045391865947557
0.0063739057262082325
0.020025848593002677
0.016432856812262656
0.023156302261199108
0.017308605185473443
0.014989145930264739
0.014685938826558801
0.01190743006545327
0.023319079786822385
0.018244917846586092
0.021006188808834703
0.019636247655812282
0.023187578766384252
0.026831105919525058
0.027698789019119509
0.012448438724408803
0.017380729071596608
0.0220644854901678
0.013511845745216543
0.025552456870198702
0.0078509771197123462
0.023682405907278509
0.021602582050948421
0.016227366376762295
0.023277986744954099
0.045940774965121514
0.044359513581852077
0.013587385508922923
0.043775898628485486
0.020054123719823236
0.04955039042711095
0.016544758093915132
0.034685939631818319
0.023196423394018017
0.02933805887113131
0.024611565143934401
0.027210275851994054
0.011476795945050512
0.013933628187676038
0.027927680857423406
0.035584034803741629
0.009870588427465167
0.026399461938638055
0.014908294427490516
0.036090856267119949
0.036035762577757327
0.013084313982220415
0.010393135804752061
0.046972507224519615
0.020022390132285434
0.011830525326512626
0.02556644863368698
0.0051459607647113704
0.022513751324872735
0.044401218374337678
0.044643217123445385
0.025893337234154389
0.01186667931628744
0.017221265220568993
