0.067572872843128226
0.11291029597641157
0.050696440489807433
0.13081902693595529
0.13423802312968297
0.017734483100975158
0.15360366770949122
0.07011561292779378
0.085108005811331308
0.050240114346067219
0.075784548726894052
0.13041156611748503
0.068074592414422874
0.012452257631329872
0.15068266208248882
0.020056562697968502
0.098733254600303286
0.028124855503641598
0.095076301891951459
0.052322397650335646
0.11361509486611425
0.071154518868657285
0.09057465571838369
0.13226441919116982
0.073634431059309169
0.1474032186547089
0.07711107707479152
0.071986962557104767
0.069479380901124446
0.045654413633096781
0.027386871623854159
0.059731676104974006
0.03704663635011976
0.041755031918035167
0.033246640434605519
0.061027282083609601
0.050209540079826954
0.14420538490840459
0.024127939553982555
0.13320809049897755
0.048734532721451541
0.16936831954013401
0.11736087453023987
0.084816326582907151
0.032371347801099543
0.10979965659219723
0.11335425368347041
0.15058789043051235
0.11127520440763877
0.15801537819497033
0.026054386979429824
0.19900037441847851
0.14880786839691357
0.12599223048531427
0.080954735219327528
0.037922826171069582
0.056369675919709032
0.10039339785086765
0.12124942142978334
0.19343768112746387
0.097484808765383235
0.068240760505412459
0.076245594858963969
0.043780630236922885
0.068747980972814246
0.19693763222603938
0.14542109203199816
0.068647974081052512
0.024427795526459743
0.041772043110616094
0.036809005914735037
0.12494218944174228
0.073014543945642885
0.10702085928771443
0.16785380675057834
0.042006091379621927
0.14019740146742427
0.15108060414487581
0.060282792760138447
0.02946957906631038
0.071356678774180726
0.10271898663119416
0.11279888552681887
0.15335579268871816
0.16091042429136387
0.058637003859483443
0.058769787702339579
0.044581880096953394
0.056568805476562366
0.057554062456842872
0.032499971639866947
0.12913761164800458
0.070670905842350196
0.14064758396119073
0.19977849990960705
0.064880438308799485
0.030538372673647819
0.0636796680571656
0.024732503481818765
0.08705119785338894
0.069435199801693506
0.019391804501267616
0.15637352889056572
0.11889448569471039
0.086303519278667792
0.12418889458286332
0.1211527967763642
0.10909362287618167
0.15004238248807925
0.084345931832023519
0.12685042214720585
0.045460472714468673
0.029784040544390641
0.04541542768347423
0.10641253297250276
0.11429779955841152
0.078257972457635022
0.051637730635529393
0.041456024432282461
0.22333350452489348
0.13761426763165771
0.063697805003313734
0.10145617338596093
0.075122693213405867
0.10731411739262435
0.16726582069880377
0.16299908690624254
0.028637693938696075
0.027943522687783575
0.10467161467009264
0.113032907626323
0.095820644346301678
0.088048658570108615
0.12312984850691649
0.078720790326719789
0.078606020740878496
0.046562656144540013
0.051602594436368734
0.063785619852864253
0.066771655454450837
0.27264774622559418
0.066023198134313635
0.066901868352815169
0.083056372113490956
0.066444162069264012
0.06755491768730304
0.055419330691384529
0.090226423691702459
0.055778632478336268
0.13054180982380109
0.076337386822986492
0.21607175276635862
0.044030289898038005
0.017927114680436583
0.10429382347670779
0.14840339082360199
0.15950500961196692
0.051677166708838665
0.17249851571904806
0.1656157478244476
0.068066355487704441
0.092351822417989754
0.07524626497199409
0.074793258190268788
0.1233114355987332
0.21516109983165224
0.14010937484121166
0.022454162150659384
0.055812573978303713
0.055806261608037602
0.11684023282282015
0.16552348923833482
0.083968536250329101
0.11501721751860637
0.062451092160414647
0.03860713066220943
0.049440277678165237
0.056861175957034375
0.10019351450278018
0.053812080262693338
0.11684249365047852
0.038061302310618675
0.087417165274845776
0.0028790031478765528
0.030092823980884306
0.099249204901053198
0.050196551256503415
0.015596113630578851
0.02935826551743553
0.11159419248264113
0.11730453942801598
0.077298227613002785
0.047528155279848203
0.014115537151593196
0.049176445816079176
0.08321674277715245
0.043757671417525276
0.1085878034449697
0.049810761067319839
0.080167856393243073
0.13480770750739729
0.047947727364616236
