0.0060661237844682209
0.008657139557762537
0.010738935579644294
0.0076767935687378167
0.0018643791638132175
0.012584202560686045
0.019496263754858294
0.011703621978270651
0.0076957087883407927
0.0077149051297594447
0.0028506016027291135
0.0059935126571437755
0.017618843913596752
0.0066165687872608916
0.0079791989590081037
0.018959460491269033
0.0022586966961186433
0.0073096873256040295
0.021279942697514848
0.009160146633733551
0.0092144606228692066
0.013763314480948741
0.0073933678112428026
0.01005518346708713
0.0090781481511484317
0.0027084151469647451
0.019457922738360632
0.020529293176843731
0.0033338347389557468
0.0083266293038438931
0.0036489565322905281
0.0033780018853151335
0.015202580908579139
0.017920618002425972
0.007941001751607904
0.01130949158645919
0.0040657195332163831
0.01326845166223877
0.014866433114086182
0.004286591902027302
0.017665288309058527
0.011518811177787639
0.012155255163843484
0.020657907096248651
0.0061312899661583996
0.019817982297269665
0.0075794653126030984
0.013034589403757086
0.0075557355471424174
0.0049909836610817215
0.010520575000263098
0.0069472083406683502
0.007336557036114434
0.003568388192235906
0.0034042166796795226
0.014311518683759133
0.025815518057101638
0.0014129077360821283
0.013626189498488771
0.018851153459560423
0.0098485862737979196
0.0058161150158989958
0.003661629110501035
0.01451294161708414
0.010589868268121168
0.021304947207882292
0.014121606238480338
0.0034885913428359537
0.0040668261755194947
0.0076975192353105019
0.0092582566937193557
0.0080959843872988341
0.0070424384749192496
0.015296092104489128
0.0093110942175992067
0.011441334480753684
0.018959643426869167
0.0025454680574514515
0.012095810357742973
0.0066417409304995361
0.0042149542291205714
0.018229710119053284
0.011762108665752665
0.0049148497047070408
0.0074778949186221199
0.011523415775662319
0.0096139188562762695
0.015972651758840991
0.015333304048843645
0.021253834827223067
0.0051882744711830488
0.017404794352188915
0.0023100138108473793
0.023950472937968179
0.013759696154888878
0.020444282241145268
0.012068271316496728
0.01926477413979653
0.014024153290684386
0.0049588341734839855
0.0057176211257727498
0.0022765479860983213
0.021097504118177703
0.011411140015210838
0.0024035643317628142
0.0090794018794247682
0.0086453825699464686
0.0072714253053018305
0.010718035085959287
0.014137003278299514
0.010183705061749957
0.0094081406428563295
0.01710774793141159
0.011408968057234601
0.017407207932697653
0.0095461199407157332
0.011356757397759801
0.0035831324882731079
0.0075100436298308976
0.011569844053449879
0.010613257112054663
0.018791911778481024
0.0040199918836975957
0.020972800842201895
0.010551206880144786
0.017284355337273238
0.02237160494161541
0.013082670550301162
0.012671324175648729
0.011402155271743373
0.0063856714865928007
0.0073243490377888562
0.01712255581426007
0.0080816368519470716
0.0072626964089281898
0.0057910551486359055
0.0072510512450570967
0.0079382664192564102
0.0090818873113482339
0.015620192239537544
0.014428720668125462
0.0023719835829689455
0.010259103272590856
0.012985757296281273
0.021514812161799419
0.016257119126643738
0.00479630949213061
0.0037960496211497685
0.028014286815805266
0.013274255263105319
0.018431200853195589
0.01001280445879779
0.0092576563277091024
0.010779668902920867
0.017286504801007765
0.0093613395108569468
0.018313698209364713
0.0043052425716393668
0.014376955097141155
0.0053208348117971
0.01404282012231629
0.0067044675022958087
0.0075389083663502448
0.013348311372717244
0.0038890381138804503
0.0054281786731186421
0.041299207082488083
0.016617157051733295
0.016849504233375546
0.0075142624450040135
0.016922265473351149
0.010622153901458082
0.0090093235497586566
0.012605415431290679
0.012820323408984589
0.0085312855110925429
0.010312341681125095
0.014340057929788775
0.0087910878033184547
0.0069146348286378253
0.025302725075776671
0.017495185843542791
0.019452484528696197
0.019212457227872494
0.022273193791883559
0.0054983733445823956
0.012497929028206333
0.015065502494697517
0.015530872501739627
0.018465911485986513
0.0075583195203738742
0.014226552167976842
0.010273387413611538
0.0099335645300996488
0.017210780952755734
0.023974883211915349
0.015816281224345478
0.0095364859837333577
0.0029299768878602744
0.014116611058183225
0.0083586368765145875
0.0075233548071207499
