0.011679624905925964
0.020412981939218311
0.0071495651711722622
0.021134073419804701
0.0090749753677674683
0.013804200518231688
0.017695353757836006
0.010269707279839845
0.018320024281068898
0.015164368799087244
0.010004790179573087
0.0087844570018132517
0.0060089196777225627
0.015880404612942926
0.0089017161104735735
0.011496825100895849
0.020781635913297923
0.0040480583786819992
0.015138520144535886
0.022929913684174099
0.01238776499181137
0.023545787421982097
0.020781989134680431
0.0051620478602016611
0.0089035056508900371
0.015450759886296362
0.0075161593008121154
0.010284768897089376
0.010822773636859689
0.011589118354387836
0.014659846214207838
0.020951536237970532
0.013398931404742197
0.0047139049851871789
0.019010642161521967
0.013711080675574793
0.014957899230851637
0.0012427734135679938
0.0043423673265696088
0.008203175543118028
0.012835684856112192
0.016378885504372279
0.012414255041938368
0.0048174921686058381
0.0098531717403413984
0.01139483771722892
0.00049930852042978885
0.012390872080466298
0.024573267167149197
0.017005845351702568
0.0060400020656493497
0.011642240776979035
0.0040697011781203616
0.011730361178319933
0.0097523939910664267
0.0045817761760530108
0.018658769050804342
0.011762998686865421
0.022497619538323629
0.01855240921298781
0.015408326621434026
0.0081876316475827191
0.016043756339131333
0.014707154499352235
0.017836409594167549
0.022399886216782995
0.0059930002689856359
0.0094651301618886071
0.0048765273229909268
0.010802123730768517
0.023506660113248902
0.012811672942200132
0.0061611198751584401
0.0087445881900984554
0.012568077731119334
0.015036011492919667
0.02028900496286656
0.0075214231057177203
0.0074691329324201462
0.019555724239237487
0.0043215999367440883
0.014350814553661996
0.010706228827967493
0.015234324140434687
0.014796110304218615
0.010373838267331386
0.0074444736600576206
0.011040851286905093
0.0074230869215687429
0.0061929884934511679
0.0050097974380580099
0.00980354935040075
0.014152516508332467
0.015722517388159062
0.0082043530922658644
0.0092854961664036069
0.018503653360668802
0.006964953887736232
0.014332584923732367
0.0019625718423469537
0.017550060414796103
0.012035754159293604
0.021620953513663249
0.0096066476153532677
0.0079697216983854024
0.0039377927026457366
0.014241517709357143
0.010237192510312108
0.0091787374102056552
0.016602602609553548
0.013438445653620817
0.028018901340257692
0.020217947139454805
0.010964267928349505
0.013050803687115101
0.0067422510090200489
0.015505300371115721
0.020079256857134343
0.010941539870150469
0.014327260861555282
0.021241334775637614
0.0026383155460477157
0.012375954917116998
0.023938075934999324
0.0038465172551862855
0.012496400637968294
0.010077700659896202
0.0085558822261213741
0.0085792143239767811
0.016409469823784953
0.010589869421975779
0.0086535929515060509
0.012321876897574932
0.010773102755687462
0.019582751657814208
0.012605584491322921
0.012932782619817089
0.0097746541293734501
0.019885645714416571
0.00075676383804693093
0.0059619994830599167
0.0090813627152090664
0.0075563246711855339
0.015983824051972399
0.002647495829481534
0.024296403294830848
0.01038019484560008
0.011720069211837155
0.0070489682239528303
0.017259746293732458
0.0071065412117242779
0.0072250332730231437
0.0081383034038410556
0.0041041506006668938
0.024165487406040419
0.016760723378180006
0.0077671109021194493
0.0098973771245798071
0.016599973653318653
0.0066486399759344127
0.0095380349225859928
0.020115860346521353
0.025413912234705509
0.0074445042128527617
0.014846749597791586
0.0052122603501067958
0.01176520543125536
0.011890342679737487
0.0097158127510712702
0.0049406728889596647
0.010385356180184985
0.019917397197247558
0.015549598803058893
0.0018049422288570621
0.022569374235995969
0.013603082297542238
0.0064227587948577514
0.010955788778266043
0.011944520271669078
0.013959942366026476
0.0099005056035167543
0.010349507524657974
0.0093931379229875538
0.0081089971501507475
0.0126302154916344
0.0035872385430919577
0.00698115565940191
0.014974240850462079
0.0066056076281240826
0.0058545828413625435
0.011971095159032871
0.0042241987874751044
0.035586963679564466
0.0063487292049550937
0.0061279498606260641
0.0066989250628016637
0.025824498716136422
0.0041852570742945483
0.013035638930721811
0.0064119305509514335
0.014331831865592741
0.018402653988317853
