0.0072205555093779183
0.0036879518360373475
0.0038059928743617378
0.0050156555969084783
0.0055690031151189676
0.0034039162648493624
0.0043310848855259588
0.00039384292165607984
0.0027452278665948508
0.0083607820355288808
0.0050574585561762083
0.0021751057872330085
0.0025547596091109273
0.0022484627905568597
0.0073703658128047604
0.0033011219027533146
0.0028141498226041499
0.0033490288543311193
0.0071095353909693413
0.0037903626035739723
0.0019300959292523371
0.0037916090507050869
0.0045814477590493362
0.0019878473065315879
0.0017177370894777208
0.0074075797747813988
0.0016756888044224658
0.0017053996620047193
0.0040506854539094292
0.0041042943634203022
0.0035146042483553538
0.0048067877455819363
0.0019679659076680431
0.0049060869550473472
0.001107342412562295
0.0040339353536944303
0.003777189356321754
0.0036084315126146569
0.0035439315784597343
0.0019333177256511693
0.00077913040756379885
0.0033647838666928365
0.010114126629332683
0.0017253435931151371
0.0074784143158018387
0.0077413176588176464
0.0036510925232719313
0.005973706411828943
0.0047285766734718191
0.0090688135743664175
0.0058405675274719017
0.0032465728244461642
0.0077795597425362583
0.0024858428891406637
0.0020385434560364706
0.0025307330698755622
0.0081484875551200049
0.0034397415671576378
0.0063777934484753416
0.0054909494518467017
0.0010537843470065425
0.0074990146026123481
0.0028705630139112814
0.0054908983145444054
0.0041277499201927787
0.0021812984347715303
0.0029965572365159079
0.0029244061459064823
0.0033989591406948386
0.003522732749078143
0.0059593078042955109
0.0026048725287927859
0.0023080327106637195
0.0035997480753385473
0.001296924370717998
0.0076701981814132156
0.0036025149944595484
0.002529801343868232
0.0048558332259181327
0.004169346274029497
0.0064260049060801856
0.0035164299021892666
0.0018369778648944968
0.0046469255089877457
0.0023953498856309017
0.0055473643285646928
0.0097731037411518951
0.0034822258322837803
0.0021796943672883306
0.0033018645329609413
0.0017322462819108167
0.0062039573648348919
0.0054671319405235402
0.0087974429279142272
0.003643641473209217
0.0047401327628117896
0.0057839768916753938
0.0016118957592429768
0.0046402868817690098
0.0066225591080001497
0.0062719068630764877
0.0032573792564769867
0.0028630268910286153
0.0056628944265499064
0.0027233884953296789
0.0018503136757875237
0.0037576786107016108
0.0025841426244048206
0.0035630320262467732
0.008877041389993106
0.0065722965962496044
0.001866235323841459
0.0084189810160109971
0.0089230720715832972
0.0017886045145119481
0.0032607028634963845
0.0040027042733973535
0.006246398644746123
0.0057398511898267253
0.0063895742121824785
0.0031146670292381386
0.0064326850392620065
0.0043465787017869639
0.0039630491991743148
0.0064440876807540376
0.0019298150600516755
0.0068952536478522888
0.0062940092835118864
0.0095084368765297623
0.0074719597944607093
0.00086115987408217883
0.0077503147278782892
0.0063987301655364249
0.0030126104923139229
0.0012789700674288196
0.0029619132612669435
0.0042886305795388612
0.0046628414137929869
0.0067462028424985655
0.0092940033415073089
0.00387561544036786
0.007032430874918027
0.0011319390947863064
0.0022689851458205313
0.0041760493462888243
0.005651100303478789
0.0038114753202282987
0.0068424648110581281
0.0098640158412531508
0.0093027004977678483
0.004310298717617754
0.0054059476472828466
0.0037268928154625923
0.0027696949567493712
0.0045882811298533568
0.0035442257459819635
0.00512033198509041
0.0045084696163295778
0.0054419628112573979
0.0088100509351791371
0.0047318587887663485
0.0029857360202044285
0.0065251993358434708
0.0034012176257707735
0.004194472436600114
0.0047086009139855004
0.0036050212628992249
0.007915437340469603
0.0053763135037831061
0.0077645051413861264
0.0054155728743249826
0.0038322907457260091
0.0057735293594701172
0.0042119413705839995
0.00098828636104981906
0.008626446130625803
0.0030783740859292763
0.0040162283173256373
0.0016699850160448828
0.0059300998446152478
0.0055224059378277878
0.0080549315966113848
0.0020027749603138238
0.0045253373551910683
0.0011969401202474778
0.0079824223973306071
0.0094447916342538744
0.0020671847253549039
0.0029074354313442037
0.003449668431692217
0.0044009596563725321
0.0021676752131236056
0.0016566762444651531
0.0023085077437694202
0.010255692848344674
0.011890462556828321
0.0051160406647432193
0.0084786971246132922
0.0030626934189225742
0.0048389351108022831
0.0019010060531353668
0.0012957896382643276
