0.0022848489919545536
0.0057003858850182111
0.0019580625524211444
0.0024704581231683636
0.0052229211803682864
0.0069524516893850674
0.0055920085845216237
0.0056381250789499853
0.005234046315196951
0.0028712240005061567
0.0030059461248917456
0.0019661280682303755
0.013298480492167088
0.005500383372319291
0.0061144504952463947
0.0054127271430849857
0.0064132987888781221
0.0035567247585548624
0.0071128016924458344
0.0034478281833021352
0.0045475908935913249
0.0050647370454374556
0.0044905789475490794
0.0034449481150919839
0.0009644164872687174
0.0044250433805953053
0.0046395385593736823
0.0023404951747610318
0.0031428549940769948
0.01172174985271217
0.0056553808671357458
0.0060917528539478826
0.001520356928442889
0.0007258766887903045
0.0017766676975766982
0.0086778632386639125
0.0030202532819914485
0.0015369953650102176
0.0041017986754191185
0.0024796163501061186
0.0037842483628725328
0.0050451986357224815
0.0083142976374768977
0.0057367561974413644
0.0018546370294691232
0.0028312740705843244
0.0049513015538721165
0.0072409130058210093
0.0049360637432913704
0.0089700879763872105
0.0016958622577083059
0.0026948125815176209
0.0013464999293369168
0.0034197990547594199
0.0078794142370202363
0.0011863699546693996
0.0044636346922220507
0.0031216881687166605
0.0055249107666942351
0.0046242076131114739
0.0032789342726372043
0.0040362703384960279
0.0039372400074233847
0.010439255288272758
0.0036420144499863844
0.0018497457349776216
0.0054347725691167746
0.0052250504237036843
0.0085688050091229633
0.0027428119483973619
0.0052065142534164447
0.0038255848916988536
0.0020844662138639401
0.0036266528729034446
0.0044255208395543944
0.0030126346593710635
0.0057444533730786791
0.0042895663712508745
0.0021676996631708736
0.0032234299061018657
0.0024223929764834434
0.005377671843218774
0.0014198134251810824
0.004715569285982932
0.0020565041384502858
0.0063731183405768364
0.0050484712565810243
0.002423176570544432
0.0040426172609824788
0.0076069895175307619
0.0095070722799442901
0.0063512973505789605
0.0069014972985815964
0.0024597387616602457
0.0047713973072393565
0.0011938416210954285
0.0008778603945475299
0.0078483658765628028
0.0076561140592174646
0.0032410029563588994
0.0033947976202705391
0.0051997728570656754
0.0037621714510496728
0.0039727429223428319
0.0065025940585586341
0.0030278718748639453
0.0016700238368001208
0.004928017534299842
0.0090329636978047374
0.0048094323392636768
0.0015008057531759563
0.0066018003293891432
0.0022100839279449742
0.0065718446254264306
0.004741761855657829
0.004084480560387716
0.0033104134177428172
0.002887111396626531
0.0045734898185354452
0.0051915529484393534
0.0035700079563645128
0.0025882912890383826
0.0043785170134765855
0.0042777048862781093
0.0077415027224776618
0.0052633391867249781
0.0018773935065519876
0.0032427817615933454
0.0032234718999012233
0.0017023884666274266
0.0017970623224523739
0.0033372856978311429
0.0014482915064281926
0.0039734549618494312
0.0044766063179739442
0.0074274132915059226
0.0078607617535200163
0.0018216640509310189
0.003669757934601251
0.007820834825610903
0.0036039420261620323
0.0044664217590492878
0.0022743960295065185
0.004922753970113606
0.0013792073928543562
0.0093998119347045196
0.0058359366388333082
0.0056432322151388041
0.0064317139687133183
0.0060342655172590355
0.0046269436233539159
0.0055598117668920286
0.0046317488971061322
0.0044050900345372771
0.001411876493153849
0.0058281019800297757
0.0029339811968275985
0.00028147260102649746
0.0046932436421825152
0.001225881722529026
0.0068460641707610388
0.0038060198772228342
0.0078048140833785794
0.0034078875188740419
0.0076646441112664405
0.0074827359519173678
0.0093137020815320052
0.0037295566006630932
0.0072759020759070089
0.0023489854995463657
0.0052698462344399136
0.0018105281523642335
0.0012988630131005525
0.0070215228953923892
0.0060469700890984019
0.00083852799329256521
0.0045895547813780578
0.005620333588421355
0.002247813529174341
0.0056940254242302552
0.001857497713985089
0.0029795922234326618
0.0036288457508439529
0.0090806996593473851
0.0047764010878442106
0.0042638270759539952
0.0031345913832156636
0.0084502653304682207
0.0034274784412796433
0.0034595019744456099
0.0034920011541651882
0.0027812443185916986
0.0086641736446525768
0.0025126635631927451
0.0023040705884408239
0.0039632694043563003
0.0011640558989572652
0.0040972105457015443
0.0013569257694785507
0.0087266317367910729
0.0077373565673179929
0.0037433777911829941
