0.026611565114850917
0.021142122234289958
0.0087748058662268907
0.010249458207217402
0.011525764968862252
0.011014292177477713
0.012446195712959067
0.005989242779068751
0.0033154683863595939
0.01258768560700569
0.00091686238913168874
0.019837271066141776
0.012657848499673783
0.016099290165908074
0.013054279110738323
0.020690641531289647
0.020097733728581466
0.016555504020242459
0.006053612288749447
0.014367146128933769
0.014371433074759649
0.025927620749185431
0.017140997874505241
0.011396834550965197
0.013818634729231569
0.017337837068584376
0.01543362832144193
0.010581842610445454
0.016460369290002521
0.006909248152939057
0.0059771425063851044
0.013601648135898269
0.0065094295806547367
0.00078731393368809048
0.017119493020158603
0.0026079893820135413
0.02227533429516261
0.026283528407859833
0.0030431163348502242
0.014153416074457753
0.0059210821637598228
0.029046321604900005
0.014826155635328509
0.019331168662233996
0.018841159044520814
0.012799712083308448
0.0058131405238018262
0.0045718301550161612
0.013191060989970846
0.0057122526539806727
0.017316441761746591
0.0018502433316757926
0.011816500072220798
0.01152335349695399
0.003195149666004423
0.027822094797235117
0.012308032071385476
0.012100507252181831
0.01627329334782841
0.017465134324095275
0.0027595252432272197
0.0064507083079616834
0.012741620099618633
0.013419108520674501
0.0087554771291285128
0.016225398059818992
0.014687955560585431
0.010331189052277688
0.0067686448479054645
0.009637802140861856
0.01589902973584803
0.0040075980093831221
0.0088503135394499364
0.012298566048783295
0.0026503286430189853
0.011683794748310208
0.01543107735628693
0.0025752575209922342
0.017175928094175452
0.0037596779729854868
0.010086193789222922
0.016106947145821664
0.011357885025899636
0.013706840187107595
0.013270659891533039
0.019097380610444071
0.017364217636144041
0.019276076699786284
0.012179422112180281
0.01475031990488925
0.0086360913517721689
0.024894773652605385
0.016859781782616715
0.011847259392371263
0.010500325451105201
0.0023334784279612449
0.014326581307242443
0.011308708669395045
0.014373394227422613
0.010291887133809329
0.0022958206539279735
0.019777267680838262
0.0061855874833780192
0.0059316530509126095
0.01212597695727889
0.0064391658550345243
0.017096247610582628
0.017127918975549404
0.011372825237097537
0.004050910655324467
0.0098006310238348947
0.016526200596198286
0.0092052102708537076
0.019536554047740861
0.013157826327880005
0.0086485942743111856
0.019925649523364997
0.0082143957889085472
0.018607123481142684
0.0097679285708829888
0.014042798452892913
0.0100264678863891
0.01382509937356396
0.0082338946324383017
0.020938423895146517
0.011930419989875495
0.0080190177944552202
0.027184891275732984
0.017098599872035984
0.031672776606154425
0.0021661462833784889
0.0046662790917796834
0.0096586257181522969
0.0050345154854325447
0.020573037371310294
0.0076968340811835326
0.010920491170025061
0.013859806614070103
0.020569161805312909
0.019030644357285419
0.012758226173340277
0.011275614282589254
0.011952414399879634
0.017491902921108488
0.016530251241373854
0.0028259361690016055
0.0064491393133923403
0.011731890935583458
0.016679211152434155
0.017700623938738815
0.015440407961331493
0.010489911517138873
0.009433856337898474
0.0026630371356436821
0.010630076817958915
0.01470661751143959
0.027745794700386558
0.021811613245855545
0.019564755571189946
0.0074352763879552679
0.010760742022427551
0.015449797845977472
0.012283577593875338
0.012179875659665553
0.018850493589113386
0.013528730188930875
0.013380557570692581
0.0085948885475432904
0.0094956484930170861
0.017130821223780405
0.010709772615137217
0.023038113712213062
0.0095607283154891583
0.010052384170402094
0.00987970607968028
0.0090547449166739052
0.015380913235554801
0.013256202467858186
0.024044084526992835
0.0063159803339130592
0.019660188573034105
0.011785466062200933
0.01411931798624746
0.015019245569911827
0.010641743552882639
0.018411927613953799
0.015365232790200937
0.016045550395575165
0.012873110675260108
0.0078753144128384054
0.020278043431412863
0.0089970846000336831
0.015225430089944115
0.015418897389184963
0.014693955465366518
0.01711026131654439
0.010569389044709844
0.020219960888174293
0.018062001461457495
0.0079456143118673359
0.016882190984612726
0.011136418920284672
