0.026574316200745872
0.0080210582263071373
0.031110028767283811
0.017207632359641074
0.0063622459414854607
0.018247566943591368
0.011778528293027637
0.014476780067366872
0.023367179287475132
0.0024276207131737524
0.024424446951395295
0.0085474167138512597
0.015112586951641515
0.016198398915618428
0.0088056271959066588
0.028527314082280705
0.026157305590921852
0.011228007224526536
0.022936065232603813
0.021113832100660462
0.018242632028312507
0.002851267274750666
0.01137452396931167
0.0099511409912574848
0.0024333627976836241
0.015070415932901053
0.0042186266569541366
0.0074270446654470029
0.014828888515021635
0.0060692814628164494
0.016898618734397356
0.014005742854602616
0.018734433548111395
0.023676264114625072
0.021628887838119705
0.02117778596013685
0.020334218618837725
0.008156318522565641
0.0029795592295644904
0.013084321136175331
0.020598275751732738
0.016615639736304932
0.019229925209082028
0.01420721762549014
0.0034942022375105586
0.014607319495841837
0.025404959883900975
0.0078056269491345179
0.0043935947864479196
0.010137117787503492
0.012349082598417669
0.018626350181542628
0.0052254665856340194
0.035304953447636178
0.007474215454676976
0.012775694004075059
0.0060671148135970953
0.014892935634073909
0.0081883848955395348
0.013202899012875871
0.024436036090147467
0.022008287759916964
0.016637423468294301
0.010606019838224887
0.004556330389711938
0.021637840530752607
0.014338286472832687
0.0078232703435003291
0.0049525045458079231
0.013555330658627783
0.01506569653352503
0.013551121028480806
0.023919199675183685
0.0026990079260953317
0.008425611274229668
0.0033014896025019562
0.01955235936029235
0.013017564870527068
0.0096992114883361503
0.0077989721509947154
0.01937596174857471
0.0083378423641093085
0.0080704130594084697
0.02033897702476567
0.0061898595278775705
0.015199080268524862
0.014038874814194167
0.018225929820300271
0.020024185546826053
0.0057898437849311039
0.0089587382736420907
0.0092240617475751463
0.016714246230283648
0.0093647295093568367
0.021434545096258157
0.0094187119481020168
0.0050418120824963176
0.0085227233954806494
0.0051944121188955356
0.0091895113772316322
0.0072985812118257533
0.02383256189057022
0.014504714046947996
0.036008875234140945
0.021950846175254207
0.0043703889444104424
0.002601465925621689
0.01059899512263548
0.013529014148565291
0.001545470186095388
0.016822298691744422
0.02391342625204532
0.012594907797832918
0.0089390797681632127
0.0086958636399677228
0.0091909183295883351
0.021906303512770207
0.013887515651646134
0.0168613532162207
0.022490807185738169
0.0080917068694315118
0.005603678469591194
0.016187780476497216
0.011674870237882067
0.01237500026491401
0.014934590085882425
0.013555888710655991
0.0091625829264908483
0.0046189694375892033
0.0080727265970093019
0.0045593781663860466
0.01223961167747455
0.0070098177277672933
0.017955282978148121
0.017819413476978824
0.011135460938388382
0.0037465653831768942
0.014453465378377554
0.0094410220316961998
0.011466170562586147
0.024527185021916295
0.012996905850259692
0.0056814640378114881
0.0077836459899104302
0.024376212334492928
0.0048668483293920848
0.016994995940205156
0.012849601908107499
0.01929408692840576
0.01965529727477824
0.006307083294518007
0.025882388641614993
0.014109524103509737
0.010313824757224565
0.012924670264035843
0.0067608211391885758
0.012699857439728724
0.0026189474496663566
0.0061368416426617568
0.0067829819355218271
0.011715797177323739
0.0091922056995523572
0.015901170329829118
0.0055252706676257538
0.016831979244254329
0.019184632994138449
0.0097326179510233216
0.0037662820587074427
0.0010271253116929139
0.021337526604889065
0.026050774232288011
0.008293993841960905
0.015197393685064217
0.0079879868516724122
0.0073141196972489825
0.020105906211144553
0.0065176246034411136
0.0067827551346288928
0.024928922245379983
0.011832001825496791
0.012902621501231533
0.0066120421849269603
0.019422169341450756
0.032082607906866338
0.02246516665251631
0.0092262356159174656
0.016891966593016436
0.013679594698935833
0.0052683180756254991
0.0084913197316498715
0.013901924550703446
0.01180967281173867
0.010551846249800772
0.0086419313864336302
0.0047507449148311157
0.0048218717519361957
0.017086402603598817
0.028999336971599204
0.012706937892926458
0.016164041637962361
0.017812562622621635
0.0082733685814494144
