0.901251067450349
0.87505713032582222
0.87481466260417706
0.86398321554554192
0.88587503635799725
0.88820897111267461
0.87774556677723803
0.88899515990318012
0.88952199941250609
0.87318463128188772
0.86032878980115302
0.87589449321206614
0.89408809023972524
0.90087380247969484
0.85542402552840158
0.87724281049370978
0.87339787189574503
0.87894217389968421
0.86195225144196463
0.85642456202832862
0.8954213217078838
0.86122486355460526
0.87021111590859113
0.82491396129887595
0.84387148660223277
0.89024678081750153
0.87471724455700683
0.87859461170554953
0.87920486501653916
0.88400095006385149
0.88515999085380304
0.88151921229695207
0.88147538359884103
0.84115551317782189
0.87702033588300277
0.87559059890146584
0.86870670002582551
0.84677651585428182
0.83909621375072319
0.84463317378467684
0.87176796036534288
0.84663527497625801
0.83148883976706811
0.85416443243997109
0.85766402797395969
0.86365112066200922
0.88360115929425509
0.89225384942649233
0.88662833425974141
0.86938354766095549
0.83835512767027487
0.86001922871263214
0.88423443039097838
0.90279907520226643
0.89126918784212916
0.87067234116619607
0.86904185776815812
0.89222506749203434
0.89035714647576536
0.86131049779484081
0.88960619765098314
0.89602677636457495
0.89523175133938127
0.89487905543180424
0.86166521748997382
0.87653848189651173
0.87383393142249299
0.85291370699826852
0.89095926668507619
0.84872488713171279
0.87753625800091251
0.82908044031373274
0.91477340311083766
0.83229265100995886
0.86704290777401971
0.86825548269634023
0.85618533558052712
0.87071910278650788
0.89545336529991848
0.88807288775251858
0.8299023736379888
0.85444520650985101
0.8904064347724322
0.91234279100909244
0.84725455954706297
0.88825751778289375
0.85231858491126145
0.87097009409730686
0.86719421460706148
0.84793695103355282
0.87605225061389203
0.84468239114389776
0.88162353597302789
0.82945882806315729
0.83781804389830683
0.84692932610376193
0.90043081047283013
0.87722241884235408
0.87745855196693423
0.90030869021288051
0.89884611864126407
0.9016001914334566
0.91453172344096856
0.88579049117871944
0.87679923526437986
0.86139653912186021
0.87915369048475889
0.88758739305450152
0.87647277490970588
0.87501655942281675
0.88273006095426543
0.85239341890089515
0.87538854418021705
0.9026200108600444
0.87808467614789321
0.8818587841888309
0.87943557825636531
0.88806729873169243
0.87855004536727788
0.86916217016504915
0.86577796650532479
0.88542723021501424
0.8289578107234945
0.82237744636905452
0.89073927028585675
0.88399887232252217
0.89002648490373404
0.86213592193938215
0.86818065668641575
0.87435878721309535
0.8925884463539302
0.87286468934572714
0.88376386014316932
0.913462180733568
0.89542905319910837
0.89975677200607362
0.8866919023689952
0.86476120173701843
0.89479521042163657
0.90220315937669793
0.89979946368980501
0.91530990491708653
0.92593468205630081
0.90460078132508659
0.89446508773342537
0.90604003557847923
0.90650287282583353
0.90066606264008431
0.90188202115935168
0.89728906923483764
0.87418915190165258
0.88424096641609562
0.8888505507913822
0.88445917639164628
0.89152050135380756
0.9195757321183422
0.88503482908147035
0.89249168140514634
0.86433379943689048
0.86342359628234533
0.88277115094896663
0.86649930800498709
0.87708390508712797
0.81508924353839252
0.82874801734102899
0.87780830772135687
0.89390408845485703
0.88685426000567136
0.82943783863507625
0.88093947232696213
0.87302654052145134
0.87623560827660008
0.86452443299136605
0.8821254343191296
0.88053151396312301
0.88048900615176995
0.90421059793902125
0.88044167141122753
0.82909860086455844
0.88813060894562612
0.90132169502953385
0.87432514096131786
0.86890430460743195
0.88356665379957122
0.9080456951364817
0.90822560355966719
0.88040576252523794
0.90522139248615985
0.88957753634971881
0.88163051722491703
0.88864869945814173
0.86035057876087428
0.90321705420996667
0.8995542839473919
0.8701263645549836
0.86829338707795289
0.87923171961745306
0.87534174606893955
0.87920837706126798
0.87076426670803952
0.86688802378027996
0.88571755211604686
