0.85595259957776648
0.87439218072636427
0.88758837991158268
0.89616860504944329
0.87093253679718319
0.88671907425373053
0.89252978901350877
0.89590043856416091
0.88989075530863626
0.85874310374575125
0.86289777345020735
0.85259061341349929
0.85603597979988943
0.89609828552632043
0.87494255828764589
0.87613213231640807
0.87373374847457086
0.84049966974143608
0.86745466698433427
0.87261760656395149
0.86410179342314652
0.87900388375781136
0.87930275103267708
0.81628439056291968
0.83997821056807742
0.87113107019706226
0.88219734521681104
0.88927348441113663
0.86084688556068256
0.88434555171081597
0.86047168642442218
0.87177992218539191
0.89729010746637827
0.89724346339619554
0.85380600109824611
0.89175467056914326
0.84554139476638479
0.8730745104676978
0.89754997322342756
0.87787756845699871
0.85254753493313506
0.88330078716479976
0.89249323725622254
0.883703443205481
0.8782844483441431
0.89193838151239369
0.87309822368732437
0.88055848393148461
0.88605595091971856
0.84431872482809656
0.86249819818659679
0.87763567581486734
0.92209625667278405
0.87746152869234884
0.89957055493258575
0.87130555085963368
0.86683354785301303
0.88428449544484289
0.86885082040452122
0.88130813227124183
0.87756803014195262
0.87215457722136713
0.86934283431743498
0.8343971693589527
0.89618847509273636
0.88462998359291622
0.88539122631964251
0.88912943502226149
0.8992100687154172
0.87463038511030688
0.89143487988461856
0.86978470272304698
0.84919019516269034
0.8938881086835978
0.86963789754279541
0.8712737322671319
0.88813628615895446
0.89001297415801661
0.88075982497742733
0.90209529793624144
0.88354964722225926
0.88006827581427938
0.87699320175739248
0.88783036875834842
0.82977633780819648
0.87605224831352024
0.8852543397117415
0.87778580263680328
0.86019586913125001
0.88948788761449316
0.84834102797921751
0.87340647296213669
0.90993487572955467
0.89665309926955095
0.85660148433420524
0.87605150169009749
0.8606634642106733
0.85974952308201602
0.88284246697685009
0.86421940484502446
0.88366615609278942
0.89456376211474542
0.87855273546095403
0.86234021479797995
0.87300701516327461
0.87487120506841298
0.89502514653687804
0.86502025767527235
0.8927910444281304
0.88430981987202861
0.88548560457444825
0.86297968037401318
0.89337463589047872
0.89919988004632279
0.87167833590783528
0.87712703594353691
0.873714568241441
0.84789375119242394
0.86451881662462904
0.83290896071970211
0.87367128529138804
0.86840507648332232
0.87780685840252293
0.86587545057922244
0.83732564997552084
0.87633185849437467
0.89608231689081841
0.85495687179969415
0.85975964860629772
0.87324627776519803
0.87046836112596448
0.81867904181481144
0.86090447483279853
0.84642780118713123
0.88737494407559181
0.8578683503643334
0.83837255229923058
0.8303500528920591
0.84499440800302883
0.8659002805496463
0.83458879838954758
0.87166039785271276
0.86957298941992989
0.88735764863275379
0.89211074751293762
0.87615492515734372
0.85887413055478579
0.84301409080817036
0.90477928302038624
0.87341346926034824
0.87880305592707397
0.83124047989112582
0.89489636109126425
0.8417155917171576
0.84128956089009754
0.87718306405765456
0.90170980931945766
0.88013908746149161
0.859812034854331
0.81004099103255767
0.87491279205805916
0.89737271210788716
0.88560984206247162
0.87762896052413342
0.89251665348459197
0.8894114138430681
0.89435484648136909
0.90878831038514152
0.84538072614704585
0.86512321662935521
0.85790476891088396
0.83966227682042982
0.86334050023672348
0.85833830096246944
0.87489046509261448
0.86591565861673414
0.89908915542548495
0.88617360429125169
0.88513975455818228
0.84176707097913295
0.85216207391851961
0.87134216831876699
0.91540944139587155
0.88485132737416494
0.84820742124965565
0.84386688304260382
0.86616475118096647
0.87675044179744133
0.87812933714405428
0.90513450262841189
0.89419407569843612
0.85716992622141663
0.87978871869099118
0.89999578789684553
0.90778796305184883
0.88248929956060318
0.86423995032179834
0.89190819505295948
0.87398647120863082
0.87206873089106884
0.86923385102809614
0.89352535930634236
