0.0091916914122571278
0.014795051725173076
0.0076582913621284377
0.015465527531238312
0.011039474594035812
0.006189289745805673
0.0078815480225995181
0.0048786602776369958
0.0078596156638713506
0.0093920762353027071
0.0034357577051201556
0.0034020157795365108
0.0055186927697890168
0.0080893862299168898
0.0047504732040644084
0.0056675060185045374
0.010505398262500071
0.0072954563131160804
0.015596902453567117
0.0082359327780256123
0.0055998628107689083
0.0029556488273247785
0.01025879557839827
0.0040742720198537873
0.0093487558967401581
0.0076813228563412496
0.0078589440455385171
0.0053456091754232942
0.0049973773282482288
0.0072475465681038779
0.008091016727041182
0.0074575647026213585
0.0092799086434217151
0.01244990084005327
0.01142606466541422
0.0039264814241794371
0.0089279108164135017
0.004065531299424178
0.01048017959499419
0.010358215649627751
0.0011114505340849305
0.0048039020855892003
0.0020318607093845636
0.0078109630580191691
0.0030117143073579026
0.01194676506049475
0.010815386441829465
0.0094574360776434659
0.0072297810086530421
0.0022689351458737381
0.0041724357637657481
0.010439398450559745
0.0092514846390291394
0.0052530330441475526
0.010060602064597418
0.012706441767429973
0.0086350420299846353
0.0094613864903055553
0.015926418624594769
0.013927795668237044
0.0023758096369745018
0.01422125722790704
0.0070316038097436324
0.0099074665166335139
0.013088325336195609
0.011434451930500583
0.011586537559551314
0.011253380680187363
0.0067927846296484181
0.0029945230184671131
0.021609728688774407
0.004538726431344715
0.0076317575882490444
0.0085424059674078894
0.0045542968203578478
0.0056911987602476146
0.0043407704157006847
0.010346437813395348
0.01123116610180252
0.0074983833563248819
0.0045006336537683862
0.011115668073102426
0.016787317472760507
0.0038000179743614237
0.0058547137356575515
0.0028097070544641331
0.0057669334457276502
0.0059080025708519472
0.009150707314234164
0.0030836350866462049
0.0021416632698897267
0.0055090570733277401
0.0049573554310862536
0.0081176794502298127
0.0058930215801586009
0.0099424126140145799
0.0076336095470070225
0.0048027340209366928
0.0093507838049877133
0.0041660949896975361
0.0086723371021081366
0.0088359909551132543
0.015906962350380523
0.0055031832264764288
0.007627360407423461
0.0056568543699495148
0.0056683450709812703
0.00042652735311527438
0.0045438091729785787
0.001312236905789347
0.0068066872018913869
0.0072307886625992837
0.01477951450976021
0.014277770322913948
0.013798433772321494
0.0061209226100121545
0.017133938350544324
0.012174389664740937
0.0075730497947404567
0.0056517529850483436
0.0085090098395856559
0.010231323704599759
0.0015741763209048988
0.012168639363571068
0.0034378482209637094
0.0041617429484241747
0.014018917254393699
0.018817261196561092
0.0049326474057176176
0.0045296396135938964
0.010415344582811426
0.0014227666178105055
0.0048828964702600239
0.0043601273718663226
0.0040232154566635847
0.011150472507660981
0.0088989985136909647
0.0031817709117461989
0.00790810035089432
0.0028780817179600961
0.0075953173946557533
0.0086583983064069999
0.0065721601957713987
0.0076733196891892591
0.010273453770483679
0.010008135932560941
0.0037178088831867585
0.0080703351578643324
0.0075671753244432611
0.01251532242574319
0.0037581004709959847
0.0070040795573702956
0.0062294212103893992
0.0071353017877223233
0.014472734865671251
0.0058141107952200399
0.0080175855261793213
0.0051516290285715796
0.0042636234027973599
0.0038423474820588094
0.011019523283207943
0.0079120232963223666
0.0078954541381167469
0.0050425483773063988
0.008824702201061109
0.0079084719712102149
0.012885986816342971
0.0024171842250365074
0.0121608950912313
0.0085810109325364804
0.005067293520255799
0.012462553848189924
0.0018227598732823646
0.0044136016875716347
0.0019442439651809532
0.010812283604956971
0.0045814557312362789
0.0063206857543723332
0.0034942715381132811
0.011730812624470116
0.0056520983087336371
0.011663203914288265
0.0054300641573784142
0.0033795212333717728
0.013919811306531313
0.011074263964368574
0.006037875345152593
0.0078639649535533068
0.0036588046110214178
0.0075431328167101241
0.0041014707229495894
0.007198518214093565
0.0066143593069900733
0.0096060471310667316
0.015877454411774305
0.0099492541893740002
0.0060099157575425576
0.0042301949886402301
0.021876569886204046
0.0029861292101647638
0.011524665624959081
0.010998677434366427
