0.0014363898624595475
0.0088661847531065225
0.0019979196613502869
0.011986358475098057
0.010803671058446844
0.005543593021958137
0.011803979980792268
0.010161717084115977
0.0023230787112907582
0.015423051431716048
0.010277287469110373
0.0047750302468153056
0.006545146545221584
0.0061821007997547462
0.0052555835476296954
0.011027581017796818
0.00043629171929483854
0.0072728728941227538
0.003467028261769734
0.016958324769768423
0.0074930918188571422
0.012474168720821426
0.0087709299544621762
0.0035018083941162326
0.0039103186955571139
0.00118212847605623
0.0033912098387277627
0.01027452852403281
0.01173769030610089
0.016053448734747806
0.0097063362035109246
0.001245607760992708
0.0082643354648503035
0.015144267558462328
0.0043360917888650256
0.0085812078041180209
0.019102875089365985
0.015831073023796178
0.0022948474005453053
0.0051215605715775143
0.011855711084792667
0.0066207515700930503
0.0032191955687013891
0.0038108192647225529
0.014453529925690448
0.0088162033120187649
0.009956011232989094
0.0018104340146855768
0.0083044854352773128
0.012970178927675019
0.0037311264307316877
0.0056636261810358119
0.012895185682753951
0.0063738082989475984
0.013383311363651944
0.00069000385910990649
0.0027012810512457583
0.008652237088828181
0.0051575316681591737
0.010101560175276327
0.0058074839982386059
0.0044732651790681498
0.0076946625811194144
0.010858689399025968
0.0081229757730257625
0.0059297649278282289
0.013834474042494549
0.0099706858606146889
0.0012816594325236166
0.0049017523908074833
0.0025511183511538939
0.0094337612469863573
0.0024767797087297859
0.011147842096271031
0.0017095206928415146
0.0076424764949447931
0.0071059105434422929
0.0106405389567118
0.005591409419075234
0.014681854048051834
0.0036130867000077646
0.0067882130874792499
0.012485607568430883
0.0099119740817457391
0.0073283678397979488
0.013196642681081788
0.0062005929383251819
0.0064589055788757113
0.0049104434725876465
0.0093775931025062726
0.012850146886803032
0.012213788951414587
0.019317767737643918
0.012635151491471918
0.0089402202923607298
0.010349296927541137
0.011412142905466204
0.013409350157842519
0.0031416070774187869
0.015686597162022215
0.011766078928190248
0.018627928149493423
0.00190974244197231
0.0094672575163712077
0.011683101716563705
0.0059645133106727092
0.0078630462344780345
0.0056872610012683724
0.00920560131186717
0.002181868944295558
0.011829630859679356
0.018170360821206443
0.0085349932541849711
0.0075909648435040326
0.010558531135297474
0.0024443380602998032
0.0089423899194021189
0.0082489569145914304
0.0070083577782899436
0.0066089996027989852
0.0080455458010344535
0.005204591375513299
0.013114227819236893
0.003059602236817417
0.01073767840780235
0.0069469744892546653
0.015375723852108026
0.007594821882179372
0.0049588139131918106
0.0060347449873560622
0.009501616727136326
0.0055921596666790307
0.0022273554517770228
0.0044536555935676594
0.0092079994687591371
0.0088972138088838464
0.011109288942553881
0.0017154066061040101
0.012237192216296527
0.011246783768026751
0.0078072871532609512
0.0041428062944161362
0.0079003433831228362
0.0050341623718804769
0.0095380193477125463
0.013250932110901869
0.015434671039218752
0.010808843791380685
0.0064856922760671331
0.021312798987037043
0.0041477068107893551
0.0035471243538005475
0.0034917087013008022
0.015458092608321636
0.0094735436365106472
0.0063895345862154179
0.0093092549518903125
0.011775667072519822
0.0071691193684018792
0.006548718411227292
0.014255371915097707
0.011777170227076804
0.002783181243467733
0.014780779803261942
0.0053456435026274637
0.0058912506514243674
0.014128520532532258
0.0072755999312591399
0.016446152119076421
0.01048336438586186
0.0037695331818765922
0.018276376186550421
0.0072107502522048656
0.016688389756571491
0.0081351939370149107
0.0082649423310868376
0.010082224210855636
0.0067214190311103905
0.007276767269713093
0.0096291302797143746
0.0068875016237764297
0.013639483042666519
0.0047684958804402565
0.0043259746215026625
0.0072627298409194277
0.0031222062456431219
0.0080081074639037075
0.016259963631554859
0.0012255336913914209
0.0037373384654448816
0.005854998197196668
0.010697830430393485
0.0025634612518328792
0.0092920507481245463
0.0098314222853634631
0.0092377601390844794
0.0039158439525646153
0.0093078154014469786
0.013331307691453548
0.010239284026579958
0.0081857538221370985
0.0053604335271409042
