0.009711136207856335
0.011264238839166593
0.0042388701624565192
0.012662300695777605
0.0060149010284866822
0.0071112029628185016
0.0036901918787546773
0.0069366252575614419
0.010311412903002408
0.0083702227528124132
0.0028895978381021214
0.012381511445606364
0.010669372415302551
0.011981399228701544
0.0063760820322828135
0.0059283682640769442
0.0011350594300403034
0.0079642071550244074
0.012639374541437516
0.0093579905795122178
0.0087070624894765684
0.0037459775479604072
0.0030005365488868039
0.0042783756600833882
0.0054545345891856122
0.015645134225311146
0.0098995764879352913
0.011621157033187919
0.015104075021816359
0.011192822358291341
0.0038460828773329049
0.0037723024047529598
0.0079612520754741376
0.012208959543526889
0.01062419974750484
0.014002800911949543
0.0040066046938104869
0.007641728381855453
0.009988422344975427
0.0081831922426920667
0.018057365850600863
0.0052445152910295311
0.014274773615888083
0.014227126620722192
0.015028094299905223
0.0058343779227170312
0.0045485199197291982
0.0060637646468975782
0.0031977333199555841
0.0071427458313221334
0.0099439378370890785
0.0081189600304349234
0.010456825548209234
0.0079863113908908955
0.007703248838811072
0.010978552917407245
0.0057059855534173538
0.0067472641988394391
0.0079735126128286302
0.0069391259903380433
0.0040780338744556112
0.014094625488587951
0.0072383129573412612
0.0040758389948960467
0.021805421745883843
0.014020355646906756
0.0058366270655351386
0.018341911185521392
0.020099769749456889
0.0092602164287025907
0.0016359512553484436
0.014252617424019195
0.011477393395103909
0.0059197801524874588
0.0095077508625770104
0.011944635823437759
0.0038692759154882925
0.011081201294145875
0.0057713593211940811
0.0035086404276253457
0.0045673576798247514
0.009574622823161863
0.0020104386490022884
0.0035793499562729266
0.0038535229978817215
0.017220535639079503
0.0075311177508931805
0.011025556844393592
0.011579938901257046
0.0033773639609231808
0.011524021071510576
0.012035190138767173
0.0064824024235335424
0.0062545238018969626
0.0066837981043553858
0.0058699316975980983
0.0048514114038476081
0.011750194581059012
0.0086513860583268074
0.0075941376185964769
0.0076339273574283894
0.012091548761273394
0.012339610518029344
0.0066478526481801841
0.0087888384778661618
0.0045828985316738232
0.0070884645670802448
0.0039100110369885473
0.011062418453294661
0.0078522191976812643
0.0065586196203238157
0.0063805651510279735
0.008482745352849418
0.015353843413266267
0.00410336141033455
0.0083083507987236765
0.0095418556841677053
0.013141495912875268
0.011926255473250094
0.0034644753636099736
0.01194259073990089
0.0020752780893731897
0.0038401221769008525
0.0035560262706207982
0.00155069523338305
0.0052868256620043777
0.0054964228542807459
0.010053036688245164
0.00577052954738109
0.0098731736892027112
0.0031926013841361988
0.0058111160516899898
0.011855951260984109
0.0076907886880304812
0.0064599016598395672
0.0030220117033763921
0.0068353908590348201
0.0035167571750952279
0.0037054351156610536
0.0052515415235096837
0.0062348149944793374
0.008262746767086963
0.0078617627752320934
0.0090186463217417513
0.010094911052624772
0.015664721758527053
0.009953356233258874
0.014683658332253427
0.0086364651706179515
0.0088801201683681111
0.0041395771724736892
0.0064658154537384129
0.0059694318177773075
0.011061157892806263
0.0049641782321629638
0.0092080805387680115
0.0083149899164676484
0.011321934310365756
0.0062139563685139577
0.0031826743917791355
0.015005397493561397
0.0095446152979385759
0.011123380666513097
0.0033224418065384456
0.005538149078811035
0.00095104041977338316
0.0054627148582213269
0.0017363486932723245
0.0045528535581698306
0.0060940633103275747
0.0084051263176371013
0.0052601829649909738
0.017172776119351838
0.0038044811206232295
0.0096571142982379756
0.0061041372573365747
0.0071662011726009106
0.005697386472715343
0.0076517195189684754
0.007096229594981609
0.010284551065424025
0.007690769036826417
0.0049066995655542966
0.0041975028093139142
0.0078365083853299752
0.010853984893606597
0.010149898913856859
0.0064883351520156592
0.0035523696724801854
0.0094994645141726584
0.010708584606321209
0.0015807962021927556
0.0043777219832597638
0.0031150264060817658
0.005762340489435201
0.0070084727198486425
0.0088264468938803707
0.0051898159135223406
0.0057049285797617227
0.0021737942159844336
0.0069087975571905658
0.0084201742812293548
