0.0091278343814213073
0.014323422729033079
0.013437245746890317
0.0056420744218601739
0.010453270451934065
0.0089698415895721195
0.0085660438006185287
0.0036458574360307169
0.013195596550583711
0.0075223610608748668
0.0071168113981922741
0.0035229155742285616
0.010647843350105947
0.0054876970745906346
0.0087519102977677097
0.0073317786572218826
0.0008916230934468745
0.010157071202362658
0.0068771580067880861
0.005272694862702116
0.0040166577042143724
0.014864715285860306
0.0097362926448282348
0.0038877727597018789
0.0068947268433995042
0.011076460612400486
0.013279896640906393
0.0049518822782079709
0.0042858737097801938
0.0009717031372749003
0.0036066154536250048
0.0080743881497125133
0.0044885106410045145
0.011377766374617588
0.012503320766763703
0.014810515312876794
0.010051306399003986
0.0090947254662425529
0.00071634552626227688
0.0082928425547422763
0.0040765122514297026
0.0080107493386803591
0.0099947279626564599
0.01085902653763513
0.0022669120873964996
0.0030896158464104881
0.0029707603603286994
0.0066154269758602908
0.013376003686254372
0.0053825114471083421
0.007485510315057931
0.0058470226406046816
0.010176400967959185
0.004941872980702481
0.0091411637482025077
0.019502815525846224
0.0087533591354834409
0.0065447923023290661
0.012655540060990862
0.0067960470627980258
0.0055259760537477781
0.0019828767791081644
0.0051751934825682421
0.0082223668087440145
0.0018042483821965058
0.0067628516017967941
0.0087107692600088497
0.014170143298866464
0.0035064443343310152
0.0076335366490161097
0.0051400091363854854
0.0056738722679519384
0.0026628723252361897
0.0096340574450056431
0.0029648837511191692
0.0077405098710304418
0.0088820018986261167
0.013902274469974808
0.0080460070772371568
0.014050405273034904
0.0040224610660107279
0.011645577805726436
0.0058981170322764754
0.019692200266679272
0.012104963855579343
0.011220321240552968
0.0035467399301879255
0.0092361520520205798
0.0016012839926684585
0.0090849867829083854
0.0074060739936323543
0.005245381841038209
0.0023234064120525345
0.013979116862530588
0.0076150049063010887
0.0051492248889239804
0.0069374388227096207
0.0044666628976187742
0.014918193319754705
0.0026804893586307313
0.0047575372279381129
0.0027884997689762185
0.0066107761601971824
0.0044772658774182182
0.011061552143448516
0.013649650921840867
0.0015548845090043752
0.0037301103269420047
0.0091449977498508153
0.0068503190613631859
0.0029563076574233176
0.010561211804115775
0.013367074112758016
0.010651322173484115
0.011383525920077537
0.011076102071152396
0.012523432965758578
0.0060141514481985474
0.0057256657765834482
0.0044673875691193391
0.0020742369996958761
0.0028479099339202385
0.0033389122422997435
0.0039359225519807681
0.0095412644851310627
0.0075293628263171349
0.0029305386529100866
0.0028050097554743773
0.0048840326527889262
0.010974676760859154
0.008853126574346639
0.0061486108229635121
0.0063390264174122031
0.0095368349509559538
0.0069411794433597547
0.0044819715127628551
0.0079018082674667586
0.0087587881583946672
0.0080624441129945653
0.007484089881435228
0.0050453159363291764
0.011405946258445206
0.0059912153994326409
0.0062264508165191376
0.0084346778075559039
0.0077801152907924949
0.0091665916379983607
0.0066770406177472435
0.0078931979563787846
0.010143926914934454
0.012749233335707249
0.0095688855373996812
0.0032441156917071201
0.0072910305790912849
0.0047794397322661209
0.0051047592670292402
0.011985751107375335
0.0099916815121930645
0.014117260484868981
0.011880107148762094
0.0035775743454685483
0.0073566469315080735
0.0064262042597001022
0.011543463615323398
0.0048087571249514948
0.0096199533456666677
0.0074746591881909496
0.012596665702768876
0.0051256975315621236
0.012170791962455688
0.0086368924287595905
0.0051886391057655978
0.0097568918391997793
0.0073785870269695046
0.0081854738956852312
0.0052555594965341679
0.007980269907159377
0.0064689469800502516
0.0015661797306225818
0.00096607808092924496
0.0051624350719895826
0.0081128559293808713
0.00086498530186278496
0.0054353862308546093
0.01198559059105723
0.0038274962993393451
0.014066522975393132
0.0053638632359378447
0.0030084032001525462
0.0027283629195991349
0.012305605736651706
0.0067393685728090692
0.0065360667290959434
0.012166711374848451
0.007812631372333784
0.016155989701592509
0.0043818045620824834
0.019408178700765617
0.0067345147819641103
0.0067310581099342005
0.0056703298831553431
0.01144686144999652
