0.010233802348942637
0.015839904521679712
0.040244696306296367
0.1229569247823999
0.10360899662212493
0.031098028638568677
0.042252808797020633
0.027576977030447522
0.05076022588197604
0.031959227174696785
0.045662845277117205
0.05647003706323446
0.073686722394428694
0.075456995648732872
0.04881539194245383
0.031087178993498794
0.02489004349513671
0.10866459083657927
0.012354008213641469
0.01846371677432156
0.0082987869561510531
0.015056788555645895
0.03229779977978911
0.063434147341830699
0.060619504551820899
0.0417051160032096
0.060955723995141091
0.043332616745231277
0.052952433794210677
0.033294448458069545
0.028834677295015116
0.034330196105020271
0.029685222957476519
0.052379801545547132
0.038880673924163306
0.046187194586859673
0.028597262862292812
0.093497738977328979
0.064696118493769814
0.14140936480870436
0.090283688555877609
0.053405450779232852
0.091184843400662602
0.034155636496227909
0.036589689479744808
0.078357295627309712
0.098161347503655072
0.040696338235551778
0.10300205031570972
0.064490136020109404
0.014243047187986805
0.020618536076358298
0.067306847836005698
0.03547550971497164
0.065004648051483538
0.049358461738308067
0.051470750836228214
0.083500694955870092
0.064149846338678998
0.066575363564112935
0.041871071049411693
0.070171154599883559
0.066574229714975924
0.036997862532718653
0.077434766334715507
0.083086939849606231
0.038990898478871688
0.046849478969462129
0.061134591952139411
0.074686683337580648
0.084193039295341193
0.036593403620598784
0.012300683348841315
0.030329258398660134
0.10948452203316149
0.047006152848027984
0.027853854073427442
0.021661755519026427
0.064032079952851373
0.0403192843790365
0.069333470873520306
0.036603099799270684
0.046049596855119904
0.02428982380544201
0.042492217923986074
0.029389576871419822
0.10512068405582171
0.038811547495294869
0.032145669115028724
0.017597018898913314
0.026232265320053037
0.013467820472243541
0.0084038606883168609
0.035750195691902943
0.050634991339983046
0.027295264820760196
0.056764959126464662
0.087808975355304131
0.039956536885577917
0.051069959731799862
0.074598366210139558
0.024347238510699757
0.11449086504972371
0.094646580149557499
0.025638281451557707
0.066035758374966405
0.10513387727248255
0.091835623477587475
0.076562758969206654
0.14432050033402563
0.046971242090875838
0.04792513185779191
0.05635223165647605
0.032346214633614548
0.047973238660139507
0.045673475929288616
0.032582587852363759
0.048179904853767386
0.047914480615260949
0.069442566817005849
0.030750394025277374
0.051149469302859539
0.056166026523937082
0.044083874198247636
0.028305830282193981
0.059499277766604915
0.03356605021558199
0.025137618868278297
0.0728375901147051
0.045020345499448187
0.03583495488245874
0.074588832781755876
0.01372881287358043
0.037181434785190641
0.028840970166948084
0.036876587504072827
0.029954936008750817
0.035118055474392382
0.046109529724744212
0.029888702870851137
0.0079514004377478076
0.047286036110176795
0.037560054625892667
0.059283066780287628
0.041478918959011166
0.025298064062455057
0.032802142312093246
0.04512592148004984
0.055941978110941697
0.019716093450040783
0.10837023432858785
0.069199713783124728
0.059439793477277882
0.026094341074296829
0.032640611378818712
0.015655308651619997
0.044327254572792824
0.074765308422107365
0.040437333304704566
0.051202702427962425
0.040006386957370972
0.032189543414340001
0.10891393979407531
0.086760988434048641
0.061402879584186117
0.035671259165143285
0.033534418243232694
0.028612910370132295
0.037780798910129067
0.064946039918293744
0.049211995084215386
0.025175488575948358
0.089374590849053498
0.080919962854337973
0.070358214540208561
0.10621312921445945
0.068099403290474494
0.070220690141932107
0.058619302516764345
0.033387653352711419
0.0093141776616812218
0.020261264178515887
0.051564808217681911
0.044534272986035572
0.017548257662401555
0.062532975391900267
0.07596813805828706
0.055095919785770407
0.034822010774231797
0.043072993494410426
0.029621008070972871
0.031719709692917361
0.021788962914730429
0.041129789889826782
0.065511620216385
0.033215901301080375
0.060102004773225567
0.0067261472596475431
0.021807728625246693
0.030850376082744095
0.061174047599700951
0.016268528684306879
