0.076698891156406601
0.017985591722039951
0.020569121788786639
0.085568533489557549
0.039628002478516874
0.0560982537592776
0.075212037096151874
0.086387347707641504
0.07634069742063436
0.046260972268721438
0.060701025680720389
0.024645477763841506
0.037427144644495307
0.04483505166588922
0.019679386396672591
0.039821858056051478
0.043495531091928621
0.067252332466995773
0.084816754218418736
0.035475629035739066
0.022993043117593689
0.029837240240834031
0.030121124017058746
0.035933580686685299
0.0785580761115003
0.023186755101648839
0.039389589620521734
0.061446597455576263
0.062624731010634815
0.015687147575023427
0.036324226020830123
0.050719068124415338
0.054134464361249759
0.012927285368858687
0.090999140503193257
0.073954655902618072
0.061269530166152386
0.069243501402176583
0.020152414993604477
0.059871433392579762
0.026029475848870089
0.059354956292820206
0.059942651436227533
0.031936714638146312
0.010129261341294908
0.036785139246661797
0.13058761367103153
0.049878509321555915
0.061494949806305647
0.022196368838231298
0.0034273565660948402
0.028235751966255031
0.017554648477957836
0.10111352620379165
0.024908797701110135
0.034163657387898533
0.016436348368342062
0.10837030456749502
0.037239015367478631
0.015451251158305588
0.016713720134296967
0.076651102132368823
0.050780248551362248
0.036119670039243129
0.058870336693583866
0.055419257928735387
0.06799627021984532
0.074599374144426925
0.031455459117621071
0.064803083704297743
0.013347237692702981
0.11696188006832604
0.077446628075776222
0.038142086067378005
0.038244278461666198
0.032656760966738509
0.026943200178096011
0.0031096072282775422
0.11049619927637895
0.030926868809786772
0.045987393711119214
0.02938972211672428
0.12305282580057847
0.02409662543154276
0.06508125392230972
0.051492322625538288
0.062081524155535299
0.069627854175684165
0.053325271860019827
0.097838491531000771
0.053508455553855847
0.06041059147142732
0.046878438066662205
0.034578689520406262
0.011084494069111125
0.017887031801941185
0.0046078752232678825
0.067445749550786485
0.043515492852415794
0.027760221978668606
0.094216513828953546
0.034336545342649329
0.012187999578895995
0.061704718502735352
0.10436407253178108
0.039854005930893763
0.030603149997482256
0.069903038791301747
0.081739333685054802
0.0021138563727668928
0.019363080043123714
0.066194441750868319
0.075583013659465209
0.096933793168531956
0.023944374156832676
0.01907191212784011
0.022703088184818677
0.048166152779692356
0.027230706508416112
0.071263685032762383
0.026982876352368599
0.039666203301509405
0.07642120917658228
0.043670452876440148
0.052186411811450437
0.064907317703056966
0.062320997939743113
0.0113685976447951
0.032262551899127564
0.060146458678501297
0.060665223947198872
0.073859033122665202
0.0190267720545081
0.026933139399162392
0.041759494227510484
0.091452521491604266
0.063637619362946055
0.033867870652291812
0.071913104311209078
0.036721422216667791
0.033553895614488245
0.071635877233413442
0.074699516402950528
0.061971156222644319
0.096512395883760871
0.10876689794773095
0.098119308910918412
0.056328216421349053
0.02394328522247437
0.0089459787772935943
0.095624172527533802
0.06596913703211868
0.050659583924867274
0.069096635637455578
0.043062374133169073
0.11773860450595085
0.081889114205667621
0.068470835607797681
0.07538344357950133
0.030994403998481156
0.10863949317119506
0.087569897256486923
0.033642892855297014
0.035325351112525702
0.0312105611438033
0.094832974334430511
0.059900901529619882
0.085608809846883752
0.06851941028646337
0.014334871969460669
0.048506712372766873
0.054148419902235539
0.095068719094935458
0.066128942074582892
0.021855408172813461
0.01415197790950809
0.057407650426631145
0.09492453264236296
0.04362633947484381
0.058929579597871193
0.077113892337001999
0.092789250063739601
0.05173951201748319
0.068503947456269851
0.075262031895327611
0.046662925656017026
0.063730255844803463
0.017292825743424164
0.056704723021727299
0.04520020692761835
0.070692401902458957
0.039044260777040436
0.024721822423268647
0.035987875126390165
0.057232410630258704
0.048489859113182564
0.04441745568994486
0.086740583704919341
0.047114858290464516
0.035266811347811934
0.041356417388674835
0.028361812099177892
