0.10402551167329933
0.10083805002673546
0.030285811008959471
0.076733508291030261
0.042188692297550449
0.041314576450378657
0.071753369207958162
0.062143316430278886
0.047536397889919049
0.022961524432617331
0.0055942523791217055
0.039517081203205282
0.060673057080694655
0.085517083717266573
0.076412530715939703
0.036997335729902006
0.044269250417376088
0.061880249744651429
0.030653294837562493
0.05552395576800058
0.062514118011490691
0.034208534924928563
0.057580788605354753
0.049225546141942363
0.13175881652610241
0.074968987310029794
0.056087155766070151
0.022419206586074852
0.026818220446418142
0.033862935909953325
0.074543775158301087
0.074923295233332049
0.018433470930236801
0.050593961046017363
0.089883025056029534
0.10802795346299739
0.04771046580656034
0.026621998168373979
0.038576704877186119
0.074574586695985295
0.062291314366669688
0.064904369779568191
0.099200491188040224
0.033384676351777262
0.051767406850411334
0.085074460414676298
0.034800866409533809
0.03060788752048357
0.080510693639597744
0.0092732865306022413
0.065508972798113616
0.089969001512593891
0.047909899226678175
0.025066977655335252
0.051190993008179989
0.010113234135660329
0.063531369183384812
0.055155740666822856
0.010016914017674591
0.062510938610264438
0.029664123462614499
0.060089351165960564
0.04044445563357088
0.097432618974506488
0.069705214064852042
0.022149162973257384
0.076230296207541098
0.015576111512208337
0.10011511145272783
0.022268698559376264
0.035264566048581039
0.071256535631311971
0.049921515814429718
0.059317403420561826
0.067562707704342903
0.02187309919253802
0.095865464084960161
0.04479869466641978
0.098437767377184654
0.073691238615036764
0.075322886341575718
0.022000707681543462
0.061357181918738943
0.034284100981357007
0.015406037631394883
0.027343527738457427
0.044323613513463853
0.091247105598452893
0.059318362125533895
0.0062474053992911454
0.027356259146879326
0.017271825887534255
0.03326421313166051
0.090717611983847785
0.03606084608060349
0.0070749105118298981
0.0023050084638979577
0.036981053592951584
0.063319848244870872
0.036998593041143453
0.059747215046941672
0.05104304066715281
0.028441342062523859
0.052155503859373994
0.036538546807678353
0.05799908330808045
0.041618064981969537
0.028783309684771247
0.072742591768852824
0.094355348679289602
0.039294326631663816
0.097517263060813097
0.027380477303711476
0.06773249875449501
0.015949970868742926
0.056741298835221644
0.01978335462103744
0.062509177230824789
0.038623464221316191
0.080253939057719575
0.083546697610871301
0.054525458065709673
0.046093705062789175
0.028389201594609705
0.045423380666859081
0.038655551664001905
0.04594132106147221
0.091559982246351923
0.022435588433264486
0.10683365187836379
0.012033101769943303
0.01279302721015704
0.084159354940705366
0.061582429585289901
0.030512310548102151
0.045975167656026023
0.025563424366244734
0.067996568459134293
0.066156300468768151
0.044378240264900191
0.052745729922298583
0.058728533216838109
0.013129092799297439
0.00725730393940673
0.066930466111068954
0.050884056859696505
0.023957691790510369
0.072465864701631327
0.076419147194169354
0.036964613423620667
0.055655088181443269
0.040928967340913225
0.023095282492354909
0.031164787970056659
0.083724134212825568
0.064694745327930347
0.068295368243175947
0.038386160561248155
0.099799968201138262
0.021792767004385642
0.085079620607580328
0.055340984494208018
0.028498127290830868
0.049138360589604288
0.073721836511857236
0.02737830702660872
0.043058454913145632
0.10067399198547006
0.055040003083034313
0.046754103002420395
0.093530033288659387
0.03280563250251662
0.074292825015254804
0.067381851610388094
0.034385412097783459
0.034665604168476936
0.060812608320610508
0.024065559068607478
0.017065420778101852
0.047663828403629545
0.091511125657278383
0.06803820327510042
0.032411998893606637
0.057816150346926269
0.039897701463040516
0.035501121217452671
0.012953096320147782
0.053682057468474244
0.04396912557965605
0.07394167690743142
0.037212678268783016
0.047437854064111773
0.012886230639860023
0.0040206889040593496
0.032378102670744965
0.063064200313440316
0.013284620966255203
0.036632709587843405
0.048433510627873148
0.053195274229598619
0.015803963808953461
0.031247343856162031
