0.39165051881034058
0.46144471029846024
0.45263006938958167
0.3779325035744337
0.38560778651428945
0.36391305067420449
0.45500473138200531
0.43023747837633269
0.42588492239238257
0.42483650163183001
0.42687308377641936
0.44738900554300404
0.36968622883097152
0.45593319710816915
0.41571548590711743
0.40070608846662015
0.43181960798637337
0.46790575979782489
0.40355841016616734
0.435259355817331
0.36281772702820242
0.43716680328474333
0.38004070219226088
0.43929377193683672
0.43200919499461948
0.42692949414013909
0.44327332328737235
0.44665328782812153
0.423869404935248
0.35651378247641363
0.34473650746362428
0.41845447728397145
0.41762315954057799
0.45432207252373635
0.4448155720913009
0.40966754336159417
0.41467218596826777
0.45418058978766851
0.44132976923751449
0.46014703358769549
0.4000971144275538
0.38093076292497308
0.39612205892961388
0.43146996438033708
0.41711017854828664
0.45074872816822042
0.42614815585628135
0.37576206735728157
0.37712377179565409
0.44224471796448878
0.42668417557111438
0.40488486433799914
0.41376154597521336
0.43873569498434284
0.45545377258772518
0.42291794158574986
0.44083911786357871
0.43500125320748639
0.44626115077537915
0.45765533037060391
0.42751318863670401
0.44049552303213546
0.45960080769313372
0.46253893519895684
0.37505011825704465
0.41695518320411834
0.42752178762418114
0.46908537449363691
0.42007131430881373
0.38934333913148966
0.44854568198264971
0.43013930109724069
0.44048085821336458
0.43987531927942469
0.41308235553472816
0.40652302101749987
0.44676550818182548
0.43571913681233249
0.45223590398437585
0.45877352963124146
0.40194259504407043
0.4394141695330081
0.41061919446415573
0.41954796554637902
0.40949929765545984
0.3978745663625865
0.41870125776552464
0.43109062607934601
0.39493991939541373
0.43257181884060009
0.42794587298110964
0.45811333384939484
0.42476327198267672
0.37584116270149076
0.42700175007434332
0.40551229665503452
0.44362866016283536
0.36482088775013516
0.43489747746799345
0.42703555406894139
0.41882908348514858
0.40758331241278051
0.42253574528457338
0.44414068744685026
0.47119681996634061
0.45654549202508848
0.45110703816254666
0.40871430591690483
0.4381877070432259
0.44545394677166095
0.43618321773093699
0.42189113667427852
0.45268655523418555
0.4434586511873978
0.47030423311861075
0.46078835012295094
0.45719381984411139
0.43707829385943342
0.47130041662089073
0.42199284412815297
0.44805897287975138
0.45300492991455976
0.45846994631187815
0.41545815467310032
0.45627171719589577
0.45930171628866817
0.4337818636244849
0.4301143119006498
0.43932861012726321
0.41288156520652047
0.34285987399937323
0.33777672547388976
0.42755993351960869
0.40943269812753641
0.35255699275364294
0.32373514452726915
0.38716871401060093
0.27407779666202398
0.41052181185291614
0.39329376270542599
0.39873362591046119
0.42557899711976965
0.43712005267871379
0.44880433854136847
0.46964971035760589
0.38139116130342504
0.37734849184283303
0.42295209653355731
0.4319078906795259
0.41285447625921468
0.42338389324603559
0.42713550594754773
0.47278277670328395
0.41756629919423377
0.44693804615646204
0.44804612493626567
0.43421959574796215
0.42973880608528836
0.43862631712573158
0.39695861742351712
0.41079100161380105
0.41721917246288603
0.41244715078524236
0.36513281215202381
0.41272105987499719
0.45257568278773552
0.45836675689118189
0.35388519541035729
0.34552990413851131
0.37407458075057648
0.41574472281420055
0.42281413498914489
0.42577179796469411
0.37501856629266667
0.41080062257792299
0.38517133040627166
0.43468925029469957
0.45113956648060893
0.43514108121340578
0.40170600974084653
0.37695168841063759
0.39434252980917234
0.43760929699395823
0.38948937926195221
0.38833941397630539
0.34175171111570896
0.39488947611928482
0.4426908694133499
0.44032670998171197
0.36092873108271406
0.37242385829406011
0.45358466194355013
0.40266720064290756
0.44295322551845995
0.39420589474703227
0.48748006071374878
0.46469200459654836
0.46136920150633554
0.4530960078052888
0.38696680687066742
0.3540196846432821
0.31871147090763857
