0.41872738015860583
0.40587813797706079
0.47222294154783129
0.4361070327452255
0.47155020173487261
0.44059684354175338
0.44638742624403793
0.39831876723888132
0.43637788497843572
0.39730033297358885
0.45954904070242403
0.37906833912011945
0.41746189046250692
0.41201617817097447
0.35997764660822673
0.31674832469238934
0.39761716007774689
0.43273576049174078
0.47366211631014232
0.44735975770915865
0.47671393606122681
0.41602875264806716
0.43438743862805496
0.47303868469754362
0.44542282415796003
0.445767393759254
0.5046392951860037
0.46637310978631435
0.44558149904485067
0.43684235306800001
0.47873784313728363
0.42829588462153279
0.45535925793683163
0.37388998356385089
0.3665986945651234
0.3476343407612294
0.34672233270123476
0.36054430466759124
0.29147373653254027
0.26705528642144416
0.34032368215871833
0.34221774139651345
0.38387156026614422
0.40992710108236807
0.37759665133637893
0.40300503764001283
0.43178752257572328
0.37087520681812186
0.42048638822734657
0.4221037055797292
0.43579813418616098
0.40381854918519755
0.39572733835062995
0.43465191230961969
0.44287423951611937
0.44447784771988785
0.41932439197177879
0.38536987569335818
0.43057718744890239
0.42310568386761688
0.40963806399241776
0.39766242957630138
0.39474884958712442
0.37457252134236335
0.37754014497828964
0.38349815804552678
0.39638752781276471
0.49605369516385395
0.42391898178355941
0.44963961720950729
0.44462531692712554
0.4598175974701621
0.50556553285534989
0.47794505995409453
0.4395494039248663
0.41712341315839208
0.44918855369497207
0.41884892603511314
0.42094541404008112
0.45557333989311599
0.44672882807470049
0.43926767494989027
0.37160178568203633
0.38501061387007185
0.41707178816487367
0.39578517385717904
0.36013138611773265
0.41538024364032872
0.4203979629255577
0.43093807461541361
0.32509230049440196
0.33900894506792528
0.34205022925547862
0.41788172733490203
0.37689550463157218
0.41189034315729162
0.39788382516517956
0.41168016776805461
0.3628891253173544
0.41903784067656241
0.4424673012308753
0.47480677428593032
0.44338505697006397
0.44418506687954368
0.47022545705117214
0.44630145281214184
0.4127445271545781
0.3945493578585148
0.35920192475900781
0.37343966723599037
0.40626960872030138
0.4169760366820493
0.41394016874238443
0.40598569022582792
0.39926950402590061
0.33634091619066447
0.35796444910499381
0.32175977050457655
0.36933772865308689
0.32900495621649617
0.43003461588664704
0.47774940355435902
0.47189492313937503
0.46914734863623037
0.411862966008882
0.28886789462231333
0.34699826848183479
0.45879978819174488
0.43566750046182728
0.47108663082091978
0.42107880451612556
0.40780316733284799
0.39300587401818604
0.41634072487525192
0.46399431217549914
0.4378846942483085
0.45063310790999489
0.40852578368698955
0.39203205112204759
0.36711460355755721
0.40453249077965453
0.42565425723411993
0.45874389438125868
0.44339164380810109
0.38396833761946342
0.45412257161273684
0.45237017574773536
0.44965094730015259
0.3905185803861303
0.38061282410886926
0.46352294347776563
0.42724883057799345
0.42866061294459906
0.4581056535600323
0.42249132248913468
0.42005326715742591
0.42473895101220699
0.4445463279336398
0.4456736917641142
0.39426419577225041
0.45118975467139677
0.38529593235725884
0.4043176242633903
0.43911140979471203
0.43111266845549856
0.3390756291299088
0.41353237957224281
0.37699815432615263
0.4483428901954003
0.4285292505629561
0.46614854491004931
0.42416281985979642
0.46095897085099785
0.4431718570551918
0.37460324485156271
0.37159402784762741
0.45466766640104028
0.40644361800241235
0.35242772457805016
0.32005051942126694
0.38955916117678685
0.44612806790985388
0.4631162653294959
0.43278942084875216
0.42395455011269001
0.42847890764825175
0.41397285219086022
0.41568018581273025
0.42170687785933347
0.38282776177527256
0.42638187618953616
0.45040803276877428
0.43316391092218542
0.43529649985543928
0.39081423064403875
0.4120851846585602
0.37788481264420842
0.41131318064565264
0.45991539403609671
0.38215848108570621
0.46978878485326164
0.39000888058882255
