0.024024389787620382
0.015459506629170785
0.013280464016195958
0.010147590065793199
0.0036312609546967196
0.011792802686025786
0.0049153745756315851
0.012324931314846264
0.0058671466588945511
0.010522095654201083
0.014414495938713145
0.016674364725466267
0.011768149687515222
0.010825843266498264
0.0045497908157683684
0.017433206360310746
0.005791470862685423
0.006333504239131366
0.003327654404797542
0.011134250405649197
0.0042780875573740686
0.012221675904977062
0.0073230630847632991
0.010096871420394333
0.019441595304192875
0.022718358019515252
0.0041492490047278499
0.012457862328271454
0.00212322001151065
0.0073985544859139192
0.015794764615136542
0.0071483675554822618
0.012231896581981285
0.0003633054194005564
0.024346593800184939
0.011617100313492024
0.013095703640502762
0.017025205398606982
0.0087617374354173449
0.0071251956531366628
0.0026111410464602935
0.0069553068940134922
0.013993953620528554
0.01071997012515918
0.004998191513563198
0.011344219830505108
0.012895945140517397
0.017704077064515801
0.0064094856672993975
0.010430380928052358
0.0056175054946933055
0.010375013213603254
0.0064118148839838384
0.022347432450874213
0.014852191942456575
0.023172063303118651
0.015691729596123197
0.016124098747189602
0.0063364953314026997
0.021430372657857879
0.013372869084430581
0.01482815429929905
0.0065786307529112796
0.020001647836438714
0.0083093655718180781
0.01047316816451868
0.0078237888747483379
0.011820684082416225
0.0053454221741002931
0.01291472986857903
0.007040329728627644
0.013391897566562996
0.0080818920175251205
0.012762705822471158
0.010375251554623221
0.017985053437915972
0.0077976080308898394
0.013208341352949465
0.0058381426281595254
0.0099960493398233083
0.02095149887148082
0.011477477446785836
0.0059921543288608339
0.0059943193655948024
0.0068528725217806685
0.0098994545597785415
0.0056565941010127832
0.014607344767078019
0.0026708439272167843
0.020500784760944909
0.0052683951169354478
0.006200345445439388
0.02591117746308064
0.0018564119892090873
0.0057785043390672017
0.0030491560549573194
0.011225684662253781
0.00067787936411996567
0.014226449640337297
0.0079317213481852108
0.0068349019392104611
0.020809480438660401
0.0080732761842138775
0.020707325241031683
0.011950988090603295
0.0077437412315031207
0.011351533203729348
0.01542630685266852
0.021645507916830186
0.028372363069797575
0.0031074208215863025
0.0073641614391365337
0.015980767677638862
0.002650975489689609
0.004304008393587193
0.0037776054034801051
0.0042241445675841325
0.016769384736714788
0.019570076007652603
0.017529628387387326
0.0039098617870791602
0.0040134844295064689
0.0080507246953152416
0.022734723495011749
0.013856851288789222
0.0091663642731008872
0.0036173558733954047
0.014920147496753942
0.018284747927240205
0.01485160045979253
0.01382850473347446
0.018813544515848768
0.0087821535633360107
0.01078493747588343
0.0042903259576695203
0.016020568868059189
0.007428832725971066
0.0070713531750055195
0.018881802908646484
0.0133658580034587
0.0016138637556293413
0.011173988995233065
0.0038109959741742575
0.0045146721582626113
0.00596990461669297
0.0067199323283096872
0.019847399392836713
0.022273664829510924
0.0079027616883636763
0.011078794571483034
0.013333726725970092
0.01334355696969493
0.0078244676277414871
0.015036210521449093
0.0077275981927021091
0.0064235879095684402
0.0127824907162247
0.012715052841883545
0.011892859486466078
0.0098931205802072208
0.008229693041215699
0.010254013007520815
0.010816421505318686
0.013325245642821918
0.013858355432150478
0.0079331026619737319
0.020111955733465556
0.0042950089279586634
0.0086330048943943204
0.014257966172387303
0.021092095115600448
0.010873665828868322
0.019496882753374387
0.015318152841609058
0.0093844763861066216
0.0074998450599903597
0.010311823225311717
0.012094402317781168
0.01638617358642739
0.016948164570808888
0.011247135841344243
0.0055681688257445405
0.0065682838133225129
0.02139639956658752
0.017948890595288994
0.024680913112156321
0.0038848168127090851
0.0080235373704948404
0.010353474201340959
0.007981256935876915
0.01520182525588443
0.0074931271784831263
0.019182576989066221
0.019780891199996181
0.0071720020227703215
0.012560999763844621
0.011724062419379852
0.0061500851975064171
0.011086240824829095
0.0053092537903668396
0.0066228771021437189
0.009466110007365006
