0.006430029047351178
0.010486756473856499
0.0046216951580110221
0.012339467773999779
0.0099808460964281795
0.02778698219291845
0.025326089065804854
0.025207832630600131
0.021690002143293564
0.023174645681334202
0.017835952465424534
0.0059882602247284663
0.0093654059591761121
0.017508825962466661
0.022235190803534179
0.010512353916847341
0.021202005811250892
0.012814905433130686
0.014388607289114511
0.014085817974988833
0.010144746855645367
0.005400757372716323
0.01460976670090721
0.0075848295417336817
0.027760050049977104
0.012615458392213962
0.0040515674830633773
0.012348413701099011
0.0077547232827976991
0.0049756119512574717
0.0095332166602052765
0.014579183723981518
0.018109308216023891
0.010537181700944736
0.0091190307768053598
0.013211095501145286
0.0037579067462783079
0.0043361772553856233
0.018479553924698616
0.01001899070811183
0.0062754724287844253
0.0060069869260261982
0.0067025457418691606
0.016805551660800118
0.012041984529568846
0.012016373841237516
0.0057768757882276809
0.014171231114465305
0.0076749415801145061
0.0080266607175504372
0.020968143889806581
0.016306637679781848
0.009322100575207817
0.0091645734547891877
0.0047675637972719401
0.0093773478320125798
0.018814024921753447
0.0093863402219674045
0.013113106592835619
0.016631109685632719
0.0083819252872058825
0.012043677123310271
0.021617617747887875
0.015078891255699844
0.016711135490130841
0.022101442363198442
0.0031300127945998093
0.018528330292639977
0.0041224856198761733
0.0043921178016719771
0.0098027201674127755
0.0022135993951779482
0.014193790693065032
0.0044336507376990381
0.0086951974412369949
0.015967205750874406
0.0081650234538955327
0.0046248554520522652
0.0096262402980090613
0.015161322968574371
0.008858179944546454
0.023104150066898286
0.012174853475754425
0.0024749867741699783
0.0079087229114269651
0.0069619879178956538
0.018726670303145111
0.0069504100685521446
0.0023392328712028045
0.0048055946282036261
0.014691910184535709
0.013121337392227542
0.0078864994927063514
0.0075085489608950427
0.025317505951936894
0.0034565727512496773
0.01548682517808405
0.0092828763923122372
0.0078861403677581744
0.0075585256350317511
0.018341688972511715
0.0087210765340396332
0.0074101063820351141
0.01085950969766312
0.0081002761834674201
0.015214697429946586
0.0064251499625961198
0.013472671461632477
0.017065029615767231
0.0097635545505263578
0.026865032123204204
0.013359131260136034
0.0090587694159842309
0.0058592693925568666
0.015609549778313648
0.0057039365350552897
0.010429410550023234
0.0034807668554346816
0.0040047318594347518
0.0060094285534943587
0.0052417021547334387
0.01458874109840483
0.016149101839246699
0.022808085700378039
0.0016047857407971689
0.024701615472650137
0.013724415598006509
0.0037064220696590953
0.010754995730839706
0.0021916403388044488
0.015828736790842221
0.0079030490129144686
0.013657253407178049
0.012429235545045186
0.011289852919429744
0.017708138585836437
0.01565513231831471
0.027562233822223774
0.0096898278148230162
0.014453695726357272
0.013703634145582632
0.01187536330721811
0.015735818893226998
0.013005245908948885
0.0080221075122568018
0.016560183191625066
0.0071337877911692698
0.0068340612947986705
0.0059931401266687875
0.0044741775717066059
0.011037177976889974
0.0062367888277794388
0.018304672589755905
0.011621856777498002
0.0090250966676097156
0.0082487399326829896
0.013142785122115006
0.0087897181443143645
0.0061337821076754735
0.015370548055519576
0.019876667420126361
0.0048650497688488697
0.01522203696400606
0.0041788890476482914
0.0024737800673687005
0.01230526411082378
0.0068333701492308847
0.014005003596518727
0.010507084652902508
0.0077320689040269522
0.014694841839266269
0.0083361485347883818
0.023530712443613214
0.016574409799162627
0.015992468048614011
0.015503523002455302
0.0096356211046066571
0.015426921893499366
0.012525792514001662
0.00046638286329469262
0.01052969492651055
0.0020430122851634843
0.0088233990579768534
0.016423819753273516
0.010224930370089858
0.012661775771994996
0.005437931942546481
0.011975369825476003
0.015533130170969335
0.00096197391007417799
0.018091049202959831
0.0095131846384478094
0.0069174708382284322
0.020056713476221275
0.0070380638283443018
0.012881140749331169
0.013263393091465726
0.012152554119371866
0.027908303109123379
0.016612743273756416
0.0087104134455975434
0.020607732316794393
