0.019438852528853988
0.0063634576658872606
0.0099931962604677751
0.019678038788787718
0.029760608108198611
0.01909914111385615
0.012101222187915948
0.015011617099121573
0.014131294959439582
0.010620111554153816
0.0036812991536065479
0.0066428058172750392
0.0067232474811164226
0.0047721697112896233
0.0059222311596842121
0.0041796397655024424
0.0070207272008659229
0.013619056615680065
0.01090387083061343
0.0094679614258279549
0.0079267969736533436
0.0083192499486964347
0.02344034448086306
0.0078829254906676652
0.0078448960386303234
0.012371138261181039
0.010281316568767811
0.0084509158551928226
0.0090599202829035885
0.013987061158674971
0.0070175396913494158
0.012608655786323808
0.010026746173352941
0.015946985737762029
0.026374945981442837
0.019776501498912497
0.011122867858307912
0.020649164361527309
0.017594762386909248
0.013970659067815621
0.0053319386705511819
0.022342248223020365
0.0065666984401181764
0.0057190934907892597
0.0029724738004438113
0.011512633904968339
0.012632497489340177
0.010290630277930007
0.019479590041330985
0.0035392949452427301
0.010612147942335941
0.0080371762114079572
0.016872022473452257
0.021332766194618998
0.021333206788305754
0.017864732877166625
0.016050443991917462
0.019727580677826578
0.016934766124427503
0.010216405779128409
0.015011538489096187
0.030721035133414228
0.0073692727873488871
0.0076917510344583859
0.01401399339321331
0.020779774510352025
0.014845326850200872
0.01100742089098887
0.021254456768641614
0.019348627394819278
0.0076018517485195941
0.013334517791781072
0.022012840831258179
0.019598514097658469
0.0066892020645774614
0.015284147568857433
0.0098107175768132708
0.011144101669201311
0.018797442023649167
0.0033924953825430234
0.02956448066713431
0.016846493285096274
0.0084466561397132864
0.025632529850668957
0.0024833806855606828
0.011960098667380729
0.014003661885204721
0.018188564159611939
0.014068739725293088
0.028170279862115327
0.011929829877891337
0.0062284097837474071
0.0072724115854768193
0.0059971461256945174
0.017236280210287509
0.009022102124166315
0.019728886087276753
0.015954069559892446
0.012734652032588917
0.025115796553290277
0.016610373493044304
0.0052570557541746195
0.017851833954203748
0.013383249211317595
0.007312761389288421
0.012317545398097403
0.01060791477991987
0.023528293762446861
0.011383608276653334
0.0074713857843731312
0.014100977161651219
0.0067549115042662032
0.018062058361670956
0.006756194433777625
0.0014545704037338875
0.0095899595516772008
0.011843317053088014
0.018763157814345937
0.013393234783697751
0.0055767576514648655
0.0071674407248949129
0.0065752875670882088
0.0096254547697177048
0.0026142064029841513
0.0049434887109467088
0.013947950108501724
0.010340279556163096
0.0077304934620178543
0.0023379597235070166
0.011727978508606489
0.018050549675825932
0.0082057034257656189
0.014475802303684483
0.014596302795014301
0.012202134685203606
0.014205178334743213
0.016407791517701779
0.016260751680053542
0.0079701314506649724
0.015773908761571687
0.015251768398762574
0.014265646495811251
0.011242542786748029
0.012738057988358741
0.027553075028412914
0.012664227983599594
0.02093113019738492
0.010448480165985145
0.014267972164678311
0.0086716819834712824
0.02215721462145041
0.0093862633729474253
0.013717344787182197
0.021811152298082292
0.0088952274830417025
0.014593713313727599
0.016007731692810636
0.014008541971541538
0.0065665939570154954
0.010592748909877251
0.0029193752559736386
0.0011692993186302252
0.010778430855144107
0.0022755703331771683
0.018791263117265217
0.0045260068209410764
0.010939003101914997
0.0054263328075275577
0.015865123185399156
0.014520303585719763
0.01268596807642112
0.012131481862246725
0.017696278440918915
0.017714011263799987
0.0097884844290904143
0.016779635048576155
0.013088775077115714
0.010055722885714113
0.0086672642108483553
0.0090847798102764495
0.017755010919598298
0.0039996165310119984
0.017351042728362853
0.0065007275732741274
0.0081441470587846707
0.0064507644699766942
0.01545606689437975
0.0074291074891691435
0.011055176639523325
0.015795899771042145
0.013811274497834248
0.012039480329364406
0.020538966626634392
0.0053005271371440463
0.018207423484164265
0.0078563404660237819
0.02211289942540845
0.020012860341581014
0.0084896391739415593
0.030163469862825892
0.0073607355567405896
0.010625646201979588
