0.0056090961489515499
0.016355274638682915
0.016409832115593544
0.013047383347573506
0.025294541207624373
0.022760092097865448
0.0035344502458493385
0.012992497553622766
0.0027494893832614871
0.012573147611521958
0.0060958945604203353
0.0094933199329110003
0.015258816697917257
0.031458985200856771
0.0094567912551151486
0.021792960838369027
0.0096851792102817212
0.0086242166893101858
0.0079806333915884032
0.011504847402274298
0.00694028060879762
0.0093218144311007778
0.024014063730834832
0.0078031553146618582
0.0097110190208494606
0.012204588084972609
0.011964075674140408
0.013603983503966565
0.0056624365962209215
0.0043053164525284912
0.025596533968434892
0.0083514240021694431
0.0090889618888066025
0.007086067849716644
0.010843467091970245
0.0032729072446181502
0.015605916608186951
0.022280260378859457
0.014322658956603684
0.011995739325756153
0.017989541928642282
0.013356790966796263
0.011033214000667684
0.013791124976544947
0.014557340001762367
0.0037550427084053527
0.013914643165314608
0.010838805638615712
0.014306057963541847
0.023868099822991557
0.0216928538725349
0.006895466159318602
0.0059056298406649317
0.020053313117885538
0.014527272493937629
0.014040973538552399
0.024386769924575519
0.0050804755439887552
0.023554899242402585
0.012467330953234098
0.0035521157239794543
0.016897972124525346
0.014941310456305416
0.011343128919305742
0.022975155004060947
0.0095834638050150342
0.020257621142746381
0.011050540071734781
0.012950451251898911
0.015925776391869182
0.011899936561508177
0.014495219138392166
0.0090185726522470592
0.0030140863043897404
0.013870874193381878
0.012934910917108881
0.0052251393699466473
0.017945297089646924
0.014978736843576741
0.01168917833306061
0.013622423903926702
0.019549467953583349
0.0054572566621620463
0.022006796034635526
0.0078193426783930171
0.016476610609682987
0.020081134405909674
0.010099601501245871
0.0012672607006678242
0.013423443183127966
0.0018132261562817506
0.01404584054391448
0.015670184983816626
0.014997918267975249
0.0093378972588926169
0.00541318849714167
0.017946911117790679
0.011838703412395972
0.016633513262192184
0.012619437267429069
0.014900869888459642
0.013955021245946482
0.0054088177956399435
0.018206486475624128
0.0086557508435897035
0.0029456861942688982
0.013459250415115502
0.008038577414741491
0.023188521711567347
0.0077425627692734476
0.019380773037093096
0.025991013263910283
0.006843242560476295
0.011009508595721751
0.010820012400410414
0.0041780907647214734
0.0029646942876585835
0.0111823725905694
0.011414255281856729
0.013466628439924229
0.010892770285760993
0.012717911499250488
0.02162111588530502
0.011282829974898229
0.012620517034803909
0.028888256728530414
0.023101447743614997
0.020882422365328834
0.011650540829014703
0.027834188781675494
0.0060743855740916473
0.0033079643116027966
0.0066745878697584433
0.019189402747911199
0.025150769535847297
0.02356865228310211
0.015499218561998852
0.010586953884741918
0.014764572713384357
0.019611909822076553
0.0007286037076334388
0.00216764549655414
0.014760836772129625
0.0089512567235765974
0.0086318499631257237
0.0069620737891390224
0.01314007205777951
0.0072399202104213274
0.0090395648134228256
0.0058849179448752752
0.010725083109381136
0.0033538565878011742
0.0044219627547590103
0.022994770221132617
0.014405847656483051
0.015388072257933165
0.013243838809737092
0.018121925443981526
0.016050657981780084
0.01086366401117328
0.011727824293717342
0.016535014165430916
0.00071026189918212211
0.0046862334993786814
0.0097332666289069586
0.018950751847723386
0.0075957143700270471
0.01402003414774013
0.010577603798309554
0.017041298873359624
0.015292397164427814
0.016643332395216003
0.0022257141311550453
0.0015774181999449076
0.010908019155504711
0.0051826305604280396
0.014221360978584568
0.0093085495946850817
0.01095407553879975
0.013069677567237771
0.0033312588426475088
0.0047827288035046248
0.0067349882218035034
0.016671496515368884
0.0058989960377428029
0.0056442260306648175
0.010300211728054983
0.0094722247815172984
0.021166145706627434
0.028335263284387954
0.014127612929123004
0.0090650198511724803
0.0039518625405075272
0.013514008982001105
0.012130775529685901
0.0075591143145593868
0.014159531187499023
0.017185388218706254
0.015747682088597077
0.0079831301009137025
0.0076610095324709969
0.016408593725729191
