0.031213382499961868
0.0089714243915214459
0.010187804250155296
0.015270581602017368
0.0084281823112152768
0.0091848908428705262
0.020451411371000948
0.0075579350885923678
0.0094994787427542665
0.014084344400762273
0.018492629302979357
0.016432847781393149
0.0025382018198391349
0.018621974965407347
0.0112587499314864
0.0071875745033403108
0.014229828949009524
0.018687908953731732
0.014702013620592059
0.026247047323416109
0.012475596039424004
0.0044793175196833936
0.010713678992882829
0.016238354396709516
0.0062292999840274964
0.0079664670225836828
0.017147272571543762
0.0081587915875452194
0.0020443520207772113
0.01077394782611844
0.0007819178070691212
0.0099344514618049731
0.0089271366830426351
0.0089976813438432165
0.032485373976531624
0.01638332281302065
0.0059317890654836192
0.022074319496383728
0.010812212546263644
0.0040307664915266795
0.01165444706975555
0.015312879719455733
0.018099468309687037
0.016745608539829294
0.019026528343539247
0.014536074963816571
0.010588908618184041
0.01650932500881357
0.017250604423321915
0.018613640068648542
0.014462333895442452
0.021134894659640087
0.0053188477769878714
0.011994846845556347
0.013363831771603227
0.022033812877106828
0.011680149163798902
0.0053277202040170413
0.021458170857988641
0.012327943409254076
0.0089207913064840664
0.018476619467889286
0.0058313955004746995
0.0038353887809167578
0.014247252564416264
0.0038963434901131905
0.010920787730880243
0.0085224862175645975
0.0070173058847727713
0.012645714620581032
0.013538446908583102
0.018148460548149462
0.0096498226175951527
0.0079731029505400661
0.022449185688263151
0.0087841958052364052
0.015543455671495902
0.0051406229306926472
0.019138807445424177
0.0052649207388806686
0.016549781840483859
0.017202690781922103
0.017887518367965805
0.020856174718090609
0.013442178560943216
0.015590816520414564
0.012690537857136364
0.0094867317149194708
0.0089573167269572131
0.013101651945081208
0.015693215654440117
0.0048173572352567052
0.018850978207354405
0.0049770726189811232
0.011956311426999912
0.0078760257581705698
0.010087158394157454
0.0095128337756423369
0.01106067215563163
0.013483243031202342
0.010051596560638627
0.023261915986347331
0.0042455188243473684
0.0049055162263301807
0.017515463412206615
0.019340641273011272
0.0042552824762230679
0.016993798679086018
0.012052487283883874
0.015425229747238456
0.020113471141919286
0.014600049904399023
0.021347364653277346
0.011501533156408702
0.008644922099228531
0.012390001819542213
0.016057369723165436
0.007096008173005295
0.017720440167393478
0.0081681427136012421
0.0021334018125471563
0.0025141934033705566
0.018252610571424931
0.018208101514504301
0.024375647374381991
0.012280544085334034
0.009274898290957196
0.013158148008020005
0.0086986758158405109
0.0093068417223985001
0.012574955652405285
0.016044473922119586
0.027064468558787125
0.0013807337310097756
0.016987447269759995
0.012942324672580848
0.0059920080791986815
0.021149269655740811
0.0072402986438798653
0.035455318234815028
0.017188276071774578
0.022604031424814097
0.0045762968669579148
0.023182931670036783
0.011533421564356315
0.0096268330085194035
0.010561388346134449
0.0036174752292435649
0.011343703120975754
0.012696254206245622
0.013774504269479494
0.019561923456369441
0.010211161897579904
0.010136070334872059
0.006388653156135851
0.0056615656146040269
0.012590087862104846
0.014520210654434713
0.01625426100050285
0.0036440833523990329
0.0074008588578123521
0.011028385171100594
0.0078295888441728273
0.0077929695810854014
0.0079804254058375209
0.009829407676872794
0.021100847393970938
0.016230940942218424
0.014615638657390687
0.022982009684288457
0.018076225009384796
0.014449373422870043
0.004900558905908077
0.017292453845089602
0.00096009257592158761
0.00139088631824546
0.0096080751242354802
0.025589723482186345
0.011101772282649398
0.014345576411587607
0.018411205902540251
0.0037519274773171289
0.0070666528381304545
0.018743594753616075
0.010918472168886702
0.01697822603524821
0.012356365444171465
0.0086781450787166477
0.013655497729214304
0.0051604445027217923
0.022566790800995207
0.0080164952151437346
0.010992694298443155
0.017341779287363111
0.020632868163763796
0.012312429276154157
0.0145209115209196
0.018489346097024961
0.010830500679915712
0.017053329793427805
0.017389200808068366
0.011725146372837125
