0.99147341946727763
0.99343295223927774
0.99187108872063867
0.99257222448166726
0.99111647796961799
0.99067830735452744
0.99045740602125654
0.98971536033675289
0.98912519640668184
0.98927067302836469
0.99401780536988393
0.99612347905409526
0.99476205469656409
0.99532924892585484
0.99507217076404408
0.99621228919450011
0.99423422531041994
0.99413386669351267
0.99485865008236596
0.9948412114281433
0.99271180559694294
0.99495062266398815
0.99536512597265037
0.99525141941526052
0.99435847131235522
0.9931825828468186
0.99557510898434987
0.9952605477451093
0.99463609454786517
0.99507760050520166
0.99426444552230953
0.9943392370364208
0.99479764195330944
0.99486719256634937
0.99463895075097375
0.99359121978739295
0.99457496040335847
0.99398089981471349
0.99523242898176767
0.99540846290083984
0.99401793956316631
0.99589522754491477
0.99295945925409967
0.99245282159295534
0.99231379943791731
0.99363231484265224
0.99484269936529834
0.99443248935401463
0.99287080812433903
0.99318854586500838
0.99435559103635729
0.99373714023230852
0.99441473868617625
0.99496959194819901
0.99356771146420453
0.99303246315556892
0.99392927737972814
0.99494991390135357
0.99322953729276819
0.99263103848479972
0.99356931322479858
0.99322461946285023
0.99479484152201836
0.99587005221507696
0.99480849223986123
0.99423606756457517
0.99560598917698873
0.99407252340940089
0.9951781867592262
0.99501535330032553
0.99518401979995796
0.99410906698634904
0.99419803129698636
0.9931820422452613
0.99232773719601064
0.99282480735951295
0.9942667374819637
0.99511180986581838
0.99341954103374852
0.99575971902447147
0.99543319694885801
0.99528195675388298
0.99557628885233407
0.99418159770702863
0.99513375663420178
0.99431787146228856
0.9937472758181668
0.99362891421150046
0.99223377853991312
0.99237529877294317
0.99316512468175178
0.99185412439828158
0.99388653952130102
0.99365425614043235
0.99500677513902103
0.99402671611207682
0.99323605903817902
0.99520881715339171
0.9922845370259773
0.9930511435241689
0.98948220198256498
0.9901404458793811
0.99260007205337641
0.99398650544653322
0.99532607935953832
0.99414714073591781
0.99514822358643795
0.99481689696320663
0.9925600572649329
0.99351820310267902
0.99320259573069458
0.99466873527104183
0.99393182557474791
0.99411126523596671
0.99336244414475061
0.9938848049799538
0.99321507068587933
0.99260689372691613
0.99233763505227712
0.99208058035070223
0.99181717227725286
0.99272092832688474
0.99453769700442518
0.99447027559055845
0.99595850602395242
0.99448252737134502
0.99314008184178559
0.99433840796994066
0.99506164640273809
0.99393528181254265
0.99153977351832312
0.99027050131019234
0.99263154975661361
0.99276849543581469
0.99010483982808417
0.99098040783019581
0.99512667954839251
0.99504538951870969
0.99456225982644619
0.99457304849949879
0.99638849480496827
0.99607843687844155
0.99665950955467797
0.99488974302433963
0.99351403778022274
0.99359938632855616
0.9948539475153747
0.99489897198531929
0.99487410665672693
0.99559588132209353
0.99545214517845604
0.99568013150083545
0.99547550881246349
0.9936807785759918
0.99447836503118991
0.99501677570375613
0.99363481456444935
0.99351617193923536
0.99327019822247264
0.99314884224602351
0.99232282914502401
0.99288719847272799
0.99422778118151733
0.990632979372703
0.98968170812735734
0.99193468501805149
0.99187397869906369
0.99358664194462887
0.99470795047536587
0.99345841180757655
0.99416142827337461
0.99326722725502814
0.99240358567259335
0.99227719760638566
0.99309056928501582
0.99332261426266699
0.99576181406004338
0.99370828936263922
0.99469211555367454
0.99405367947532097
0.99455603119840308
0.99400007247973665
0.99446082227566457
0.99465678781957556
0.99459929873899167
0.99433912334328423
0.99431059047963644
0.99362322760659183
0.99219033006469504
0.99031139893634812
0.99490992604412298
0.9952852828424239
0.99650553847421053
0.99654591201748211
0.99527569084935197
0.99389908742197197
0.99474253492563924
0.99594339777270668
0.99391631098029176
0.99462066980544439
0.99385958720852674
0.99236876773735339
