0.99362441830333492
0.99284312653880402
0.99535234331641231
0.99424633987457778
0.99542120486596697
0.99377531877984759
0.99391762759060864
0.99496688053097948
0.99350187394397715
0.99409615927456885
0.99245856747148464
0.99449928876101634
0.99424872722243818
0.99394192719131191
0.99419815425688773
0.99443985822756642
0.99395511084916965
0.99387321219743963
0.99354833489790262
0.99511812524003196
0.99404835859388463
0.99429103528870155
0.99346873625719645
0.99413020070744418
0.99465688437936539
0.99250956599328988
0.99218221739281676
0.9917020057676712
0.99044941345638515
0.99226995265932771
0.99174647928618587
0.99382040620138656
0.99317996039424694
0.99535772317185645
0.99496599610717873
0.99515168918659536
0.99526923514306254
0.9931182003022202
0.99497603598647555
0.99447628127655907
0.99496708489809049
0.99447169233803867
0.99230244961577452
0.99289714987984623
0.99308085835829718
0.99355250887635349
0.99425502542556299
0.99526155892018009
0.99509916746407656
0.99561971380079606
0.99541181874286544
0.9947521147320495
0.99590555588849383
0.99684832627200137
0.99411162696058708
0.99435740030087538
0.99468530439950276
0.9939468529328942
0.99301719804121003
0.99389588857966837
0.99338925897875585
0.99269963122657245
0.99347699516947274
0.99230918462277873
0.99055371285988292
0.98929015429381872
0.9905180884627458
0.99316241366951441
0.99183905154668162
0.9921241163821195
0.99344350675021087
0.99442562328914386
0.99511839642984634
0.99383303800094591
0.99268150361034235
0.99187845303186506
0.99254247446781774
0.99105406457717349
0.99098161670636575
0.99179887995651106
0.99319059934136844
0.99219863594198832
0.99531390329015146
0.99487308088597859
0.99355992240168278
0.99442814473075003
0.99220100469429895
0.99226759556092514
0.99348778142788052
0.99442721559438119
0.99588682226929515
0.99621522721175426
0.99487271985976045
0.99512955646700796
0.99477314203645117
0.99454828275877283
0.99415923435604836
0.99510156402393368
0.99478625871549797
0.99559580682843918
0.99465894605945648
0.99429769253577982
0.99622678926726482
0.9953459405368219
0.99417130850386981
0.99608038184957881
0.99488637083912779
0.99512809795597756
0.99521508311211415
0.99609085533100639
0.99546675570430021
0.99306979272164941
0.99445324966305526
0.99359130203054469
0.99555267873900033
0.994789227839742
0.99348865013935883
0.99634427332053899
0.99516320693989258
0.99586470045436826
0.99456945002459796
0.99562805561696421
0.99549233783225
0.99566009635741204
0.9955169792520806
0.99374173822032641
0.99329598704062927
0.99433461965814396
0.99534651122318873
0.99565581588001717
0.99419419148375243
0.99378716070968265
0.99391581411619168
0.9942993377337358
0.99431143126360189
0.99563230641502054
0.99518356069730018
0.99291678212067824
0.99261438876620678
0.99294997220373415
0.995424532458272
0.99441379244650374
0.99464050385841107
0.99603273875273224
0.9957832155568368
0.9949185683518762
0.99564132222098289
0.99338794021172405
0.99306554959142157
0.99219941437475156
0.99077416953322195
0.99334099018061117
0.98994054650679775
0.99166786924130612
0.99142697179383266
0.98862082579018173
0.9894366360084712
0.9889997285516906
0.99159008369626334
0.99284123457162932
0.9925903036510566
0.99316675615719263
0.99222796456481366
0.99115723082133456
0.9917732477584259
0.99264985899152824
0.99383329563605416
0.99336986397024585
0.99351165465796776
0.99511175784008155
0.99303037003650096
0.99317036797265723
0.99379957624447035
0.99417727792265542
0.99364314518693853
0.99703316532208941
0.99583875288691248
0.99380241065041608
0.99509797905727826
0.99556643411077028
0.99397763653425641
0.99581004060362432
0.99421105938366972
0.99329512341009429
0.99285798604040354
0.99514062917100499
0.99303302493874634
0.99347361217112728
0.99511626403241449
0.99395454867250754
0.99272492435294601
0.99295854964476771
0.9936355008825194
0.99340039959723603
0.99356396259192203
0.99105238263831918
0.9932917862394407
0.99419339947851471
0.99323252460309508
0.99545521669654169
0.99477295834670321
0.99377199934598959
