0.99326237885665836
0.99418617256399233
0.99375228337333188
0.99361914715517052
0.99383767870591344
0.99578825997460474
0.99498583601253299
0.99355612895610812
0.99467910882971222
0.99419001613442881
0.99448627114140975
0.99527491398749923
0.99480820711247264
0.99481435490588921
0.99472534932998946
0.99469896907617938
0.99531287559849457
0.99456518948246109
0.9930684674116721
0.99163570421179736
0.99310323231862563
0.99426422614508936
0.99489509953269717
0.99296437980916052
0.99161876316860253
0.99351845447205633
0.99384103498864462
0.99363823490530889
0.99453694425063122
0.99478737858447142
0.99408293391657099
0.9943806026847356
0.9943080059440933
0.99483242286902052
0.99349183081842685
0.99336001115786909
0.994387494569274
0.99227024752422877
0.99415129532861712
0.99357694001455776
0.99429470335231751
0.99228619347897673
0.99001799091086939
0.99343572593667384
0.99311583981994889
0.99342539356151327
0.99460831727300736
0.99476397551443241
0.99608336821498666
0.99513408217036725
0.99431384749407614
0.9947433659586743
0.9924225044292424
0.99369881132611559
0.99289625790860048
0.99285438635845868
0.99484949673163636
0.99245560144436695
0.99159465334751584
0.99106636790778602
0.99220043450602968
0.99278560882456635
0.99467580673747147
0.99561809003617452
0.99398401109479595
0.99333853185772425
0.99179432883612006
0.99243953046100608
0.99233397786482502
0.99296205376450908
0.99311580168255065
0.99506314794311546
0.9932968123324587
0.99422678146652732
0.99062545141425085
0.99387693653603615
0.99365893336002498
0.99500968258853373
0.99394877566989071
0.99364985442980458
0.99255570403781157
0.99446858282420048
0.99455609288477331
0.99469971144783398
0.9943161998526584
0.99374813404523066
0.99376799270940985
0.9935896544233751
0.99504964781591376
0.99432658446827193
0.99358820625584243
0.99461026119077656
0.99570137771519385
0.99380926046409468
0.99268469246297986
0.99219938426855125
0.9912775045620047
0.99029093082463837
0.98859082933151077
0.98747040736081937
0.9846259512227753
0.98620093511231488
0.98933175533553086
0.99158659955191319
0.98988596108611715
0.9932962576392792
0.99392256654619537
0.99410244101376388
0.99482041783039898
0.99391534279482863
0.99473028853886436
0.99541892267171628
0.99346946804981795
0.99426616509525889
0.99194172700961802
0.99405445583801832
0.99439580963167862
0.99475971968177035
0.99308369240352978
0.99263247543146527
0.99457377346930431
0.99276711621940694
0.99126200404304188
0.98972127604505467
0.98983633007175098
0.99218315808250357
0.99290216108329021
0.99481090927128513
0.99429531563661644
0.99076044514551176
0.99515782854674573
0.99315822472010296
0.99189559256951731
0.99408088104604353
0.99348048608256534
0.99359182924299849
0.9928567466062419
0.99431466973427607
0.99468279242257229
0.99122519419721655
0.9922642614806908
0.99338417902679921
0.9905313301866191
0.99103752311840998
0.99020150712223631
0.99489729427501428
0.992475217681132
0.99343297786627693
0.99366966163341663
0.99328516849082449
0.99368973619224554
0.99419210633032862
0.99390180208642653
0.99453575548106643
0.99319327837761862
0.99290474900745973
0.99495427662572955
0.99430409391711372
0.99419500597531263
0.99367525792550271
0.9938905819728775
0.99423377165014404
0.99463002124888722
0.99484764401759196
0.99423785022596545
0.99500089753650467
0.9942716385017274
0.99419169673999697
0.99423162454751912
0.99325779027744188
0.99340466358933077
0.99355862895350744
0.99415127682275228
0.99340764932061365
0.99474388990084661
0.99226958774260221
0.9923792609989448
0.99471404795975249
0.9931806000239396
0.9926113458207465
0.99417822976400483
0.99319330431801622
0.99185572727168358
0.99354632658626085
0.99372937405548945
0.99407839330133674
0.99401373222499068
0.99537242942673287
0.99290768071881719
0.99270278353901953
0.99421269979009552
0.99545898791489351
0.99525254057413126
0.99377586104718396
0.99290922011974092
0.99237259056252347
0.99278205105669015
0.9927295715678387
0.99369408653773195
0.99373635661153537
0.99158230659152768
0.9929949856695961
