0.86739336592509531
0.86451815475244775
0.88576712300063665
0.86881642244296453
0.89651987629528762
0.89685802184046282
0.89164931701915329
0.89580535106797632
0.9013151674095089
0.89706593293534886
0.89039899984220172
0.88792333371249776
0.89133816624189088
0.88613574730222355
0.89848208860439427
0.89355528322599986
0.88666559061684724
0.88275579989557429
0.88994737375587707
0.88492863647441777
0.89489290181122672
0.88862887460669726
0.89367415845771681
0.89774727992343806
0.8945650313386998
0.86901151524393327
0.89693129378284642
0.89409800184297594
0.8789325482458189
0.90315306510663007
0.89232979991509309
0.87880887141986574
0.89069923476942559
0.88912435248749722
0.91116455526780216
0.88692127125720255
0.88778747236530275
0.9067796404551669
0.88919774309594268
0.88378083204336477
0.87719191787904427
0.87258826226668207
0.88032630922957911
0.89391453026539025
0.88132637716112405
0.89300076676744744
0.89159607622354042
0.8709290471799952
0.89042778282343349
0.8995753186631289
0.89484292624475548
0.88560585081531729
0.87810132678965502
0.88577152839006346
0.89077482169178301
0.88622786309435075
0.88317484259482959
0.88866544026212835
0.87725019555346795
0.87299779578270353
0.89875516092114527
0.88797597471362744
0.89257694782627706
0.88901878716981031
0.89820286066144517
0.88115683344445184
0.89689381574348648
0.87612041419264486
0.90088116708414812
0.89071749104278553
0.89246149953383647
0.89618865993567032
0.8762196458878051
0.86890893028377147
0.89356765474107436
0.88931546462155497
0.8768122834857478
0.88593780354673901
0.88434839979406232
0.89196344794952986
0.87039192771608154
0.87684212499802283
0.8932505048286048
0.87393220475864597
0.8882631979478991
0.89273679532604766
0.88609275811215127
0.87530980642383216
0.89186482337714301
0.88802110031972015
0.88910544637658129
0.87890149153112673
0.88981065406757431
0.88218814466344342
0.89856425571811993
0.89164222538252724
0.89667685001926667
0.88208887726270002
0.89864657541211301
0.89540707203152081
0.88574357131591042
0.87408390902386957
0.86542444905108407
0.86861383260743152
0.89059262424664487
0.88547020675620958
0.89677236742969801
0.8821152450418609
0.88104830786751931
0.88893182759616107
0.89152923005894114
0.88900719315525789
0.88817488015994939
0.8821040365817332
0.87482421336226734
0.88764890899756954
0.88645444346677238
0.89017343478869848
0.88260074886797213
0.87799842329161815
0.87638697422640166
0.88380941115349809
0.87656343829857808
0.89209975197846392
0.87374513796824305
0.89376619056133721
0.89205111872293275
0.88670882274774043
0.89414332084125769
0.88700006901079165
0.89164634980309299
0.8953616168812647
0.89506839238537927
0.87830664613489928
0.8989721799619792
0.89054117060086724
0.901144441949565
0.8912813904222473
0.8857477122286268
0.88050335883516362
0.89779003700964799
0.8969761185931211
0.88711940302469527
0.88154026561500121
0.88653426300114491
0.89844712834734275
0.88475802579495966
0.88579109671223821
0.88680556183720272
0.87466348474424682
0.90254871856165808
0.89509412488569695
0.89063220678178234
0.89488061004446551
0.88523649062406373
0.87832899346542981
0.86463277955025819
0.88374968111556385
0.88494684989495487
0.88805079556460187
0.89109700269876835
0.87427353230763516
0.89311081790773972
0.89369894338921352
0.88687714522005479
0.88117494596692303
0.87589654389140359
0.88653852474591166
0.8928338799822545
0.87555950763873069
0.89672001763573939
0.87257072516907763
0.87915714380167242
0.89498405779783685
0.88364940054497276
0.86107217432892147
0.88674145669470084
0.88666495957564917
0.87588187753898195
0.88489427919681063
0.88149418760398712
0.86564834387003375
0.87227924074729668
0.89132655698196417
0.87989196716869911
0.89366653433617993
0.89698605060917569
0.89141912553506386
0.88833879822968009
0.89496452528049897
0.8782030637428796
0.8742156119225083
0.88784943041898123
0.8797027363583696
0.90017313282280431
0.88990602017673226
0.89522448260873633
0.88247742800037487
0.89574141035519184
0.89501332499767239
0.89977054807133139
0.87690767958105409
