0.88360411825828933
0.85971552532268491
0.87853214369150279
0.87975456123432672
0.88271549685463702
0.87968421566836497
0.8864393738462184
0.8754136991300504
0.89542287895882566
0.88609717196066129
0.88936646131725339
0.88436429837314812
0.87761935590480733
0.88968870189829985
0.88945879506031078
0.90168645727385488
0.88788413074854677
0.90035351458106749
0.88899356871690716
0.86805417193452106
0.90385880405539498
0.90379915520821086
0.88778791484089459
0.88233594617505595
0.88912431212198517
0.9012853304331141
0.88725145846418807
0.89770117094986313
0.8953565305717508
0.90496681710750726
0.88892366095530884
0.87721391048720221
0.87502985785078935
0.89557283597322623
0.8883179570503088
0.89400293257022889
0.89720180088993129
0.88815831523284616
0.87262402566388808
0.8755423915815681
0.88481563865444157
0.90510153812554472
0.87320166880013694
0.89666943370269703
0.8778030698874848
0.87814117087328614
0.89801789517004138
0.88871605098519535
0.88837785654091228
0.88453609550554757
0.88951860146291684
0.89110865626775315
0.88329017048631908
0.90203634046818115
0.89773130144238811
0.89948218012658643
0.88353198508816466
0.89825587629910331
0.89126586887142056
0.88547650924446897
0.89366410677883634
0.88966154371691064
0.87198859438480791
0.88483219169462124
0.89851327698789862
0.88604448997692242
0.87956129459212329
0.88145655978088333
0.88972988677663056
0.88869846272096498
0.89077402963199159
0.89600030962877308
0.87840058769478435
0.88662944569505464
0.89353323776160654
0.89860026841328866
0.88776224070436949
0.89263180336429604
0.88467498444000603
0.88946109569463105
0.86697483053110824
0.89046013486363063
0.88606997764169781
0.89344020800732371
0.8987836234142943
0.88612250143850746
0.89492557556145458
0.89278696222647147
0.88903037818203057
0.89087465474921201
0.88790095901703137
0.89114522305423416
0.88626702275355584
0.88362429217420246
0.87456311202531778
0.88159495630661078
0.89362870411659967
0.88552725473357241
0.88273060770849487
0.89412229081673389
0.89286591990980069
0.88713066664526019
0.89780153081778058
0.89500817068142946
0.87735451303608125
0.87881221714344271
0.88487867853923663
0.89063335415413303
0.88642715499679059
0.88827335457317569
0.88565621804176664
0.87556921500554041
0.86702821932172347
0.89780726049781456
0.88495213224989255
0.88687955370661264
0.88971866913590325
0.90319092221513742
0.88818287967916032
0.88122301866292196
0.87117401674670147
0.88514181578463202
0.87607987436618717
0.89154723148240356
0.89063895908312984
0.86913948092302684
0.88293151973730444
0.88201642825699189
0.89090502342808375
0.89689229538273785
0.88394679476370175
0.89333801114212841
0.88480923527401423
0.89404801518103461
0.87678597201537967
0.89544960028256815
0.89591656698239019
0.90073469484758495
0.87933523542719905
0.88779336939635489
0.89243609794177725
0.89358707593752773
0.89734200998484981
0.88235782307309374
0.8929427023994283
0.8739638402327462
0.88395575198996468
0.87162752965911039
0.86811003926629737
0.89411829224208927
0.88031091836121877
0.88517999486636179
0.90682802979281318
0.89094636776567659
0.87486456099488352
0.89840705926474684
0.87845177120773832
0.88516041868924089
0.87981062943937027
0.88052062309896362
0.89628651507260182
0.89437571943865612
0.89253599798250338
0.8893200542928259
0.89875444819786976
0.90193454769549886
0.89779205412059959
0.88550230552031517
0.89382837297093398
0.88568607874951999
0.89244488343716954
0.89408533530046996
0.8947250690188685
0.89307043663137986
0.90116014126099864
0.90459678930484499
0.88304246727454416
0.88104118183092306
0.88251239170211948
0.90503727626603392
0.88702065367335714
0.88880676113393431
0.89266343994729924
0.88558908161223271
0.87623811316747546
0.87514262607932825
0.85293119810828966
0.87116419975395443
0.89016519032616026
0.87514828451908733
0.88891495834260537
0.88386828965412934
0.87364388892930422
0.88882563439762696
0.89629165391135579
0.86229249120526041
0.88534272430919647
0.88263332836933539
0.8908144770113442
0.88964524751362362
0.8995773971352421
0.89413524347853224
