0.88382458341509385
0.89219748201891047
0.90568248498677861
0.89786010375966485
0.87016134422615987
0.88068104581562834
0.88298492756568792
0.89864551490726297
0.8844099144365819
0.8830268602457696
0.88728441436789551
0.89757435718701561
0.89564040499847508
0.88714196608636697
0.88338733933358415
0.89020621193821603
0.88397112029675229
0.87720981843902379
0.88850948320030454
0.8903889235976763
0.89155109836107715
0.8993873532325759
0.89099625532479199
0.87836278240776822
0.89830939946432353
0.88403093766149166
0.90116037968249918
0.88245514770212086
0.89961894976682322
0.8998066129558081
0.86634658870613412
0.88454804772688156
0.89490785855139321
0.8929686391612367
0.87902175775856228
0.89610445765539171
0.88005330320059294
0.87972404191005882
0.87374892193199949
0.87867475926650973
0.87772126431595321
0.87262214501600244
0.89690330879061209
0.88752395061829603
0.900895865590147
0.90532436436216457
0.89436065771911633
0.88347914283683926
0.86516970467237142
0.89512267329079476
0.89963269584944794
0.89430256256789631
0.90300001898500359
0.88420872785555094
0.88211169062153594
0.86384950285131545
0.86893919171843415
0.90032394543078653
0.89025965096615234
0.87580807612395428
0.89664582785280889
0.89058744426965863
0.88644151333788235
0.8714975460745521
0.86883161061571357
0.88948280205528707
0.90693109061537014
0.89079693457553843
0.88983870985300972
0.89347330971396777
0.88066444073264949
0.89337547382669635
0.89268907751331261
0.87669895374074969
0.88307221266440261
0.88674577840903235
0.88026210103871927
0.89028013301445375
0.90087255408457145
0.88689330591688809
0.89736286309028968
0.89500418056458408
0.88319161899400944
0.88631574504491006
0.87678997634868494
0.89672824400828577
0.896656997951636
0.89285053448997842
0.89600376522789649
0.89134255762307846
0.86134436016730576
0.8870076739270758
0.89782512161876671
0.87087377426340928
0.88853342157270654
0.89258653060505633
0.89354694323979866
0.902531103102863
0.90031107506510211
0.90172964639343411
0.88130375970171071
0.89476993519517811
0.90480477519877867
0.90316505882424725
0.89327649531179565
0.88639085835441123
0.89767504728079384
0.88176329256336983
0.88797929607593706
0.90369471901374721
0.87822766434547539
0.88033657662398357
0.90320725111855393
0.88424475947886549
0.896491851875306
0.89709590672204931
0.87169976682316042
0.88769148961754096
0.88093467267374737
0.86748843246429852
0.89662991461268837
0.89346961380497159
0.89484913066191907
0.88239113654931645
0.89333523807405391
0.89151036182741605
0.88878070797117215
0.8876949731881717
0.88612670582589093
0.88484487772005782
0.89077652858556178
0.88774262600547471
0.89388595540391202
0.89069517448374591
0.88135134204345345
0.88645481799444126
0.90189370363521881
0.88848188754690316
0.89863131354629855
0.89740955636387665
0.89451081339174787
0.89970827448234492
0.88421759855940174
0.89625060760870401
0.8948682235133939
0.86918467088399809
0.89570328255090681
0.86968548618375441
0.89371559587978489
0.89656005578663955
0.88804993444395142
0.91099004033197828
0.89209023767545015
0.89248677227638218
0.8969912664649472
0.889854684862599
0.88719511947102025
0.8887525077943923
0.89290538672411901
0.87632283402540989
0.88717244830348763
0.8819458160633914
0.88941652647346436
0.89681932609188242
0.89262671515929704
0.88810456143721928
0.89499601831404985
0.88798720709605961
0.88442283476671524
0.88561677198628908
0.88391059614141698
0.90376587389736429
0.89934387864881593
0.89793044120954635
0.90073728764147043
0.86914375246568065
0.89758153443732636
0.88382190832497365
0.89165099692415495
0.87409002871826724
0.86903228282548151
0.88008586078661888
0.89024774599832346
0.88656620711049805
0.88665126058035404
0.88762520507573517
0.85507937742087281
0.8885898570707077
0.8861987146314525
0.89587351260542869
0.90395658250440392
0.87920449877740114
0.88473657390085958
0.90369082373172249
0.88950152646412728
0.89615946209730879
0.90533959598520308
0.86768925359571247
0.87698210507966978
0.88354760700527935
0.89763015165624649
0.90378499707708138
