0.0022492721626217647
0.0082102032032177787
0.0060698105993906805
0.0022691074511033311
0.021688607890521423
0.0029954441585379201
0.020283352527630603
0.0036884027976698619
0.017698378631351128
0.012594405342905918
0.0079134224479959353
0.014243898168179165
0.015099091803950221
0.018920564230869779
0.010887669901676646
0.014287480241760098
0.017587404010406066
0.006773947603339844
0.0086523528135876767
0.011760885257477965
0.018462848829635743
0.022599874684589714
0.0090764900186123525
0.016592938392842704
0.010133536990058523
0.018393348055904798
0.014184922889759914
0.0016655960086640889
0.0057448033096664615
0.018027143454203209
0.011901213008879558
0.0091289827267387359
0.013840241599816705
0.022402111218910111
0.018659344095880943
0.02035506749886011
0.0084789169865791096
0.0045559086327917955
0.025157985597411371
0.0085192680066975245
0.018766686400880587
0.0096680625528770322
0.014701010666131142
0.014612834514668955
0.0029988033316766774
0.017738176380088535
0.0091149033802912297
0.0096691924888175195
0.017241738880633104
0.031516821996696393
0.012055639268188253
0.0092442031751675969
0.010279337996973359
0.0061902964812681838
0.014181814532199797
0.012514173790139365
0.010723060815155231
0.01164117424125213
0.014693898951251092
0.01422176567402323
0.0020203263813069073
0.015312716061730063
0.0017169105542608404
0.006528798669864634
0.0065345607496054394
0.015682118895272049
0.028365815607635955
0.016262951003176873
0.009062078824456617
0.014599810611851376
0.012345746026353348
0.027035151333637247
0.019199260309239574
0.017416948567284211
0.0043372447234074352
0.028102609567794704
0.0063463904880206997
0.011930033206502374
0.0028175100670239832
0.0097979722197542151
0.0096581907992726243
0.013449667276011915
0.0039046392213507382
0.020447300760039092
0.0077616277042201615
0.019851473877636579
0.011121467449784182
0.017805135293695151
0.015735273301878103
0.019624508014043241
0.009243104631611548
0.010166916629815718
0.016321738726760925
0.0071482478668575943
0.0082796663549824477
0.0045054314231837899
0.0081411626597804963
0.033964790067458381
0.02803966541330383
0.0071650997272238205
0.0084685168715925643
0.021135942807655531
0.03155637522685234
0.0072334281856279627
0.019145499890271006
0.020527804058397846
0.022828564332121087
0.022638913590321066
0.0094331253751235855
0.025695507614832712
0.011802326251695087
0.024062575344428568
0.011798526276830534
0.015243586703908013
0.0065587243823465322
0.0051354370576145829
0.008972562432409549
0.010230992789243665
0.022495256357669479
0.02066930803106351
0.010894124150022779
0.0045546244719296726
0.0053319310194203853
0.026309997124316992
0.023653929036787827
0.012225266127600269
0.012441391270613184
0.013784600090727904
0.013774632694560297
0.011303197834064476
0.011100138268144832
0.017095193857890864
0.021651759605120009
0.011757872963763233
0.011060113755962294
0.014410446437671452
0.0043314249972192832
0.011811639348042222
0.01339867803952394
0.020115328552388529
0.018787352094999401
0.025974674043264465
0.016781541791534748
0.013290149670470323
0.014995373018404397
0.017049063642748889
0.016598095104488432
0.027093784988802834
0.023456482056252947
0.019425351071855366
0.0071996651797942724
0.017135207861745376
0.0027496358599253868
0.021434740693024857
0.0082809974264487426
0.016716468126889119
0.0047110052234938015
0.0079678268132612699
0.019955250185511426
0.0052231961097054932
0.021289798776222644
0.0051278618422842181
0.011544528403898092
0.010351405078365138
0.0070712963762937604
0.028975608413432007
0.0008472577188725725
0.0054763302244671287
0.012948269216147917
0.0051099040603558785
0.021568928136283708
0.0085485985042705048
0.01263151579369471
0.023289270342943022
0.020765510100957615
0.0022253231047616095
0.014816057622680233
0.0072867489678966526
0.0032378420668610461
0.0066232124580345216
0.027493159104580965
0.0073674243967511667
0.0084704251132502253
0.0085356616513861464
0.018432783965054118
0.014517557444197443
0.0088923856911615855
0.0071937569457853926
0.0087249413192166479
0.011135276413337794
0.012627070057912568
0.012783531230160078
0.0023720058854376359
0.015479109379126405
0.0095722151348204467
0.016287157405403218
0.012824949442838391
0.007035428483781578
0.010661170490834227
0.0043006776397650067
0.0060042593443770274
0.02193175949009555
