0.010384549362908059
0.007668022248874703
0.0086757238895424377
0.0040922847896713126
0.018693702090220775
0.010880465568146669
0.021827840440336588
0.028656875071327748
0.032208097539320024
0.022937412238074672
0.01405858030529992
0.020342532577977402
0.012645713408565113
0.031941256703942864
0.0041185731345182892
0.027789114675777788
0.018507428242275695
0.014572805855995852
0.024059051182077802
0.011351645730638517
0.016604714546888749
0.0070663437957419403
0.010079188436352334
0.01086303766486155
0.01022693916240522
0.010557133678787805
0.015939072046565105
0.0027144253197587762
0.02285436522088569
0.007157965902325523
0.013786486888777108
0.018933577406645141
0.0074086779606313269
0.014093527944142124
0.016457816689353789
0.020600370120135953
0.017786352648882588
0.0064083958800881195
0.0097737556522177107
0.012337399706026892
0.013853961301290284
0.0092170945137135755
0.016449467377982842
0.01346155300562389
0.010545344681186087
0.0067187414698721111
0.0061817107831449204
0.03251031635648715
0.01238723205597227
0.018509724005774525
0.022755737598205483
0.011036736064884558
0.010728522415549316
0.028424701388055789
0.01317825057632261
0.0071334681592723683
0.017195314010350567
0.018406702719752858
0.0020800745050600089
0.013219304406649094
0.014504929513691393
0.014496819681201081
0.0094510662204709255
0.012843315191308541
0.0078159445485113284
0.011032831930759709
0.025735343333365801
0.0050132182454701258
0.015198751358312883
0.0067147822541850401
0.010903028241251464
0.0018775766111560459
0.0099116856560495011
0.0042964462524239435
0.027177825181528906
0.020370355331163294
0.016182374139550638
0.0057740972080514465
0.018328649036547611
0.00043534675305497306
0.0063788463224448491
0.010697009214808271
0.0078080607141611672
0.008292926587416545
0.020527752738577928
0.0067311260181227139
0.014251271012625513
0.011295941680074251
0.012598502095199034
0.0076868557962385233
0.024977382307828009
0.0087010367506958012
0.0074262920387507415
0.005021948328759576
0.0040890595886701681
0.016000487332515106
0.01225656820212823
0.0093167734627610747
0.013270571020604504
0.0071008220820931601
0.019468639679764064
0.022708714729105073
0.01347361040269582
0.0032526816470545882
0.0079699786809451344
0.011852114771006103
0.0096540936450840269
0.016358457080842995
0.016266270515202269
0.043952312478648441
0.019862732084680996
0.012904349050523737
0.021487179580606537
0.031897059859269182
0.012441770080463894
0.014532123442673265
0.025351563192255101
0.020383563049015837
0.0096508459274024204
0.01125016032219418
0.0052511096191894743
0.0055635209373271592
0.022701614336141658
0.0091422515821491784
0.0039211286619378191
0.024183231658754724
0.028514502084459423
0.02735533460355645
0.0076841682751157322
0.022968481184705385
0.014790422233583428
0.012583539285727835
0.014104435490320887
0.010001271709782126
0.0031814598969392574
0.013710712779612871
0.023910516258791335
0.0017133792812952999
0.025864165271736982
0.0098602624525321331
0.0093067490713326945
0.018200310688729446
0.013302627999738194
0.017228814612812733
0.012426396866824526
0.021053112594910137
0.0079992722993453697
0.018324110926907246
0.0023218650947046471
0.007352137748904094
0.01496549644319742
0.019258971048405005
0.0031551864517764981
0.013166299846408273
0.0075156642066196008
0.012609462061648046
0.0098051988303891006
0.030236965628159685
0.0044791753615566277
0.021833619838460893
0.0084891599193929034
0.0096186944217803456
0.0025710855046280267
0.025079802190147688
0.01995306297159859
0.020950166444564357
0.015830339163231327
0.020771981597435873
0.0059489897900107712
0.0048200394197383534
0.011369261314376308
0.015770854731182588
0.012460547428637191
0.029379938529084573
0.0071474063378936213
0.016423986400031808
0.017365587848999421
0.0099760632035066823
0.014262981436171791
0.02457719796280531
0.021066807505026097
0.013481821749585459
0.025855077289974118
0.021138742155900597
0.015816639689782273
0.011806018920305954
0.039484256922515663
0.0091422571263550141
0.017627151114479617
0.022790043317280632
0.017571592273932689
0.022712917011203544
0.0080254570849420722
0.026683274334443282
0.0044724944573573807
0.0054250377064557435
0.021498939551128127
0.015625888330503355
0.018058576181006487
0.0080908573881694982
0.011912005498564639
0.025773830565288564
