0.010442621087587839
0.015089367245443353
0.007170262380754246
0.0056866421458887087
0.012494054309660781
0.011147042422283092
0.013658146103122019
0.0095937282272414957
0.0083880571027469923
0.011348939729539785
0.0021978388987344746
0.012537734862542759
0.0050456689944772242
0.020312882826485842
0.0034863159334520052
0.01590345116519502
0.016611545009982971
0.0072120004945756266
0.022866625105864395
0.0045446596707307604
0.0083243667490859163
0.021830656082909725
0.020374503453266437
0.0053387129878670423
0.022346010137756698
0.0270598127634952
0.020223815168143762
0.02150509448390571
0.027287933026602911
0.0014476587370686571
0.032230944914522899
0.0081123065686975054
0.018042788353833713
0.011846190415282653
0.021179349303085654
0.010806065737631841
0.01639505468566263
0.002919169352796912
0.031356537781920726
0.018265478349442466
0.0053908827923681464
0.014088510455049639
0.018358730410610577
0.0056587478696588055
0.00081403174586641334
0.011775826187020704
0.0067778466890924347
0.013093454411473995
0.01283588578367038
0.0032820174128314083
0.017365827504990893
0.021035637007753627
0.013719485792535083
0.02237036227702683
0.0086383410125848679
0.0074978419189737503
0.017450655813002387
0.021398818460349217
0.0082171413566970806
0.014892178629198867
0.018190860323699813
0.010832754687498095
0.010345546268534603
0.013763147315617332
0.012609488438347137
0.018136340139852634
0.010323786496414822
0.0050780255584807268
0.01121946891245538
0.014623235099080903
0.018596957504154916
0.014005174431114868
0.017371464131175858
0.018579666316144865
0.023022524647190044
0.014974801159857151
0.018489728871985654
0.022457342235160698
0.0060256358343699886
0.022457347248547112
0.016953909986639124
0.016169040903371849
0.0062610410149245514
0.0082924079868859912
0.02038626905467545
0.0078868701447863208
0.014716479106319062
0.022618010752279479
0.0058368489896207043
0.011904092795717077
0.018949766059545767
0.0043042125444773018
0.0084856337187559985
0.012756744092841206
0.011611025346044785
0.0063368734514868469
0.023374808199758453
0.016852582639779956
0.017595014385270152
0.011741167892467068
0.0068184487858238517
0.0066589341993393255
0.012541706786250117
0.02355492605712247
0.016027461377963109
0.017198312978190841
0.0053129546721255002
0.012877086841403871
0.0083330012171727898
0.0027568893813807562
0.028866898122685634
0.022413445625725153
0.0030336999321350874
0.0096070027407191248
0.0041356068863639753
0.014937339214391623
0.0090405781733226467
0.0085432968223709965
0.014268380457068948
0.010727776296972613
0.016325484504306351
0.0042094720905601494
0.0053099430286702321
0.025297262847837603
0.014272466052161288
0.0029215152805007302
0.0010119289700156113
0.0049180183969609673
0.0082836772925930433
0.0034637489893656285
0.016870039591407565
0.0091227587883755297
0.016011600825328983
0.018833587218858628
0.01966570062690463
0.018558793795461812
0.028803315050568067
0.011505412772303953
0.021134388223136704
0.0234277678304841
0.0041936419378491175
0.015360916756024308
0.0081704350275620449
0.020933281251140409
0.0072780729428979091
0.01397853284408907
0.023744187108960039
0.02350922914775554
0.016996197622127486
0.011437987455877404
0.01899217900609847
0.017954039062443652
0.0078133537116873153
0.0062142896003917767
0.0067351746465926995
0.0050719614163136075
0.016583835370001354
0.01472222231272083
0.011614417632496678
0.030945374477166894
0.018074435109374461
0.0075019635937122716
0.0032242309870640046
0.0059467185743072521
0.020816923933199505
0.0044760294465616742
0.017688343903249023
0.0067920298937306839
0.0095564842459188032
0.017808532629000319
0.0048830181844217863
0.0068935079322782035
0.020397032586238401
0.0096763311132509657
0.013566549443446147
0.016670325630269784
0.030210140899686089
0.0051935168316859714
0.010818569952832814
0.027794368090847787
0.016823489768379558
0.02086582174112861
0.0027685403633285403
0.0083565899439066484
0.01253974420099927
0.0092053949597717122
0.01860522332124448
0.0065565154980005364
0.012208331692865122
0.012476931266446686
0.015310624606559783
0.01578233373131252
0.022301370669378765
0.0065267024922821062
0.014763153902298473
0.011030608378184205
0.015920629141417692
0.025799087311317494
0.0059396097835031142
0.0016045045859838908
0.0007649385848550594
0.0099142410691854116
