0.03114775486769835
0.022533166426049387
0.022419159470830185
0.0075540710407610533
0.044643823146265631
0.01533490671583552
0.03048592381235625
0.011769193022983435
0.013991105287410363
0.027242500705157865
0.017072621624744835
0.0035255616914785558
0.042812091569292776
0.018605903957932771
0.054746339447477421
0.020202849287693413
0.023916888640996285
0.010562218031877256
0.035501062278350065
0.021732393716499907
0.050088890326270244
0.033759919510146591
0.026673779941853406
0.031130554863736309
0.026396664715927387
0.018961673634036218
0.022589751403117416
0.014001871166515767
0.023908190816111827
0.033989956063701851
0.030370706907006124
0.02032526117389712
0.02203824310651396
0.015877369797219102
0.02074751917123983
0.046113662689474512
0.03027571124204716
0.0097997098038180661
0.013671537932770714
0.018895170454405218
0.031790614444094513
0.013646885079801736
0.011748377892656229
0.0041162386327599203
0.02360243243871659
0.029671588605584324
0.017886290680091489
0.02944652739173232
0.051141113075715387
0.02750408601681827
0.02393908922724346
0.01834590068824021
0.026376177425447015
0.021893178093347909
0.025586003318397253
0.053248140989245199
0.024937885961344424
0.029413740357686891
0.012600449902591732
0.043293692696272472
0.0185650147689191
0.012511359579499053
0.039045563848345857
0.018499623612084577
0.029690170326173729
0.036765976514254818
0.016635917584610898
0.0052673555871561115
0.021839059872952923
0.017996109760107314
0.020259360431682798
0.025912588719747519
0.037954075826517393
0.013064023606536438
0.011931235978074569
0.060744814021241288
0.035962820237675414
0.029967345722499907
0.0083733949771739816
0.0076852761722547352
0.015793111228724992
0.045996324611961896
0.0089578608356489006
0.020042222495824748
0.0055616512402409104
0.0022557090109919277
0.021293889680512691
0.039384349237419201
0.049012419313380927
0.02400295333188843
0.044728971297753349
0.025170335669947242
0.035279804137312305
0.013602513085670141
0.011850400294434585
0.017161483832186627
0.020239297516513054
0.011099636964496637
0.027223538960518111
0.0077423219265125446
0.021826398243902936
0.053704793653738647
0.028375962955596516
0.017424776649657352
0.026883193067594041
0.013773494560252494
0.029804333669821843
0.019968482487479001
0.033109208905165513
0.035769205941072121
0.018026733528332676
0.028378470078230147
0.026584969608769039
0.033848923154288467
0.026357394243208664
0.033329268843802225
0.020762486520442585
0.026356476534798376
0.021937287021066319
0.038602946708172423
0.024910203143271224
0.025035845902682024
0.030477594136008829
0.027384750789318707
0.032944489321814027
0.016663207688160545
0.034779700290109967
0.029098524275260686
0.023202967356157244
0.018488792275400869
0.04304638480408908
0.015133566361863228
0.034754258872784979
0.053761001753076
0.043376635362781614
0.0057382975814882506
0.024994899963860621
0.033657557405120032
0.019704217861169326
0.0065696258911569884
0.038092008494905454
0.028997478732871555
0.0085874672274201102
0.022240259557595191
0.040939066259490155
0.012790577180934355
0.01902722759571215
0.010628174324137778
0.027532945098509898
0.034466554129563932
0.022737008977144688
0.033137555074594503
0.021486881807971047
0.01450072770245745
0.041323729994874603
0.0051596321848026688
0.036782399399863656
0.023138824781361613
0.016042938360356578
0.022367486571859774
0.026369072509498697
0.03184616674456496
0.026625351248368925
0.053380228583689654
0.028355775857320787
0.029691466735769959
0.014203692346160169
0.0075298561017441736
0.036939684584232593
0.017809492855888651
0.021420090089346065
0.033505096849736786
0.022171862964815832
0.017849806572490284
0.033732984329645832
0.025852538493888289
0.024715911499604393
0.017462408536484252
0.0060387151400897341
0.055538086360687494
0.016124036821883382
0.0046849889704394529
0.026921078903022623
0.029714073960184745
0.025493553169046439
0.0033905597053300309
0.020394095626733839
0.023233495500110665
0.025063142501751776
0.041374293704090695
0.021279798412066581
0.022077910020088298
0.022335407829644653
0.018548815621728897
0.013332264529616248
0.019151962429565079
0.022768047619150529
0.024898597850434995
0.01124769471364374
0.0338673275978549
0.03740257227321718
0.029630153902907443
