0.18669858519847976
0.176505637278595
0.12100258392928592
0.11362228658113228
0.14474415251265796
0.043137392608420998
0.063000539073589087
0.14192771150838671
0.16542782840780001
0.07721762426303154
0.1785005149774205
0.14912013123230763
0.12556766823168716
0.22353335323649076
0.088572751565840047
0.073593914586357487
0.14141846096462896
0.12060390451261588
0.140268108489597
0.027821526475825035
0.083347534853596375
0.070476605521663405
0.047373045088160336
0.15223606195171499
0.084307377596885447
0.16476374265744892
0.10105196411339405
0.058118992973014053
0.094806203135828535
0.16010601435285646
0.16419255822818277
0.18572084340577999
0.051757904205050748
0.23036539667288924
0.14641067687073223
0.043032801199708579
0.15245921630532244
0.14615009772203452
0.076132569266039077
0.043698824707915605
0.079822921079362896
0.086565028753265091
0.12219070712847689
0.16557417709858169
0.21267872018554557
0.11835518726839345
0.055271382643771398
0.062511827646109297
0.16986460496499037
0.20984701029316405
0.19545684622912307
0.25392035836910842
0.10717013631073218
0.036225127173805813
0.10661096465843697
0.087694871489279555
0.15088899395601454
0.17802731956352671
0.12183755411231421
0.091580273167193416
0.099492177375249818
0.14714132291099041
0.13908364234412801
0.13719389646578767
0.060170441468557975
0.046227369758531291
0.11657202306452737
0.17813335600168523
0.091572479897672518
0.16246940797707266
0.037505756049412101
0.2427877797920665
0.035583752062796112
0.034185170695887966
0.082518908715473446
0.12533090163879293
0.17899312494775205
0.12462346552850254
0.22072744382052636
0.2361069517070663
0.10051904064566551
0.10019056789718654
0.071771957775700154
0.13572304202610788
0.02878958276684573
0.16967752213004558
0.16842758357762178
0.18886488696184089
0.17707164517136981
0.10912588474422116
0.14888404392527482
0.23036822955541764
0.17135621818363925
0.20603723577680783
0.24178257455317517
0.19899814003231625
0.24043073438936369
0.20811192287555028
0.11494726345332702
0.09157596555755354
0.15127249514666247
0.11781805381139254
0.0064714870111033038
0.20472857202941341
0.17377294785838979
0.16703966679401699
0.11945985850976615
0.1709915042153595
0.17973489861407188
0.12959383125600488
0.070337075712007563
0.19808697204036288
0.17955736231302699
0.052148925584392596
0.094326579162240659
0.042020911531890422
0.075809998850161486
0.18194434732813453
0.09406587650997672
0.1825400112377015
0.082738911389433858
0.084270448689031274
0.15936013847495079
0.16132296558477677
0.023431798149337119
0.088751215355157259
0.064660927943966884
0.28326713225761024
0.23069072109536182
0.15017962658392936
0.16715379027959776
0.11177094149366693
0.092609919170275931
0.067737328955455811
0.035308482098738644
0.15819713781410671
0.028434110586055064
0.059699929622392775
0.055157917026759859
0.047159489915349406
0.19245758401241259
0.093392234719941819
0.18828655544297893
0.11822046550225852
0.14020675318882994
0.014518533243044357
0.10770476245757826
0.12104411737067521
0.073401606432660318
0.016844217861490644
0.086683672687555738
0.14685713981631587
0.055565078263061216
0.14998395409510354
0.26171175348040721
0.1240378500631155
0.15803169082233645
0.13229137032654351
0.061366882004075779
0.0079366288552649572
0.22591676534293051
0.17983608775561058
0.1128145497116901
0.088932496406643149
0.058688828562773195
0.039017258694848421
0.033879080177897161
0.021693040420955878
0.13718889757041619
0.054343869225836831
0.074892619498192939
0.078222301037097638
0.1512962949605258
0.044433313754571463
0.16044392893681489
0.072846230649227683
0.26851133051590464
0.13580486950356985
0.16835939587356288
0.15534362213863437
0.12353962750353643
0.20814231785378043
0.019809561285908397
0.10156379272599665
0.1343986967952184
0.13198219530023975
0.019742070843917752
0.018557786640271894
0.079022335692494131
0.044911952001059047
0.11883144281489527
0.13983558077275376
0.048580629451923277
0.014227267652138293
0.067842888359153072
0.07586080355490589
0.017843388648595984
0.11105045175004065
0.14792486109344463
0.063965154097112106
0.13019065217898462
0.22533596073005588
