0.17202297629485674
0.11959446776735959
0.051903275792866008
0.011908021876689618
0.087428202785464385
0.17765446013309241
0.066126552955846254
0.1787042644806856
0.214856728081115
0.057791092183368191
0.12579318017520685
0.1973091380704341
0.10763180988474504
0.079005876828092236
0.14770448701752242
0.1864244390083053
0.071589002269499588
0.039665776388250619
0.063590949795370805
0.10922370719568707
0.17114856253469221
0.067669663565559132
0.10447292411097145
0.068323888730722648
0.22230305765952493
0.05299320480663635
0.041939763034382141
0.167884079044052
0.12518139998094191
0.10738475881948122
0.10686914306555537
0.087788848556558635
0.072945401506413279
0.1491940376823957
0.10735080113909547
0.10857442587589002
0.16548772887879518
0.10643563643097891
0.060989878387354042
0.20107139396063525
0.15534369284315402
0.19156434277694512
0.14353474549461279
0.1513177717807937
0.0086150344384443491
0.070463750744834949
0.15397811575158057
0.05635913066638152
0.20901195713940773
0.052833214252689935
0.02613260625145895
0.16755284814861013
0.22059079737548873
0.2272031334013688
0.14073474168502981
0.071324399762895535
0.084803614337470731
0.11832450189980366
0.12810374640290018
0.11155997282822523
0.12333579090049862
0.098263434416142492
0.048316025717271997
0.014726274343305888
0.053566494644010039
0.14792471699163814
0.19192416464535331
0.15304014650389877
0.18866208527468922
0.18187392044437711
0.15458900916352658
0.20296784160536691
0.10160195482933597
0.074220495117204452
0.12593294866514387
0.034310823610882814
0.0532419780327959
0.062037832879767781
0.1624155966239175
0.040992804286667663
0.045898232928303702
0.10526588978540692
0.120957736001936
0.01720481791119325
0.038155240233925476
0.13014451459000737
0.056192816541774611
0.094335002311572672
0.1905419611484028
0.039772946305708351
0.12661749780390139
0.12115533619967897
0.23302099305468976
0.13012994206343095
0.14331631415505025
0.072429480881274849
0.10376134239055916
0.042310172592553201
0.14982785668735693
0.22062208367164976
0.15468342879812236
0.15672328133346849
0.18137407018487295
0.20048682579695315
0.10812109658570003
0.030645505470121921
0.080127274442005042
0.065524872657247837
0.081079990491597503
0.045102957611356097
0.033470526606080638
0.066065293453149182
0.059140338221460295
0.17127878478336708
0.17532818701749395
0.03144261097041668
0.18529692306667067
0.13353380601570178
0.20262618040912667
0.10340137678108791
0.02561868531370836
0.029141593020556543
0.0052349103404930927
0.026859494575362793
0.12182031332275413
0.17398035295494704
0.15347228119756459
0.07818842793225099
0.26354788833959386
0.18060336100674271
0.1607938364786988
0.073036476029617756
0.052239669232526667
0.10270603047785649
0.10551161943073124
0.065366466724097225
0.036952777837450157
0.14074592842937253
0.091274926072535859
0.10166273198053345
0.12558864259266914
0.011895541027691775
0.15351181526609903
0.052528089394280497
0.099391947648829249
0.1253577544343713
0.020635760940218722
0.095376289430667893
0.093790210026946888
0.11288835170076954
0.066469458241164514
0.041070588846818586
0.14055588215696171
0.053270240486821344
0.22667201796690481
0.2243672369377131
0.079543063192428556
0.066250917492196901
0.1112543183029864
0.14198008349285202
0.24257214779619052
0.16043819490376338
0.12888784902870465
0.11499487780307875
0.13623187339008777
0.1002172070287454
0.28598158372703653
0.15623805861535411
0.086034917486170953
0.093277784882053905
0.16348447805151739
0.14483945977863019
0.12556309709621211
0.12316529389819457
0.07562790406378897
0.076876255887310715
0.23756100973425107
0.07108672555239709
0.093904223260145733
0.053955848237874651
0.083283647673698863
0.080499579041665673
0.15149908566643133
0.1078523812686383
0.074719694690863037
0.076638376895770563
0.13950641077994891
0.058938181664087423
0.025242641943173449
0.086516620410835271
0.059253831488950658
0.10594222454691732
0.1923379968900743
0.052623832559203727
0.083918065141770914
0.14334469157591156
0.029754073278355799
0.087348375048506635
0.11495841455850497
0.069372917627170877
0.14270759526519952
0.17030324466065141
