0.578745090747675
0.64620003629325784
0.61748550520878187
0.65116842199107028
0.60132994492391922
0.62293807427882686
0.64280826823144388
0.64549742557044487
0.59913549544905365
0.60594147167277379
0.61881683690966038
0.62639697970906649
0.64420320963820643
0.63314823643560503
0.63010778370155973
0.64665133919483542
0.62227710720956009
0.60189622249849239
0.66651644582243874
0.62134000064456973
0.61098285981479405
0.5765811079546721
0.54198380202245622
0.45189315559247156
0.56047516458217073
0.64178695727317603
0.6570761507385483
0.6185481516805551
0.64528954154209606
0.61021872065811178
0.64846239955621554
0.63856761709411147
0.60627122963019264
0.64149601395228384
0.60833805747960901
0.64222778072715181
0.65658595528170538
0.67594149607707144
0.63195913068136211
0.68112090678703929
0.70175886771306351
0.59528813884230647
0.53061036991119881
0.56411363287356386
0.51325309295950705
0.56930623009980674
0.59575230362968989
0.5910928234796019
0.58440567935229226
0.5426255207179066
0.51472824629644842
0.56565796522842848
0.59601790406819943
0.59630987874678532
0.60379291636221388
0.65566860429948248
0.58342123090481324
0.63385829285468498
0.57774512866288541
0.62909363157812226
0.62952134654670333
0.55494757328216293
0.56751452766587263
0.6047246096069584
0.58945988224927182
0.57966064305046971
0.58819092528133388
0.63110529302704399
0.57528853784894696
0.60294456676009567
0.6252737454212729
0.60117692637618103
0.65333756979367252
0.63097546691298101
0.59479284027313573
0.6725764704987669
0.67002610847642896
0.62576881753803104
0.58222087817124057
0.62037683849461611
0.58922814314068983
0.59813239467817236
0.5618692576774863
0.65401048085593172
0.61558800762232269
0.592524436193823
0.62047894868174991
0.541544111477267
0.61005737263231541
0.57427613389429988
0.58280797849887245
0.61686722198484722
0.64143321236909601
0.50316338065835142
0.61866214915073325
0.59925299203057802
0.48822827159021209
0.64588853048198924
0.66590230410629592
0.62258009004902115
0.67351127131265276
0.64442442432361013
0.66608250869281649
0.69892239154185642
0.6263193463850143
0.63608471662732646
0.63512544499303036
0.58339288647515741
0.58195361114199728
0.58897725219984265
0.65008173700892513
0.65399111530286469
0.64729866241259504
0.62520071862993754
0.6481144389769713
0.61188351273977881
0.65022291472297733
0.62698379798012804
0.61896457844104658
0.64027479053721892
0.59810731048801347
0.64267276018853559
0.64837243181186732
0.63431995592860324
0.60742945245646507
0.65642004243487151
0.6379860125910608
0.65007222728964964
0.66142563982352753
0.49604627197814538
0.58189050114450203
0.61540233349421358
0.55915285549581695
0.61205321970233195
0.66522917131457882
0.63424873521128389
0.6595863193360213
0.638047235181886
0.64526740451820175
0.65719842823939356
0.67454734692837026
0.66333677554440706
0.57923287625430553
0.66828310198161567
0.63208852576302899
0.64727468151299694
0.60683213132562364
0.67272067276744896
0.6738078251814561
0.66014777341260888
0.6307696399463113
0.63116823146575296
0.63593031714636772
0.62686080024813462
0.61785370069693879
0.62196290461680126
0.63778179770328636
0.64103531764151123
0.58134646154761349
0.57656659175781566
0.61986670298539115
0.6121833116848171
0.55849546361472313
0.55018109459866149
0.59420006480342591
0.61636950452870465
0.51924658094842568
0.60850321256916517
0.63885568898941647
0.61852958213844633
0.61729594727062964
0.64009384113273571
0.62589001315435255
0.59634646204712871
0.6560348877480825
0.6488094429009702
0.64719500284018383
0.63962463925186852
0.64191129582866779
0.62999883442141524
0.63273875388671075
0.67985768142932079
0.60985230271212054
0.65173909378215122
0.65979707588265024
0.57958210799298537
0.65993475636128618
0.61755337315539838
0.64706616141101903
0.59680504283381108
0.5844677195503869
0.58381411812726747
0.58970870045307122
0.61447518852927729
0.64677326144974234
0.57598713221162645
0.56618942641689218
0.62346711712652092
0.6106059020723148
0.65752166416251512
0.66069068976202494
0.54693161002158608
