0.097896761730347823
0.096686340204152649
0.040197771811407761
0.053743228966567705
0.13048106644075258
0.12633698265041488
0.09983313480806312
0.088365913152155404
0.17504534941780794
0.076691957966848232
0.023646928613975618
0.1740912488779118
0.11617937265102171
0.04947838992229147
0.087443382999728786
0.040858405236952437
0.17241009458051151
0.12401744069670005
0.14317223801849577
0.078264302937923302
0.084019877891379172
0.10610411473551416
0.039961624912221841
0.040823103699405887
0.088041895919423047
0.13587804022694727
0.16870064590253009
0.094585000958058066
0.14691312570039955
0.025385845255284818
0.09061964937059043
0.018719135881616049
0.07652078640900567
0.065925655790143561
0.12521248965250242
0.090271688044207155
0.028421871743243697
0.14927317447933994
0.21560506143922184
0.013225484499793955
0.1376449741085615
0.11743242420242908
0.032719919283024174
0.12366733622665885
0.08944626332253415
0.029127272553646524
0.042029194985502914
0.01582557073815383
0.041161846665120162
0.042167855842141548
0.049316714862959861
0.038366066636123922
0.0069723524938730529
0.14057168874558854
0.037349810741364849
0.077136519853308036
0.073746193969764978
0.10546092232840582
0.09649338134046144
0.094639895625075299
0.040804421514897139
0.021944055264683494
0.043304410771080291
0.14173422848191605
0.15505997128077156
0.063845182801250844
0.072085428355643397
0.072607437082198856
0.015704110138803747
0.068339437867142569
0.11097885589968134
0.092511372521844659
0.066825199534636795
0.01117676747990087
0.036679917355515651
0.18691650394779097
0.12083043105691776
0.087509154460993846
0.10925792963886487
0.071045904819459799
0.10865051851549436
0.027727897903535428
0.076218776115253586
0.071069929602618112
0.049594666809805905
0.058046066060991434
0.10058162024365475
0.13617004392542684
0.013046968302358046
0.047590015042916635
0.12255211243794223
0.012300238885100026
0.1014070510789484
0.10536955526746247
0.11857027876554908
0.090291148893225745
0.10046927672099534
0.11527537410599564
0.10448616372890385
0.13624453128018632
0.1045679337522446
0.041752926787810472
0.11804874543039279
0.069450685429602893
0.050736542944846502
0.17178179652242451
0.072207570811964272
0.040471842501841805
0.040676469467361774
0.13552524484796599
0.017228814117585572
0.10327669436416126
0.17827652292758994
0.027749483045951474
0.02010236170629999
0.023872083952837284
0.11940602253758899
0.065217211447305676
0.084223652446648339
0.029536852713282123
0.084751263537589869
0.038747261575776307
0.061558774026012911
0.033188542057985902
0.17136040014794315
0.022236735247436606
0.10870111670032852
0.058032593278546596
0.077698233436739331
0.068240438021997196
0.12538852948780327
0.10031726239879704
0.14000356585558732
0.079502855134987713
0.039864716446408474
0.053999621597759534
0.10471606065136219
0.1243771857845441
0.085206096736592685
0.10067771845717818
0.065507431228344418
0.1374960267377949
0.079552687567857633
0.058240367271220825
0.16186052136318332
0.079415351518534877
0.070941488938670264
0.11528473264635529
0.045710153167418555
0.15698455863216407
0.11347993378348976
0.026650273508637783
0.10904961345183918
0.14625418740979901
0.13771405392402589
0.11720577553327284
0.12655427409145012
0.053817235299634968
0.088950003540482381
0.074123187368415527
0.048096937725409544
0.033130447473990278
0.06633777675837009
0.037496541907823831
0.036185167560208398
0.077687730408555936
0.084422939559880977
0.059011705569259637
0.015452161555993289
0.060166092607893615
0.076833666062274361
0.073633983613783122
0.17519775320797229
0.19649728987825232
0.22977365437150213
0.15033232655186637
0.031678637277694266
0.063061197278911893
0.0084899286594105235
0.066376741067095402
0.02962256801668036
0.036176482662510279
0.04277833093028964
0.09833373120733839
0.14198667431853854
0.089572855341450999
0.13202205377654186
0.033051249202440069
0.1169150935150652
0.11427835486395102
0.05046111827969766
0.011269586517738491
0.11095403159721824
0.11224867542725551
0.16147321180441224
0.20691403336970102
0.11390868126726236
0.16538354078137865
0.10565500709550821
0.053321594145844364
0.10827964336155475
0.085696402340970423
