0.022723473779242352
0.030598654848737448
0.022123598035639635
0.046107387392758568
0.019100442687723096
0.039301218307826589
0.043155724147620797
0.045753569995613183
0.011483600200015957
0.028941761273866475
0.06900448461223431
0.035280252072509004
0.020778889445639732
0.015029962385055108
0.015619718192854501
0.025685751321239278
0.033028654458568604
0.030397202673156244
0.021833441595048526
0.041204322291132169
0.053380846239696182
0.023548207189999535
0.041795638882108646
0.056552144678501025
0.03285716393014642
0.023895135836398702
0.043166737272267927
0.02654084266877442
0.026349131901121533
0.054062022662754651
0.0080044330621860983
0.035975419696639178
0.031841419271471813
0.010551357953407383
0.053031661051719095
0.023159819521709844
0.018153844267254637
0.055193298280620841
0.036053741562251856
0.041931244904609255
0.015641904042902995
0.0036892989240567184
0.026984405436306508
0.04846784641044434
0.031334206568258402
0.021580702359189841
0.026320635477817367
0.037896999773896128
0.047348888926104053
0.0050734854561035412
0.019311898869877133
0.029870756432760284
0.070597252344190231
0.020292799358294047
0.03850067098356183
0.037570816103083604
0.0042455552161017891
0.034998185206518623
0.022059478259628566
0.014828512852603625
0.052053988989919323
0.038427732857655904
0.03669600735982266
0.031849862423645431
0.012380938970378105
0.020537577225186385
0.078642648783596433
0.036082144536997547
0.02165655116773537
0.046303615063331291
0.02899779928010229
0.054807720436852989
0.034362794133609473
0.034981247561597942
0.039150892583428673
0.03417335314360425
0.029009126039771398
0.031373683243278383
0.058170212232775555
0.015128658576579754
0.086048365608658306
0.031390420721109077
0.027145774468528967
0.02826356367531669
0.035731765421570555
0.025647976664217257
0.042283998811478957
0.0434531283796298
0.046174801843438008
0.021292014577447862
0.03854151609043753
0.036559955112834129
0.062473935941078119
0.0074731711412097286
0.048597327053695745
0.01594844241709634
0.015261464920526843
0.01610150853390863
0.039253594493105434
0.017729401617543238
0.049178974861041044
0.016121801085246096
0.024231475145252406
0.033184195269865303
0.02533008305586517
0.027942854996263033
0.022948503326016119
0.02673763751032086
0.0070126476512022643
0.030897812672875259
0.033823853173561375
0.01029489134966329
0.027490103296427967
0.037521223027168774
0.0080321391008159396
0.069926236634418007
0.021359413674561185
0.0074885563239203519
0.028720455605780661
0.043699806965899479
0.029794290563052602
0.061254385412086089
0.045939212744924213
0.044554970989698198
0.027187169595632159
0.067948064664716715
0.023585642713034472
0.056069927858943283
0.020893696005255733
0.041241675833676779
0.01927276307515598
0.025043678528314399
0.0056628864801255866
0.041381410463422516
0.010140843770080534
0.055495658055062631
0.055546782572249008
0.014291416435653403
0.027999197898268314
0.051255834328019299
0.033008637285233407
0.018679233825727858
0.019184956967295375
0.034656262398116602
0.049316398561416126
0.038992893273970396
0.0275576752107668
0.015824226688275298
0.045724353254222451
0.022931918691877603
0.041361511388387888
0.01521740791867234
0.015030924946000165
0.015289309484332105
0.010913741225706295
0.016645615340086472
0.028285628299333961
0.0052951359946137129
0.015923211779858604
0.020519458790108105
0.028226867530134748
0.02842912618505427
0.054879331751734227
0.064182508244118336
0.021753049463752689
0.01452538017901733
0.0010721506071107185
0.014085315698541533
0.026210329838928285
0.035704883254311703
0.060078428789512507
0.028383774933474271
0.039945050646076487
0.011292445453098866
0.0079170914903092544
0.056560460335127676
0.025992970897223817
0.018539079208118394
0.020818233824459183
0.022019873415433672
0.034668284659202443
0.016328042805027372
0.042344859992699019
0.020504879405346125
0.013625818902066817
0.030292454366314388
0.046879527611214743
0.030596450851439586
0.03677990844821491
0.061262376198389208
0.015490599533431973
0.055753721712278048
0.023159221081541455
0.01453052593267249
0.042235187613392552
0.058915620947202631
0.016073010763194808
0.022493671933552655
0.025740064046614115
0.016611324701965871
0.011698471161990822
0.034787990003236062
