0.092775465978944663
0.058196695458366567
0.071814382998864473
0.18750880988436872
0.20741910227693899
0.10863735411954732
0.049749411058106409
0.081670517426684908
0.029326122171597722
0.092607766844280348
0.12305943379964572
0.1066890878235475
0.081348704788388945
0.017729199408094348
0.049241820914517939
0.1315126368040864
0.058019613018516533
0.1088513738199218
0.11875510451405923
0.059712895891645607
0.080328373547822865
0.13554859985823892
0.17529696688528901
0.20282839558752708
0.082275094530578449
0.10962952690895018
0.07941279423498282
0.20899311080755414
0.13738354486517751
0.16850630944099385
0.086245262450371479
0.13449669052301946
0.082897596654791489
0.11870283756310226
0.043801246667770008
0.082197577307899228
0.049219648905048062
0.081558605853000871
0.13945280494228865
0.087937302478495114
0.15589640493567158
0.10945561121270876
0.11162733500717335
0.089930903063640266
0.10952869382461171
0.027481698444179057
0.095446385249142146
0.1155802971211031
0.093438891449165104
0.17034000368847663
0.084858679830819711
0.039913807784130478
0.10237946054905835
0.065839495524906352
0.061046049758748833
0.066725279159483647
0.16819723578706808
0.1671953843213711
0.098202222471577172
0.024637613451495559
0.067496671988266088
0.074778632315593799
0.15863086495930556
0.27010580825320563
0.056719920599324895
0.13381771445091781
0.13652435066079266
0.1202036950129724
0.10085753668364232
0.039996388897672819
0.10129474977569447
0.12790984802020899
0.095856583742387522
0.050347281740691967
0.072134010012257777
0.15155945003327892
0.13114900533035548
0.13384446001963379
0.10539736402133756
0.12990696595446413
0.046041322690738296
0.095463783972542612
0.063166313280565392
0.13884940099350221
0.029068920945529389
0.15801482086361165
0.067011113373280473
0.13830569336286908
0.071901251741845446
0.2065094758879123
0.22428802720470395
0.19287228889811114
0.18886098843358004
0.17370066734209019
0.16227872433298171
0.033864516221362308
0.15792025401864951
0.121786067100808
0.091073431190906801
0.14143632797391545
0.067033595797865844
0.11255942138961766
0.14262887580386271
0.067374708439919342
0.13528376647047519
0.072963319921419176
0.12869845633150823
0.07559968015749681
0.14148402571903257
0.13227663713139726
0.1402425018330766
0.091571717852722917
0.12158348361813508
0.18074116530477524
0.19880441829284617
0.055323028179708182
0.093283217558757556
0.10052327077183008
0.12377603779235856
0.10793092481536425
0.15427858910585859
0.11244805392803721
0.053739603225456359
0.13185609644803034
0.054689438450229243
0.10478846344747679
0.020305486947665794
0.06882939320588019
0.096829653391922454
0.13311053377475987
0.035382347240191341
0.18144805525454419
0.25826192180209689
0.22608153814087983
0.13108514299445748
0.10173836317735412
0.039444683931712049
0.11184845487404214
0.036636431154394224
0.17160310818874724
0.046374791729141565
0.064727622923806127
0.040121568185154798
0.088033785553064417
0.066364458685996233
0.16448023052812033
0.048830031776700998
0.21610728197454457
0.11239540841782118
0.077603810384187247
0.028611558848879632
0.052698557823258961
0.13079685478258432
0.085419241640660087
0.049304476261573853
0.1167400440512889
0.22381514338489361
0.21383228405675109
0.030828184645211087
0.15950046083575561
0.17862970981308762
0.1047568962815337
0.13579390592714846
0.081152864027370639
0.16197207015513038
0.042477073568819849
0.13935346770610535
0.12163523334772344
0.13165513266045267
0.074065689988547415
0.23241789564122375
0.050170450553903033
0.098580456163633298
0.053665185395385978
0.11195783752732663
0.15082155485337706
0.11940021290070588
0.16189507275369996
0.098075426095724852
0.15624152211880002
0.13897292095773098
0.21111813963129208
0.13093049256841052
0.1418369861012897
0.23255370247789314
0.15547065731493548
0.16239040774516844
0.11614150132204303
0.2034563627899923
0.10988065651031673
0.12940026374028962
0.18955745330846538
0.10689597402899413
0.026204067737261683
0.13961317215861274
0.11165855306858925
0.089612847480713645
0.015602088890160865
0.055799544420563951
0.11959225909708382
0.11733841433675225
0.13774305007571863
