0.082623471789925157
0.10701686308587734
0.14808527035882962
0.22400697779033993
0.16859123112831872
0.095273166744337306
0.089721262140039296
0.17897806229298335
0.10217198959217952
0.14041885558894415
0.14514292631715875
0.18879643228517262
0.19661248461804001
0.18951603594092076
0.095579736742542679
0.12441955985479061
0.078155156893063793
0.15707997571755547
0.10517354800702258
0.038954544932570952
0.1068231295853868
0.076888148808677545
0.080029673281856645
0.11781744781624778
0.15790179972074794
0.072610091820094771
0.13640196378818215
0.10610364307008341
0.020814970224554134
0.078927567961622896
0.16836101336957274
0.04862072557478312
0.18025843840058772
0.18151246104286664
0.25327614870493603
0.15592869246368149
0.15256771470315009
0.059724251926297454
0.040394244133110102
0.07960833517842314
0.070769943021213311
0.12502913612845235
0.17460119380165487
0.19201043377108876
0.223530405816001
0.16448089312157235
0.037180252918510362
0.067269289916776304
0.051916440534883861
0.21969218560601905
0.1705259869292628
0.15418444815165863
0.13500536076136721
0.11638245001641616
0.086937819852380444
0.11700334483931028
0.12085273471255403
0.10614336820401724
0.056776375586632268
0.089223726995154365
0.06647740521854803
0.073362757794285291
0.10512522589338021
0.04350430766220667
0.21146233340814205
0.28901324419098978
0.13061148107404494
0.22993756460714695
0.2356638372868497
0.26296828995629595
0.13718637921266141
0.15142629008541172
0.095723344669772364
0.11127358996155544
0.19772537986341648
0.17431801781449446
0.092549422321329386
0.079969357559629611
0.055958686688678046
0.22010247459212554
0.019327371210472656
0.11555917768898469
0.10919511030022641
0.15654997294518669
0.16004689893364216
0.056089453601153742
0.088426291003765312
0.10082403547767999
0.041679547522769582
0.11394933439830587
0.17833424356319263
0.18580523398621074
0.12095466578222895
0.081221290719445588
0.15638147406289146
0.022221476526650279
0.076352550162265984
0.039994210750653576
0.1372491078188878
0.035435929326388463
0.11051909763775009
0.16136935783641565
0.12785350749737284
0.095690801515504201
0.10569218374494904
0.09719073940108848
0.025572075766600227
0.073705080655767072
0.078808900014594493
0.18857050314913334
0.1827061154577316
0.1758533028307431
0.11476359219732037
0.2197522287938185
0.066693435995837852
0.0097465763134081309
0.016250332380924042
0.17254100083325119
0.12204080021860844
0.14475548874657157
0.029450042308909942
0.060400505822645577
0.15194947181239682
0.21046072826460341
0.078802633157338667
0.12728243732407354
0.15147741329806086
0.13792988692032232
0.10516341678088478
0.094071083303696942
0.11672955226141772
0.11892318200277047
0.12170848054059689
0.16687963137236947
0.17928796293775986
0.17692434398555351
0.13433401364628242
0.13044738250161034
0.1699309478425404
0.13755550549663445
0.13378384507366059
0.12263819408640561
0.14332124373908944
0.042578295452113557
0.025170247793268308
0.047571574873794382
0.13536976792887792
0.15201838158213232
0.12116064533419856
0.17966429972021281
0.22517150613541811
0.17979262542199517
0.067941574864381807
0.071554603858641527
0.030301144919885267
0.093995351736017502
0.13411208054468782
0.11616543888570929
0.14576107113923242
0.3004488647307581
0.2635998442860869
0.18433881653138035
0.14626943265744236
0.084074066686217322
0.035591612785764726
0.040349361749351505
0.071643658224319298
0.089104971871038191
0.13280019092435491
0.21937854630433426
0.092727232119663924
0.13153996638659521
0.086748804963503998
0.055571004220919089
0.13683089771452162
0.15573991635399947
0.066561888084552212
0.21678534656758391
0.061430547468785346
0.12069278934456615
0.10921323333189781
0.084811787765014343
0.045297872142184795
0.051301246582214556
0.089426162588603697
0.041776751235530679
0.057097829838880357
0.18418192803985198
0.039064195390575547
0.13800603234212044
0.072910425318264971
0.092260980565408421
0.098483544150473806
0.028959176924700555
0.10414064465163846
0.14943175237524944
0.20661721350862972
0.056432686233057944
0.10150579395537056
0.12610942416782148
0.063810273251618976
0.10668837224250435
