0.045498067889320093
0.10159184237078964
0.13497245626409798
0.059053250042116728
0.16369891882212068
0.047274557995504382
0.097179060007190426
0.14993610944259039
0.12462670084764234
0.12106887787714075
0.031839546545924774
0.10283405541085876
0.024889297822005538
0.13172301160845307
0.14481344733178395
0.10589828875503229
0.077929517258892161
0.15640925021608329
0.059659695880370366
0.13546208195574147
0.037387979472251136
0.11373294354134975
0.10271628488107894
0.2088422153585488
0.26337503236016924
0.19911613803471004
0.18547597758636955
0.21859812525627206
0.058408288532195964
0.11263735368390528
0.17132269869328584
0.088514712176466684
0.23465871471974464
0.14746394958415895
0.21282998021989225
0.1297217274198636
0.28178702925922877
0.21838397378235855
0.1402623262163073
0.17797443124425144
0.23401661551647629
0.1366980175864986
0.15891429205656898
0.15920315241319016
0.19878072674763209
0.15491945436287291
0.097276170000000994
0.17823513754731973
0.14567258432892366
0.083086262758396728
0.040945339439730617
0.10042267557847309
0.18521321977894828
0.10093963865122771
0.050641224733767906
0.19168689217816084
0.15280588270330969
0.065987931635298716
0.13825170786707192
0.11191363117813329
0.098430918435790493
0.087154128895958263
0.052299222807740735
0.0045684175481698211
0.15515446446944431
0.074682795125683821
0.20199736413115904
0.10175422421761858
0.095767872462702963
0.11026533712833789
0.13680988684990242
0.11192026125079517
0.10506103085761792
0.067041183255156789
0.12221460381297257
0.089831007608182009
0.063477418436803379
0.095210075468953034
0.061791197586428065
0.018282881817386638
0.037216066934802179
0.11534561303195122
0.1100902576904008
0.099038845001803544
0.032379029548986707
0.026118250196672282
0.14722765906567314
0.13885983585467376
0.31758282892901585
0.088498609529891095
0.11087072736465051
0.071360396445768082
0.13978391991574546
0.092212781342073336
0.1280875004565708
0.077070607729547727
0.10785863130164172
0.042244205505159567
0.15136425927669689
0.10897537948365073
0.20381305229204943
0.12544633554621071
0.16424776989489881
0.10763722032489166
0.088491750776856962
0.060135306145067131
0.046697335564530006
0.17082402013977305
0.039496563257058789
0.033494668009319453
0.0966626952357591
0.11740294234971271
0.20337203196675618
0.13113049134597271
0.16924010507273773
0.097491194772800119
0.10305192201283507
0.12823533240855786
0.12688851006791732
0.067079599427320794
0.10816356027444032
0.10844027991745196
0.12060242069437006
0.065258343505504288
0.14902817520132564
0.18353497225076951
0.12331176447945538
0.10089589630538474
0.19269586954392742
0.14122022371151902
0.010138238908935305
0.052053344868260208
0.062856296740622555
0.1380202391052196
0.10286809150161791
0.11748586738655135
0.087450425679475544
0.20789256603623715
0.11471211754594945
0.036855179377816141
0.11387179496680772
0.06552645723183731
0.12158417343270836
0.066948469569447278
0.10684360937515215
0.19285305853909399
0.05460202838500508
0.041111773360754673
0.03033171619254622
0.2096112433024459
0.18315196395190875
0.086862233346694642
0.056165542253954807
0.071105729641094906
0.17617172633570247
0.075506679681873634
0.14417137404802874
0.081900577536048097
0.15756057059871961
0.016980753697373285
0.054358954087430814
0.080360611929582867
0.12158063065597705
0.071469458922340384
0.046333882720169715
0.037310021741992973
0.10103569919824758
0.051999144956784059
0.12492267325113338
0.11523318295948551
0.13056685590114211
0.1163547854918387
0.22393975025445043
0.040556934424801926
0.054021623012050282
0.16788498534977198
0.18005463442917491
0.082188254204429975
0.052258596369366389
0.049890993050298996
0.019786503626373294
0.10873529510770448
0.066181557324494059
0.10204838329942945
0.080670215079234261
0.045097950693591626
0.086699476785214349
0.061185876534550022
0.1962997243568918
0.095372920374090106
0.15680759876274356
0.095180876308923773
0.045140655201042053
0.11256166791623819
0.022910099530491352
0.11139078487491294
0.030781623190214429
0.022658874191340203
0.14402703190630012
0.14175164905579798
0.071865410294543144
0.091181160811818276
