0.99921919317243746
0.99937703410901191
0.99921864234467195
0.9991459014224483
0.99904335678269396
0.99929660782660801
0.99925542428412795
0.99927949692222029
0.99907550357403685
0.99899731620715204
0.9988044967217109
0.99891352975979275
0.99892227007927292
0.99888597597036022
0.99879401604251572
0.99888380384347297
0.99870187815948375
0.9987186091437269
0.99893324346668855
0.99875108600819718
0.99855069883519287
0.99850469974047973
0.99847633905456323
0.99848240821009004
0.99867483533194024
0.9984791213149562
0.99879866705376896
0.9990570997523186
0.99948279681948127
0.99962165372422263
0.99969435507673821
0.99969670584843706
0.99972981876127054
0.99973329184967241
0.99974722597407228
0.99971174130295459
0.99966531703534933
0.99955847755437821
0.99981892696473962
0.99978120628092082
0.99973240472846736
0.99982812807536958
0.9998058579566923
0.99976905676798333
0.99969236912773374
0.99971821719548848
0.99982207341237095
0.99978887737033584
0.99975247624329455
0.99974810903138478
0.9997485363753662
0.99973198156385112
0.99969463254738467
0.99961299422727656
0.9995727581599948
0.99951497483459961
0.99946213363163761
0.99960591999815562
0.99966570680109368
0.99976545239740822
0.99977525258777555
0.99979772335425365
0.99980901728300398
0.99981198429815321
0.99980136604026371
0.99977894295408209
0.99973546467285213
0.99974664101465793
0.99976345767522423
0.99974833116550432
0.99973257807051641
0.99972529537644295
0.99966383833505168
0.9996249810505855
0.99954812958753314
0.99961454410116546
0.99960116484257699
0.99960751499141154
0.99961849675020786
0.99950618787882928
0.9995284479797979
0.99958855144422964
0.99958273771432371
0.99944440000168522
0.99950523525855051
0.99943627514060207
0.99934201792743849
0.99942095664454611
0.99940684948620406
0.99932556812454509
0.99927718850890646
0.99932114514269255
0.99927572418950006
0.99915189641650271
0.99905401457317089
0.99916147094581342
0.99925543189335775
0.9992154368607602
0.99906467056961612
0.99912284574644561
0.99903648009437496
0.99899666805866438
0.99897804802986112
0.99899530495475342
0.99901523688775828
0.99881699781243538
0.99875906817662707
0.99874407178160451
0.99893990870920135
0.99903632350692462
0.99905133797908596
0.99905440059228656
0.99903148360045424
0.99878549366410141
0.99888467368153211
0.99901109405558597
0.99888724453084421
0.99894849426033328
0.99931944144382101
0.99940649235542489
0.99954707145744648
0.99969546737781512
0.99975213160286869
0.99980810334550174
0.99980068398122257
0.99977652584451426
0.99977397520842914
0.99971169473438692
0.99982524568943532
0.99979881866309817
0.99984396738348458
0.99983488011120281
0.99982473803448091
0.99978994897036488
0.99982399093706131
0.99978166875359586
0.99974009676955677
0.99980495646659451
0.99978359817487283
0.99978830243506467
0.99973331324825898
0.99963267686370005
0.99960678009780857
0.99946632373244837
0.99943394442271005
0.99936525223100148
0.99936086314293004
0.99937012045969242
0.99944499468974735
0.99947270788862264
0.99955235579630763
0.9994719358361609
0.99948658997448547
0.99948647655695055
0.99961083427661146
0.99953544409112161
0.9995964666663314
0.99952443957638615
0.99953486237719902
0.99942368106841128
0.99914896936417508
0.99930245987714983
0.999358527730283
0.99913196081417321
0.99900795200027037
0.99913831153476451
0.99954112236898163
0.99961447535878967
0.9995768984428165
0.99950144766437854
0.99949900946276138
0.99963656412875779
0.99966164086497644
0.99951300598194182
0.99948286652479823
0.99951479572821988
0.99946450190949043
0.99944521810764486
0.99943945861419103
0.99941428796831144
0.99937876554396465
0.99942836132133672
0.99950187882062858
0.9993018376623648
0.99926112071224982
0.99936124523841885
0.99930918450774808
0.99929222838042198
0.99923597931907748
0.99912283730555673
0.99923177297389654
0.99918687464608746
0.99928232785559512
0.99939149119602022
0.99921732202812563
0.99927873913447562
0.99934694322703166
0.99930122516996811
0.99923112331578601
0.99920320416421227
0.99910245040150381
0.99897769857499097
