0.067559337949248746
0.068092337296180278
0.070372158476787974
0.077903897747862771
0.014650740971001821
0.02379132590261682
0.012828665994001603
0.034836271907393399
0.0016295781937313151
0.094263610199511919
0.031597650016467353
0.064675316161036084
0.046723509210589688
0.057069300945816893
0.087751164810873916
0.08034358279729352
0.1175928629022986
0.0039630800489107252
0.057492611191183429
0.089895171069628438
0.11844709832088911
0.063519604568233454
0.031334260379060397
0.055889757529353129
0.037935602876350442
0.059939838171787024
0.051807769515731905
0.10048551953103414
0.076475010136123137
0.04895811274385313
0.052539716896611098
0.090563377285879126
0.099397222944568459
0.0093328832199515502
0.058562201022655185
0.049545109708401217
0.078268679221719872
0.10677221301382779
0.042512926700652466
0.037812028629426363
0.11062065977534383
0.02930782301655158
0.0039784379377320279
0.09449964959472168
0.099812132013517199
0.042559547164133869
0.08371096028731552
0.047255742877972441
0.077670274811281831
0.026225315161496492
0.11027714861627251
0.062058479361175097
0.062097037111569359
0.017554333602906973
0.039181906448340763
0.089034116729926865
0.097358045222745854
0.077991030463461244
0.079379816543448209
0.095314691086767503
0.052066808847178916
0.1137873161796872
0.11165364187107385
0.15091861231356615
0.017520564199992837
0.08682338959884725
0.045027689351909594
0.079823280590738732
0.05557612487680149
0.030420639251955487
0.024431111487565365
0.11080359886398015
0.061996826024797544
0.10667432649509678
0.080835544602314985
0.10291994404810542
0.01438588654894162
0.050873661606586795
0.0061686146196859382
0.020708425905846258
0.037040786733757027
0.099387044718244041
0.12893150932771344
0.11399639904132305
0.086393504255791578
0.056495051799774286
0.055259067385801462
0.042595025331057697
0.1023906729838904
0.14242108780949406
0.10133618094902185
0.11081785757945228
0.10259003870248379
0.12955038507697872
0.020158120550276659
0.09726562245677324
0.10343025630913154
0.054179075779645883
0.078414033386699153
0.11167905221584942
0.089589317822660011
0.10558752814267257
0.097027518910954832
0.076332136801338393
0.08321859682659212
0.097127143256989817
0.085024831775820486
0.075225980624495939
0.038772038215162417
0.045981408548823759
0.044425132668089659
0.020039577090899961
0.092915009214764227
0.053338327741829263
0.044236774395717944
0.038894736087429757
0.042322900447921225
0.11283755781075495
0.081501526573227553
0.12668497026473916
0.082386868940883359
0.11233689458823558
0.062806293329093058
0.040628651952233343
0.052942702163816219
0.027995695427322134
0.012724067855283107
0.069687836463511774
0.091133172804513093
0.10179012535399908
0.15768262500335042
0.079235797088986287
0.09858638084266641
0.077875796026928651
0.036042489550444048
0.0088369211209934906
0.033363386311638023
0.062537687172473058
0.065661401177387529
0.025086058920108446
0.054831495789799158
0.090560337989450679
0.061734775293117619
0.045431557526859456
0.060531916877216575
0.076328672395738012
0.036660071628909538
0.0035791496563941671
0.060960387765198375
0.038621639251695664
0.069825771127585742
0.054798770732608762
0.053418767783306349
0.12394701719765776
0.12365014177175691
0.067871848826280987
0.077555076078096488
0.069488165734134313
0.049428242611634546
0.079185950181855591
0.077995694374404456
0.10068397872864181
0.080314907775161815
0.094014638938883038
0.029218486430757844
0.011882790848824735
0.024241866606579798
0.063375151319914599
0.077688782434644582
0.018159207745107042
0.073724422162566805
0.096864970195199199
0.13246492141182459
0.04905196783572488
0.059638081954525073
0.049404826786463123
0.0016814304703016811
0.018646617986538723
0.089970201164404365
0.065343061614992273
0.074705282506171186
0.10531778337164779
0.043174020360625426
0.056155709634651767
0.074626240338858132
0.024051096929817301
0.043658078774103166
0.060055117162868293
0.023909743578167549
0.029878645196895551
0.081746043376834748
0.050165601111242512
0.071844894598677628
0.097993628497066873
0.10909363854434097
0.014375113479181837
0.069262360914858545
0.09170930858600318
0.12213439495554812
0.11134097840584861
0.055083500734552801
0.02486148070069135
