0.039437207430217204
0.030630511430082559
0.084311375739014705
0.069138740584927111
0.048780900945845244
0.08860268964510741
0.094238280378077216
0.05459729649429259
0.065840856197305259
0.13538646945301808
0.14204293143590191
0.14516783449235882
0.096561647535392772
0.07206875152282953
0.12495123862227558
0.076535842317372565
0.063394041646496854
0.047413013009282357
0.091507948220413776
0.037971371745881818
0.05909844972487046
0.056283506189194511
0.040924745831706771
0.086951272996640669
0.079855939850300067
0.09182361958290762
0.053466424589920888
0.079539065808643006
0.10178825666213641
0.066862918384623049
0.1248453658337455
0.15262382079704581
0.096649998869613007
0.070507758086168645
0.12031959689644055
0.062161534263673004
0.030962748431836978
0.051788004152134956
0.082210309084592273
0.0065867584182408784
0.097289995614368796
0.068509798541468506
0.064267471394131609
0.12781545486155901
0.066443811984655196
0.13026032167280077
0.087539634048869663
0.099519423536814186
0.086490230908495516
0.1131099300883303
0.12180774961181501
0.13263768344763632
0.13987981361281246
0.11645243564854733
0.067955866886623084
0.025396200606727617
0.11952179989145124
0.072040484702393617
0.023178219582827949
0.024361905104980271
0.034240251368700958
0.030700682081326734
0.05993414678826485
0.054209248377672922
0.060926286004471239
0.10221072611189139
0.032068663567921409
0.071011831311719356
0.016375719598449533
0.015308562444765696
0.078712753049554232
0.12729344028159686
0.11141683935101927
0.080770432267652528
0.075095160620399268
0.14333222457643668
0.11225670318476434
0.067965308431977969
0.062625724916569342
0.080169202096007225
0.065055137475371574
0.074261991758421908
0.07591915761337717
0.11822390558584782
0.12595507665176656
0.071082658168976603
0.10934381204948999
0.061042865380895844
0.078608078277077928
0.11773214858375858
0.1168510291492264
0.11894770507410669
0.11334659852314251
0.091094671492240528
0.052838196803078698
0.054877096389828343
0.024678463431999812
0.016297058163583511
0.046641797069930803
0.019510146345180609
0.072203525642762556
0.0056428870639842702
0.077887359014311028
0.060742615140676588
0.075278275901434544
0.073148968914944434
0.11430349416472761
0.10864411172155553
0.030705418313275775
0.10584839852136052
0.10677990229018049
0.048268118274545031
0.057683427916570953
0.073653351423985741
0.025891383035442951
0.036564241515684298
0.020086867240161926
0.056214477821112052
0.040776645816342653
0.033103185775953996
0.070077314782943601
0.069268135966741154
0.028929375560576186
0.092089895345001602
0.023173137234484539
0.050038314156509792
0.038829853282828383
0.049443661405720138
0.028947988725266154
0.051585583472526279
0.050834193116812268
0.1062124109448024
0.027176625412619487
0.035279563209632055
0.011180755299371875
0.090902162983138801
0.16144231016241711
0.098495714842036092
0.15800508557591594
0.13499634507356434
0.082628134173877973
0.071505149101058374
0.022864364605789316
0.021140382290191051
0.038913502563219245
0.04581544468434845
0.052875985515559575
0.047467995794465138
0.10782543041370796
0.077290542260731551
0.017144594732467655
0.022517212717787432
0.10255518883984273
0.073066388037598295
0.06242664021600812
0.023428845397185809
0.066186200063625952
0.050652555035834684
0.067439273517616638
0.053702486988933887
0.050912837434234554
0.051379948551724848
0.099706292676087743
0.11212757358169763
0.023707346625413076
0.017015797477778656
0.11964357399310513
0.1274068693820167
0.1154162789265164
0.13417491923129546
0.049374668073996049
0.025261786764266086
0.066428434762501251
0.06302774907234715
0.086427720760414856
0.1566910164215693
0.08841056151651347
0.082605399407321742
0.058844092042887639
0.082842181872912923
0.042003554353637659
0.057203006129002386
0.078242756776018885
0.18478985789209182
0.097065600200000796
0.035707646889590758
0.06498453131412664
0.059596265021792397
0.086445860850706185
0.088002814814523378
0.049815491396606154
0.05028682322777793
0.037732350651909823
0.040377207666032006
0.042350301424634383
0.048450289809445997
0.0084352181218175868
0.045723517578451868
0.034220612878596818
0.019597014132393752
0.06837188090164073
0.074425030380482246
