0.037303739263102716
0.059663686723613163
0.061747943551337905
0.032644434212098838
0.092811431044805645
0.053612039403043543
0.033841897314087564
0.066555960037536291
0.018917257914272467
0.043023249693284277
0.040190226693788342
0.063538087660627712
0.043489421107316857
0.064421466669917465
0.12688356818199756
0.039960288149120761
0.090571900113852216
0.19244209747307592
0.10021009678897491
0.095673838638579062
0.050498978839077176
0.036679072556829534
0.028984501901650302
0.058914790442401853
0.085724708716635831
0.074552568160394198
0.039670315755505253
0.084104979492112805
0.095396494049177466
0.068297576183677156
0.047961588700073048
0.069135562081157939
0.074343461825440327
0.031352494900173125
0.02350927846238908
0.046710004513794465
0.048357410975660341
0.037203414306354626
0.10373021197915085
0.10034073564560819
0.053870151416579616
0.056341391890269994
0.022646953903686689
0.097750734135707645
0.050361689684799565
0.081041423926260028
0.042552675218095762
0.067598639379403996
0.029161600724012682
0.072487360107112764
0.040940861175489396
0.013153128081836369
0.075158233561646359
0.09268509894536324
0.15623717837276568
0.1191543803356163
0.14538913175484941
0.14330288854066545
0.12283619718608582
0.082306750570628626
0.10634105119187447
0.0763222641756926
0.050415558144741419
0.10304227247090741
0.050312782087549725
0.15405655419024369
0.14733008813751025
0.11182917562809559
0.17131635843800608
0.10972151419784162
0.079033335045419789
0.042080451417223476
0.067475363396858223
0.083149455142376427
0.033236783436525509
0.1209671251371945
0.087955733544774192
0.05816140577765002
0.055905789362682243
0.075340018160076516
0.07708559358109586
0.10149950568441468
0.069527179034663558
0.071741994629777761
0.16112103569189309
0.13723659304559954
0.1279405691012821
0.10208439615522617
0.068116471511885532
0.09327796585455897
0.12230767089994143
0.075336215850805993
0.1052701170936118
0.054292697834702405
0.085875735510560519
0.085811809054782681
0.099568484111770481
0.088313288904946108
0.081667450946830256
0.031443550857053346
0.093713259290497911
0.089311380268474946
0.10141584462695073
0.13210756632493964
0.044606420812806628
0.071458185100800348
0.10879213752721593
0.11893465928859907
0.10832024275870474
0.062514908537553843
0.016186363487822521
0.045731133286981009
0.012472916738307756
0.10179433921458576
0.037333938646106825
0.10368457892448951
0.068791234942091578
0.020778873141042903
0.034628125764773719
0.049553805109831824
0.077803126868755387
0.099474103747195841
0.11291712951797099
0.10115317347616327
0.095632418307775385
0.1028997453458107
0.10477273101728535
0.037358299123155005
0.06229563669781446
0.064047003369302441
0.089423174048927731
0.076579993548133024
0.0735930337644842
0.067020022427420417
0.061490108689866693
0.043205818721659496
0.096250635884168559
0.098706013565985851
0.046486701365460258
0.05349792018507412
0.02991025640977376
0.024617315652300038
0.03185005192022583
0.064315942122082387
0.032496931895579027
0.049860235150377151
0.054140394572862557
0.10221664271159808
0.12481548914762043
0.13681779208048284
0.13172620659061413
0.091525902019094024
0.063214593160083335
0.10145427113160529
0.044763853557594137
0.0045890382690150491
0.11448728523418077
0.062094013532169111
0.03035421567933121
0.024028195280226743
0.042794336664482707
0.054325250534742325
0.070407383360477971
0.11810393152830161
0.063920325745009304
0.083159252716596313
0.073138391031627156
0.084271009962276239
0.054918779281785936
0.11577722634140021
0.091380672522203221
0.028250238533488542
0.048658886225090514
0.068037126080005395
0.076343488929114856
0.065599215998097024
0.0046655926584984117
0.077789328375569497
0.050940260558434702
0.094685059847596634
0.089404400496077813
0.084268718046991251
0.060627801346346447
0.056444373188130607
0.11280288899179577
0.14167875498528129
0.19422762044104161
0.092067924807108084
0.12647716324165861
0.070284981828591636
0.052254638731953282
0.16969269880316074
0.10824159634860465
0.037652344983370778
0.11541919995196538
0.12523284378200897
0.12444500071446694
0.12986281055600535
0.029814944219943369
0.085246513868849239
0.059501903586136641
0.1055981591255802
