0.84701400534405891
0.84625640518839729
0.91340770468377419
0.9282019203458457
0.91485829183524192
0.93453332774418596
0.93082845222757349
0.9315523311695153
0.92924359770441001
0.91884266206426413
0.91419488809105831
0.93067400859718707
0.90281006612836778
0.8793835512477145
0.91707996611418152
0.88430758599817982
0.86096761383673892
0.87115132473503887
0.88606154691240047
0.88999648240459228
0.90128826911717608
0.87385449686437056
0.90242726145009178
0.91763930777409997
0.93714020161559164
0.93663121720571163
0.94441945651019366
0.92800426944957137
0.94357282488749028
0.94210622446313208
0.93820153316595378
0.92988768852839099
0.94839001711468518
0.91643874741970044
0.91321283821348753
0.93870174490340974
0.9230270939613795
0.90368978647696929
0.90615086465740069
0.91697587707652473
0.90731449127534769
0.87920931835745197
0.86320644568798455
0.90050265619786074
0.88877481448936191
0.89011345972207989
0.89070421582905512
0.88875311685355218
0.89081939776469832
0.89157494371268176
0.87572693047782435
0.88031431627303114
0.87651278037266922
0.89410380354114716
0.89969377942587025
0.88508098978935934
0.89442310456454976
0.90932843817996423
0.91057034807042603
0.93774481184053915
0.92518919413750544
0.91025047877064347
0.90416965676745442
0.90052392101225887
0.91347078323210618
0.91069717092823876
0.8816619766516901
0.89792398377505989
0.90343192765497238
0.8982840406979451
0.90130803255693792
0.87517146550906977
0.87867970441729748
0.92794252476854344
0.91778832052151449
0.92667037058823587
0.8953546833294902
0.90378053630447619
0.8781164423553186
0.87638137740782507
0.88242738333203041
0.8470634944014076
0.8663455294953063
0.86370278542183632
0.89027099681766797
0.91814468664143067
0.90720521376362162
0.89087912304426353
0.89503179025337232
0.91394433214706017
0.89058642419171152
0.91546430324406947
0.88366447287435079
0.89332376487856047
0.89742699182825647
0.89364817341474656
0.92108325718361761
0.89516032875741613
0.8931026446433955
0.89183485363798964
0.87547051404244647
0.85700874232238455
0.84803640047238638
0.79850859699011556
0.81166721181923207
0.83247862893333446
0.84293472826907956
0.85892765705975105
0.85712691354965054
0.90520179522464683
0.93168643317748401
0.91067096251431745
0.92392916928435542
0.92077090876273049
0.9240579663204761
0.90884234960186272
0.88058102093894286
0.899692586854132
0.88440701864095128
0.88202910163825421
0.85870660786333897
0.87472261367066406
0.90433412680774528
0.89849740392300437
0.90985732094278471
0.89083367408951075
0.88096290477740158
0.84930454982118719
0.83472524893864308
0.85803047220480944
0.88437433214466932
0.89187254550702233
0.88147385512113174
0.86252923084156474
0.85376761502330267
0.85149761291871895
0.86177061508293862
0.8614020000861784
0.86754849776834697
0.88073536202176772
0.87395328967981201
0.90565350478175821
0.90107402758886879
0.90682854460664764
0.92326478668384515
0.91249387656981251
0.90435355395584682
0.88282529782364016
0.85299387070103905
0.88283898732459831
0.88361172072974792
0.90906106123978647
0.89181209207160139
0.92134190064189903
0.90916011365581528
0.93490501044539454
0.94943204666467218
0.92992256717338506
0.91362774088408749
0.89661219096224143
0.89978710408909279
0.91560993765901721
0.87214271231653329
0.92800529570062207
0.90327400296031357
0.88029081687370159
0.9176107902909475
0.8986095512933
0.92589207037804377
0.94010561603209819
0.92338567132741556
0.92967760224252061
0.91478821804659316
0.93031159503552419
0.92147142479889177
0.91345171339260312
0.91085979311683052
0.92221956338291466
0.91446288703996881
0.90688094612182568
0.93789099901148631
0.90262456062010255
0.90247434388496206
0.92784079492458749
0.92015725977960627
0.90589103748178113
0.91209949951688762
0.91303720267489819
0.91129723033589327
0.92319879614739186
0.91122063112420904
0.85169542176326984
0.83890582026023108
0.9087308784121767
0.90063066605955078
0.91414350378360776
0.91047547593151068
0.93430203988688132
0.90476440728719532
0.91524033446892317
0.90265251493697274
0.89553487808175725
