0.0099259773951315688
0.0029649573299420336
0.01046118631369655
0.0087294827024095162
0.0020331201317723745
0.0051356430280930301
0.0017750187610107607
0.0042620142549066008
0.004052637436455119
0.0041522644984586365
0.0060846821289776932
0.0088571064695077053
0.0019256094914177129
0.00141587816303087
0.0053503495821204108
0.0017988568705960845
0.0031167690629936872
0.0071199294921136915
0.011900364069721255
0.0033154484020724291
0.0033620666080694931
0.0019986160463001004
0.004118103198978095
0.0024688438466911201
0.0048230173530621392
0.0072152393431196603
0.005330084314630933
0.0022459614690419016
0.012713765886406322
0.0071326419307006349
0.0028906605380592167
0.0085323009018798794
0.010563527753063339
0.0047840757729927241
0.0070661654024490169
0.0031031185659665421
0.0061842800695283938
0.010904260205574712
0.0042156745766246655
0.0043633105753602833
0.0077666627731200165
0.002580381444366875
0.0011413918724944155
0.0052233110523777718
0.0059194139781747999
0.0083380950896662052
0.0069740101070595835
0.0035891338151426869
0.0027428326006598302
0.0067416409888542252
0.007322241025817874
0.010417236742669289
0.0015013775450767662
0.002019695571950563
0.0008003871076997036
0.0021685515195204847
0.0042921946304681708
0.003575651765436021
0.0039891510113277632
0.0043226394201474521
0.0028991086136301272
0.0030009090711825043
0.0081012180299535816
0.0058891859881810386
0.0064004495179890439
0.0068911725582303423
0.0031538173718816242
0.0091000382341398286
0.010484852038343467
0.0076253240525699234
0.0064536703582545084
0.015218485125161382
0.0033694625371885694
0.0051689766285239469
0.001694243930975808
0.00076583871670663937
0.0038266788084937216
0.0063049523327393863
0.0049957286719488373
0.0057845785419337291
0.0042572320596614569
0.006417213889619305
0.011913530335208564
0.0078508232423745508
0.0041060355760105926
0.0026355470444492249
0.0026661004850608554
0.0045294406383094071
0.0046592055834842579
0.0055944485452145603
0.0039146123152825601
0.0050365123137616321
0.011117052147674675
0.0060988357029214029
0.010854555001530319
0.0019076812064180819
0.0056569203718936931
0.01030092900803568
0.0013415662307466919
0.0035918261261550771
0.0085445174158003765
0.0092008218575465196
0.0079956913537283306
0.014150519386759866
0.0080036492542554256
0.0035057355187605777
0.0027727658894196915
0.0031047350545419061
0.0026233872901277881
0.0048165022007188203
0.0034044197608296949
0.0066022829254381039
0.0055795509985266823
0.0045384094376997933
0.0039365121099421384
0.0076763817376000318
0.0028524515603130939
0.0063375534119937743
0.007629397472697151
0.0015719596251043257
0.0034388791352335979
0.0020751922074349694
0.0021138989151149859
0.0047565673493739453
0.0037397258232929687
0.0018790302843684837
0.0067600708465375943
0.0062213796354943993
0.0092627005959120597
0.0093278710798052143
0.0083632284204612304
0.0036838852813274618
0.0018057215719817575
0.0032164471244130939
0.004064538330929836
0.0049391075677135358
0.0042081564225977348
0.0028645316926973158
0.0077032327753739881
0.0069553602179351047
0.012398312783497976
0.011050168783790977
0.0034369330371535598
0.0063994166926250543
0.0027296651295215758
0.0040371859524423381
0.0062361837865876572
0.0049776614286612206
0.0063585862716191164
0.010564411737997319
0.0043132182191897746
0.0047726172003866221
0.0037698552635091406
0.0054123876317849233
0.010493294583784491
0.0056337599977391859
0.0065432375713160747
0.004784456483522089
0.010582673562559377
0.0053112470434672253
0.002888378095741456
0.005176858507895352
0.0028329219812580479
0.0059908164719105423
0.0041578311302072346
0.0027891468204831299
0.0012523734026154074
0.0076262009675520919
0.0061050640809010995
0.010792594584394036
0.0038284806378483184
0.0035332329398998995
0.0018360272945202184
0.003781310887329541
0.0073005174474856686
0.0046889299204853309
0.0030090459548041122
0.0052869027860292586
0.0013523045293012796
0.0041617689490218166
0.0057273873586556707
0.0049424232125432795
0.0030497909741363555
0.011114619855468718
0.0049593234471278129
0.0022752932742057508
0.0096531931056235351
0.0085392826797332892
0.0017977236688984028
0.0086324688838698635
0.0081930237893913863
0.012041520628939576
0.006052824352539476
0.0028918911954694034
0.0056430607120993691
0.0080008816502361718
0.0043764095464467502
0.001133820984857273
0.012629615292479017
0.004514283691349999
0.0036762642967509904
0.0054904181155170486
