0.0082259227872422593
0.025392847483906137
0.013269743523604584
0.034849476697486385
0.028065077380163589
0.012690821621083417
0.012897291631212995
0.02437360653561263
0.021276997659104385
0.010576032054810971
0.019347620554315145
0.0071942919543052531
0.016322478965400421
0.025141821371762404
0.033431177016684112
0.021583906761602
0.019616743616976118
0.030632679288942304
0.00122681236295016
0.030966820753895036
0.020351649279901716
0.024137548134258977
0.012858560775504161
0.023845193460608333
0.0099781115737543474
0.0045268275295278059
0.0048946997874285145
0.024406794661175832
0.015577361225753646
0.018414580860794054
0.049726157396407823
0.032077306672841567
0.031632563498995507
0.028108817260644993
0.014439244936654142
0.013475634024778981
0.0095876809397363923
0.028400192850510982
0.023593740357942684
0.010813691378198639
0.010729680021691317
0.014564938414035876
0.006472491728335689
0.013666649808488515
0.025452281209849683
0.011351326288938608
0.027552996069460781
0.017341195938368296
0.017260504843630665
0.013146640259393508
0.020731340073893448
0.015250078619722588
0.020473181461377322
0.020735457376997023
0.021621017075768339
0.0065415669515493293
0.015949004967793917
0.0080398182282142173
0.018258762817484887
0.014314196372396708
0.031363979880307757
0.019378363391488788
0.028823384366936183
0.017808665266874725
0.017322880705840184
0.013952212343281986
0.0099626658874191667
0.0097973644471197139
0.0091258513635281806
0.03288985014918263
0.019392912581324352
0.032738242366336635
0.021055698778287432
0.017819488787089624
0.024874567192976958
0.012225712360175205
0.032487440380644481
0.0059899191839871951
0.0088865269808232564
0.015116595620235517
0.026712497427170974
0.0052067285715765525
0.017126288019083297
0.0085937511976141665
0.018477979458189565
0.024933269423398054
0.0074929270027823168
0.019951776675485495
0.029417725754782697
0.022611050771510245
0.019842760882410954
0.028136718776070355
0.015512929465442313
0.021637647114236599
0.012731129850689001
0.0159207777516874
0.009017675712068891
0.012737094320548736
0.019207385152440564
0.010057349661131363
0.027410823287489713
0.037842067155943036
0.019260050468331461
0.0052699801532872168
0.015551030243467585
0.016724156592318254
0.017901026550833535
0.033625201266433966
0.018753869865023216
0.022618449946633357
0.019294871154257355
0.020915867106877161
0.021798979031874534
0.034732261484816625
0.023225976002579349
0.0067056416617043346
0.019837986799187097
0.026648158072463211
0.016985707115150718
0.02208134770418399
0.00082785162925318179
0.036612663035719743
0.0085307646161882234
0.010501920438490171
0.022021458989685147
0.029779899523487242
0.023804854840385348
0.0026918607537772298
0.0067382857390716529
0.017423467470378113
0.025105971839221863
0.011162862166418364
0.024654498669576679
0.02709384815902648
0.024474124052556629
0.032851690389156883
0.0082334197334965435
0.0044539906727504948
0.019016492684665421
0.014595258431664511
0.026763286521188649
0.010029879587285908
0.02916292141912959
0.01590117195717998
0.015954130229774467
0.02066404270606487
0.018058740991933119
0.019872084250686907
0.009788012352576746
0.010359424907854168
0.0274406596740417
0.0098572425462492078
0.0028809504466077891
0.015681709052020657
0.023337763572769558
0.039689657663241736
0.018035276934599012
0.023166684714212685
0.015760935134140504
0.033844238826037647
0.019300518958079643
0.030442427594064712
0.010878542815940105
0.011970391909563564
0.02452559482559636
0.016964746424920817
0.020653257165427898
0.022223215507379997
0.014007001295948481
0.012316866145589704
0.018151726090577618
0.015773251518865626
0.016329441123408533
0.015754595457861956
0.011918679035455971
0.02573825187461181
0.018561605666187864
0.013795768453158573
0.019267062184456132
0.014384995288889053
0.031651937967953778
0.01136796383556859
0.017911131599700286
0.017785434319702722
0.011584438510331158
0.031432775214219881
0.011794282381586921
0.023598019059108116
0.017061478152599625
0.008566556698805048
0.026006732939307709
0.031630198717083682
0.032498597438620068
0.0069309319044231332
0.0071040325081522518
0.014005075302693662
0.021667525420357367
0.017564568743305944
0.012454765690559545
0.016740967030437894
0.013121404168184031
0.046755293611926554
