0.0446517374890135
0.0080663182614136575
0.061080321509168617
0.037724273291087448
0.048031390010391785
0.018557734209470166
0.041350306947589066
0.029122627421265673
0.022819558116199561
0.023478243272374993
0.011936448268454556
0.025844351484021314
0.028063579628581581
0.011549731126980304
0.041061928249421981
0.0018930418383521057
0.016469279828042312
0.033260002973319484
0.029721614102886179
0.014054280628352152
0.03626355243434342
0.031330033138618665
0.018235445176018522
0.019676033636935882
0.021621938798599825
0.025176193395181158
0.023522494668074014
0.032635248134754546
0.021507015637740514
0.033629043245063085
0.0063783952866736425
0.0075177382395018137
0.022154156764147854
0.013242945220264262
0.01579043265684504
0.0072125843964341305
0.048398105274674023
0.0070396121451317423
0.012893628841534197
0.016542341672200464
0.013468451330689055
0.018182301083461243
0.018212135922969216
0.028048621194192828
0.026756940665341289
0.011001646982564261
0.016710038504791497
0.025651056735706959
0.018000824810810865
0.022280488516851566
0.020383590553519657
0.023619951096282184
0.0094233053163576205
0.019606030829579527
0.012261218512830973
0.024064733228361355
0.035186259198344214
0.019010293273503637
0.028398208145227304
0.031074803289308679
0.026981893853542126
0.04285179617137249
0.028031947034372579
0.0053358720692706467
0.017242486484686955
0.025776280090323941
0.035013829135686889
0.0048619953978223515
0.041865913006130143
0.022377013620249863
0.027486866221180455
0.0087489458434949919
0.012077699677413978
0.0094266570895175615
0.032516228624040966
0.015119165608175543
0.01053499712925279
0.020770384165157793
0.023348532065230524
0.042490102884049447
0.024745223677056439
0.03403081517330394
0.0050076174493531656
0.044165193746757474
0.0081697603261628119
0.0040048612873987907
0.039104133646035745
0.025680189905254898
0.014172221873821967
0.015225902865563714
0.045075959017770388
0.020929354100155513
0.029264156128865251
0.0081430309724750648
0.013449712040107959
0.035966322943916808
0.015179812696189066
0.027817549408087134
0.024451529574512017
0.0059570401863000494
0.017536609766189166
0.0073413493395426315
0.0026495124523910926
0.01753593999322188
0.0083989597510121614
0.020778235444665893
0.016634949823521386
0.018634501764169458
0.014856105061183214
0.03052221009111894
0.020762451911746208
0.049537560952844062
0.016256086202317634
0.013162123139513319
0.0079423047748854048
0.026799885867791709
0.021423331141914664
0.011225187321909431
0.031150808576592803
0.0014237386683381374
0.024170345353990895
0.010383751676727443
0.024909919977450318
0.038587751289734733
0.046887582362835412
0.043364113001374709
0.025334088779724845
0.0032741755399538562
0.011359255117423273
0.018033897791091158
0.050639461840369181
0.016986697145792921
0.012107020092421615
0.035195237842630185
0.011343023167218835
0.018808534002406976
0.043234604771034364
0.02767579752173209
0.01646200656241208
0.012620520226816962
0.011537938024995652
0.013055874655104107
0.037664903522330775
0.030635569991719028
0.012592004558748921
0.03154783063608195
0.0061489779065674573
0.041429906620766739
0.012974492843414641
0.040925385717487828
0.0088612753558034683
0.044616594361687023
0.0090304513120059715
0.017621699972680541
0.04239724185629256
0.018044577396076993
0.030724471924315908
0.026110941849630625
0.0073002164207429786
0.0072742236189530249
0.013620712770237865
0.019701330315572876
0.023892493450466675
0.022472414034987703
0.032680292715588678
0.024857986120981963
0.02466259244966806
0.013202387562350404
0.04066929754203262
0.029652056178872423
0.014562756775182333
0.025844305862426132
0.042939488380117012
0.017378001762217064
0.015490810153276215
0.030257145820375198
0.0094984096593083607
0.047091668974624613
0.02405119143438644
0.010421714034682884
0.014545904133169994
0.014122638994443781
0.030444698077180341
0.013890782023253327
0.012961856614632009
0.0057926279867319469
0.018145561896499362
0.017420993409540328
0.0018521087306823697
0.020852878025454526
0.022219700482949717
0.02381281934970244
0.023580573024554245
0.0085656768700916666
0.03423096103192861
0.012177906390905971
0.022016546251033404
0.030778959950699698
0.022961098365999889
0.021454729974799778
0.017848931282038325
0.028701159922773983
