0.018445901898055495
0.018295302710328185
0.016678578154410102
0.014877326378467372
0.012387572537032638
0.015803183461157038
0.01216930954707166
0.012184030715900443
0.0031227715086576745
0.017430621173434455
0.0058624809977385391
0.011226290942896046
0.011920782079569774
0.024624929846380424
0.013934363527349008
0.0120979125303706
0.0079620732133895162
0.0066164879233934449
0.029339856878270208
0.025530279397037448
0.016331670659283152
0.009535375128899664
0.019572996832875892
0.018357717446845001
0.018617661959182782
0.015852749061132543
0.022202809621602978
0.0095809458528247071
0.016157769822525592
0.010243939320215651
0.003398855512185371
0.007293262171994587
0.010000844238346344
0.0035010565850873299
0.0088774694001732823
0.012177124135308835
0.022466511490547229
0.018067772906600933
0.018652385366366202
0.011311055547477201
0.011369438792454499
0.025345062112076933
0.015288861837093803
0.011239633674768238
0.007336252735539844
0.012493407436690723
0.016465185460593192
0.013573865365761295
0.017433989222638016
0.016781251568069644
0.016288039246228094
0.017100418911159286
0.025356299496778638
0.015429475116342954
0.020172108154086738
0.013760080321231194
0.013481997192920859
0.01488326925614508
0.009732403438957659
0.026372947199276166
0.027906667533360241
0.022411051625802612
0.0077996023917556914
0.022363440548428357
0.022416203863428914
0.0028335102115944373
0.012630322171485867
0.0077788174788850735
0.0046711174583524244
0.024335609945677839
0.011090807607368009
0.020866948982136122
0.0052331121843541446
0.025888631985882902
0.0059452110593905504
0.02160384756102569
0.004183438176683491
0.014948671713265875
0.0078185336891909811
0.011074969889788046
0.025539479361652923
0.0028915972975197555
0.017775689291761647
0.0085288574973985277
0.0014587270969245968
0.0079754763785112263
0.015521868088504195
0.013582044418047782
0.0033403004193273715
0.0092589070050376424
0.0242773601917948
0.010756149122254213
0.0055609702828002001
0.012046172699915403
0.021117725516141536
0.014009793642349153
0.0072147636940585623
0.033427033709736376
0.020166966536008361
0.021741757103725199
0.0065897830192641676
0.0053308977178019561
0.0055566410672406178
0.021687395550047034
0.035963248387881619
0.0061428091149463432
0.0035273376689374625
0.0070998014661059978
0.010693063261296269
0.0022603729328809215
0.020481861268349395
0.0097107424345655221
0.031399081685030521
0.017702281018135296
0.022925867392808108
0.0040741586613369024
0.0062454815578398999
0.0029057867864090464
0.033191298752030619
0.013483169138385969
0.004052309483734003
0.013991322653934993
0.029753170624078104
0.012796340599132743
0.0073471636122356219
0.020292247103081612
0.013967048275149992
0.01223079156160628
0.0091205494335614597
0.026056252458897481
0.02172153342976469
0.0090336747186021572
0.01499272200714645
0.012224782376088508
0.011858240432902555
0.0073955341766593994
0.023445123759023519
0.020104361707680058
0.040520749803441267
0.008912593052876238
0.008191157119822436
0.0052139590426837695
0.016354914945642184
0.0015990392595097694
0.011881643541914871
0.004601965713163938
0.0036593960479648401
0.0094612349590633103
0.011815977992131655
0.012631814087696485
0.013619196177663093
0.018205985751054678
0.012511849009369943
0.019362495324341811
0.0052753250326849684
0.0044945394689980362
0.018700599442534032
0.01351950832633813
0.010907718262658427
0.0077152657585669504
0.017685971632551027
0.016257246417200572
0.028843414460564959
0.0018326686349475986
0.031148412020676548
0.011091185323919011
0.017797761649565189
0.026407774270114252
0.0097433320221641459
0.0095979940586649309
0.01591115548183385
0.018127909094924104
0.00323990883769133
0.0082370658790355804
0.01484012695961686
0.011599425872322038
0.021391500304062783
0.012446015434371609
0.010748994129956238
0.01368525601984143
0.026693093831881922
0.0084540650420101178
0.029402853124316172
0.010447327372109572
0.019559998605223238
0.019297130063692502
0.0038443919740619985
0.023282989169326224
0.006963080356279904
0.011123556643989311
0.0024145632020185614
0.0073822198614579533
0.010393683543290936
0.0075856341301412692
0.020394719362360963
0.0075278213078567484
0.018301871649132977
0.0093392859956588099
0.017621653504559107
0.028548328287182043
0.0059661853920202779
0.0033570855155289482
