0.017301234418973268
0.040302681821057181
0.03484823775402747
0.01797808934357243
0.069387188890568524
0.040782079618452441
0.044751915592708386
0.042796939863814394
0.0046585399712507003
0.050933771596645701
0.029579137163646012
0.059650176723564485
0.051688332026227087
0.045290257094030895
0.037432475122312625
0.043964088128704885
0.030986658841705379
0.046092446513007312
0.033529400672501167
0.044246352188042862
0.032024688577216215
0.021033558548202418
0.024074496627246859
0.0026906748535633481
0.024742761787648074
0.034646337286933844
0.042088822006561062
0.050228734524475613
0.043672184025686824
0.075409610734602034
0.022336104024756526
0.024931629117644023
0.038050374300082741
0.045032790456500139
0.031694113503744258
0.036966685033474167
0.047504132234316328
0.060820791639064453
0.065860952678792758
0.035427010783971417
0.014114174429177902
0.028633483083519096
0.020550239087669016
0.034577531388412464
0.073883166941237297
0.0097430822419391858
0.044739915938507055
0.026434604067409006
0.023506219911578773
0.077754904501498218
0.021322136855056233
0.037278164883188004
0.03694130189728044
0.010295423976151748
0.03820675009186255
0.01637622072732068
0.037184370722202278
0.048049581864777896
0.016526106798241791
0.033940429169093657
0.05155198029517976
0.036319408702814561
0.017172908719622088
0.016574719395687408
0.025131995440466973
0.041498151691838576
0.036478678676306713
0.069310775280768608
0.038879187970799998
0.021870605325061254
0.033979143777427168
0.035591604710683421
0.03827902684996129
0.033830593096096068
0.0073383273463512077
0.036509314616286592
0.025280744326365606
0.017255231887928556
0.059035232722745162
0.039006030811560649
0.011690328440794161
0.052097963874463755
0.03500642536803264
0.064990577523988541
0.025701063257253794
0.03813021634625844
0.034033782126972889
0.050240447813180968
0.033220446814695624
0.047190551054118894
0.050354464879856294
0.023189460222259338
0.028813822308289803
0.031222303104145886
0.013431892072728987
0.034925592658070027
0.023644053108489809
0.01816101977691929
0.019400486131254085
0.026574091575204798
0.028500074009382707
0.086085610503342624
0.015558883199564281
0.058736441321441797
0.014349892812681973
0.022536606591794336
0.045343604428261269
0.050051965586143464
0.014072187721105672
0.068382515105587294
0.05715950019997279
0.043185099463620799
0.012685004961363438
0.043575850166804937
0.022179781515544478
0.010732391703787527
0.037236744390110793
0.042046975702592644
0.019602430227807131
0.066518018269156667
0.029555382560760544
0.032274690998836598
0.047118891398001295
0.024437394328005724
0.071931453305263932
0.032837734024010468
0.032431611089263068
0.027518282351244289
0.02800287556007074
0.0076626524129493334
0.061689383685009598
0.031231716478830898
0.013818711590801605
0.016677521579589023
0.019824463493651048
0.037612353969128091
0.0076956724077858283
0.019999037830086566
0.059403315531336945
0.040919917868562049
0.025401457487381433
0.044685300374479632
0.032218238738310319
0.045941590148077055
0.011640407500202217
0.057781383644127181
0.034857685378898627
0.047858651639094432
0.044565134101245629
0.028859771081127854
0.024929689185704845
0.022722285384457874
0.034476603205068547
0.061165822672519493
0.046636454231103117
0.024816311160856079
0.021435020716317164
0.037485595260339864
0.036574896286930607
0.017985958591515607
0.061878520908163037
0.02758679313296605
0.0057255614251081471
0.030075136713286998
0.023671431340980549
0.044317815156141659
0.028276131160466043
0.028298646544774365
0.024687051865357204
0.020736535318196997
0.026080302109436397
0.02074412959136587
0.018682130517107657
0.076159710396280014
0.035211649359905652
0.025075874553485776
0.063460578657618574
0.068016965674219693
0.046478586154665956
0.0077489412492796183
0.023173552837143913
0.016185301981851946
0.064497362268281025
0.051307807961170626
0.019644899516897157
0.018722935824756138
0.036299824600593202
0.017511767779664397
0.067456596300789137
0.025368098700686608
0.078367466801280192
0.045838293643584722
0.027127701846244828
0.03209591248167059
0.031264188691934841
0.023954310717167422
0.035613324947444035
0.046616216615611772
0.013992804207315605
0.016238466409786274
0.034136868583112247
0.054199823632624225
