0.83241272722536541
0.81520884892922685
0.80523097512122033
0.78409024495057722
0.75750880242053753
0.83156226121525501
0.84686357549674451
0.88182365309665223
0.84965879513664166
0.83727868250853132
0.82049226503938888
0.82249097120994308
0.87497063288684884
0.88388108087332329
0.85742972972351128
0.80173344465064733
0.77368188809330873
0.81711905382302574
0.83923969785018071
0.8415591916708719
0.84277509507760706
0.85023055062611963
0.83091834922125429
0.85554858696709946
0.88697909531166941
0.8746359628265078
0.85220965449878605
0.83314369009882971
0.85942706844563388
0.84808575504386374
0.86560778860137788
0.87078349598186133
0.87649845728615561
0.85734858464446007
0.83291638474746743
0.834912937766219
0.82402435424933518
0.83849918874321872
0.83400363726296112
0.85985247746802795
0.85199018751225253
0.8041593920501271
0.82006141114428555
0.86276760805408936
0.86635713367179978
0.82297817126777872
0.84662604457062518
0.85242241331824498
0.86841170643676191
0.87953819953332968
0.8688969200258746
0.86419061514904472
0.84295327972613088
0.84844929206639241
0.85335437392866653
0.88209622140854127
0.8768319428183966
0.88469887045885176
0.87792904898210378
0.87987871797303197
0.86953279562201802
0.85904044068774998
0.85192521105587127
0.87112505347561342
0.88588892140575726
0.86541077934506883
0.8695053811627258
0.86335844829415298
0.89241247520706246
0.88914342155818371
0.86815315140604199
0.88441765393564475
0.84917365270828882
0.8821628792397862
0.85692626964127161
0.8609237181332462
0.86235458081789107
0.86847742685948459
0.87390316815588953
0.87596839120681458
0.88628495565155874
0.8727376673776891
0.83504997456010022
0.82762515433974082
0.85744213563790894
0.85105765605317152
0.8398422571781784
0.81383130561190986
0.78495916535652821
0.81900102690600896
0.85240375632468868
0.88381018554657476
0.83956701687552393
0.7682946548365831
0.79531227757177503
0.79644056815391673
0.83517045380282429
0.82266473728980305
0.84012025188740524
0.86391402831292996
0.86031287930179412
0.87252361501042697
0.85442927447491135
0.88085183107059883
0.84046557892798157
0.84719648858893015
0.84606285353846178
0.84747598068143115
0.88937466561040857
0.85536192905483455
0.87287871217610835
0.89025539437299905
0.87238971853208702
0.88362100760061746
0.88107546423801752
0.87874077498894754
0.88515552112251672
0.87226739003434783
0.84141634469796167
0.83831400934857592
0.85259411760671111
0.85938506992969144
0.82189147723361977
0.84182851153698635
0.89276847085602429
0.90080447217242932
0.85917265001775778
0.88063771633999743
0.86216748647084596
0.84708618193428309
0.86788578454642862
0.83333159694862613
0.82581531065036373
0.83423394862998546
0.83416079180099734
0.85272389961394612
0.85374692539619346
0.85542301751432481
0.85320163479767341
0.82781520201940983
0.82665885010144768
0.82083774485488703
0.84160356804576375
0.81797522900799524
0.85209745460109798
0.8306148819000847
0.84424383565087546
0.85254301188851833
0.84337611051118055
0.84313292861800615
0.88880604919028006
0.87142997521512999
0.87553945899395769
0.87517758068259399
0.8186104261961874
0.85415237253404286
0.8415531954187998
0.85448925878638304
0.86148407615002287
0.83359161192730036
0.83526030821605346
0.86692545490706108
0.8249932720190174
0.86001102432732579
0.85341392539015326
0.84069997030283727
0.8494813811155425
0.86262049014360054
0.869298265155941
0.86448379052560642
0.85370255202533263
0.81122335363112297
0.78947751702722635
0.81559661335758571
0.81020582691732246
0.85915166961744116
0.86201901031726946
0.87031655124843998
0.85505146742067939
0.80631334496730667
0.76547110689442144
0.81048529894235022
0.83179571562603882
0.84339744377330117
0.85658459472040149
0.87318464905479543
0.86618197265714492
0.8577568159638348
0.86081600995109142
0.8815565660243706
0.87704302805344225
0.85348020077140896
0.85807532894237215
0.8886595080387244
0.87449240377241522
0.85949160558189186
0.83932886563130849
0.81529535773055228
0.86302962330526511
0.85575770697162534
0.83366679252761766
0.82444690164372725
