0.85191257873297799
0.81793738528186877
0.80608222320532608
0.84243182487089585
0.85078845180358531
0.86719977787567915
0.85182303055328235
0.88099630116060812
0.84590615494362575
0.88256315478280489
0.88905096480315715
0.87873884206446384
0.87786842153614286
0.86962959730413558
0.85413296881370671
0.86027350011586823
0.85694595147733998
0.88385866744990538
0.87277192247084545
0.86945183225062506
0.86301527573561188
0.88128468270580684
0.89475316930125015
0.89653390904442154
0.88965074186626436
0.87922946495470655
0.87548268820462927
0.85456654634569829
0.87496374849873082
0.86584872277516556
0.86120010788497425
0.8798911974968292
0.8715938686403556
0.8659784099059129
0.8606493423029612
0.86750091251064188
0.88571526813090307
0.86975185279615919
0.86246124381446376
0.87182037190748429
0.89016142839380008
0.87648650410750084
0.87496595779528208
0.85885229984378553
0.87444425662487912
0.85645596709895999
0.87739151654252145
0.89473600329275638
0.89801251794044912
0.89082167907463106
0.88295057199726112
0.87760927739519756
0.88276145282295404
0.88651811893297938
0.87829377678622156
0.87250118513660646
0.86815640378052761
0.86563567873196245
0.85195965804098273
0.83937593126357801
0.85041174230310812
0.80950783061162979
0.79387980519701273
0.80136190237503413
0.80378968315198207
0.8164624678274004
0.83346311247258942
0.86054270719291126
0.85492033858929739
0.83613565607352947
0.86554425006817115
0.87979636624101831
0.86489164304576016
0.8825668927627397
0.86010896774846168
0.87944414667013604
0.85120401804382917
0.8586931218841366
0.81718272427561223
0.83678756280761912
0.87570549764532768
0.87202694004126602
0.86799367668123706
0.83801298830399207
0.82968149053942319
0.86041476515650184
0.86167560894434048
0.83525595764049143
0.79317275315328495
0.75467384853398367
0.69551954417020878
0.70782723474976961
0.73389725512897963
0.78655883989259101
0.76829312627059221
0.86564920087164421
0.81816538237095482
0.83066153952290112
0.85642156947323811
0.84269991535378197
0.80024170670870898
0.78432022478324803
0.78179125853127829
0.80644021475262428
0.86711601071878663
0.86880032660416961
0.85898009623058325
0.87083190350783279
0.86227021466277654
0.86033780722502684
0.85367452772568753
0.83865471293457838
0.85877585575152071
0.87588172118459107
0.88737299097674294
0.86958647057657967
0.84412330559587279
0.83292522231480359
0.83148284114062276
0.80271168431939444
0.79134629149538649
0.80788945304711113
0.86694071864429123
0.86184339329282389
0.87154431934828225
0.86229580507154857
0.86787422091414457
0.82111869529982395
0.80267298323402159
0.84266051669575504
0.82722460579181178
0.8677943747412934
0.88268517366712584
0.86409568928290126
0.82833455026214775
0.87196307483143709
0.8710285276792622
0.86253202444933474
0.8606915292419639
0.83772270105227631
0.81389512528540486
0.80030252413618508
0.82183139788724291
0.81924436066651085
0.82794245672135991
0.8553128632601259
0.81913640179345082
0.82290187788969238
0.83216614578844783
0.8427096167217909
0.85790153052080353
0.844470240659842
0.83060370468102318
0.82909524330485385
0.79244590719093067
0.80549737604379434
0.83183924616250349
0.84906265953430504
0.86475471242258661
0.85859030193208685
0.84945072386955955
0.83276989555911973
0.8279939475542144
0.84386341953047628
0.81889819403895081
0.8342082412534354
0.88404763344981308
0.91110471065246157
0.87102032849132904
0.83707314233887442
0.8782217771731986
0.85360145533485465
0.85165839562219081
0.82428894006951847
0.80928047141884329
0.80627805783487871
0.7712498950589578
0.76563922458678724
0.79138241332242432
0.78887669938269289
0.82198990950137918
0.85421332710032294
0.8519721471065842
0.85261923871709311
0.83154040785970973
0.8621691751889009
0.87394014105213746
0.87572353705519401
0.87540834016653835
0.88320742822676346
0.85808827247927189
0.83066677946485834
0.85142209845603223
0.86434603054950121
0.87168719658276395
0.87605556144403429
0.84798963402139105
0.77666110136586619
0.79714411762145265
0.81760182836517459
0.82516079712026802
0.84595255982327644
