0.32547317430020684
0.32137945196208928
0.25122308534066273
0.23967314449418906
0.27836115759917684
0.28109660576655499
0.24488083368021829
0.27144531743461792
0.18201989684775147
0.27114490823490961
0.21990431379611158
0.36504717307386186
0.3911721559079912
0.4533770568695919
0.43535459697283579
0.45893458421109706
0.38584216466924759
0.37546670615768635
0.49171062312588487
0.50435630372322404
0.57947049461078426
0.47900721445692623
0.42116168674573384
0.36453159684579989
0.25198288678183522
0.31291389470296083
0.28523535766765767
0.24050152806895692
0.28157980166153812
0.35743865317972251
0.39315887879964539
0.46677547854951523
0.47682007664682519
0.3079649632652004
0.31735094646266665
0.32994165771876982
0.43306286906946401
0.44958843202426285
0.52137139005213384
0.45762435945091484
0.36821518476114551
0.29705946193927463
0.34401584504932764
0.41099381045414701
0.49296745112478518
0.47371183207522888
0.40252255811023036
0.300206036574723
0.26930372798748964
0.25693550700842738
0.15640999751542597
0.38760245120528014
0.4212097109631544
0.43203517698138871
0.38173982895523095
0.34131094948740126
0.43471477113680335
0.49789088557255118
0.63867601582243594
0.64710225637439545
0.70251345036759383
0.64084054866796902
0.51315319065301424
0.56177164568363624
0.54307822450742904
0.46559149765421626
0.5560338082933205
0.56412238817501614
0.58577663636700328
0.64360090964518013
0.57489712597462928
0.63650393356496504
0.61873330636712831
0.57423615583819398
0.50271031261554255
0.5160113353866731
0.45335376632772578
0.43898494279393935
0.50754168996551563
0.48370566879353472
0.49002676594511785
0.48511125663610322
0.51736129871444891
0.67162868238807294
0.53968399539970013
0.58279996592739181
0.62734668856648645
0.64701993154282444
0.59830258226256061
0.57887224700419326
0.56033992311229774
0.49543298685725368
0.54934785137673625
0.5711920309830032
0.5102933002833363
0.48901177382353511
0.47440589104514264
0.46097988802343354
0.49287681894452884
0.42000064440621182
0.43696596858337799
0.44554192236662243
0.5210814487190456
0.53903686141314444
0.45799824604187023
0.47162306704437884
0.38074812282735304
0.2783089634662137
0.34063811954880441
0.36214293630995781
0.36789473467750672
0.34974252430670111
0.49650225874912807
0.48815727960502731
0.44931900579732764
0.48826373888179164
0.45398160571260732
0.56618293003776532
0.60769502884851745
0.60938925224149876
0.524206576176661
0.56969045930136042
0.53570166405277098
0.51144116889594204
0.49253938313366097
0.49266824563048145
0.44967324312372803
0.47715467278537144
0.40433294485339494
0.48159943011641776
0.45079085150252352
0.48004979885944782
0.47535388476477769
0.5120146830852268
0.60139798453317195
0.51129818008919159
0.48048642365013022
0.551190856547772
0.54283647852378647
0.49070964351226404
0.38588547522630012
0.44732841316773747
0.43887923407861423
0.4448277710501195
0.28903813995847116
0.1664597436891983
0.21159800364170506
0.30724074107376986
0.38654020109479681
0.36038301054974953
0.21170210266117867
0.17474845098335953
0.21184796567540762
0.22742667760703747
0.24029468977949051
0.11476169361915539
0.099022756588952682
0.26911924967415418
0.27340911662041206
0.20775554295089968
0.11658139712569253
0.19055062366724318
0.26270545836933057
0.32527503319400392
0.28301120798754714
0.30049472757844403
0.34426372099193459
0.32594335606444486
0.52368710369512861
0.55072729014219457
0.53910344046998881
0.52744422609554087
0.40920004121207038
0.41854450255628878
0.36602477619776957
0.39840861884119555
0.36504879780919386
0.32358852324436477
0.36897779643912093
0.47659986837527857
0.542517671859571
0.64262085836553207
0.57927958990514161
0.61916057611990993
0.57035879546572066
0.57975874011121753
0.54285413497383628
0.56450931936856563
0.61143215744531243
0.53226275362476028
0.46887522046328622
0.55148901045754195
0.57069832576005242
0.51157947496877909
0.51352852637644697
0.43317904179142491
0.40605009596388703
0.40103992687418444
0.35665925167226603
0.2741040551623356
0.35487751864987155
0.40646006033964999
