0.80616757335244571
0.82323856442251475
0.81821985679141862
0.848434586131947
0.86700762752226268
0.81262660400947917
0.80760773938003028
0.82908300521677514
0.82660882765975019
0.82032937065152545
0.82066521432196438
0.77964721315311836
0.81862664223100501
0.82945167628246408
0.76014802973116846
0.826850537324339
0.82003772923907448
0.84441513489995024
0.82867801150394305
0.80712544201332548
0.81737226046024103
0.80408275824057818
0.78702332646022966
0.76279601659076979
0.72693874895936528
0.73088463464752818
0.75695258038353863
0.76646585172216042
0.7818380393699409
0.82745740111661714
0.82296855069797237
0.79720998290452305
0.77471043270416773
0.78084338658788577
0.7760013803345428
0.78761198670346744
0.77525839592779011
0.77400412593644818
0.79710317395551655
0.82372444242622855
0.84403886308593001
0.83621193991092235
0.8685252709185336
0.85136457938323551
0.85615695161330507
0.85044622620035237
0.81062699418669992
0.81682295494726742
0.79004394516324183
0.84515784093803503
0.85227808949157868
0.83885327551152833
0.85500445962155303
0.83554460659692897
0.80108639717511498
0.81209477821714249
0.82607606584103854
0.82228484344425989
0.82968322150354734
0.79875602765037024
0.82365629364949644
0.84089743708015174
0.848822979012538
0.85100214640170202
0.81473079873662435
0.7420731040969113
0.74303687966333953
0.72326093838003414
0.72625720972834562
0.65200246182565658
0.68975958747119925
0.81167197252742074
0.83759730530499432
0.85370434938674511
0.82465682080956537
0.80354691425235036
0.78650184170634718
0.78133167007805671
0.76486353835182741
0.77965711423113027
0.78523895035584834
0.78458094801522793
0.78353557883711511
0.78858659739440329
0.78478640089704088
0.7963229353457737
0.7530170723792694
0.79801716630698849
0.81645220235934557
0.74398986119732324
0.7659987029011498
0.79422903646211418
0.81061618607971198
0.78862522709027161
0.79669386882724569
0.85047837094189827
0.7934257482527739
0.76705174592695036
0.8099625824002602
0.75745034603177974
0.7916248223599579
0.75361228520135359
0.74777729960124251
0.75564560792942193
0.78683960294922817
0.77752212739278026
0.79986171777740123
0.83138486497102015
0.83441437269922136
0.81085163696474616
0.84098711696282957
0.85614126268478052
0.84074514958437707
0.80257820886717923
0.79671051398617632
0.83719870394213824
0.80110465382721052
0.83718923660267941
0.82333745330233921
0.8183731704873719
0.7773800793088923
0.80638779489143853
0.85548149709838106
0.84371830608382958
0.7958899284491664
0.81175287924706108
0.83711069596349552
0.85009011685356672
0.84244102087054007
0.84317061833533169
0.82459315553817891
0.81445329260128108
0.79443569730329
0.81474587560173162
0.81376378394480331
0.79906505071059519
0.80623084190745786
0.7756642797218154
0.7914400154850072
0.7897979856556584
0.79753141735332511
0.77130583887768589
0.77155384398077331
0.73989363632305671
0.73670422859132456
0.70888598566050243
0.74804761805921571
0.69202290700724967
0.70765767243666045
0.75434416450263164
0.78569655447527964
0.82384366881766702
0.79726029073338756
0.7968313108031756
0.79127549874492331
0.75109363475937352
0.71724617856729223
0.78392349243871107
0.79013465683870054
0.74394236935885427
0.69246818626158813
0.72017857302037247
0.72314177671662705
0.82266562722657044
0.82745755938793741
0.8082026677985783
0.76514107009800481
0.77942915781638566
0.82626578293540132
0.80325828896103624
0.83342198802212097
0.81805595859551672
0.76918070492171031
0.79826356969808066
0.77716889065328532
0.8509732153080527
0.85933159552273075
0.85712806577384815
0.84336697262971361
0.82638027750892862
0.82964618268405765
0.79917264972697977
0.8042094388135127
0.79970380794694851
0.83505242755867071
0.78790981655210179
0.82040987195936288
0.80777063710695529
0.79926555094580143
0.80825168935723823
0.79265588198649073
0.7930300348334548
0.84382091061698339
0.78833664461297071
0.79108397103966765
0.80331673871491971
0.79600146303341845
0.77417241091285616
0.77241271725926486
0.80100389192106691
0.7785440545349166
0.80235468758704775
