0.7724898838247245
0.74179641455113687
0.77735303333901284
0.77200753966359026
0.81372882081850706
0.74727289289387611
0.82070527167647267
0.82827551696637491
0.80390370373067555
0.78288567375977802
0.77000426250899334
0.74288362325288015
0.78443574711233444
0.80687953667103651
0.80547313488154215
0.82788133628223204
0.82941966213798957
0.80422487315495095
0.81195896813077484
0.82685861556552742
0.83051419713568964
0.85144038735539096
0.82874208742476052
0.81037913451827004
0.81821485696609064
0.83014078928666513
0.83616003995170984
0.82779855210362996
0.84243657161676644
0.83539168540829289
0.83302108819662191
0.82417039734078956
0.82369813284284343
0.80790649949911486
0.78473760717382912
0.84326110877589111
0.84812209717207043
0.81460352370958
0.83091534385181065
0.86103334853238911
0.84435246365889483
0.81339305951847718
0.80710965596925466
0.77615469766350509
0.7559008160578885
0.83157617361045055
0.82809598952133756
0.82664749271896432
0.81178320297263984
0.79437928255757229
0.81374222270173102
0.81435757054122349
0.82392245246286588
0.82812059053847498
0.83339016830108303
0.82251976213759925
0.78000023740477753
0.78031924682132525
0.81153588250750464
0.8017133479733759
0.80605458115973039
0.75999907609276673
0.77365978408528813
0.74456512854134427
0.77586418275887703
0.779129114240389
0.82921166625670062
0.84407130862636559
0.82059215593151169
0.78727164031428121
0.79037644213515312
0.81093211737825388
0.81627062715357368
0.78121024071371392
0.84192764560283162
0.83690584324481898
0.84119013259816466
0.8207756803285633
0.81114788595506615
0.82719075993931812
0.80979576734674386
0.80236938916340605
0.82649450115721235
0.74710543922947104
0.76949243655124655
0.79846150324556553
0.78543536986432971
0.76345137166382671
0.77243869171796176
0.75989245587833576
0.76509120296965694
0.80537263226739819
0.80216412863785558
0.81337948294085305
0.79922109785631434
0.77138276985932264
0.81951044661092387
0.79910979587394071
0.76769681786377109
0.79814338979575794
0.78052404529300778
0.78565294162520027
0.82084435257513622
0.76214808693423541
0.76181522305976579
0.77367224840108584
0.7857492134620423
0.776041491154562
0.80784508510599307
0.81370785262018008
0.8042701702978724
0.83661195245569431
0.84251121195669709
0.81111082652640576
0.82247605630632081
0.8418216543560002
0.82145834047783473
0.79902470729637987
0.77366237887139577
0.80760475203258442
0.87424865659497975
0.843185816540858
0.84586093234691662
0.8495261740918747
0.84507890351962922
0.84659763895216789
0.84824684801920425
0.83507613650158408
0.83843811633592558
0.78478013745643327
0.7741926824537495
0.73336066874195882
0.76031470783158583
0.79181374701269724
0.80178406602801322
0.75326603646524215
0.78921136480435883
0.79838492127933747
0.77671729737903128
0.79398436287007668
0.80268136921089106
0.81862629033441292
0.81374938829816268
0.79168325631330716
0.80580000807451058
0.8240660519715981
0.84110283931491125
0.85471790133133607
0.8252892588823042
0.81358519181678324
0.78214913853778067
0.75477798134335172
0.79593639045246167
0.8012936064745666
0.78805520184396394
0.74517286697872465
0.76980225465621344
0.81840724027610856
0.82444434431883062
0.8066465922025926
0.77950602786742385
0.76790508485060949
0.81227653993894799
0.81275528480706671
0.83367012446141142
0.78327235649437543
0.73850593418347277
0.79001054260181314
0.79336352414877331
0.83107763174948079
0.84500895868106551
0.83222078187497939
0.82464754340033153
0.81176262487375217
0.84902293162021036
0.82573134826274297
0.81132097474823595
0.80749627479374764
0.75205156458241973
0.79346478896272088
0.81847521422391678
0.83557773270922764
0.80735363744138555
0.77795921744252494
0.79382802065138269
0.79131114349062404
0.81350605995459402
0.7897546141039713
0.79171338121146073
0.79182073782077955
0.79625704215585125
0.77892301479239023
0.76268104345478849
0.71848229613003822
0.6654298457044131
0.68027659567843834
0.64556531360005021
0.5531889631980258
0.53227083642726347
0.65425461064398149
0.76063813939787928
0.74971355556934516
