0.029430783150211241
0.012989891279512099
0.0047695532805489167
0.0047787483415070693
0.016047679087788008
0.011536704326703322
0.022395434066007625
0.0023991518527721454
0.01796802777587081
0.012359848850047716
0.02766874679664396
0.02711516723059668
0.010152971847747714
0.016877983943654681
0.01408008485260643
0.029583663145139959
0.019321979908951233
0.013406315225142832
0.029514349808120646
0.031566581303529219
0.012641634081047006
0.011146721641562283
0.025142581749793329
0.0070393804826392433
0.017972466964904444
0.020768997387045691
0.029818682846050625
0.012950939711561691
0.020217390853728714
0.029104217033511154
0.010834326667249391
0.020856040507474138
0.0099026667648027394
0.016801418251456725
0.023806084137888862
0.013347738010800714
0.0084069217231438412
0.023116735101391415
0.013569379763042832
0.032546482691812838
0.01017749281196615
0.014400052624297572
0.0185684778742796
0.020148982099074952
0.021347656420652943
0.023770555337482593
0.023036851426578724
0.025650991061729324
0.010181826657438326
0.017226287964582341
0.0053114863231177147
0.015811349649732243
0.01765247717072287
0.027290445002813135
0.019831314254060192
0.0073555323728523338
0.029110117005096591
0.022529529211549847
0.013429065941269434
0.033856583208937925
0.020558725882871696
0.020630914904133033
0.014484541152020988
0.024931791862867207
0.017721818773462978
0.0046835946782601383
0.025377498494072406
0.022878321977807762
0.025888451664613371
0.015049477542137186
0.010504873458864743
0.026449084235392769
0.004982545941394018
0.01075132076658585
0.0063541914930593029
0.0065213110585444706
0.0070606892460299978
0.0098765352609816066
0.018711631274234568
0.0034079793466306489
0.013128722000520487
0.0087735824275132733
0.01969799801673186
0.0085245323432444862
0.014732043676676174
0.025953281547918691
0.032874291743141923
0.0050989503174378179
0.016937608147083696
0.018854966810981744
0.014883794046606154
0.038405417317294126
0.021430222070430147
0.024056346235932367
0.007439526455405702
0.026675699656257344
0.0090687053813196961
0.015731779870996665
0.016617806724921642
0.0035317713268956728
0.016405557130465213
0.024021727878246184
0.0072078738816278767
0.021882903764352417
0.016013578841386093
0.0020185602714913233
0.0076561536846341885
0.018359613017908973
0.0088992916507197733
0.030629780057253902
0.017215541533716294
0.008863783444504697
0.0058250490004508161
0.015325504996296639
0.0088362577657788328
0.0068884706052174758
0.013959842157074326
0.029967168221751855
0.037094601070790101
0.0094634211715502962
0.0039607560310210193
0.025046914561846937
0.0043595388260962188
0.027547206348638019
0.029761753864056138
0.020183575484749732
0.022071875483173912
0.027360503439685463
0.011881068906286058
0.020778166963221267
0.016430691103311596
0.017200808377400071
0.014079636145981915
0.011823162680499578
0.02135538800987043
0.02274204695144004
0.024691261618719165
0.014917833784216223
0.014286539643460109
0.017966858106480299
0.029194789460227216
0.015183929764019884
0.015113659691685665
0.018186910052528146
0.0061891870221416475
0.027954335093867723
0.006641485596960906
0.012589236112088007
0.0036013372395421518
0.020998254223384791
0.014541604373619035
0.024243092667881855
0.024473087076938637
0.030509562127022952
0.020352909825383066
0.01279618069925729
0.032391457096511769
0.018185562680420514
0.02430839308487194
0.0056163178053032746
0.0041284689196153862
0.023173893957825466
0.016885263359263891
0.019866035599326065
0.0024799988407746905
0.028761063943482854
0.025774346013494785
0.01915860940799136
0.0099517554149415547
0.0099469240266407202
0.02298020752053808
0.0023714260566131806
0.0043351230118791372
0.012070713127609062
0.0036936052355358139
0.011180461336831557
0.022632019384113303
0.0050719705590710831
0.024298814515190913
0.02480664756411044
0.020487573323844242
0.032008003570704623
0.0027550138948262419
0.017984516403290931
0.024119107748247281
0.0358545453862417
0.01023967752985664
0.0047044401699967361
0.019678419063421815
0.013109488086643932
0.019038865041550123
0.0057881522420758389
0.025144465375679086
0.015331680152087459
0.011939116737753263
0.015365909424771602
0.011590018473624564
0.022571079898095783
0.028944207609354386
0.018131631085924912
0.0089264701612555616
0.031725236715420664
