0.025824979054503663
0.012684001738501646
0.012930878747889422
0.004683128671023387
0.012826106547307
0.014894568726704411
0.023226614377797914
0.0089527193388798994
0.025597945567384071
0.019813618940946597
0.021292350841851035
0.0061815240749109861
0.013568261463772446
0.024146533364578813
0.02370256989982374
0.0030343817473839677
0.0081368175146007086
0.018393210790549178
0.0044939327430171226
0.025145275531810465
0.01860777446549243
0.025939072295772431
0.024812559156566747
0.01423031171322232
0.023550357828361766
0.028996074316278816
0.021463832223388313
0.0041077013908129498
0.0077500554335593235
0.016616642326220323
0.025121770155026053
0.014895141310636635
0.010111964197980996
0.013136634084950373
0.011255420057146354
0.017050203322033424
0.012473318057532767
0.010888660841607067
0.01064511610114258
0.01549515212365791
0.014261912528464113
0.025019038838652065
0.017049566413112439
0.0099227339318409269
0.015905299715340954
0.0073536716820673028
0.011505526928616552
0.0088217514440648622
0.013897126533557338
0.027811533247194962
0.019688031739605108
0.011010778145479643
0.018967308745461164
0.025292964844863722
0.019297889358456208
0.0038287378546273481
0.006356499962105704
0.0085914767377575415
0.01510030660271889
0.024746610765640276
0.011465850660240317
0.003953755766557006
0.016353461321518162
0.027163433304253328
0.0084282685169028617
0.03036277414232888
0.021881230183823649
0.018537727593236429
0.011122538677107205
0.043508943235878748
0.016521745975812133
0.0070295234664591076
0.0059368613599636395
0.0048819354842904858
0.021630465306690411
0.015560624474378863
0.0075997279784291759
0.0063026630653247942
0.01137567033556822
0.020636461553338148
0.0099553872371836057
0.015898193103420763
0.02628882595660282
0.027449835574482124
0.025293098256534082
0.019535747461783767
0.025937385807988135
0.023434121744977342
0.028687970133793154
0.017744059116436485
0.006412869443025074
0.0075445413371146202
0.028205294552450633
0.015287877976494054
0.023661110298983053
0.015769077257893081
0.018805664082264254
0.011329883958786896
0.016661804852933594
0.019807727921368874
0.013765793986568598
0.013687897911131928
0.014332779026627917
0.013403112849556864
0.017903339030796647
0.018267171981948067
0.0097242867126257921
0.037226453181731331
0.020518882494545997
0.0099236945496327025
0.016070352626594137
0.013865507188553989
0.028627436432867262
0.010198156325417632
0.025642017493582692
0.012454886889911893
0.019428066340806703
0.02298973177710022
0.017412122468135501
0.011542491774070497
0.017092929239502137
0.0062358502913913991
0.020732026130229172
0.01615611594557231
0.020489061649170939
0.0067953522597679608
0.031865926669983363
0.040746252095650061
0.027453242237002705
0.017057057646526735
0.013941355359499349
0.0067127753439734693
0.0069637576203237577
0.0023442577841963999
0.0036032436346703275
0.017312815905520008
0.029440109986100704
0.023586921632184333
0.0083422131943353857
0.013489337170271114
0.027001412123339112
0.0078353465737315362
0.010766613970519236
0.017209109680086373
0.006150372181710652
0.014727108205427568
0.041226756830507978
0.036027585076540289
0.006010478415181166
0.020185015606694272
0.015491421525378588
0.0065027652891462224
0.031104490014592423
0.0036630085889576263
0.038744433897078621
0.019872660721383526
0.019068278574728266
0.025127837851336557
0.011306370438448845
0.011920826161023029
0.021390876090789015
0.030735818646167333
0.011167147256656603
0.029944183672112521
0.034371288741744679
0.020768697177882815
0.030957358500731228
0.027821707559572858
0.0094204630013319784
0.030644836516028659
0.0098484416344741636
0.016046108979602625
0.01622878597789508
0.0087740108813099457
0.020830399910436333
0.021686849230077781
0.0099506158376439346
0.027484748287922342
0.022311417977549375
0.012166305202226464
0.011681728366707722
0.014462934291946512
0.0086690570514283208
0.0055496793386717114
0.022070610200416604
0.014484724933646102
0.01233443556045659
0.013479252500496633
0.0065100550141704476
0.01632979573733925
0.027274830206988586
0.056357208717987078
0.020290948618436767
0.020599325833969291
0.026099079951886137
0.016960053433446465
0.006269457284247105
0.015744071776797017
0.038247349802542914
0.0025287522093122477
0.018298131370320471
0.011127449760723229
