0.038587088225274756
0.021569057980798008
0.037892950759711178
0.0094192982142558244
0.014890783896108234
0.018247750793566078
0.014574975916860917
0.026590461996381005
0.01665374024417187
0.028745168991579629
0.012681861560578741
0.0070755285385402603
0.0081185518565502213
0.014150998396288557
0.018750436934452143
0.0090764644780368855
0.015760941735418817
0.019692415017583152
0.031182590659231069
0.0039613921614212438
0.010171699419743462
0.022445057288485351
0.020089652867568624
0.006905504449301156
0.024725101707826869
0.017775642532301492
0.031528332776794094
0.0087141923746707102
0.020172118084641425
0.0060704121034136672
0.024414267742445515
0.023185419517874235
0.0038292737813556939
0.034021889188442733
0.033420763985307834
0.02015322301266385
0.023728521736048773
0.014898382870568341
0.011791942294784892
0.0011846449425648065
0.0032129033467828815
0.023548357522953266
0.029064922642479077
0.018302090849117696
0.0071587441564596715
0.022791373178984383
0.055231146149683587
0.024674726254100793
0.033423731598768457
0.018676978171453962
0.015655080666508635
0.025492542529992317
0.010515246545738655
0.044203663978582775
0.02177642271673905
0.013031559150937263
0.026687569470025367
0.0099791491609876118
0.022039438407969337
0.015527269866199712
0.026997646727000755
0.028398178117854216
0.021623347369569831
0.017626354881717671
0.025028829664881635
0.0054367516979249202
0.021334209302842442
0.011551881924663939
0.022777391837172464
0.013154974182867762
0.017033898012389009
0.012896733592571843
0.028921977196500661
0.0071935089591426936
0.0093594880487997412
0.024189535157721355
0.0054414785922298143
0.01905270899559202
0.025530465474447414
0.009143294051980758
0.019789058476311964
0.0081014536480362043
0.017379675739021331
0.01922362333617602
0.023532729822573137
0.030213096847910095
0.035196505906759205
0.012930260555265775
0.014220788528390932
0.011526001601359408
0.049112116154122441
0.045045647267458064
0.01863213170684536
0.018422176955461743
0.014335161971786546
0.0099028307918627313
0.026324330160614161
0.015292303188938296
0.028686428941345508
0.02732197189751133
0.031421076529241393
0.01060172757839326
0.024200659893205804
0.01113207973009217
0.018241556851264575
0.023681435284882663
0.026967904582326133
0.027572785064056238
0.035469096285711744
0.0047228727765514207
0.012550890686491293
0.030061571208874451
0.020760805783191436
0.039080701522194443
0.015168753665811439
0.032745662567942306
0.011092959303773867
0.017244820167403755
0.03423548023608261
0.0039343328184989271
0.016494523717658381
0.018459027717610817
0.0079414990947896166
0.025539765603811704
0.015986902227780122
0.010110220597195171
0.019629394970128465
0.020403091622846772
0.0037903214857450693
0.012100457464416179
0.021023615198420914
0.0099535174751757896
0.023167090551880487
0.015662484322505794
0.02985481588095916
0.015182552601053563
0.019196509918305509
0.0078222248456179221
0.018136864685099004
0.010986049323024568
0.013324186122251025
0.0073622340218605304
0.012419857488919923
0.01628368743059095
0.038487826515745512
0.010476592345605064
0.0071017270781088817
0.021017972144768336
0.03326896817772667
0.020958716216586872
0.026653325234956452
0.029638983895198368
0.018946535068878445
0.015500530152567899
0.038431731864447996
0.02272123754189919
0.022713280089232225
0.030436720921075935
0.012162156178948775
0.011472964881014789
0.0058522444814948721
0.014119317796404147
0.008876925025881565
0.023064049192576815
0.012212666905125166
0.013900361708106252
0.018326980985211891
0.015153687252942256
0.017947032790938646
0.012749670717653434
0.021156666137844862
0.030035359541786134
0.019342227212530833
0.013198704800429012
0.021189357514209167
0.011659253069440141
0.038184876556604991
0.01405797509217868
0.019579249484037397
0.013118660696184501
0.02464330829622673
0.012402152081205363
0.01920850420670342
0.0091017439733836903
0.025071206508947445
0.014489155405723984
0.010773834825719879
0.021651313260627272
0.012164688673919276
0.021086985836635579
0.030282554573879222
0.01803794160410685
0.018953967620859366
0.0093399248991826427
0.029113094750842318
0.020502764136734852
0.0067199035383106401
0.0049483230415871878
0.020769625588230888
0.014407600498586873
0.011732436807391427
0.028688069438467825
