0.019228281533519482
0.023820379701189862
0.032248492145731208
0.031814600210566334
0.0041286411004727037
0.012781235485348753
0.010702497874015872
0.045366167118546574
0.025431831027078008
0.049251294185839838
0.047436795752766103
0.016000063317278594
0.031746462904411778
0.050923300031048953
0.041633042021777381
0.013115245683066271
0.042602186305608927
0.043671307421347963
0.048778969094004913
0.014355454981019991
0.020628986201270155
0.024910085201318689
0.0034874994880051864
0.026894827190945245
0.048321492954778472
0.03080449976792143
0.023962606815669127
0.025213747754157276
0.039340589158813305
0.023271533325089869
0.059786337280629695
0.0061640071555890789
0.013100093149653554
0.027708446527151598
0.013662870615958
0.039710883196008413
0.011266874842482484
0.027014284807906918
0.021474326623835693
0.0078115525897330474
0.043766190918225624
0.017016623691550454
0.012881375743031385
0.045455340976319598
0.033558064018146191
0.025729811255983184
0.0067715552209385299
0.016756293689706853
0.020397219049401002
0.022076195635258318
0.022803612186325796
0.026008641899276725
0.053041903517938693
0.011054139314240399
0.012034604970057627
0.01456992770011486
0.054788219318958588
0.018760349393983213
0.01097457741088057
0.024929316179283661
0.052970941484785851
0.032922378113052674
0.013717266168228449
0.033060997313582086
0.0089786605460389201
0.037480387332066337
0.016922352266847181
0.020700460707795909
0.035391476627490169
0.030560106168448797
0.019649453365443759
0.021029847709259218
0.028800837140923508
0.017219786362954986
0.035335330521077173
0.02417353130635494
0.038646624389910941
0.021369658280269301
0.022689476050625691
0.025854294854783182
0.0077486935150742975
0.019233429721585267
0.01586441695527813
0.018823288441045877
0.039552470999908287
0.022625884989587609
0.026405497485899446
0.011487317041178504
0.013462653680611805
0.019122811394526998
0.033052522437147139
0.027399866060379831
0.043920782402730035
0.0030594323320782863
0.0077471729070370905
0.025451043539423224
0.038599850953753567
0.011515805263827396
0.013776039065919203
0.017546947337825396
0.025817154517528543
0.052092652501908553
0.028107511753327472
0.060413233857711045
0.014962453754068895
0.0063232453827065469
0.059480836043714944
0.025222862033809586
0.028547237267693086
0.044927120246736368
0.02230302894717805
0.026829317027692472
0.029618210134982753
0.035018825029319051
0.037116615596432201
0.037045439272358961
0.032559166977376632
0.0021020558944202044
0.017366136444866401
0.012470655515445959
0.013402696388163529
0.018867177779030259
0.033790209321563063
0.0068924873551472103
0.02988022834734878
0.043273077677717368
0.036469263354126112
0.0096575649608846084
0.011209610673577397
0.025128135044157552
0.029037170481849488
0.040410531783696281
0.025714659638311235
0.024761335854869334
0.035228631273537397
0.031295729390411142
0.027386583454556745
0.032195913387572737
0.02905600492008498
0.049085978437421379
0.018771497130585658
0.020866499833734956
0.0092939008318159381
0.048650303960288827
0.013362807597824825
0.040569833608531745
0.026246601964936365
0.012720100724514301
0.0032724075039286325
0.033619146561202184
0.04329671077980015
0.031951382762920179
0.054007154507837316
0.01933325672621684
0.024478286124136155
0.026627136254330042
0.034991474419333347
0.017618094465187004
0.004354669338956888
0.0056374480352272844
0.019141810766568245
0.032672488119233366
0.034604978794411753
0.013013142949550348
0.017539971678042932
0.025249919962417721
0.020640404467363288
0.030734697178977317
0.0078072176153570084
0.028667509842282248
0.023665340747593334
0.019857463564075004
0.018798515389194873
0.018447495164684365
0.042035857954680199
0.022922107772473624
0.016107904624998521
0.028139402330930281
0.022633834652561746
0.018967910798974242
0.03661968878452837
0.018830344594621819
0.0077025163306675051
0.015421460278655293
0.01016833747895967
0.049895198393034496
0.015656497155216598
0.051420400904743035
0.022451348215272501
0.032337838722195804
0.011507189152908515
0.028676456280648296
0.038191091487144141
0.0083267509244716008
0.022983348506292987
0.032218435794206482
0.0098834165159446905
0.022236913312992709
0.028252639321906293
0.03353544486016849
0.039016509217711583
0.023960660853312318
