0.68685066872526701
0.66674099092084638
0.68343545980315146
0.68769750635514504
0.68706418006725067
0.65982222741024465
0.66772046475635694
0.69833498249083992
0.68859249204478734
0.69651275663700241
0.68937266386748619
0.67726985720209798
0.67895313738922247
0.65681664115150074
0.68646723151916456
0.65348742385637582
0.65809285370656656
0.69227690070170245
0.69105076251934616
0.67868722963678607
0.67515694919843772
0.68343144872325101
0.68754034401580377
0.69215337054613635
0.69498322297308468
0.69681658750423958
0.67464608911766721
0.67870953834845371
0.67139689734105545
0.68552177745654341
0.6539671708405107
0.67398710568408837
0.67127665009285176
0.69388350903209672
0.69656600311287775
0.70408663222810419
0.71137533580349688
0.67971748718384095
0.68565435986658851
0.70237667359865819
0.69443868773477302
0.70607682001954319
0.69582931666865011
0.68995497393055616
0.68938691823562803
0.68204865792950931
0.68281988313799369
0.68797934086424939
0.68361210140690509
0.68996793080171492
0.70374509512734851
0.68425452367876283
0.69673075351119407
0.66714387506876049
0.67927709703913131
0.70547215830921262
0.68328975156137983
0.66235194010704845
0.68374906167120075
0.68978765634087835
0.68606958624566416
0.68297608593212111
0.68466351152291527
0.68654821372826913
0.6940473568414619
0.70354818971035316
0.68063648643858299
0.68537067238120686
0.68081331389226707
0.6868717818839214
0.67117921311588158
0.70074956182891213
0.67860603576342671
0.67674172965172152
0.68071656027134264
0.68475752481549734
0.66240279421637305
0.68173069029955402
0.68290205575255303
0.68991824005830626
0.6934630098125385
0.69483344213633935
0.68886915556965944
0.68434058972595191
0.66351438825007636
0.67073984086564231
0.66271556564541201
0.69300721024797474
0.6908827250541727
0.69505067756354355
0.70400869912659392
0.69061435201853338
0.70580511252092415
0.6927250031069726
0.69395402948909524
0.67251286681568134
0.68977179914397657
0.6695851914552744
0.66950349341038395
0.69354684912114883
0.7003320902412713
0.69534609455245788
0.68779935571998074
0.67999960725641173
0.70324666226973354
0.69120072248656095
0.67185027739391678
0.66543609336946952
0.6822865242895596
0.68218621024593407
0.68033263945440003
0.68184139974716285
0.67541990627716475
0.66303122651780855
0.67477201835344947
0.69760009194260486
0.67851844655290683
0.69854901596136421
0.67026563733177924
0.68476142714703125
0.69529685398318097
0.70913382555274918
0.69236743206537232
0.68448495185714187
0.67674364048452373
0.67515557724913788
0.68502131443707348
0.70163083470745158
0.70239895401469121
0.69914981778584984
0.67430023673532868
0.7093477073676584
0.69420916201337002
0.68897317067826835
0.68817170494843249
0.6799658615106603
0.68621199548875045
0.68787034341548181
0.67037180319415302
0.69459646245388729
0.69391529436855581
0.68308656766223641
0.70406211807968455
0.66830856464480226
0.65537602561315
0.67190957718142152
0.66912757274757018
0.69130425707885157
0.67907209486217812
0.68719685561198185
0.70262632260154168
0.69497597197268435
0.70791177507877234
0.68563428828319006
0.68709938435844231
0.66198312894507072
0.71061406382549053
0.67863882962351996
0.67633438389425282
0.66786956376927542
0.6577050354165177
0.67270151959392432
0.68099493862273774
0.69896425678362595
0.70082258377210349
0.69625855412290338
0.7077379586732282
0.67855667972923162
0.68482486961438493
0.68918020906263322
0.66969052888803748
0.6854945084099503
0.68338193748015497
0.68489307343965633
0.68034715845739124
0.67221988418761303
0.69019780049073276
0.66505049479836675
0.6797125723707087
0.68565154487769597
0.68046928601748646
0.67785076879246409
0.69085074693897019
0.6911466614885543
0.70528796055553944
0.69206401945955565
0.68818382058655825
0.68950677174695651
0.69288893232497062
0.70263487937557501
0.68166335010238688
0.70676944462961755
0.69176945721307159
0.68577430727699207
0.6880488103353597
0.68476709027766325
0.70448825310190188
0.68468866323286004
0.69311021759734193
0.67560116390406988
0.70461854509640087
0.67578343748003877
