0.0078859145412347731
0.01312957716978618
0.013996589338655802
0.0036621589645989801
0.0062970008429622535
0.0055853234715159674
0.00060997200263328819
0.0040557795166418784
0.0025395955605881991
0.0061225722302704665
0.014145829534860507
0.0080222334140253055
0.0016893070977756425
0.003507214284275409
0.0057493846357536942
0.0048880686702432834
0.0042625765465366065
0.010680847758228935
0.0092388544446510793
0.0057073665180194756
0.0066228528300089412
0.0047349652926641705
0.0042681723976675523
0.010817731387552839
0.0045435087493951448
0.016122049378997839
0.0033197612162428679
0.0046472948566679256
0.0042713612230908067
0.0040198882298705186
0.010153217179398351
0.0032602371104612378
0.0075822140644570104
0.010827431386231783
0.0013961208571179504
0.0069540530185000999
0.0070769311199208951
0.0055772278409585456
0.0045932336444289654
0.00672127378481506
0.005632593066454028
0.0081740445299877396
0.012260398319341262
0.0014736260110240014
0.0082620984797836441
0.0093153475786915407
0.0052638327139333842
0.0055742358434157334
0.0079946118912952863
0.0050648942242713241
0.0017792787959741373
0.003218096706073635
0.005815085516103745
0.0047930122231873463
0.0068588975775022935
0.0025094225638812436
0.006585074279456979
0.011423687163601336
0.014958685801753975
0.0041334653868116741
0.010273418916482025
0.0084256485029973634
0.00619739479838371
0.0031548505587811518
0.0016097802332686042
0.01113217101901625
0.01139983112701831
0.010590034460667015
0.011583452652340932
0.0016845798514711558
0.0079541576652629505
0.0082149098223874527
0.0081279282617692829
0.0055724031346983689
0.0058400652985491127
0.013438196019454745
0.0014773719760062802
0.0065503334097301007
0.0032602472980840145
0.0026724405044274901
0.0092192541438682121
0.0054524130438979431
0.0041531292294034444
0.022201067830372425
0.0045175238190589837
0.0085021828505598904
0.0062726624068654988
0.002765199011828868
0.0040175685859421611
0.0070783708335080591
0.002434697979426297
0.0063421691272777855
0.0091941605172313114
0.010392388880432143
0.0058384279852592121
0.0086431811849254289
0.0088576656728481893
0.010006655293584214
0.0045587313285572664
0.0017244596644120527
0.0018585115585274038
0.014151415219351834
0.0040538674288849519
0.007859651618911629
0.0027147593417344079
0.0025739151619627019
0.0033276653411089536
0.014422456380106396
0.0083004226637902728
0.0059914308900500075
0.0029857802356186816
0.0078160683348212721
0.0011837634107965205
0.0042395665310622664
0.012635033909336782
0.010560652766488375
0.0092565260288407052
0.00073460545989303386
0.009889477247676871
0.0078069086464267155
0.0010990270290571231
0.005026795773257561
0.0041039454584403069
0.010599005112733153
0.011651043809392072
0.0062550983434259463
0.010746685138494303
0.0066480503129225307
0.013111918649711037
0.0057759708122233008
0.021365918094160039
0.010604142305921924
0.0049347375838105136
0.0027528813609980557
0.0024280665345042928
0.014305410364393787
0.0067586944248521387
0.010370234281552218
0.014567373046065726
0.0043994053993209907
0.0034052267615237242
0.013967985488443262
0.0056438360555172741
0.012290686548745615
0.0069926033700253853
0.0030017870680001191
0.012199997777456305
0.0088197005038591399
0.0078958551219078191
0.0081914655317787393
0.014213119654141284
0.007885528578031634
0.0017283378066070782
0.012574974718086194
0.0076129615199952497
0.0053375743960520968
0.0054619453097094614
0.0054842676861799819
0.0089217023076531374
0.0070823348252808897
0.0068241343310107942
0.0059529376489246997
0.0028569876664322992
0.010231818847057737
0.0066405074917581207
0.0059308261054825308
0.004738735152055318
0.011337347848666404
0.0089632763592879371
0.0094770056906696605
0.0011852847744519958
0.0017516360253589961
0.003084883745220575
0.0072876879674060712
0.010109522021550037
0.0072143322120056114
0.0045940271144551811
0.0053956200546999688
0.012052203155941528
0.0035830360025718893
0.0054919439342066339
0.0058083546714577453
0.0054418044846363759
0.0033626990873601072
0.0059420543276459785
0.0056346707111855346
0.0086762440919298921
0.0063548200758391524
0.01392464817489162
0.010811836646085959
0.0051527022887596996
0.0069043666872552704
0.0094907061164318379
0.012453098965629279
0.0056260228517536108
0.0029614255439324878
0.0079611858386439537
0.0042518748268297281
0.0014546450550612438
0.010033438454292826
0.002289940552246092
0.0058643844066014585
