0.012869157324488435
0.0070675492918227008
0.0076652520475252303
0.0035928907113571252
0.0070639476824067562
0.0062261854222420334
0.00068441219780520431
0.0065344946922352163
0.010669406946385544
0.011068501138512866
0.00597285766301446
0.0069834674224738902
0.0068474408185027046
0.0076427433814363725
0.0083363226244446489
0.0051474321182777855
0.0090065627442112925
0.010225420875516724
0.0065780032982006081
0.0038900221693034982
0.013835200580113722
0.010660226988673719
0.00084644480923421947
0.0038301922123763683
0.0027269621594907278
0.01432695497391679
0.0057882945906968025
0.00523832426703069
0.0089734992277659565
0.0022139770352295959
0.004429375908950664
0.0038305248336434434
0.0048090506560130196
0.0060882429912459029
0.014926249776098138
0.0070087809352143565
0.0071745376047687229
0.0070071773730954554
0.0049941375796447836
0.0082620232039021663
0.013281299036387011
0.0034744159907690204
0.0095382271760125342
0.0025037434062525174
0.00041167471807607771
0.0063425087631509246
0.005491066990319384
0.0069917512237337
0.0018872630639058378
0.006959671421639225
0.0070553371670472147
0.0016381073477779002
0.001217312376449712
0.0020683176990968799
0.0075526275441086012
0.014912370168644648
0.0046997616874878039
0.0075024829838770124
0.010286378246504479
0.0035695537464126665
0.0053997786999654494
0.0075393905531183089
0.0087402049776801015
0.0085501280059473803
0.0012915926436387281
0.003881568415047101
0.012779843298501658
0.0087789402125335869
0.013200312317159167
0.0070607107732903497
0.0083618092323472139
0.0070680674458390158
0.0098964822838788057
0.0090668566609342326
0.011486865483163758
0.0038525091481632664
0.0057213318463584049
0.0031194798122647902
0.019427506156137076
0.0077584810596891219
0.0010323435798421658
0.0089289396282201759
0.0055497256920150643
0.003318022221855909
0.0057864234207662332
0.0077091344646277905
0.0096997384557565031
0.016183671654586791
0.014293067930658767
0.0075176489269566781
0.0078101437932390771
0.0117475448493341
0.0082190009904321328
0.0094335683710082188
0.015428732162902262
0.0018116292788281946
0.0053282225672033117
0.014388489854707981
0.0050836224379987678
0.0080385387412724354
0.012347639588512318
0.014294718045221883
0.010091647380430144
0.0022442906219784474
0.0077611038415511674
0.010907965534940139
0.0044180655594659038
0.012954389160685654
0.013943266362098968
0.013027613882977495
0.0037276710196335098
0.0024554083748596308
0.0055306161850454307
0.0070226129808852169
0.005527793123985561
0.0043063306280996987
0.0024674895664522282
0.0045759163005792249
0.0062493020584845748
0.0073398505838526071
0.0073138404366575116
0.0015089610463670463
0.0054512394947780832
0.0094946777108856906
0.0060405400439487878
0.0064607272002524235
0.0079953554924208411
0.0093571225811789598
0.0067070726255674821
0.0032587786516672544
0.0076606771339769097
0.004174571331559046
0.0098043135810883687
0.0041458799517479425
0.0096128153080802126
0.016396601218000018
0.0059592003269901099
0.010453178932694747
0.012462715140491964
0.00077434286225295829
0.0018043721673838943
0.0016285735684168766
0.0039614016528987644
0.0087031998643702368
0.0026838841254880471
0.007803641672914312
0.0053103742712697121
0.011455876704766426
0.0043648897599869139
0.0052746864443816745
0.0047570024393218668
0.0072907121721403692
0.0093016882796172224
0.0053628732627080131
0.0099431921759008043
0.0078665441170984278
0.0059959261194327124
0.0047531840058993042
0.0051558115186970893
0.0066932019481434147
0.0051549470687202335
0.004758798975174003
0.002582004431762294
0.0019350924121982588
0.011075388324837324
0.0077298264281983001
0.009702953994293011
0.004930535616042361
0.0097267971725966511
0.0024327910653940818
0.010696980379544457
0.00207437440207635
0.00086973845245423835
0.0050600893393562482
0.0044285785315249159
0.01227610038087814
0.0034043003449766005
0.0065580007948820487
0.003608107653615503
0.0037764069539131247
0.014013602573975884
0.010692938738733049
0.0093204152960055103
0.0096167588689979704
0.0059780176085817063
0.0067444662949797795
0.0056745613603329517
0.0092325074942649632
0.010722419005286265
0.0011030217585954604
0.005800581059961743
0.012665794881177016
0.0050727886546620251
0.013030966492130244
0.0039596936753209687
0.0020349598313201406
0.0082194949689533784
0.0049691006052702503
0.024510885762561437
0.0097411203652430708
0.0010762498732804955
0.00078608749220894741
