0.0095785815378147451
0.012020028625067403
0.014577059655871291
0.01805073454683075
0.011889770750069356
0.0076028312280343735
0.0037921809303127084
0.032820741617317288
0.0078213582215937317
0.010564145867142433
0.021263200618317431
0.010749089668794787
0.0089918829781984125
0.0040183093677838072
0.025294130518227202
0.0089874413020172312
0.017013928805819957
0.043429574102813825
0.0090395988433937795
0.020431543020359596
0.01442307701627501
0.016184868419261561
0.015772452343221704
0.010365855712653816
0.015123258341644845
0.022402954628431917
0.027297509125856552
0.010984000524649627
0.024202912360494263
0.029481571492100997
0.011365998382951386
0.0073929378787745501
0.013995411837173091
0.019532956477059001
0.019276542212782646
0.015941368440414484
0.021059634921980732
0.022162768240197733
0.010630213110840262
0.016267429769879022
0.01780638330166729
0.0037209917143038347
0.017971393641214788
0.024153685951289829
0.0076504135621635015
0.013542391927554572
0.0062511329264745329
0.025005717030243065
0.0068194093311644364
0.0084274926866969944
0.013696795413461117
0.0024964029508148531
0.017152214126355043
0.01613973371149445
0.024340524328662481
0.011831369231955116
0.016147171961484848
0.0094138757937012995
0.027981450101804264
0.0068365195579211738
0.020050495988960648
0.014143865872403252
0.033720523180411917
0.0097753029138114671
0.0061932305238037878
0.013128459888333933
0.01285671072468811
0.017773701378840372
0.026186152984271835
0.024914471994274708
0.011446794456438215
0.019222117036229655
0.011510265073611539
0.018532607875442943
0.011190060313839831
0.022136625166546017
0.0096458762813488082
0.024335142318520915
0.010101295304671692
0.01365360194988692
0.012719857913510239
0.015085749276207039
0.025381006107283405
0.0091381558159586759
0.0048000699046100957
0.012682815432100463
0.017806166643897361
0.0077876585557825201
0.019840485050070012
0.015883313759347605
0.007522354958016066
0.011707836401087307
0.010106589618843535
0.014650421574090588
0.01009684954676786
0.0089101312705289013
0.0075461474472616275
0.015925668526226986
0.025950584038623152
0.02387735449828092
0.018975882674969836
0.017421640343873439
0.013942680167192712
0.017037326352686653
0.0053831542797987773
0.0050079008301734734
0.024088593542137441
0.011985465777105568
0.023979575864985926
0.02444653785809258
0.011597442112489906
0.0029200985082178284
0.0166506535915939
0.017440964127174222
0.0082519531111843493
0.0073462410469570492
0.017609064223964816
0.01493755158536582
0.020370586039531652
0.0057363204043153013
0.017200216679111858
0.01675969820635783
0.014243390668900183
0.0038712711371106526
0.0096416280386555052
0.021046107199423666
0.0058699070150477527
0.011148436815107261
0.014415317156608577
0.029960182575902723
0.020159599295851885
0.013139226435635792
0.0053802464580153401
0.011908315551694091
0.020305688142721844
0.029367198517581215
0.0090150748646745504
0.0074941499941346412
0.016598803898602816
0.021736814273488055
0.016223657179253399
0.0043600490231519747
0.0067182236267363518
0.016673206898249148
0.023103876084567657
0.016365221068899798
0.021837860325136287
0.015038501823985554
0.02200893562774222
0.0095588820305638773
0.014688823885165151
0.0088708054174469302
0.013909590976961572
0.012354477392654229
0.010042980357506693
0.0089962471590236213
0.014429999995271397
0.0068840890333627027
0.0062648675243684266
0.0060406819262611017
0.0091587173165566613
0.006172895043400072
0.010304753964800673
0.02102539543793553
0.008574472726488756
0.010765888582087151
0.012294462816054799
0.017478754364325288
0.018951093275687017
0.0090786964023669078
0.019243276947071033
0.0084829601952813929
0.0073915631319533643
0.012029927365969851
0.016069031265753417
0.019927317072936872
0.020592341904491388
0.0071511868664978721
0.019796351796567368
0.026828347664164667
0.012114317440909081
0.0096883292547002616
0.013774899359056186
0.02811835913280146
0.031158258370530247
0.010993193829252013
0.017433231551887307
0.011637955613593542
0.023841693186317528
0.007699748981985193
0.012603790778104798
0.024482754460895848
0.017631116343373103
0.013389461145457107
0.018842696693269861
0.017535351071005338
0.012790443477190902
0.0084121776771331584
0.017446199010929999
0.018837926730123713
0.014022617307608088
0.014350911843169212
