0.015344445104809255
0.0073829863974543336
0.012933532526394648
0.0036653321723237701
0.0050774941205118749
0.012908212076510453
0.0072898670154413854
0.01027957538225008
0.012455355527511812
0.009260517927037748
0.0073400723068606528
0.0048013100852645173
0.0029813460563624999
0.023379275714642218
0.0026743881595089106
0.018876893702761841
0.0083462397007533426
0.01799454992186281
0.010125074341583246
0.012349288155106518
0.014261788474912784
0.017583364705661825
0.0045920996483476964
0.0089447330899957486
0.0089207709513540213
0.0039860344754185746
0.016028911526612753
0.0097237577609725692
0.014355548236342063
0.0063053841214624293
0.0023779761572499127
0.0059594892657365405
0.011001773244189859
0.010622687091520847
0.0032378161565835644
0.011686365713347085
0.0058766643194458753
0.0022104406588691469
0.0062071598392569281
0.0060060488723504583
0.0069083564459398901
0.011110165857340109
0.013975676408743899
0.0088743325886063533
0.013571365879987149
0.014505582887967805
0.0067640633144404648
0.010314808681583805
0.0083479569885017962
0.011667733359199742
0.019421811607861945
0.028556746344707368
0.015728319467613858
0.0021773255404930534
0.024440461376759436
0.0040712413141658467
0.0029508694736680176
0.019396431960657438
0.00088250527726197034
0.01639474137577495
0.012848942337249109
0.022081697062850889
0.0070670498223334892
0.013546245751035961
0.017286104178977219
0.0073930156693255041
0.017888090956553519
0.013560270840899578
0.017743943054477716
0.0022089398081538043
0.017461956119573973
0.0050130535575089834
0.0096427404894638327
0.007933323977479069
0.011946730207336276
0.006137192736387645
0.012972536274405245
0.0031202689898568539
0.019196067137819517
0.010295082348512659
0.010983873730403677
0.011128175615102485
0.012696139222615312
0.0087444639434251965
0.017519638472845905
0.015107844781452565
0.007815460526720254
0.01580219805502394
0.015541693862367414
0.02218940974536162
0.014866079414397021
0.0022544186348082158
0.0020901950721922994
0.0080421213815778849
0.0066287028293508677
0.0071315001866639437
0.0061863204055415642
0.02131580719775944
0.007472374987659622
0.014159468591939034
0.0055470282173421641
0.011268801104426997
0.0050379350177349258
0.0084598149198602465
0.0014178950390509675
0.010865381192047528
0.011001849682948645
0.028092421124155935
0.011753871091800084
0.013271553482952983
0.015797000432901557
0.0037179217445797892
0.0078783086526335692
0.011445941337597723
0.0073765033106332313
0.0026766362451616727
0.0058624423571473827
0.011891727022247327
0.0079733543580238798
0.0031519460467477082
0.00052184307304523612
0.010788555432579391
0.0027342573240242553
0.032135661242452707
0.02699083789544102
0.0093094482875696934
0.015767096703344953
0.01429476900773801
0.019699725351489349
0.01009094826342186
0.021932897908669979
0.0031964654131722814
0.012779708929048492
0.03479786039650562
0.011983688074307882
0.006289703342285618
0.011189138173637618
0.011606866127662702
0.0089105003476911953
0.0087046965501311451
0.010454872095992673
0.011057170811202043
0.010759880942380227
0.012861451957449258
0.005797154880487705
0.0024010796994387673
0.0060282081697438537
0.0076448191252448559
0.01183718724309905
0.014656108349926315
0.0088933635629051475
0.0065413492808975371
0.0070291945904550172
0.0084610821355413403
0.0094589171774620232
0.010574768820791256
0.0050298285199598721
0.0065128250565425353
0.0082035670360097457
0.0078746634724165925
0.013946589655864362
0.017520924863737731
0.026116480999085853
0.013347663552757991
0.0052889722803873386
0.0056731350300218905
0.017331217705471955
0.019356696916545457
0.011730675544375575
0.0069743555463780077
0.01029536114657194
0.01231523441875515
0.00062185463215697751
0.0098090084827368636
0.01407368732583387
0.013842801921519035
0.0067972417053994228
0.0045899781552755335
0.011378051909894993
0.0030500384136133542
0.012015186276575614
0.018144627711668755
0.014273680438467608
0.0094066032543819959
0.0086159796061734736
0.0050441318106077626
0.0073916481953826708
0.01486925452673429
0.010674588905282761
0.014031257965856305
0.013515694592842331
0.0077953195355532322
0.0053344857542281382
0.0061436938073849345
0.016767654574181418
0.01061914752833026
0.0098452779453096252
0.020666991214161226
0.01700091962371552
0.0062873326815938982
0.019732375895108536
0.0041182401741510829
