0.0074587220030556097
0.0059053986342100838
0.018663905379133601
0.0090327954259727498
0.0093272457988385366
0.019474529913121551
0.0064515592173613077
0.027633899581947695
0.0056203132008040063
0.017298007017131627
0.0058013208849266862
0.0060327786711070527
0.0088485930800603612
0.0058239355352969757
0.013197807231277933
0.0010708810313803403
0.014537973717958192
0.0095286438092395415
0.0116349500231098
0.0042377361403903588
0.012387009327475234
0.0088726361890565392
0.0092514234948001522
0.010999417390288646
0.009320849482008375
0.010950283918858704
0.010639806862400108
0.011470548162125106
0.018770845695182857
0.015563935110449361
0.01487233817393707
0.0045842591012646349
0.012063644866207274
0.0012085808086139552
0.01164887828634731
0.0085187796988223981
0.0078051954029588087
0.0076292874737623551
0.0010959701896291441
0.0088285709636897955
0.024765083165926658
0.016243492469396624
0.0056774586978515385
0.0068184012673938883
0.010552872609640234
0.0076503143312679463
0.02120968036306323
0.0013375430240346871
0.012535977854421392
0.012201044190465886
0.0060343057849605664
0.017801833116497853
0.012090185789735305
0.0098972428080321088
0.021804809491208638
0.007203820764475604
0.0076119558871515763
0.0066776923749875556
0.018770233079033097
0.0099661367714286506
0.014095624865993183
0.016256430691287859
0.011843566799897957
0.016103689603866066
0.005927062117535054
0.005555217409924507
0.0099805211058809039
0.010613099248024754
0.0075042643553723852
0.016266967719071334
0.015135714209878172
0.011309823784615848
0.013264429328241701
0.027513899643789731
0.013940831005454355
0.011996462548306639
0.027213253863195359
0.0070226538704877143
0.027418770810147083
0.021035593896220162
0.0061448065796119548
0.014301652821735912
0.020642453020119373
0.007846277671834722
0.0059237533020178096
0.010486209591225565
0.018941129800270864
0.028001168444540616
0.0075145192623874294
0.00411103959576198
0.0092574689053293493
0.0093617317663730864
0.0095637909460311969
0.0093090633842940352
0.013642075626049088
0.011003749205474041
0.0016323969247595187
0.011737258085452631
0.014193629383867876
0.0099908364179261237
0.015253853613102738
0.010760714795141398
0.015512156863729486
0.0172508285478985
0.014743940412993626
0.0087855981995215004
0.0076636823718012346
0.0085356501294499999
0.010760897842105646
0.020231585226068979
0.0097129610979813878
0.019280259780765877
0.014996497784603642
0.015885352472399687
0.01079238199513176
0.0037572177978171329
0.01903854543700962
0.010154708370595093
0.015573910501796538
0.027377607579209099
0.0037209302341484228
0.0032965886881362026
0.012223189819251088
0.0059444935783309148
0.0036901443892121757
0.0021310788147955511
0.0079956283540325024
0.003019607430204887
0.010438214962416195
0.017535941489659066
0.016127264896763482
0.020197690496271528
0.0027443122711588177
0.00575876860888677
0.027827559210897707
0.017132017542911143
0.018952835657394872
0.01404718988957685
0.010169722097842691
0.015049120336744198
0.014755716011681293
0.010990623830771594
0.018396787547300293
0.0041345550597312467
0.022134494151123132
0.0072630974217275553
0.0047496236116165973
0.018135242694090406
0.01922134370903681
0.0037483041719057887
0.0086756470993928879
0.011416592401161212
0.02402547632081253
0.032290431436216765
0.013599307351753286
0.0064470499240230194
0.021724074330148106
0.00073124476834178108
0.011610446850348842
0.0058347886759676677
0.011619798508504727
0.024009882361007966
0.0088753838214203559
0.010421193893925788
0.0080564089470040838
0.019475609441425644
0.017771085555047542
0.0126214241049662
0.012966477321366479
0.010710433389898522
0.022890400296652767
0.0065399822073177911
0.017022590951062854
0.007938725624180085
0.018053809621633315
0.014456876782347382
0.0016395304441094911
0.01376383223795141
0.021892732331209495
0.0028452972126639226
0.013363208977544118
0.015102263955862467
0.017186691414501149
0.0098282916972570831
0.011130242391384751
0.0081402064407271844
0.0058494073723599155
0.0058642739675919065
0.0052213337936083109
0.014009916051920101
0.0037884944706862681
0.021509183720479805
0.0044119050216779501
0.0043016168692139155
0.014336015746514616
0.018493579369552707
0.0060956845342406514
0.0070343006657217627
0.0035006287810308008
0.013181603466780319
0.011802524665342155
0.0097955845134231109
