0.0042899929085175653
0.012022171454651582
0.0072102139237436007
0.012252184904138761
0.0070188124240081447
0.0068891385166089218
0.012474263968868875
0.020142503225383773
0.002798324346009037
0.020098996889484067
0.010344056038595071
0.0097768599595952702
0.012475483982998421
0.0057159587447743795
0.029210495050472702
0.0044708646308353264
0.0064897208239900715
0.0077640909778953892
0.011259646768010338
0.019562123846558744
0.015695536912428979
0.0058880197438094355
0.011330611736024246
0.0083515285042640702
0.0089600128987610255
0.0138085217767372
0.0052190642859108374
0.003904893933889327
0.0088664872752748248
0.0038046285207049245
0.0092311544924336131
0.017914906805193493
0.009298234609361104
0.014882071632774604
0.011769675963396363
0.0071673364554316454
0.0092673699086707507
0.018968969145885337
0.0091612520572979996
0.0098819604245087549
0.008915881133351039
0.01125292274097223
0.018066904838924171
0.013570388620856263
0.014002961724211761
0.027054611660975076
0.012226742485747823
0.024195052590921386
0.02541450730499965
0.024799404049382582
0.0068671017803981728
0.018857521603206692
0.0073573226006487368
0.0077159863042156555
0.0084755394552250736
0.019330772079137661
0.0072941826837934843
0.0071414830891591095
0.0079146065920752684
0.022413389711828449
0.0095408100503712231
0.009443071470288774
0.0067717361281385965
0.014781629686004381
0.019767252107262042
0.018540579544291932
0.01581484687392162
0.0085913306435452304
0.017284461376027911
0.014844427490545769
0.0087754906619952663
0.0017848159418041851
0.010091497076165197
0.016088267198971079
0.012247821127681397
0.0078644955725771237
0.027392258045713078
0.0070641815432095035
0.025349201770478849
0.0055869377186951183
0.0095903939479781656
0.0055925444614818107
0.014964529220879904
0.024783162247418646
0.0041260435681386657
0.0036745990574799021
0.0099073375068817176
0.021149796041134063
0.024056972010078063
0.013817513408559919
0.020381695839875081
0.0067925142950601581
0.014661909648812053
0.00940087016858779
0.0071589421163650675
0.01141449776940601
0.015200450388943304
0.0043708792572204631
0.0087066093729054658
0.0031792217900016122
0.025477544976925663
0.0094370070767111833
0.0052671248191110522
0.0056810776695721448
0.0066322384445094426
0.012528773793044448
0.014400361715861105
0.016225662542679917
0.013917521393525997
0.0090911661094799836
0.017905119115188432
0.0084037048056675081
0.011868348049578682
0.0059481641933845633
0.016154090594699657
0.012995485206365079
0.0051699486979678048
0.019821139536215081
0.0022613697613032531
0.0084906878844784196
0.0057813759314039774
0.026827332581961814
0.012142412278645286
0.013521447561544848
0.012750583842336254
0.01015951111057168
0.0099203863840990631
0.018221234774277013
0.016909520355192595
0.015481590709555019
0.020071506156858179
0.0036116924128256349
0.004766393166042159
0.014766429587141689
0.013943703633019172
0.021113703718846508
0.0019255227926337705
0.026393328625650608
0.015203136234849656
0.0077130122489995449
0.0053152439553834198
0.015812622068571505
0.0095689530824782446
0.011591915339314069
0.019473120977333971
0.014530377293609269
0.016138153585841208
0.021422750811287007
0.013711721089361995
0.031235396448399129
0.0039032332689253528
0.0091936977447504425
0.012314269203704096
0.010781208464156037
0.0034076265161130295
0.012249256967142552
0.0019254182230432134
0.016496829276292674
0.020632368492185887
0.028121619917420262
0.0088399148885796898
0.01084798239809266
0.016878214101192442
0.015226157231242793
0.013791473278537462
0.0090910987444139304
0.0072291255580605555
0.0057813262734697536
0.015199354986791555
0.014014588938874799
0.0064188141506852708
0.0027702589490916111
0.015691929374939333
0.026079828053626328
0.016370236931346708
0.010753760783782755
0.0039500669053834994
0.018691818149445611
0.0088979977849338171
0.0033085827485330723
0.016597463729405001
0.012786284013830439
0.007672409799764998
0.0092607028653825651
0.018044850595572128
0.0012738208423595501
0.0036784225372654602
0.0012154450837709946
0.0043663268548064255
0.018317901768847279
0.021532944239451773
0.014733366531356753
0.015403189475422146
0.014167025474135488
0.0042184009280205222
0.013193919096078748
0.0017328482257743154
0.010261141497148501
0.010568257866047441
0.0034134778351898594
0.0088418212747821811
0.029442577130547966
