0.022396382845389935
0.2006369461940595
0.25763547380937379
0.17831179747279394
0.049112507997170908
0.17548635820726874
0.10607125299525183
0.12466833760406155
0.1712712281735696
0.17688083189387327
0.18670169941193376
0.15800907444357015
0.10462441413948112
0.11556386690490747
0.041627221614634988
0.14867066213714228
0.16566502411655168
0.071949368830044089
0.065861930876311939
0.054253828002335011
0.032757050271897993
0.21974277877025133
0.15742785019349961
0.010997336767843258
0.055870935948298193
0.10826516568839781
0.011579142791518169
0.020997599902494439
0.12733448436019404
0.095631256651637922
0.1378999890056955
0.10063718383509575
0.080454154095652181
0.030521492306994798
0.080677917090915222
0.031200387000741736
0.13706485134283225
0.10731125303697976
0.14170485148115453
0.16940081139897814
0.11863426537397044
0.099311819486129257
0.19018296875566137
0.1420713635297082
0.030561043960146399
0.10014477717693984
0.087155091965121279
0.054984379657817321
0.060930621499872918
0.047396503975205423
0.075784914414280757
0.11917162373981179
0.13127951157386303
0.07423607456409767
0.13219874215024496
0.091687995649562648
0.11432761837509502
0.13591522344382564
0.079993164881767734
0.1124959949390487
0.10579560660369765
0.052898999509551355
0.15561343183776996
0.11643680147372933
0.10060737864277426
0.14506342366413835
0.13304567888271956
0.021437752079757129
0.085719927052604505
0.077397618460272821
0.13217198223899293
0.096069531828095883
0.034947523260234842
0.11877610541682823
0.037193328547353424
0.053583647072201535
0.19781431250295411
0.10211258592370141
0.11483630066961781
0.21423197590146298
0.11321110321168612
0.092912749543256332
0.08370333387721203
0.11860756744773292
0.062744076505264784
0.024194177625369583
0.12368901687013505
0.074194687186639963
0.032670337317439402
0.20239218837631143
0.057098903122560808
0.093098773869907128
0.038841373206119426
0.10344845689286772
0.12132480380024116
0.10352647403309635
0.067968140286789977
0.056943143161621614
0.079523677033474599
0.12913291212814718
0.047099596769052871
0.19005614958335243
0.067949726984344622
0.13504481570042853
0.063641298196414606
0.063914848173134531
0.020364274935553737
0.15606438991896618
0.084071017304026469
0.1307561482797272
0.18567432133733194
0.092915824399891309
0.15270882390867294
0.31090408422812477
0.034356689298205595
0.048371331385051473
0.058317996903132094
0.06143583403127912
0.086207172261723974
0.046915567666042643
0.16039737700580461
0.012545677257419891
0.135785570683537
0.10812904069479423
0.045233366030781853
0.18166967357638689
0.062744426170867715
0.037800111516847756
0.076591264978148416
0.090305883788724714
0.066857570275763362
0.044863479332553344
0.11850956913596702
0.071660941498716102
0.14246492958705215
0.11491826341777633
0.021958444994963727
0.033640271371097576
0.15292432998636113
0.081048579781830402
0.13474936117745703
0.065458621562735922
0.12672822760599436
0.23459290301547642
0.050485553192541589
0.084223107996603166
0.076380646553755802
0.19436727271191029
0.092607608122254034
0.15823458382635219
0.075382366175763008
0.097921243963055224
0.097791506474653928
0.01717179949804145
0.09073266761622753
0.10554371139157837
0.15161682402392235
0.13231021704641627
0.16146339615357574
0.072989793563699321
0.079698436541197765
0.11714645424829771
0.12622667852311406
0.18953573921306169
0.044882751552430926
0.19217730074746853
0.15408676691857845
0.24859727858341907
0.094341476682806166
0.15173942561426029
0.079176345195906023
0.20198799153413188
0.32306804180063325
0.06283657702168069
0.012828566094961488
0.17154236857006108
0.14943754775906054
0.050787710147229888
0.064605916369850941
0.075402039221719605
0.12207736152497954
0.061832316630476947
0.05405341688440328
0.10824684298241381
0.10429535503671129
0.11656332907228355
0.047891514681002258
0.089259636735209022
0.078899451271903384
0.13677894844243682
0.088839270454991806
0.070667522690020981
0.095217282501523642
0.052551004403377122
0.13051903838049878
0.069996212115867124
0.078605350885066483
0.13703720650628162
0.1105159209629745
0.12742603987034701
0.046706109769706711
0.11784326339845703
