0.056243985532650351
0.11234840070930546
0.026473683328828615
0.11578130206748706
0.081018765294191053
0.12792164280264751
0.059490097366305922
0.15836635049747486
0.11924804321442188
0.098824974430377882
0.08662974058867165
0.057784727447772202
0.051343625469555038
0.063469861458784457
0.057928444960237892
0.16921701055891927
0.088132463678219114
0.067177685253767216
0.14341177167288921
0.047618266899271053
0.090316282883913163
0.13175773552447353
0.053499194617401026
0.058339694780523026
0.11516265935325364
0.10343991186949379
0.039952586376881601
0.034981208141852516
0.19408249324549873
0.064833641434394906
0.046810335179991329
0.14162714620052624
0.047860634868437689
0.036181484411376467
0.10105441524104979
0.089317201685237199
0.15111834208686845
0.070941345191761707
0.031242925352163008
0.11761162500931412
0.071986331606886167
0.038576148271339011
0.069846834718379477
0.060151518060039447
0.10214455344937033
0.068896153577013189
0.028223947565324623
0.17277574640412821
0.087680770871655947
0.12463572834476017
0.045120516787556311
0.12116132527349482
0.18692325454115571
0.08888965813356943
0.063735184086222044
0.22980947260055601
0.090472532161838953
0.095885811874344876
0.071959444538666734
0.17345752640216083
0.17531208143955943
0.1013759427956783
0.080157325297158716
0.067355383202482771
0.072003429416220135
0.10045135585959145
0.11293724883319718
0.16482791199068056
0.10814732984351384
0.097073983199964201
0.28385207815415264
0.30254907852847335
0.17252877858241039
0.085831577326382566
0.065429943253273809
0.076418760790432999
0.12226260429910234
0.089063745728410831
0.14334975723799673
0.1982563318546976
0.065271998078938423
0.18487648104979301
0.14192037891507958
0.12159120865601747
0.23097362621244097
0.058819622481619691
0.11173403082625399
0.083642514432133358
0.12271894536258764
0.28517204918227101
0.13406372671157279
0.099741485496614837
0.16024462273133605
0.1535508004763996
0.13373196456355405
0.049086602297032683
0.024412585553673882
0.062584511280917118
0.20529568992476449
0.016920096016883931
0.27287778716454286
0.14445320038961865
0.090835545219034253
0.11096098000830336
0.13643298804066872
0.12435118544073427
0.086288995797070722
0.14906649218856091
0.012352481732892997
0.093454621579310268
0.03805944020950433
0.01454611600089065
0.16586824839563466
0.036104880516842373
0.10270468288077482
0.1539998478438486
0.078552077142353793
0.057679235292313703
0.05637263150688631
0.11915068065542836
0.12866000834367075
0.083530744795067086
0.15461961809372524
0.13047387354968873
0.054194816083859315
0.041109840126132682
0.054768282207763898
0.067185313406171954
0.14087469724926835
0.073534871012978092
0.1695285382403624
0.098166194813121846
0.057314111507425658
0.073477651269969621
0.050995451077711577
0.041122605969387022
0.11294126112686514
0.14972449271094335
0.19629564023903942
0.092097585747812225
0.027379324093917315
0.055664459892352941
0.067320436361652192
0.074516300561310131
0.028185418626849642
0.06427753739831675
0.16713377174737562
0.12857822166440297
0.028684503072546167
0.069784789283316703
0.12874870011546002
0.15280149445437669
0.15991198966748935
0.13696608732329268
0.042965227592335106
0.13693223940401311
0.11180893053238149
0.094408451432251253
0.039304437955982929
0.089380639909675666
0.036458248032076292
0.11189297641174838
0.045705527597386317
0.063863535409109828
0.077927458317341616
0.23771990358502246
0.11285359487713652
0.13552200616864998
0.13312695526760435
0.11833553110593559
0.076081140937262315
0.14431891666225988
0.042774764410139526
0.044989918836298513
0.056429512368960356
0.12889836075826078
0.21142031143280107
0.022374718551287854
0.060777500613430853
0.034274655396011433
0.11017823392188358
0.1798830423568781
0.23336850205400772
0.05654355762271164
0.031943288867063407
0.16229471636033568
0.18183692326844517
0.12214303569710375
0.22180818133364608
0.067838809341334474
0.12963439518036179
0.054343220685955165
0.076329131589740154
0.14755301859218733
0.14752593102100178
0.022808513783091709
0.015818284771960081
0.1145550853602717
0.069445594712703257
0.13045232368081958
0.096305221583510209
0.029584887677577269
