0.011862103467793077
0.007226105044747467
0.0099098483317975154
0.0061209785813455828
0.0010289766743487112
0.011226383256925107
0.024671859619642498
0.0078207572484906007
0.0077254619499560794
0.012838736527132796
0.0053619915502574776
0.0058349355678671729
0.0049289647426410226
0.011770968601240219
0.0095523031858488726
0.012211741201801886
0.0074933568555442791
0.0050327029222545071
0.011067255825396107
0.014512873606900182
0.005010222007852113
0.0087827119297958084
0.0056873565678358367
0.0040119634349164383
0.0073394457702117277
0.0087905532000406902
0.0058692794727725102
0.0072280906721789908
0.0079986489900328028
0.0099712668744815786
0.0060689305257728508
0.011037086514874358
0.0078151006918428158
0.010810549740761108
0.0040731214293825528
0.0026738214782825202
0.0078458449120229392
0.013909922729986979
0.0058851711728732901
0.0037923293908331442
0.015145813554998061
0.018568220757116411
0.011792374126352772
0.0010502287170971348
0.010624215877941646
0.012898108112836155
0.0078745999412520671
0.0067847160262990416
0.0027257795764223606
0.0061381486762031919
0.0069434565641556967
0.011213914415890787
0.014338963811060075
0.0041485355543484674
0.0040198361903614937
0.010594637759652241
0.00051769218631666646
0.0011073306627310425
0.0036487852715890792
0.0051330138378876261
0.0054166082534476386
0.0066573215810052282
0.01181585043928457
0.004484838205515063
0.0096666614167442034
0.00022320357333810044
0.0055356448792435176
0.010146775349707428
0.0086414685487336707
0.011823043631125981
0.0086545053532602872
0.0060689612464258904
0.0099542365454345048
0.0018478469575509535
0.012908739413765564
0.0031141719637153994
0.0018356270864688096
0.0068221865284237059
0.005214290642333203
0.013152455996327054
0.0067718797724469594
0.0035599750820637858
0.0024628453738331393
0.0016728266457769127
0.0067475451764074474
0.0015022311334174912
0.004560694436692778
0.0075655663100535923
0.0020802039892627942
0.0045920872247277381
0.0088110358030382731
0.0088368649198259756
0.0036987941920620308
0.0033494201173194654
0.0046586150964281906
0.0066354256629253695
0.016070230702445721
0.0078834721671564717
0.0058193190813107774
0.0029091447159694563
0.0082456282462967066
0.0070543076899360849
0.0090590492071139575
0.0036394935057468538
0.014919528442981713
0.009709751579641334
0.0097843590602333542
0.01311927016924949
0.0099496877961875486
0.0053295892805276593
0.0028773166765623409
0.00071224435516953474
0.012581294989294965
0.013921294778841783
0.0058886836048369926
0.0033148489916366057
0.013530857158374193
0.014932501099801349
0.0066762689569331551
0.006578063905902991
0.0086487963428552687
0.0080525844490521754
0.0046364591242687844
0.013349036980626054
0.0064289317913470059
0.008430384202758134
0.007720366654148895
0.011358945177122033
0.011601526702718449
0.010848774838025483
0.008289395084226072
0.010886907658580181
0.016330554727245324
0.0035480909537531457
0.01381486119249882
0.003331978189313624
0.003292819639235721
0.012491012439379251
0.0029257109877454295
0.008927588595080152
0.011192897728216484
0.0069872345370934862
0.01625160904024163
0.0081271211447909979
0.0030761512293035372
0.0098792152256776799
0.012384710676984287
0.0054864026520266701
0.010684381693341204
0.0080750411272852273
0.010671440705828561
0.010129459768823328
0.006521785195652146
0.013705912854363867
0.0013884918412110819
0.005703722008836197
0.011416683819329497
0.0073293228926306396
0.0033733333696794963
0.0016237037822195823
0.022524211935056243
0.0032796452660495082
0.0079874385493605617
0.0060946679921509653
0.0055237226179796909
0.014016341034817522
0.0021567462684950892
0.0029621631041445028
0.0096646400378084078
0.012859080484189584
0.0025298538239718641
0.011333112794273081
0.0070694456612544676
0.0051841319476052874
0.0042963766357163331
0.0090398951976049021
0.0062639964241125931
0.021217145948456865
0.013967806678006968
0.0061349038952130033
0.0060514877021620025
0.011303013986444486
0.005822036994365341
0.0170346987028164
0.0067878977945934815
0.014927540502706865
0.0098448306232766254
0.0099298853618764848
0.0072097189571046329
0.0011229570255401977
0.0048285810420123964
0.0061134491786037819
0.00091374118855399992
0.0070597508346331959
0.0082669668614755339
0.0082676972708587444
0.010809358655281022
0.0066291184600521507
0.011525833924028075
0.011449081248688871
0.0057908964910938403
0.010278826966674055
