0.010112022149991915
0.0078232787698580483
0.0054678197746077881
0.0080545918133299085
0.0019381919816420924
0.0045112615094024906
0.0088259157441203766
0.0070139482858064721
0.0065482314514909061
0.0028507036025161477
0.010896982632432843
0.0015624802510052021
0.0029439747871869821
0.017193363673929919
0.0034432009308462035
0.011088933742711828
0.011304266141022548
0.005091687840202779
0.0016777651084346336
0.004555550139720194
0.0030460882375656245
0.0051544317975936544
0.0072483044241042792
0.0021566189727347165
0.0088630167416550772
0.011613544274682702
0.0098942693543217844
0.01154874687791572
0.007053955903489284
0.0085229459702801172
0.009585515152856541
0.010720166907990389
0.0022807135730312082
0.0074170108252954543
0.0077779772703162444
0.0076682824579813579
0.0060215492666554809
0.001793613133610583
0.0076379013873004642
0.0082018165791677249
0.0029808153417756607
0.0030527458866825637
0.011883234320666911
0.012787214008623553
0.0081527356425667823
0.015746366270295058
0.0016538685358643849
0.0075977762488709261
0.0072052709074061647
0.012793692535124293
0.0054882800123377644
0.011956096867892197
0.0023265248154729521
0.0077783531287323
0.0062260898515031993
0.0058146027284128399
0.0034220409502557273
0.015653756796000909
0.0067855705399260868
0.0048144633690644575
0.0033547439708305764
0.0086474794087803564
0.010067482650523972
0.010462907271731577
0.0072500256817668541
0.0041730266735408071
0.010169416327992111
0.0084945290460607895
0.0024324399479558902
0.010197553247265961
0.0055207279111830383
0.012733749460228287
0.0095836185903836538
0.0075881539299414158
0.0034656906337795939
0.0081444244255815222
0.0047348066692297569
0.0024772466432428776
0.00094089679487485158
0.0083669393926623908
0.0082602412148499258
0.0089935174074615085
0.0062391025396047036
0.0071406710431462257
0.0086320458195976706
0.0069330237965542713
0.0048002983757430067
0.011942270489404518
0.0060255001235492937
0.0068727679575508347
0.0054954493923929483
0.014824227122285491
0.0043524684167739859
0.0050241257034474426
0.0034699153703074176
0.0049132427245250311
0.0042196092333101785
0.0063606559310835859
0.0012305781078880485
0.010991673142881828
0.0097693759030035472
0.0038624121407736019
0.0079603961202906765
0.0050226148253976789
0.011066081213398402
0.0010105360822902398
0.012457210956092299
0.0032502545184928469
0.0020246211914176598
0.0058601385529522161
0.0085733987999467819
0.0057380531681225384
0.0057504175085089562
0.0073249142129389938
0.0025468029765488205
0.0014550826725462183
0.013513497309091125
0.012644583321286746
0.0090641031931841358
0.0040026504708611278
0.0082690769613542551
0.0072302292651640733
0.009927066282104019
0.011311107047363312
0.011049866619637224
0.007050819487361264
0.00067327572419486616
0.010167986785613366
0.014412747934481634
0.0088388513403882436
0.0070268349176486836
0.012311402631984856
0.0013980014908248559
0.0041154638441378835
0.0067521643010466578
0.0067972278775324619
0.0066515358097405134
0.0042860185958986594
0.006900595534345042
0.010948269594299303
0.0066681066391840677
0.0094584184496169302
0.010286903378865911
0.012225088176551574
0.0087994453311649855
0.0095405616318373285
0.0069426625320173812
0.0049849609235087661
0.0041379541784197973
0.0046928715241555579
0.017301396045267016
0.010025553728641792
0.0065354908544873035
0.0055294283741204667
0.0066838673372858733
0.0012452833065631195
0.0092766127654131895
0.012160267209279615
0.0029415619126448148
0.0086368803664619142
0.0082051611662429698
0.0079857109624392186
0.0083229800846711249
0.0049536511056656263
0.0067542726808981247
0.014431607558788839
0.018760488018215959
0.015150118680117839
0.01139173601443912
0.0069982794841770019
0.0090283693495687
0.0088369324629061826
0.012558124559088429
0.0054403633033275689
0.0050422869653006363
0.0079867376422549652
0.003657008525740598
0.014021899675767713
0.0069772085669524879
0.0044835074965739611
0.0054597756043915854
0.0084598448323154433
0.0036970799012338699
0.0065244368740705223
0.007526784848604016
0.0068101178182423255
0.014873741669142853
0.0079052263775163424
0.0091903761791316194
0.0026759531009622455
0.017051029662578723
0.001992346331703268
0.015200226866217522
0.0090592977028876205
0.0054077200679215906
0.0043022986875750407
0.0053043791511873774
0.0092180257852678485
0.016012233110747513
0.0060012276792108157
0.0057893982043582407
0.0038963684405012369
