0.0084890953738890381
0.005537254036244073
0.0080466449703331926
0.004499499044036577
0.0075901050894024965
0.0085766133043716809
0.014739742660599311
0.01525057323044336
0.0079300369111570748
0.0090296818993943779
0.010666030425210382
0.008299588015854252
0.0056981584360554461
0.0093256380414258426
0.011225174359746157
0.011929344668864722
0.0018023859128223582
0.0056470355700134643
0.00350650749510149
0.011132020644544613
0.0071522063881990063
0.020118231843336411
0.014036074585810951
0.0027462659727902606
0.012939060098233632
0.009811743032132926
0.0080940943767242746
0.010256411670920368
0.019065046637574603
0.0051246283968380468
0.010024298675803943
0.0081549551694272155
0.004284557739136381
0.0059513760298122668
0.0094054948416744354
0.0096260026413790955
0.015538257444053738
0.0064647973765534095
0.013680645757549022
0.0040762160970819411
0.0076738119000897189
0.010662119738221535
0.013173432759660413
0.008409795128118425
0.0060623860794623034
0.010117736247849696
0.0049306712545198507
0.0088885851326537813
0.005781900221318941
0.011150544201553033
0.014184104496082926
0.0029348164699430032
0.00085870426119537767
0.017315113766570672
0.010559810375542199
0.017764038304579521
0.0031557399295050023
0.0083189555436976419
0.0059835705615337532
0.0060409860031322296
0.0074938429117124882
0.0095181080668541671
0.0050293672951495444
0.010219650376603044
0.0070879311193994118
0.03014200582970674
0.0074120479012247109
0.0079785283010702767
0.013306266710217469
0.011465047516995973
0.0090320082143775064
0.0030493792219261477
0.0047118120231799737
0.010336177234951763
0.007251952623304068
0.00097507675454151592
0.023223635013767455
0.0086632904903009809
0.0076952531718542912
0.012870052003532185
0.018623807386023667
0.0090600515738569701
0.0062194624886478343
0.011978846347749501
0.0045413101060780012
0.014920798842535037
0.0074891877384824319
0.010673490305769079
0.0047343274599192971
0.015863229053236567
0.0083141792260092873
0.0051971504294713059
0.0088697537619846899
0.0066199295487966272
0.010612609266912175
0.0098699542906990363
0.012643270958678541
0.0016526209784719402
0.0025228094683690644
0.0020054913144224723
0.011550947203064587
0.014467485652782336
0.0059574209580860868
0.0059352464044380073
0.0026800294183544964
0.0055682108306523911
0.015712473517596318
0.0059132025011888753
0.011510639521634536
0.0063823031595825058
0.0055573787347185316
0.011659457280264886
0.014755575644312034
0.0091621607792658263
0.0025637532357317564
0.015018071171765717
0.0097777873947111488
0.012157984167111936
0.011744228721099361
0.0087315132718196256
0.0087747618711566267
0.012757687879436328
0.010489976488497419
0.0055058691517115375
0.018050498713907907
0.011035176679684788
0.0096904772221812468
0.013646710621975663
0.0076918709978183826
0.009674724021038356
0.0087649547186966614
0.0041382238166608075
0.014386147352930586
0.0070562264126732823
0.010951472224993647
0.013626231645009208
0.0075733625742931314
0.0089201973021303289
0.0052071323767665344
0.018479664294840083
0.0071798788497058107
0.0021975393888106838
0.0041223605679489191
0.0092841520886398632
0.011845088447420601
0.0080854240648286623
0.0073586246264430652
0.0037362207430611436
0.0067918581918322788
0.013936512858373599
0.017123783157045915
0.011499433571376953
0.010691160802886993
0.0071307029930121422
0.0070591330081497183
0.013738672083320058
0.014789553878006857
0.0037411177188587082
0.016118140102349486
0.0067546827259636804
0.0079169851410466584
0.0058432238976816146
0.0098422957975621578
0.019648641716147112
0.0092589065673301784
0.0076283442516388855
0.014245206643327202
0.0073533836661642113
0.011139417454176067
0.025503434229746109
0.017603104987080537
0.0026178180060336472
0.022255956681245907
0.01565904445140049
0.0097795806106309516
0.0032800570989660939
0.0096492141900384534
0.0071761651594960448
0.0097059980945464596
0.012733153419369446
0.014453022948312416
0.0049674620275491034
0.0042347108983178065
0.0033358283491200678
0.012058194488015879
0.010442718251547576
0.014168043473952865
0.0096005108298324177
0.0061946340208488731
0.010600843924050727
0.0034128972419852524
0.0063721575939026118
0.0067247040521358336
0.011178506012471652
0.01005105574895751
0.0053067495799630241
0.010956961746901984
0.0082112537455158972
0.003835272191895171
0.011198950017873938
0.0059667049453243906
0.0047386842627732371
