0.0080183392909789035
0.010024275821244473
0.013672414134694329
0.01010469587906121
0.0041665972882011593
0.008751951062569565
0.0033650292466603569
0.0066283681894452415
0.006959945038170802
0.0089420100033620626
0.0045862811556502108
0.0047211179215449189
0.0082494918815501622
0.005896446916964942
0.0085926739537250767
0.0090132396774482443
0.0081838652276328867
0.0075230458569730003
0.01003626394013204
0.0093896876966318727
0.0029321071708031097
0.0068672870922453751
0.004650687848144321
0.017848203736154221
0.0067885350009025897
0.010452111030851077
0.012816040543660229
0.0094205588330354296
0.0058594879797525812
0.0035684138743947149
0.0028794488816549922
0.0067464403982924288
0.0029384937015935384
0.0014951098502860877
0.0024024856788803883
0.011951175366140293
0.011706966823202703
0.0048202702812182863
0.017052593411202903
0.0075418884569130422
0.0038756395975216747
0.012861808683440501
0.0077396396936289854
0.001577785435796822
0.010812661230298988
0.00092960923580259292
0.011653750919123502
0.010073730958867457
0.013729041284166897
0.012314777783160256
0.005098190512144463
0.0086148421301854849
0.0048300747850378162
0.0096714883434730996
0.01033241519320942
0.010535447946481298
0.0060646768429302731
0.0070305899382599527
0.0058845650616950471
0.001179393351269624
0.018934259883528003
0.0096365008313259413
0.010083801447509425
0.014824908658293444
0.002996517596634368
0.004300885885263654
0.0040408073780509573
0.0084830052815372519
0.0024150959860952479
0.020618619786939234
0.014207107391126772
0.019811989075006888
0.019227708247530222
0.011164051797681575
0.0095860533373071551
0.016697290615941465
0.00085944763770199988
0.0087768443658634513
0.0057805800718792148
0.0067818923293189639
0.013445225117517648
0.0071175245639601
0.010221028772202526
0.01260602739225925
0.01053786910183468
0.0090540290868441342
0.0043970215344076337
0.014694074410680507
0.010627046103468308
0.0065248503330304726
0.007527295275794427
0.0091138030495268377
0.010318916529536207
0.0030269356570039332
0.021745714816121219
0.011641529182867514
0.0079326476319547413
0.011142083857073026
0.0020861138557822902
0.030673070390508962
0.0087230467671537294
0.010886558760315846
0.0091279982060041894
0.0065252659363736511
0.017589527113923878
0.011588984032326886
0.012064581923638995
0.015761866972375572
0.003625045640887841
0.0079307959298445165
0.014498833727413053
0.0055733351037168741
0.0050567296209399542
0.014912578020427524
0.0069390676924722568
0.009954606484652951
0.0089114137392677043
0.0062766242302354901
0.013037891048491412
0.011234910565953151
0.011895677694768526
0.012805166044324761
0.0076149002387049152
0.0047888156557026823
0.011945620271007342
0.014105015603994646
0.0012689891722412435
0.0052971852661324028
0.0052775794744218283
0.0072948038892541789
0.005960587302821705
0.0017993911995125005
0.0039102375687888194
0.0071958614033124672
0.010605776285641348
0.01287073016966921
0.0047043686171757467
0.0086399411998508563
0.011267250750914703
0.011243447844715589
0.0075280170427604711
0.0091657151582954007
0.014035967348395427
0.016459186260994251
0.018546394105317599
0.012899340968862159
0.019558890857640048
0.006955600124330742
0.0057499392055893172
0.004081949308170899
0.019234868552036096
0.012898566253386177
0.0089675059057264424
0.016233446318167866
0.0091508992116911166
0.0073627789430110542
0.0061437687702934262
0.0071588216665073156
0.0078519409356937984
0.0054131047857877979
0.017681699981401247
0.011432166095947903
0.010435889194053987
0.0058530568964865774
0.012401894513978991
0.0044898889237782241
0.0060073521469830807
0.0047954261448583625
0.01124961623231574
0.015703018259682098
0.0048070393261345785
0.010219560318944219
0.0073935089133133026
0.013094190023760215
0.0087153450449852562
0.0042115677462980176
0.0073882709698936434
0.0048353843448691305
0.0013496761784154057
0.0087994811604237607
0.011123885557633741
0.0052112836017833754
0.0032863135584057395
0.012517087290468795
0.013596334337500066
8.879804526280224e-05
0.009547285411910203
0.017123837280811096
0.012276880948086473
0.0068367565183758494
0.012898328360808602
0.0031844361850374087
0.0092287061623275157
0.0045137665660496054
0.011735518361082345
0.01018330182488298
0.0064624124772377561
0.014126612166710899
0.00027027074447488064
0.0079381708065549006
0.019369853741723012
0.0086505776657231376
