0.51667889866046335
0.57867461296412426
0.52613812036489471
0.52203968229755238
0.45763622439998741
0.48747842388906271
0.53593628963973039
0.46760075827447223
0.39089240677834147
0.51831994747329135
0.56831096688289451
0.65264855356406326
0.6483365216062017
0.70580960719586472
0.64760576445023599
0.60232367204360493
0.5559548661382232
0.56413237118630022
0.69267846355241181
0.71796183074672559
0.70241715457103648
0.69781335513670595
0.63381942392718982
0.58611085564337795
0.59432875854791334
0.4739810974540265
0.60314432558773645
0.58599782087448538
0.66114300296773787
0.62460056362419369
0.5765890973041049
0.55144012938299802
0.54878431973751396
0.50550135492951631
0.43572876640490105
0.39387401773808212
0.40890008341448153
0.43998240289124529
0.5236010387882436
0.53825028541340081
0.49452370347945068
0.54487653174287531
0.54481944417529216
0.70288666030981306
0.59728518219217708
0.63519154768883768
0.60251766135316043
0.67901891942971537
0.66265255753418439
0.59170411297303893
0.57483237869291359
0.52955856008627333
0.5781001716866
0.50985307528814483
0.52426884192311485
0.57779500406212358
0.57384644059492229
0.51250573844919445
0.44666055537034499
0.28321786538723842
0.34775068828305217
0.3177052517553357
0.44008795303206588
0.40528453317606788
0.45753387428101217
0.43941740645924854
0.45429798689334677
0.57248414062262443
0.63922993883895063
0.71405533182838987
0.72296161563898198
0.68356330512565988
0.68869975308753195
0.64432989326509793
0.71738047944607441
0.69899004116141883
0.61480775151860634
0.65416571019991288
0.6542775133492692
0.60076928296537158
0.60809227564783286
0.59539357620244537
0.62028901772595513
0.60313017918036749
0.56040685204395124
0.41776402152714259
0.42431965375709879
0.55326117669709485
0.50407093517932966
0.55394589191134669
0.55705781655490283
0.55637065470728408
0.58748684473565249
0.575552352795344
0.57289672614345244
0.64720214799659204
0.65442122986907625
0.64955484035643285
0.57911443853656874
0.63717993614594015
0.55314231222121779
0.59775034019107864
0.62959576252284966
0.5953128482737452
0.62236831956287308
0.65749655011042585
0.63288210781505827
0.63657312672246735
0.62311513326794543
0.68395834181414616
0.71236438615927189
0.70650378916909284
0.50872148168969633
0.5437110930954957
0.63463152813457824
0.63008216589543165
0.44865467589098768
0.65130054682680671
0.60526921864519267
0.63102047305088249
0.63669969698383411
0.6706529726925814
0.62466598168818499
0.67545509562784489
0.68106321924510149
0.68187881696885799
0.67223947547961049
0.71432911314776648
0.59741359426350582
0.51344002311556181
0.56506799178366152
0.57936448339040447
0.56350978516459438
0.55740170229140784
0.49639846689647688
0.64428581020697018
0.66392299260676091
0.67366675548864707
0.68166441928742227
0.68387030230327051
0.68619644307238814
0.66760865926191959
0.68719545629457501
0.65082236629337065
0.64201016478302841
0.70699202562751962
0.71730129570048506
0.67275100237420027
0.62026159109388845
0.56942827229835524
0.53866562420888353
0.5119838139529691
0.54089316357109274
0.68277975489732712
0.70983301031136259
0.65893269681101863
0.69585037428408658
0.67084954351737158
0.6620536073934945
0.61486421827912985
0.60315900996385263
0.66870483291953842
0.66668110595653907
0.65801984897468457
0.63435704479226884
0.45066877820664542
0.52506836886173414
0.63140228082424965
0.55693423525086649
0.57337877694388883
0.52563731366211952
0.54768751545970773
0.62581405139051494
0.62128378790917271
0.54740094602959566
0.41626473104146311
0.51795643902658983
0.64718801178404417
0.64545086757075465
0.63822911454963482
0.59448546538105196
0.54268558254765964
0.5403389153552286
0.50837847611732767
0.5937004013019298
0.62330273466340114
0.64101771348600445
0.57474263578885898
0.5914071231683401
0.59738219266345427
0.37753941040203615
0.47497655304558711
0.45288032153413188
0.53705789525181402
0.48299004568673215
0.38559573999090979
0.47578063441657636
0.56721293252140759
0.59256194606596568
0.6475613009376916
0.59547541817502025
0.53773906527648152
