0.52637737226620718
0.52845070015394546
0.49460783618085169
0.50376147728286935
0.54259194634691255
0.55454301326836608
0.58517395016379181
0.59314026811744514
0.53372212726308665
0.55754605454056405
0.53428957075294858
0.60223668584636458
0.552035384351931
0.57781012854511704
0.52718040215895323
0.54666219297841001
0.51188914605252389
0.57539251779815026
0.49553481466601373
0.54194440817208434
0.57282125351055657
0.52889075556466014
0.54014395966456819
0.54137816223314061
0.60878422719571212
0.59786918761643015
0.61262192347515454
0.57584420871994113
0.51991924634048015
0.53089129160080584
0.49248705663461306
0.49658298081911767
0.49075948098580185
0.55404413777730555
0.52110481564658817
0.5153553140217052
0.55263826289827456
0.63090121115420716
0.58607320779252803
0.58664668352688976
0.5938804118349108
0.58334853871016579
0.51569641476457373
0.58658792190726472
0.54726831348795502
0.54631347684596043
0.52422520133728501
0.54558187681938797
0.56382998884852031
0.5369265981174759
0.52325529515003777
0.52720028884349934
0.5780423553272529
0.56013393441146708
0.56451291412174065
0.50726078677320363
0.532386993182554
0.55831545386647197
0.52942093972765181
0.47316209236305551
0.5714222607866587
0.58240071895781376
0.58146255625787857
0.577773439927041
0.55295497813827088
0.53389986036770387
0.55307732300861912
0.56183655264595866
0.52650423129017476
0.53034805870337365
0.48892225312857146
0.58593952209536382
0.51504019892065578
0.45249869847422824
0.48427301659122124
0.45550366669393944
0.48257739758455859
0.41046032057888637
0.55793925760033336
0.49705879703609002
0.43874628371557822
0.49576125366103296
0.53218877799218423
0.54572726582883668
0.50557099479101664
0.55694336886445639
0.56996544394982074
0.57744938500175247
0.5838171783935403
0.58739290441831005
0.56260469638559607
0.61284233813277
0.56897452192997666
0.50581224406727709
0.49127908745299748
0.54626461145840854
0.54440866928124776
0.57754174490994725
0.5834875953078742
0.56579163198340787
0.49149766087697
0.48892897829528531
0.47224498562101147
0.47907346819720126
0.51212683123971081
0.55325801270944308
0.42917631058552785
0.52240713550170148
0.55919274669459318
0.58745977748897449
0.58894087228505898
0.55553249414309658
0.527808064657458
0.51190387169360541
0.38393263582152498
0.46083607025162848
0.54335977964634485
0.48552207189585406
0.5582580239096202
0.54747926116950729
0.54353888206776091
0.59191613505257012
0.45905260162386913
0.57331820575677728
0.54913668464968901
0.55114122757636708
0.53536761607840921
0.56046321241356123
0.56349545935215006
0.56385955011513922
0.58316371873993189
0.55688158665491505
0.50823917990456502
0.5996621919545555
0.61985659093867773
0.58793101101305034
0.58816147458147172
0.59250191747886782
0.58367246558802399
0.56889674370237686
0.59537142432471846
0.54654630151887429
0.62089540960558109
0.58390494720726493
0.56828865925782313
0.58809189488970637
0.58740814918292195
0.58236907432165042
0.57188051018824659
0.5769867377407083
0.54714791726241463
0.55680397371781898
0.57119429502224484
0.56549657413850984
0.5946925569960454
0.57009929891737621
0.56788949982178138
0.57222943366078372
0.55264758721770679
0.55116494601335841
0.51118217228098217
0.55475052124640833
0.47768297931357762
0.49406813554452755
0.4234986947944393
0.46890580383761538
0.51086188508893093
0.50038768542752932
0.50519425663958839
0.36318096406492978
0.53688556051218916
0.45315145419480901
0.40594833434943894
0.34734326177290009
0.4998753641677256
0.36336488058788741
0.40807397208746715
0.38148843927711995
0.37385240946957238
0.37939049538788233
0.37537598836946723
0.53276993124178817
0.38796880760932234
0.41821721025949865
0.4261006210436199
0.33205982895187686
0.34690754228790249
0.3754193999712
0.38748837661818297
0.38789590893384723
0.37520777622708934
0.38417255152148322
0.50789803232789077
0.50894128659869731
0.45061799069055158
0.21706575433984412
0.13780052796714962
0.17392086487965619
0.11217144675136748
0.15985008549458921
0.18379053113116045
0.37619603475504598
