0.0064693788914971908
0.0082368081218788282
0.0096643701908171488
0.011660568592528144
0.014612349797401379
0.016136739704915599
0.011334784735816634
0.0080762149599790372
0.011376688454093297
0.0084158879405413188
0.014634597247914282
0.018714080434664271
0.024474447119027791
0.010547352948344741
0.010732054943029836
0.012429946042383878
0.013798842950591323
0.011711182905877245
0.020545474495701259
0.0021462635516800088
0.0068795202597706816
0.0096296201214171959
0.0016255623614760285
0.014641639641971032
0.0056052009172854736
0.008202119090834405
0.007578576842869925
0.015732244701462735
0.007093593554822167
0.0051052980327767322
0.004150596518064582
0.0086378440054746524
0.017328822209691782
0.0086182601680174099
0.0036782609115199203
0.0094629715996046443
0.011349778390701814
0.0053581124470765866
0.015055645276636193
0.0057449065218483988
0.0030582788141820787
0.02909180964077937
0.011746635648259294
0.01182131758942298
0.011574906800290179
0.022159020933392962
0.012904491967559644
0.010720983015760792
0.0061247432933923089
0.01582237805863014
0.0051567690455408309
0.016710320062551395
0.0073788133065373568
0.0026803882714174347
0.016965941507665425
0.0071326683090193943
0.0098552721884329203
0.0021242001485818418
0.0082700290054461608
0.019765095592970839
0.011488011105223067
0.012681160016793617
0.0082162904551882406
0.018686383542014979
0.0096015271510013819
0.0044291710387186689
0.01219072608174978
0.006646768502332698
0.013764262280113831
0.00035016417480396273
0.010485391317907983
0.012936687251417726
0.018149010769440175
0.0072841157729340118
0.018943594922982192
0.010904056013521705
0.010596755056392919
0.0035902422459741534
0.0012980903679228159
0.010330449593848844
0.010443174085756358
0.011411035090833938
0.011427142805670448
0.0066114680230874778
0.0031805682181479779
0.0072499178465605723
0.0082227538054197996
0.011767399463802364
0.014669808454713721
0.0141403605769783
0.0042544249570833845
0.01637138498975944
0.004758061940886067
0.00069377017586172939
0.015768568474312548
0.0059141343627214221
0.0088538386695652289
0.014285497223290434
0.016950584862630423
0.013110362416111078
0.010357885866322964
0.010810242278127474
0.020011699302876104
0.012835178590834814
0.023357515495226796
0.013810375488496861
0.010971615600706808
0.0061946253047763114
0.0071715972904783636
0.0080960962906518712
0.0041123271754624543
0.010750158058981545
0.0054604432393325891
0.013841420394941926
0.015556053142624331
0.015997865638909928
0.012067102560429076
0.0047880017132647928
0.01053478122253807
0.008992092553617834
0.015373309581098718
0.012187844438980643
0.0080922958219801343
0.015079155463162845
0.0069233377062284853
0.010834457873256117
0.017643772185814418
0.014435944477639889
0.016414717740504518
0.006847606563153634
0.011465151410886019
0.010824836933134621
0.014406663610171379
0.015283724082093502
0.016835332222437705
0.0087825853781252454
0.011537888526973685
0.0061923632277173365
0.0075313247755637788
0.010263924399101334
0.00078389328702265697
0.0058810010703476551
0.015959272243470057
0.0083358391621441274
0.011245222640471307
0.011721964946251348
0.016914922150472179
0.0077693222281890227
0.0034648453003645299
0.013682978025715432
0.0056491595365145532
0.006888581965715017
0.0036522123579428431
0.0056918465006568541
0.01331713569944154
0.0075771608346860255
0.013239406498068929
0.016318798773462755
0.011997109218990946
0.0099995006201188414
0.025253592566745028
0.0058991714952772367
0.005529525233047638
0.017542408229871159
0.01182252278620797
0.0088500684818252975
0.0085142792531417173
0.0059011290009914558
0.0066440185142882238
0.0097709960385573436
0.0068806524561770138
0.0061475027742556509
0.014522520985634916
0.025613513481033426
0.0066205501545230413
0.010270912765286667
0.0057736087605804991
0.014816634760215613
0.012368161488811676
0.024330351572429843
0.0036513600330805663
0.0041250964890454473
0.012758971393494793
0.010881737585826404
0.0099391896751872821
0.0021029543714942939
0.013653777054712386
0.0091239224485062057
0.016216583075099315
0.0033620054726018452
0.0074927652564528357
0.01546200706113255
0.0064626312761458145
0.0041862635553966687
0.019968328532490531
0.0059247656908320585
0.0099471801926356001
0.010467222647252637
0.02254161852694346
0.0078208802072949005
0.010991599502325953
0.03040098426380794
