0.012085338795766993
0.015887253128709415
0.0043654241830604944
0.012408575362301093
0.013211822036794897
0.00074468548555662283
0.015731575338499077
0.012769248571929527
0.0061417498543711261
0.014066705522125085
0.012608766199585309
0.013721176575527709
0.0069879778162551592
0.017144090222853535
0.0076896568729738516
0.0020748965913304383
0.0061522197292426901
0.0101930925838717
0.0082469155388794502
0.0036111669562564523
0.0058147691349634363
0.0056594028731649379
0.0033264861713199635
0.011599773896983356
0.011091764393861784
0.018241530224008446
0.0056741585673067653
0.0098178302469687419
0.01665292012071078
0.0063611673067577625
0.0086265039262060379
0.008899801474648859
0.0016300047574142268
0.0086193008275970342
0.0043059121111176128
0.019302380960027482
0.0020410086477671168
0.012721531004092268
0.013691604967946051
0.010559063326306238
0.011890600551945569
0.010319222780564814
0.019690887689790663
0.011966356596038905
0.0055718370605121713
0.011028628602807452
0.0086217853472964415
0.020782348531792928
0.011217406134335675
0.017666096238494456
0.009156518750896285
0.0064873638935206536
0.0088537802753412605
0.014201389456519458
0.0093718513585615993
0.0071595565515402632
0.015169790647830717
0.0053992368751771781
0.011709799622833694
0.0027670893279195408
0.005068865040956703
0.016873430430890405
0.014047775765177833
0.0087189538872580671
0.0092129313421315997
0.0090077764386762172
0.013074467747197364
0.017724708562848239
0.0065391354924650771
0.0088253387204328161
0.0053867845597486575
0.0075780066958251275
0.0054231952442521823
0.0046592910671998987
0.019321538313193255
0.0047367530777161432
0.0070205271164967406
0.0065932054133490741
0.0082910471669633556
0.014708160256608652
0.01389052674845008
0.011015426106498567
0.0059060686047623968
0.021872270371608507
0.0078035619383740309
0.016659142638945509
0.018249508974023401
0.0066929384586485296
0.012242438975909606
0.0085135264291744395
0.013364332004709992
0.003417234610513542
0.0093003600465652245
0.0095567379584060603
0.014219494111541012
0.0041273016169846022
0.015710834519838228
0.0058552301001586612
0.0033738999213809183
0.011003058655439744
0.0085865965577550038
0.016184627532901223
0.015002937116056091
0.012124087382863908
0.017380290849782182
0.010743281048975369
0.0077342782732411552
0.016831169092194804
0.0036018610881528275
0.012873492688328811
0.0045905700019797154
0.011432061641465161
0.011884298951423729
0.0050935861976051516
0.011850346115541911
0.0016730572565552904
0.019840398972151129
0.013014215221615888
0.00897447048521198
0.0022061069288709396
0.01595237080513023
0.0016034601606929922
0.01584470540159422
0.0019091770275088604
0.0087522921364717437
0.0041248151261243449
0.013765829050379546
0.010938454321788853
0.014571793449700979
0.0093432445457966775
0.0076312995891638187
0.0091714045345370806
0.0099064992309424102
0.005221477235007343
0.012052816853639823
0.014771514512773237
0.0093638782973184415
0.012116293717942254
0.0064651214736882517
0.0066134407707525321
0.0070459772202902749
0.0075019036394681372
0.016785219293662671
0.013654884238372474
0.018323045728816222
0.0092345541470990212
0.012181538788843439
0.015360577471281472
0.0089444742095584062
0.011572400230560427
0.010370484553213417
0.014827605110982382
0.0064262025724029026
0.014927842727138235
0.008584359544948645
0.009769200896821463
0.0049301911635171343
0.0045848708977521985
0.0090525450648510294
0.0055230483919375076
0.00091673688925659113
0.01047660968399557
0.017890785647307304
0.022287476614472009
0.0034331690879520348
0.0077170839645695332
0.003795370726242012
0.0074149867448543468
0.0061551060221990547
0.0097813136331867685
0.015048756256302356
0.011646550334186306
0.016437958553666535
0.010107561223243341
0.012120936680359466
0.01119208855077633
0.0038620437073628618
0.002105446379884978
0.0089236780110276033
0.0060810786062566301
0.0074993046378821464
0.0018752584829983573
0.0064071329635354514
0.0073728703785944068
0.010444945387592938
0.010041420940861195
0.012816141082363262
0.0080375050892155936
0.010521303878872125
0.0048503543434911724
0.0057622614693443033
0.011452032692935833
0.0068338033944216545
0.0043393555460204836
0.01034591839798398
0.0025446946922952104
0.012306359177054953
0.008998616423993756
0.014471402757393398
0.0069150648439219187
0.019198772991361572
0.0039353275819606053
