0.038884986544587739
0.028326351476755988
0.030869432059872068
0.032013419904069862
0.030403998027890518
0.026145884233140269
0.027846982204017566
0.016150294809851092
0.032651914261480959
0.037680333920201474
0.036618794016389268
0.036981207591334046
0.029800440424652096
0.020284927533152072
0.037082683580459463
0.018927273213899688
0.020394611019431654
0.023023732445202994
0.041743480503231831
0.01969751793620219
0.01152889500984062
0.011139038905215266
0.0092402890021639848
0.010551540719990473
0.010619529103461462
0.011081426264590542
0.0056167294780638949
0.015875311849053469
0.026175469738663162
0.0050455455717582833
0.034019095020200646
0.013793644859563341
0.014498328990499926
0.015123532628688367
0.025613309824406818
0.015444447061509974
0.016349437944254832
0.011883375906284379
0.0040147993966147561
0.015961627544846247
0.020272343917251325
0.0081808778328688863
0.029920498103830486
0.0093561262606976486
0.019521776126800252
0.024676343373799776
0.018580543276986914
0.026992496780044752
0.027269162251854443
0.02818040016007841
0.032740598276560409
0.0080674597844909036
0.028249611643245749
0.020823565577199186
0.028277178140912254
0.018797890103121447
0.02282281552127783
0.014908411139105782
0.037607976068639859
0.034755587639078302
0.017765604593757051
0.014567134376317724
0.024343999988814646
0.032322537505584094
0.01629612614179277
0.010451014307107022
0.018344076442495607
0.015529962841858589
0.022588303973772136
0.012718175390791725
0.036392034746697527
0.020810135958157998
0.010066165269405685
0.0068583487571181826
0.024922700977683503
0.015808621304331597
0.0064325038576665532
0.010182076330349206
0.027042872411818023
0.018283197013816865
0.010906794327091998
0.024136154831729605
0.029729886463164341
0.03628273088133685
0.023389575448203845
0.0015097128186622745
0.057831536290566379
0.020707780910562596
0.014981004933211471
0.023634998018417189
0.029785840745672046
0.035225078095879971
0.013228692343723819
0.0045750721609249204
0.018252915092912735
0.011375422659950866
0.013451318359341101
0.010522202705073669
0.024150990209469165
0.020668868765002301
0.018147206950899993
0.011262509735081519
0.011486837367151975
0.0076091673101398279
0.01628469467494173
0.03838034553879794
0.012842126462284021
0.0093094826923280725
0.015127988174739208
0.0080384852766114869
0.0200751750952303
0.013590221198506379
0.011585588146538209
0.028959833450554369
0.01850437356912547
0.013791480130851049
0.00850585983716254
0.01721029149185983
0.035215337564900577
0.026596185762348033
0.0043414620889915103
0.020157060449166896
0.036829334167715527
0.023418160255074216
0.029688735106931163
0.0084318201257683675
0.029035312144913072
0.01169889947573525
0.015725623976052254
0.013577586947230163
0.015881198898020126
0.015892910016252537
0.022301928653079901
0.012903661308067946
0.019221606284463292
0.016278148278589841
0.0085466683490284748
0.017029668173515689
0.039398107799736133
0.034025608854428936
0.02015813181012786
0.024606350691338465
0.018246710852091494
0.016566173765341929
0.039340695912016811
0.014351184393492998
0.014376271757799611
0.019705756211831824
0.012129399096994934
0.024039907178536452
0.0074828176709914578
0.028750694477241462
0.010654494487994133
0.030676399978174257
0.0034193638041120377
0.014099405307795989
0.035187347582055925
0.027196350721594532
0.050205622448316348
0.011467298918587807
0.0045196793593912602
0.017275328628194746
0.023045288728023184
0.017629858385468815
0.019046060933720639
0.020895590119014373
0.003436930882163792
0.03110635769809237
0.036501654170531937
0.017709567464126719
0.01100435452373733
0.012232173491891185
0.027307947866891627
0.0091267786368382006
0.040767081797920456
0.027772042667530649
0.028601056196842698
0.021511792012917023
0.022519365932649325
0.018012065764558615
0.0058016487298539953
0.011470779663659732
0.015395172176235846
0.036457769611483115
0.017742502918988462
0.016691020665509992
0.02174104292385488
0.019647168066466988
0.022705499818710027
0.016030469016896674
0.010392431310812895
0.015793239010018219
0.012125764415433988
0.01246837315656989
0.018948173369590121
0.0085225302186120178
0.04509914633425912
0.0058278800118191452
0.011767670938533438
0.040841587609224905
0.033464165778618479
0.038573577749365436
