0.0057175181422325829
0.014757063563349685
0.021580676880744939
0.013010189511363842
0.011837129172605199
0.028555771075988279
0.011643829432857494
0.015908649078242895
0.0277717159021315
0.0097292667185353721
0.018589114741237561
0.02435486464062004
0.022011485630013903
0.003274186020058112
0.0091235978320792499
0.017547531485412819
0.019445824228162562
0.014692685766186542
0.0084417121189567113
0.036546355279314373
0.041168410312259478
0.014427714791072804
0.017739693160871102
0.033452742423621139
0.0061147539004637388
0.012596084935938496
0.0041374471097059603
0.021854564027717769
0.014710717217858922
0.028031229898681106
0.035104828593754335
0.018495631399070379
0.020163771275249428
0.024400353790458983
0.017701773903240292
0.025231003491906986
0.019140864763290688
0.017687994377433507
0.015127237285075481
0.02961161875863437
0.028882078708175385
0.026264885172877929
0.0017603952490571337
0.019804788403797898
0.027513004896699514
0.020018941960368769
0.023821160711031936
0.0077425151414114886
0.007444168424750295
0.0076779709964642905
0.034374992545920052
0.0077937184508433503
0.010489340853656869
0.028040660815886586
0.028578466557307083
0.025494393633565097
0.0098395388082378066
0.0115807197372663
0.015088889868398934
0.014638957785559133
0.021839483203358215
0.017480867715350196
0.040871055981358068
0.038815644314261558
0.022573952963370274
0.035725473186795691
0.018977914476586817
0.023361300303968477
0.036027128858013589
0.04224432754506928
0.020279835397685703
0.029679133976280123
0.0060763938943207401
0.0041577908154390416
0.0063061524051875664
0.0054431552786032089
0.029494502098819368
0.036107734550986217
0.012566406494286154
0.012979502541861495
0.016058999940856807
0.020375880569174012
0.0032900552678899538
0.0071750818729779927
0.022555035840751279
0.010373241409913476
0.0045247649919108717
0.020821541049563339
0.0090107600380040891
0.029249864965680765
0.005997675354982965
0.0079315915428970381
0.014888094701186613
0.040689919230183343
0.023723604687252219
0.010444572568920668
0.01243221580815821
0.013909810107200226
0.019327072458512791
0.029724023960032167
0.026803670151722008
0.005156732985470704
0.017927490349284078
0.0070891142975423116
0.022668200405923326
0.039123062324202401
0.039316620561263012
0.013706142784843681
0.0013925566720192478
0.05432386464293517
0.02537651348406415
0.025768462643901518
0.012304135667377317
0.037088631500623838
0.014858352336489291
0.028202036133158099
0.008152909949092008
0.014822552429374048
0.011724040054781072
0.0065242692027362549
0.049341496820504906
0.019795935530316031
0.02763559365148522
0.019258287547164542
0.0057699265562003521
0.029783852126508591
0.023519145393209814
0.015203540848501665
0.0039690632397507263
0.024361322003373487
0.011993513790486601
0.030305602751450861
0.012251110596839471
0.016454266964210491
0.025371102226241518
0.010333347741931263
0.03196382578088923
0.029791282846126151
0.040494456440152468
0.026903598035295111
0.033777979856950607
0.026510242521520774
0.027371639593880726
0.0062199807015280882
0.011978623653782076
0.020953903497777638
0.021645079172468586
0.020475893160880873
0.03538593673882709
0.015263402388168831
0.064060869439298909
0.019265130705679711
0.0032911975103171649
0.039470202741000361
0.01906443709083944
0.016974336297918863
0.042474078332705695
0.012183481091179565
0.023528665764725232
0.0092939435363518733
0.013544599858404888
0.040054841030076054
0.018586917871369856
0.024498746346068603
0.029100760224127484
0.025054987296979941
0.021955660082793229
0.028944942217327799
0.019845251972348169
0.038845351371047936
0.054472305810842218
0.011070754045095457
0.014591280141250763
0.026000837570466555
0.025167099963863834
0.036846783452555543
0.026386748191500619
0.046924167224098152
0.016635973862970957
0.0060967970203218589
0.0076636105390996004
0.021995513624672718
0.022578370767772703
0.014207603943916366
0.040871152082969951
0.028835395544083521
0.013443444578431373
0.019057924830811229
0.023584548093660614
0.0243401300828332
0.022500544422829366
0.014335612323722848
0.019835528107381505
0.0074266033568045672
0.016000427472837097
0.023598780657505258
0.023505892050667478
0.024372123722462818
0.01928585364166957
0.025762327813332542
0.015481213227116942
0.039447976930749931
