0.021314234426664486
0.016671086934846979
0.016417352060745797
0.017301452654632409
0.038795775499521012
0.03121738742054532
0.023384767200899548
0.027600388337166566
0.018019941615147
0.022241797566902557
0.040210271730682111
0.0033799818725890351
0.0018900030235523603
0.023718288714287203
0.011696664620606626
0.015307465632732088
0.0056034540167604809
0.0073357412108365442
0.01858396842958978
0.022582394130718345
0.019033406918724498
0.014855057494338632
0.02455273201450648
0.018215297773758354
0.030474663759757391
0.025737630453553244
0.0027621775596311372
0.042596014605894336
0.0378554498305591
0.027890270548063919
0.021055529648890223
0.011628715714764898
0.012814680427819546
0.020658112557397818
0.027291818379186952
0.023917610138535345
0.030997586523016939
0.038738556637229846
0.02642671221329668
0.031282528786036053
0.019627134901910714
0.031352639706849504
0.0094398599404424983
0.012197443281871598
0.023319389898879921
0.031290580317436124
0.036099579623697822
0.0304663368763642
0.01878555357227291
0.041490114857631329
0.045137370745375556
0.033599114488183354
0.018776376531580673
0.0081917929714396629
0.0091031822664271542
0.032474187580067496
0.020985638889029865
0.028202727061348951
0.02912527465696518
0.01191024207837694
0.025098296126188066
0.020156940944409913
0.010271563703116359
0.027522104866890541
0.015100875837456097
0.009827752271807615
0.0185821611163795
0.012108030953830947
0.030846287706961285
0.030164306414338083
0.0060564674739505423
0.025932683791315209
0.013532632952977219
0.015028646147853427
0.014074387539799466
0.0080730242781386352
0.014764661468256012
0.018642396239747217
0.010531451011251443
0.019130072132128299
0.027131780091120564
0.0190894441366844
0.024257207509614534
0.029954292650399363
0.025154054589373392
0.022638979719292258
0.007354266228441873
0.008631493916224588
0.027197569649884869
0.022018084891639023
0.035864546281083098
0.023746329536790404
0.029953144823460499
0.01671571800743988
0.029116702478836201
0.0079086328860354035
0.0074253778645356448
0.04114264084210259
0.011752394732906889
0.0035869287924007115
0.013508050850173823
0.038278502988669125
0.014214947888060986
0.027384591637678955
0.0075539235898958697
0.031692608077096097
0.010333611400252395
0.010960090794326272
0.025472306089196595
0.0060373589921037902
0.021734306941877109
0.015224108916296063
0.0095075607304129939
0.025267268283866998
0.014304931707159529
0.028322756456135613
0.01159332970683246
0.0089941111744798498
0.03378465767809917
0.013747623077070436
0.0098578740005354909
0.022127410007506426
0.022554269296622801
0.033410342293464554
0.018252875151287429
0.021552582320518904
0.012958671765263729
0.02663965214520846
0.023007313330814586
0.022019164666973047
0.015765198799250174
0.0069824911835288297
0.012103861996721674
0.0071987522022464575
0.020048997925126901
0.01340721052259927
0.0096695823987025462
0.014380688250458507
0.012434639674090392
0.035232853018010366
0.020278318022838221
0.0066800523370549323
0.034368348194429313
0.025432917878186766
0.015043587446956183
0.031161512572387865
0.0076103349906497106
0.027044489680556793
0.027494861052538244
0.025675674599484416
0.020579962626444778
0.015666901119403415
0.0088146621357075884
0.036877228446732115
0.008284437166490792
0.015521141131402311
0.015046856381984271
0.01455155111239094
0.018233215700832795
0.034104256906331148
0.01757677676743797
0.012706125176696705
0.039644395714608531
0.023259797269379556
0.011447325854471085
0.022554824350665446
0.0082142092890948107
0.028093624950466183
0.032817501435395691
0.045620095938249484
0.026950767130323537
0.027963407660120183
0.041236662429105411
0.046856358114113913
0.011706672086063071
0.0057475193396453357
0.034925549370574994
0.010083185534683823
0.029264832162293749
0.0090555475801904171
0.0080647227122298999
0.019656628120859738
0.015185664300212625
0.037171245728739581
0.004728241652720227
0.043416417065416726
0.021480760929914446
0.031865554127537603
0.020125752362057821
0.030080544774624018
0.017553058322452665
0.023970752841418815
0.02863211552936732
0.0079360469190900874
0.022253893536788676
0.027079953793075158
0.03196081333337774
0.0043553863095393431
0.043531910430335004
0.0067246011411801424
0.014466074006211608
0.015116722131963342
