0.28729283618003199
0.13884542157967797
0.29668952698606438
0.16252022813725089
0.24286216364377314
0.12894247007046145
0.20822636016437909
0.11818776397865412
0.33197012808132181
0.15688007384395608
0.15814973434246496
0.13184968321570273
0.17122670303482393
0.21929298085526894
0.21572487706671054
0.17931133417834227
0.24499213800661385
0.30652560463701028
0.26141660053050053
0.26095722989756531
0.12700944795774594
0.065025593256635358
0.25238480139750163
0.27560010953785408
0.13701260554911115
0.14989833574320802
0.15053695868441286
0.14133557926571752
0.075927194465868611
0.32237470030639864
0.23577203939484773
0.065215943478431432
0.073306296719655703
0.24210605269005814
0.29762381215729783
0.090957221863005464
0.28371909758465047
0.30463595347643313
0.030705375349410764
0.080281893448340733
0.14415583870844914
0.10426372727058109
0.10838153824481958
0.08411587651790628
0.15045929373993508
0.25639910656315379
0.3453366835348613
0.26908540919562418
0.064021595275240137
0.20232810821754701
0.10526847749771201
0.18818869663346713
0.17293784868853029
0.30587402557943888
0.029056010655785086
0.17749960111304561
0.1323831971191797
0.17013611882298768
0.27577434007381996
0.35034140521525992
0.41626306058134621
0.37297112860939685
0.37935397569745472
0.39438246109730984
0.26892307975435326
0.40852273594203498
0.33140334959839479
0.34564636732933651
0.3921259351764938
0.36826337706253676
0.42932324242859249
0.40705325323266267
0.3050194483703671
0.16955345182649426
0.16309411089853035
0.23943059715939086
0.29500388464263899
0.1682204829596638
0.17029919098851667
0.14189103069767045
0.16068638385472467
0.078494944311808382
0.27301927870088066
0.10583223129082872
0.24344508155225072
0.38795279740949623
0.40875143460694191
0.44871778197094975
0.37132443736724441
0.33522242656460616
0.37278294498325149
0.26117301436811319
0.33094819774315343
0.36365438823167007
0.35841888400959193
0.38582917032714814
0.31775671680670053
0.3972591598054081
0.38849392335645433
0.16253913963083072
0.36391050839853417
0.17092001118558439
0.19991862985589429
0.077662733522553595
0.090883017904587055
0.24034215523325261
0.16105591215447598
0.077765393554519557
0.24703349941494451
0.31203459852428894
0.21256017665523277
0.33366834353123448
0.28814255329046484
0.27987427925255859
0.20817643072588796
0.24050444408960744
0.16721270105333449
0.23053061924383789
0.13904463752013219
0.15967758403114604
0.31261562759435313
0.29163075235479896
0.16904299756698954
0.12681103209661082
0.081909335129964012
0.24772372828799183
0.35341405209989907
0.25478874176042221
0.24463567731677835
0.34797339277901923
0.22603602797186639
0.069795593176123188
0.13359494635063651
0.20928510001674655
0.41455963530825801
0.36735103923276274
0.31970007436633607
0.31788271734561785
0.40209754520061747
0.45052411923992131
0.46735334327669459
0.35050971802694686
0.36259502153430911
0.26065735925662054
0.35107106989027481
0.15819846654771297
0.14575442724322185
0.27622312818727207
0.048902917924787355
0.25819162691442721
0.23811809516567592
0.19012225831620277
0.23483901640030153
0.15955195850523149
0.16001034038480502
0.042920819231810244
0.17511290985053349
0.12495575282889299
0.17638016995896011
0.11339484666978396
0.20352223427531019
0.15640896328351966
0.1436125165701499
0.15104095767297132
0.04643121967255967
0.15745076278857845
0.1186380318266259
0.19749004435991679
0.23579762827971418
0.33255995809968936
0.32181091784654686
0.097840174315332776
0.3488275446603315
0.23414410694146368
0.23778990612227902
0.28406251167364049
0.22639036754935932
0.17748070261796919
0.43676618485297075
0.40999969281539966
0.42795677105030616
0.42799587527398164
0.37632991402663435
0.28562461585422566
0.34275833096446828
0.16216847722412897
0.15067530831594927
0.3359230126255815
0.18740170617437024
0.1817890222842071
0.30212415286710054
0.27418551840494509
0.25537613011764543
0.46994532907687636
0.32033052342191021
0.26475013766426525
0.35089146788673076
0.25717015412385658
0.20594956730796682
0.086399982273181283
0.14047496350963706
0.11745745933757998
