0.0046397380141263251
0.00078025359217187844
0.00069817895266220339
0.0099066942282791393
0.006288768265811197
0.0081187976616253037
0.010907916194323609
0.0090549047218770745
0.0056334772462146828
0.02486123786267808
0.0010560698664517985
0.0075792886915979421
0.0023166464622899402
0.020273365297679969
0.0020156809226524017
0.010515967733152692
0.011430865114131021
0.0085763346297479601
0.0016421003012945831
0.013417347783561693
0.01062116888027222
0.0050771738663201744
0.0036695720226890688
0.0074939265694405951
0.019668465723178388
0.0032517904876904137
0.0087360478988562397
0.01262298014677854
0.0049932168693447463
0.0035154884623263957
0.0060547136020326171
0.0094845172449306153
0.0094103857602800232
0.015960891620486906
0.0066143369533032516
0.0067125498681559264
0.017271891892521481
0.0081108753425840306
0.013612802482198689
0.0082775402832127969
0.011136786944691198
0.0081303677940102424
0.0090253884930502296
0.0095560387486335521
0.013226648782458125
0.014605615585355244
0.006412530582812521
0.0054929174603311984
0.0059568480810933966
0.013541558190492733
0.021615069837123364
0.0052794070247983342
0.0074327221152742295
0.0084254772581342282
0.014643821209892069
0.0015859233117638536
0.0054757095759343545
0.0034364305881795787
0.013425874166324207
0.0050705324500620545
0.01613774399894086
0.0058483967198306158
0.0046487669521033696
0.012196721762935599
0.0035560807334001723
0.014019104529968065
0.011620984957262622
0.0056755617671175153
0.008331159354291566
0.0069980427419915813
0.00074944494565397726
0.010284045852520437
0.016283222953818902
0.0080815478001906704
0.0085598564835578234
0.00040661038830245558
0.010162253261707267
0.018884519573324973
0.0034656574059853135
0.011435139663524508
0.0051843987818636361
0.010494126389647652
0.0077220047977746885
0.0038355636387540802
0.0067961101805824329
0.011114674903314666
0.0066740758274112504
0.015125753968047238
0.0051430754877957591
0.011323165587960919
0.0040637265272465773
0.016081177167736743
0.0085900284304814729
0.0029226717978571627
0.0036827816565084318
0.0070911721655556132
0.012801731778764253
0.010227353871981938
0.0065140171023508114
0.010807260687223061
0.0050946502956912649
0.0079012152828076207
0.010835723014050511
0.0093627663472615405
0.0097932965295641512
0.011187489536549904
0.016473082754351505
0.01119530237730673
0.0037154303632993056
0.01818675908890623
0.0077608135897838989
0.004770724677330803
0.0050083131773371124
0.016068865531023064
0.015230938700695357
0.0096907198757188139
0.0085456145755814714
0.0052962608576183415
0.018516676085817554
0.0099531837327606881
0.0049883336492535287
0.0037303795100743923
0.011648076608974484
0.0070890510465149393
0.0065858650369646308
0.0088984634103933414
0.0099908533737867854
0.010677766145740524
0.00095736478984191761
0.0087063542664525453
0.00078560374961235586
0.0018307233151300226
0.0055654440621960531
0.005074060865729352
0.0089012700472082314
0.0035950307728843229
0.0045242817012972284
0.0074564436330072864
0.0018564641425732357
0.0088910717694214714
0.003419952151287581
0.0028672668068873944
0.0081986463457805556
0.0049385123929024961
0.011920031557040352
0.01154501259454078
0.01907960551596195
0.0097662406924633269
0.010074835668130616
0.012071446313119688
0.007343836936489853
0.012291453371191407
0.0090894156655511905
0.0076767805203272867
0.014857473964609992
0.014305847694790527
0.016381177530914188
0.018958462156619688
0.0091018798459204537
0.0041409943956121102
0.0098294081022719023
0.0061412360831684838
0.0070250496296913262
0.012907250328591838
0.014074048919880367
0.014801574260155534
0.0045307575180332169
0.010377094672869595
0.0042293689786409806
0.0072351505056809234
0.0061642362335968329
0.0056791675458742275
0.0054352282853792682
0.01748801926628743
0.0035676602357086066
0.012654317052166188
0.0068530297568090062
0.014683008000243544
0.0061422461446226104
0.0052893492864818257
0.0091314231365084483
0.010640516608428493
0.011517858016127518
0.010713976560512276
0.0017800515879345992
0.0053651874554816129
0.0046629853432832487
0.0076367064261486399
0.016577506343789201
0.0087616646552024745
0.0083925360367261906
0.0080382307012003933
0.023366392041595935
0.015275526525057181
0.0071979953702086888
0.01112717182046578
0.0016907023347144646
0.0078911626006709142
0.012785496437227858
0.020102001722031776
0.012538603268078744
0.0083620897845969079
