0.0085965154466225574
0.0072371567087945879
0.0044490868236911809
0.0077711042482954606
0.011660306253642564
0.0077193987113640672
0.0026234969493048078
0.0094408910191439398
0.019284485891482843
0.027638144320138312
0.0042329357995207423
0.010886680302343087
0.016590936890556802
0.011127968182690183
0.002470711558006212
0.0016085625290613236
0.0094816902632669335
0.019418135529286156
0.010660064170689156
0.004681249513181834
0.012412550208392745
0.011114588442006001
0.0016774227811433547
0.0091079734657045722
0.011725675357858283
0.013351042165645749
0.0059728577873015658
0.014391603977319489
0.0074032638116930611
0.0082073935837007339
0.01216921091064131
0.007997715795647101
0.013613336213917802
0.0080337998847643637
0.015858662769540791
0.010976324906465728
0.009702604332362863
0.0056901731984500201
0.010873558383345546
0.011276658035042098
0.0033698831411542673
0.01359726245692181
0.007291508206940603
0.0080060564936603653
0.0079170798387966368
0.0017317594880202135
0.006618750365329786
0.0094012360208658267
0.016036304458937195
0.019534917644552955
0.020654185871069795
0.014304019397675163
0.013562550778520815
0.012121778917648793
0.0059636601448650002
0.0096583020894665424
0.0039448241063126995
0.0017965061036425249
0.0019028626734262917
0.0062328074771823994
0.016777021688698313
0.014779226091427471
0.015279007123137473
0.018356841675530984
0.0023162336283447209
0.0028055526336579527
0.0077237090939614389
0.0098083237588269308
0.0082708073851080251
0.0052889329851808853
0.012308131283716175
0.013905908446294519
0.01226556764475392
0.0019100186029268977
0.016350061362772696
0.011483971863567409
0.015201737334420529
0.006482557415126146
0.0058203067408699131
0.012396725016630961
0.0021532277813496271
0.001226426404535294
0.01303057224477759
0.0041024451058917812
0.010410045368756027
0.0094784666506759468
0.0035215808537971969
0.0091871172813854565
0.020065299127681003
0.0052181497500218858
0.0097899099442666677
0.00094919609783152155
0.0042494731646779684
0.0030836368508782327
0.014389737928913328
0.0075461375291083332
0.0077716487039266348
0.0090218071250015314
0.0061383496925627194
0.008944482364444355
0.0024792586600734662
0.005582436270574264
0.016004093893789584
0.0074984955562445599
0.033613336825015029
0.010854320771749873
0.014016717100265738
0.018373295872495088
0.011582641258601529
0.014652460563059279
0.006129482282055663
0.013424251847579591
0.0099234735246228091
0.0071967135517779571
0.0032872861828495015
0.016836537561362049
0.0081819593816551215
0.0096726512952452649
0.010203899960144912
0.0073409592368709371
0.0077630573195089977
0.015481810915888149
0.0068812297719486534
0.0042472042287310767
0.0027892267429590208
0.0099069678767074176
0.006957712207533634
0.0017333689678028993
0.0092314133863853776
0.012940106070444308
0.0053372277584929255
0.017300754710960303
0.0050199164338284455
0.012159180155026685
0.013100877207579981
0.018927641227518409
0.020747008473736794
0.0071801041301985651
0.012809080649119642
0.011202973778297518
0.0064997134857381683
0.0035584535426286357
0.013676641347536369
0.020476098083438327
0.0081302066254301253
0.0018428733378082734
0.012396931253434648
0.0054860283572358455
0.0035421314089246836
0.017143493443251653
0.0053710536124030742
0.0075526068727831998
0.017114742639409104
0.01419409645495294
0.0066909103875462525
0.0077250946702102337
0.0071311026606639058
0.010938207103198679
0.01044190495333845
0.022921077971192305
0.013154137503501407
0.0057759131812982764
0.012522430377044124
0.011504046690158542
0.010054318570449913
0.0042034549416169005
0.0070421165111524183
0.015083632575441014
0.019756426050206041
0.0062233865602240902
0.010733256190203686
0.011887312574090925
0.010522227824235099
0.010153233407851897
0.0077893053878795564
0.0074202076518478767
0.017814669886425129
0.0081857115324937314
0.0051038933094608371
0.018385936673149049
0.0088553168313053789
0.015938957167508556
0.0060605296451928135
0.0090861007840947715
0.0073551372967549126
0.0019053404716299891
0.011553626189750114
0.011725294901196304
0.0057459714107948633
0.0051667927971024282
0.01099688911256692
0.013069135011647337
0.0066621501293391431
0.013839717141371942
0.0056589654502115123
0.011129152314622861
0.0090807904122005394
0.019362529783410985
0.014752112538309863
0.020503940650073518
0.0067652220712586704
0.011056553282873312
