0.014790274951991367
0.011183455585063815
0.0098768939455130995
0.014591980470361653
0.0029605549953615235
0.013592004076677251
0.0034085373271489721
0.0077385458439384784
0.0017022105046739955
0.012863328220673187
0.0031109363902904956
0.0069248655358209368
0.017501874621356932
0.004757243165469968
0.01287831448403863
0.014699834106880371
0.0043214352130554069
0.012735851566934041
0.006577398583229881
0.0088129040291346737
0.0082086730198873848
0.00031709042057602167
0.0083149756430600883
0.0097400573346766977
0.0089860510168571425
0.0035936135511196125
0.006865663581579513
0.011587756176556703
0.016597722461973885
0.010748534180262139
0.011226395311302756
0.0011898043402999022
0.012363806235757689
0.0053889324256431613
0.013733360211518855
0.0043359353026900657
0.0035752380088878676
0.018436821914833187
0.012122544990666744
0.0088684636322124803
0.0071362975478931716
0.0072403834006337054
0.0083591667601479614
0.010457346482872956
0.0067864403637144148
0.0066592298964747365
0.017490255512039938
0.0098933588258062408
0.01434655161338512
0.0061166254992157205
0.013133888794096243
0.0012396739989693369
0.013938492422292696
0.002457344881881659
0.0024112779381965776
0.0068340470075749851
0.0091259870363210576
0.011595129709267056
0.01130235260361788
0.0052154049746957198
0.016191743613326742
0.016669342104468694
0.0023060282461906416
0.01018724756878979
0.01072821728027629
0.0095827919064418541
0.0038279318292013188
0.0066087053338660714
0.0097787315176486589
0.0082300184816004353
0.012822907633863642
0.013396238699593086
0.017229666776119736
0.013078018357100108
0.009572454315442163
0.0088909789637794216
0.015717890561307381
0.0098647366121081045
0.024176566502193925
0.0083422350420048787
0.0097186051079612111
0.010536939708635227
0.0070935883022714124
0.012981079215335582
0.012745310034373056
0.012583209534938035
0.0081370060531528402
0.010386124182304904
0.012360904199040091
0.0065484616672250359
0.0071177296651512558
0.011517904674121232
0.012821832890163509
0.015422518946268065
0.0095389729645722551
0.013814463361439929
0.015211781598601835
0.014688635307313409
0.002721018471338411
0.0031879320629946482
0.0020451719668463843
0.015127707250697068
0.0065298767619268111
0.0080892169625615979
0.01075491018396146
0.0045300052233799813
0.0023629404918284638
0.017741315030522817
0.018524342951058873
0.0090625268764259748
0.0033723320956459729
0.0076783129306723617
0.0070512898280353144
0.013774916991075154
0.0031526978227904251
0.0087272941286836072
0.0062927967938349247
0.021472155367213829
0.010328547166105782
0.015633934860451008
0.013779574063168003
0.011159755683245511
0.0053863963909113943
0.0093412813724040485
0.0089426548575771807
0.011356337290183557
0.003429540442275929
0.0069571776866959364
0.01263652656148284
0.0033009238650843352
0.010247454261286777
0.017939450179132423
0.0078948574512189632
0.0028167028047151686
0.0079174275361732736
0.013676752248760094
0.01042106927400532
0.0057164587524828961
0.0023549225428304964
0.0071869213965817819
0.015051646107565387
0.007076767655572286
0.015543037484735213
0.0076218319864202813
0.013717566834451154
0.014538116784617732
0.0057651911131775405
0.0248427821937523
0.0073554235617384525
0.01027705907897823
0.0026607479496250684
0.015578660105991904
0.007668378633356311
0.0022683788333858704
0.0093723334105082854
0.0024531234650531351
0.012764809835202628
0.015193061901686228
0.013312250951165722
0.013287816895792807
0.0081851951333984027
0.0035900680479343523
0.0034435638016677424
0.011544200433429283
0.0072976267371956012
0.0066373495434275537
0.004847989493871596
0.0011982746668558607
0.013649315853446071
0.0069177392738427601
0.0044421415139893582
0.01490129982119421
0.0057161731579193319
0.0010964829341513669
0.0084904276769715969
0.011439147173053554
0.015695309053384811
0.010747799488076661
0.0072218494087403313
0.01228297237232789
0.008429369130544111
0.015023495699535436
0.013574879771814543
0.0084550711016926818
0.0070884584834975924
0.015329656273161915
0.020820134074287525
0.0054692176105563765
0.015398406284994708
0.0087079155244155024
0.013184127793695282
0.0075344970826997518
0.016974210206691886
0.0081812996912357487
0.005859701428091159
0.0075009327287330974
0.014505589302561272
0.012041428143747548
0.0090837220760526475
0.0034148234762849069
0.010364202868093829
0.013825354923001526
