0.42721330080802639
0.42030403321654913
0.50184014808567767
0.49174626658399179
0.48768708573154917
0.46615512506508971
0.51432032143292306
0.54332187225303286
0.66695682343253571
0.64932799311088796
0.66381557283173342
0.69007624178676974
0.7109708040234175
0.7269844308426725
0.71524380231871088
0.75300680936843645
0.75183970114904519
0.70388283842208488
0.65329408115230958
0.63769682197931543
0.59101423245834217
0.66935902965739014
0.68725137745720333
0.669466406172052
0.68103277642679749
0.56380100820337953
0.59691529204210414
0.64377928723726408
0.69823449080341027
0.74876537861648385
0.73869449480240734
0.71642391204065248
0.69227906118263793
0.71374050510334541
0.74012620857848721
0.75193835907420115
0.71413698828572525
0.66904718435656252
0.71569103725452732
0.69507885889153997
0.69845182173474751
0.74590558323600842
0.72234946593731308
0.66039921192700923
0.69859238582690686
0.7278037826808671
0.73470006481484651
0.74428165349207598
0.75556845019498398
0.74355888892401945
0.73944437346313574
0.72175312683386594
0.71656366625731704
0.71182673409612374
0.70500868954987173
0.72201651657130672
0.70755999395981117
0.70876685337207079
0.7210811204963139
0.68063016554036537
0.64525108972734246
0.68560746924482052
0.68326517169354006
0.67965423010315662
0.64033455340445733
0.68373079129140435
0.70498003219474936
0.74063975934557535
0.65980172772061418
0.67151376442806898
0.63682360728581366
0.57467795530614318
0.61497114321711754
0.60567664742270089
0.60861788231622083
0.7299348781872691
0.68399237391219758
0.59221334949289295
0.67717325999822475
0.66587324442697216
0.67856739360020102
0.74966088902083416
0.76279653004682491
0.75563577636983792
0.75587612688843231
0.74096966034899725
0.72442232674071116
0.69709661479001839
0.70531813222502671
0.73715450634610125
0.73806799101822795
0.73093374748473539
0.74305785247375256
0.73652031726698131
0.71608216449199502
0.71331611011892371
0.67949922069439073
0.67970515012969013
0.69273829090655625
0.67082299173075488
0.75717115703123727
0.71792760499973562
0.68255858780345857
0.6039234788306157
0.58164694424964158
0.64258151158570054
0.70858032241578117
0.68658561970331178
0.70411148367462018
0.6717069252318727
0.68161574613966724
0.69789228527392144
0.65913488808687648
0.62191095363140125
0.69384616146148004
0.65260466887567903
0.65151534384807885
0.67324300730273756
0.68394395028613941
0.67238504520700471
0.65000137323716767
0.62434964958673134
0.67136298870553401
0.70596646004063146
0.67919196793021508
0.66724873741466628
0.69077954074561132
0.66995231458801818
0.585565131610984
0.69935454235456107
0.71520333777281841
0.66531711891518563
0.70263401248983004
0.72119460676305347
0.69340388418500931
0.57468169745608422
0.6326563808527722
0.69135313482500338
0.6461604823413214
0.75362773933712113
0.7164672307329325
0.6769683505915588
0.6525551940374229
0.68231673868740739
0.64789590989887214
0.65118772904456657
0.64523967201853727
0.66203988892641075
0.67822338718579966
0.63996670364965658
0.62434170024848035
0.64551693735056681
0.59318413891146493
0.64970102945350139
0.71303217057785884
0.69327234121059111
0.66936983321636612
0.67856785492214933
0.73065608683744898
0.71400655071559549
0.67813669035650614
0.7456816601150934
0.73114657366126778
0.59256185601921896
0.67174472604520385
0.72709435929639021
0.66971561426889026
0.65952780834854052
0.61027175307253856
0.68536086380346439
0.65244549024971454
0.65197699230055373
0.6940274013371216
0.67608607938347898
0.68842341108485783
0.73233629985446391
0.66002737592991101
0.67964723650163317
0.64943142698277156
0.67702216847023933
0.71905969171248363
0.65329854519974606
0.66595255315795765
0.71558810510268323
0.69012194664756754
0.71790469741139484
0.66689067188494888
0.68468958944673475
0.65903492966954147
0.70029978829695283
0.70262199949601567
0.71301959534305182
0.62423416028226975
0.58513056459464308
0.52362999893544626
0.6407482100371541
0.67492983558838937
0.69908717722870606
0.64416479753079481
0.68121875379453578
0.67394701892715403
0.60858760739059659
