0.64028281448936664
0.67296436055472753
0.6970156848982757
0.72705412392697577
0.70601646530901674
0.67064078114657799
0.70658873184825322
0.6622239032950592
0.65990671079961272
0.64638660332370057
0.62845982177768889
0.58510541394459747
0.55508358470479369
0.53867098573558747
0.48911281543743268
0.48720522382666021
0.54048402695867892
0.63236456749205461
0.70063199872744963
0.64497099007084679
0.63357836025021386
0.63879309283526831
0.63467851764419381
0.6655737320672751
0.64146158387353724
0.69036202831210913
0.72692577871022379
0.69552087194884626
0.63921469122808072
0.67469150984079673
0.67432568474244459
0.65245376468069893
0.62152234432051723
0.66558019493619902
0.58586992826649875
0.58308786001542967
0.66083507573304345
0.71396357931634336
0.61155657121124307
0.55275909843705839
0.58205179165900833
0.57390932110388893
0.65158689775935208
0.65920543158258804
0.63001259511678165
0.62314852170198454
0.63129482754682775
0.68674072502584327
0.65786074996004862
0.5608056391862708
0.56964604405940367
0.62232189976630004
0.5868466871165815
0.68767034622814038
0.69573594156744967
0.67596699180504904
0.70391925084970919
0.7584103997559638
0.70124169687738691
0.71323758012760152
0.64722298764822428
0.61972925173688975
0.55487626983022487
0.57920657729120151
0.59252042459878984
0.55679197747973541
0.52750458547937051
0.60472479435853488
0.65423328663959779
0.57932392352848405
0.58081031955073037
0.53650993642119038
0.56550652878727448
0.63007269517310316
0.59350405502306847
0.53977584205598805
0.61449176941972272
0.58908181176132246
0.59263705848875015
0.59158689960180122
0.55761952402644177
0.62613655179931538
0.6169102644137352
0.57421579976129689
0.57853196092024894
0.67204269097109415
0.6331413818655921
0.64294590718172195
0.65764118351204759
0.65963876737532712
0.65356336334186915
0.69279667840633141
0.69841460324024995
0.70289187370300321
0.7218365924645439
0.72523104455295528
0.70962542859100375
0.71507179514237162
0.69207172311309262
0.71288509996890403
0.66370391630596282
0.67388766802028921
0.75531619196672506
0.76274662091484435
0.69725286965635958
0.70483369424979025
0.75797952334459717
0.7061349703210128
0.716327992771852
0.72455971585946954
0.73480938789126049
0.68546427089492501
0.68814692590319304
0.76385226828793817
0.71726339370846659
0.71695651424477103
0.7155197663758911
0.70404332631741529
0.72369768637981124
0.64983760141189428
0.62717119307047897
0.7322377502015508
0.735181358953372
0.75699771914658354
0.74358187593556457
0.71664521248628388
0.71452604929648822
0.68166971632737194
0.70709421450002341
0.68209867299018045
0.6060536591386334
0.53458106067747169
0.63809183975012773
0.65930524408612912
0.70427706780733601
0.72821265974739702
0.62714020524407899
0.62053537022639427
0.59530504305466891
0.65798476355063451
0.64540995796818412
0.63645737487019916
0.60116636767752285
0.66770825082572149
0.62250086424334272
0.47499593623316871
0.44524188566938744
0.45139364606601762
0.33327089485539224
0.34539886404605774
0.56234611206449014
0.68486611825910304
0.63768290551636042
0.71656712769991138
0.64669404957586141
0.6195715519360907
0.68481373634071496
0.70968193591464435
0.64783143682604438
0.62134870097744188
0.69784500020545059
0.66222559749462284
0.73465924110719683
0.69948026990314116
0.64540085252242863
0.61249914963323571
0.57477683539098734
0.61924071452710905
0.64836142365253258
0.63518373694753594
0.70239197976395296
0.70080957225891127
0.67485071847216538
0.71318628370776449
0.70069562845602495
0.64389330209753215
0.67964989537046061
0.7097928327297649
0.70641457492264137
0.76622961093076325
0.69526836869277431
0.71951766411439999
0.67304579630291272
0.69823104826956817
0.65263140609407577
0.67557507950274365
0.68951886845493948
0.75781098111296918
0.76438823982068638
0.76224444821045112
0.72865958998716651
0.7706656301648328
0.77051196461322247
0.70715684001038293
0.69309710066757757
0.6730995259261825
0.63948221498411517
0.65711143912834269
0.67596561699458646
0.63130857124052264
0.62155220362275709
0.73424455653568121
