0.01499066847209486
0.010817524711578864
0.018442347949121234
0.0033321918769289643
0.0079710169124476999
0.011789947061830251
0.0067092380513799014
0.0085914926309401448
0.010304296583784947
0.012873713011964539
0.0093400801339980129
0.005979431497665273
0.010247215244940943
0.016187675754216382
0.0063145410238969338
0.0037529323769501829
0.018968866847838557
0.015438907436811016
0.008453477751696109
0.0040803537846864253
0.0073406289592205173
0.012438475527112273
0.0082074977365208125
0.015555825267915952
0.0076518656784855333
0.0073679556356937969
0.016359436932314377
0.012579370409754763
0.0059092860864856647
0.0048571231371071161
0.011878841632390004
0.0060648617293381562
0.0023770842735914544
0.0044258602424967529
0.0038744332267700173
0.0093198113769448754
0.0098299903404963189
0.0058220382376647176
0.011145575239419529
0.0089102431507222333
0.0099623038201214417
0.012107923821746268
0.0057414323030310572
0.014464867988902336
0.014501584948523126
0.0072983887535650509
0.010769391408298959
0.0063041716273371934
0.005224393997812599
0.011653167227949455
0.020008182534130205
0.012246124726894209
0.0088024349905635735
0.0047160743979484492
0.013924576535930674
0.0047393733667098334
0.0030625226147688541
0.011457982762176777
0.0043628749443768268
0.0065032022423079554
0.0075869099587683462
0.015091413650676155
0.0040728878200724863
0.0088563791295634704
0.01207928857250418
0.0029638948186670542
0.016437323160014842
0.011051530825207765
0.0081757909114117608
0.0081492262623842956
0.010666430770753349
0.0031499953665678902
0.011900372072793838
0.010792744353042859
0.0012600267945919294
0.003833641693021932
0.0031588850959828464
0.016265614682088161
0.0074370872550268679
0.011769888319280551
0.0010006071075411114
0.013780487415034674
0.0081692918887648486
0.0054928149730022573
0.014019558896226724
0.016180987733426602
0.0046912947284716245
0.0039215161441838965
0.010227710265889291
0.0040147465728790598
0.0048622691423063358
0.0028041164724013855
0.0091088620505675733
0.015588597945884164
0.0047008993820838495
0.00099868555513301792
0.0087202055751783962
0.0072864837204016392
0.014408134714281394
0.0042286095566716111
0.011283442876757616
0.0053649645678770039
0.015957930777203606
0.0069565697089287743
0.009072261191752402
0.013688628717153985
0.01259389079409097
0.0054553008127178884
0.018201012640400395
0.0036142508208309838
0.0040738848589310494
0.012223564476163776
0.012184025224268136
0.0094371212148551525
0.0066696631281671246
0.0013851306042146504
0.0040957899530538119
0.0082438145249891185
0.0048953874702528915
0.015009798525125684
0.0073809549447692007
0.0067768256136650157
0.0048799738681221099
0.0055733352875853735
0.0061081229740192746
0.014509738039854583
0.012741903519484734
0.014140904902496872
0.0033679028161428502
0.0073982794007695181
0.008279149592316468
0.0018766465413680169
0.0090086532669548698
0.0049419008959146237
0.0046194549029269427
0.005925906952850413
0.014419573068146202
0.0070154752051572985
0.015101951966764452
0.0098380408454120955
0.0035003073923361421
0.0063601740317225106
0.0032659552897347103
0.0061700809323223518
0.016360931221414628
0.0038982941163518288
0.0087975325104338187
0.0063493326249847585
0.013971835169274215
0.0089877300782373604
0.015290660263360106
0.015053027387546538
0.0097052132125408589
0.012986731904949471
0.005598386252022359
0.0025983964061520259
0.010426593945273002
0.0056180085162201845
0.0048616522024860958
0.011499587423229011
0.010268267127666424
0.0060862825820870714
0.011966665493914726
0.00075438463923069299
0.0098196795979375133
0.0095758064505666509
0.0075835576738685186
0.0057564465268185542
0.0089656986048256577
0.0080868444446731361
0.010121084843161321
0.0030066328533398215
0.0088294009966619468
0.011754772484640859
0.016751606006509434
0.0097107375747481298
0.013571075063942726
0.0056628492344415931
0.0060059521167037328
0.0059810800011783107
0.0081130827162323518
0.015754716316760661
0.010110657962167358
0.013343259125040323
0.011427211196172737
0.0074174342028286702
0.012290398050500135
0.011448170042782736
0.0072846574302690295
0.0039963385337072402
0.0087265320033638027
0.0048585173677611771
0.0038236288309746853
0.011084169452395293
0.010888868655308489
0.014988338573095623
0.016448468902395454
0.0057761828513151958
0.015949982135097542
0.010244193398634556
0.0033589176280091303
0.0044250312180003394
