0.0033410986909880895
0.0032442383922361628
0.0074460918475611699
0.0052737634282951839
0.013997482346442608
0.0029801579813599792
0.0054131040644487581
0.0045653602466865315
0.017951335742785388
0.0024924381940135899
0.0071436597521314761
0.011669222650815551
0.0083527205679256034
0.0063366403310349982
0.0085917365637713274
0.0044369186728555228
0.011658278709739373
0.0027083982954841557
0.0074197553877618722
0.013859644035429039
0.010496488267996637
0.010205825736445103
0.00037673166967025669
0.0048424472030285789
0.0044719864854339932
0.0071481560446001865
0.0057923367453703049
0.013606894354816424
0.002597228478102545
0.0074795418987454385
0.0095116277423897121
0.0076117546889237784
0.0022975159691135099
0.005864034886756843
0.0086700776583228719
0.014650699907298391
0.0039598889655660845
0.0054612740681894006
0.0071566734248985093
0.0095358996010646777
0.010392392442014002
0.012934600167406865
0.010115578221389475
0.0078392290619233775
0.0034615150097568005
0.011514757078964157
0.012362637315834259
0.0095137344803649729
0.012773078158411054
0.013748600299197181
0.022986560194605897
0.0081729023795321411
0.0095358835791676897
0.0061639798823837008
0.018373628921288354
0.014951009601442728
0.017396507103154692
0.013650632278250483
0.0042527359262857691
0.011444939267657158
0.0021626551726424362
0.0063658154377746762
0.0060647052437317701
0.0070079225854065902
0.013962282079653754
0.0031297717041088597
0.011461447975941586
0.0065756409131304686
0.0013122552638219719
0.0099198568112348322
0.0059160394757084506
0.014074563345530077
0.0048292911211413291
0.010893372840976023
0.0078572199802080123
0.006078570766285608
0.0066622052564964439
0.0040854786418859914
0.012252899273844778
0.012385822167300546
0.00085009617642084847
0.021617657764404986
0.010798398001251324
0.008774856211234576
0.0081170698232955613
0.0098823874051778542
0.011335355780740046
0.012012919614883044
0.0029428369318776505
0.012522110612451034
0.0042627930445616356
0.010999780789314394
0.01253164712096027
0.0081925811114903491
0.00032535285620193872
0.010219467367065428
0.009187111156836231
0.014127003404363781
0.012433345630911091
0.0060320502236426363
0.0036880028367714751
0.0075508261324682456
0.013125408745311042
0.0031271410242654433
0.017677517021694615
0.0078749676535431988
0.0068232697409188062
0.011627637666984245
0.0054389603777077371
0.011296733205871577
0.0045603989362601495
0.0068179720711120132
0.019713977066847778
0.011839716901894053
0.014443434017602109
0.01401288040916593
0.017986156338580254
0.0039481635686774456
0.0083257521566165414
0.01540974515720279
0.02068366928494398
0.010221673215511337
0.0038237438314765761
0.0093183357113603826
0.010382988339825448
0.0034659770859509294
0.0023862423846690915
0.011798483421890915
0.0085475536303009653
0.01174109643451325
0.011952118651258257
0.0085315553693817783
0.015093671532243695
0.014638403655717371
0.012289141359341322
0.0083808498977595725
0.0095633110967481873
0.014301888489774331
0.010626579105077158
0.014272757417670364
0.0062799572822267039
0.0062299767585127612
0.010353783118068085
0.0097235342526194694
0.013928021069581051
0.018401594835449901
0.012799944271043206
0.0097257264482935139
0.014263747093421212
0.0084227724964201899
0.0072533154011552112
0.0075039864252940082
0.0075956690244519467
0.0050574545037351303
0.0026561849866385428
0.010806291594429137
0.0019341951384734821
0.0061932722794464136
0.01297187278492542
0.010523516637081069
0.0081183199598121574
0.007097050723999518
0.0098148552498646489
0.011656905202553487
0.0012855657892102666
0.0043502892062618247
0.0061190729584276442
0.003661351162974222
0.012935259851523403
0.0099827893632514157
0.0019404485793174443
0.0093563107215522846
0.014792802878922713
0.0075566115468078086
0.012521382057553366
0.0080195402559321161
0.0028635790229700493
0.016232032810732985
0.010116409805611041
0.013201238010909283
0.014440995776779026
0.0095295082350694352
0.0076473099784458804
0.0040462368634536566
0.011879738586618839
0.01070650713231407
0.0050081746779841148
0.0045900345550572447
0.012740385943775178
0.016079953907708961
0.021293827265890203
0.01089883001586275
0.014283720236751219
0.018229259242835257
0.0065286675422388633
0.0049849632661429959
0.0045216895399700146
0.0025139373985609871
0.015697284741717145
0.008276801406370363
0.0030532526382536303
0.016823855631545086
