0.046155176330522747
0.01807413174751777
0.14168985386816813
0.055105596076013362
0.24301611067856788
0.20953854616427123
0.29583188159028573
0.29914476927662764
0.36149091843171904
0.48001970154607465
0.44714058692753739
0.45857356821545803
0.60736825987197463
0.60628280310893357
0.65989496710039408
0.73633373454413242
0.68305972321483732
0.66277996605566425
0.72382937292599592
0.7476167117305671
0.70427726819531322
0.68973053852657662
0.68367704494955817
0.76895037664414745
0.70062311649014264
0.67144628423148722
0.5721422640377265
0.55713228971619322
0.55078659677291941
0.47976554415375372
0.65082529795419397
0.64887243573464015
0.68411141910343376
0.72484570401287363
0.77323291569396768
0.74064311611946221
0.70887119169688462
0.67610525392156118
0.6518640007671872
0.67975972748631242
0.6688813855652127
0.62605530792349773
0.47767066509836892
0.40131949908154363
0.44451366248572177
0.30881192699052273
0.33234771618285214
0.40474093067796052
0.42475174304440833
0.36686297953550845
0.41619604045213571
0.57706753937222444
0.4964387226842476
0.56243828761612846
0.48348560731395041
0.48424790896588948
0.36195270686265812
0.41833609284463236
0.39327387642533412
0.2920646884578636
0.3425960112841348
0.39448084325662292
0.35372122203268241
0.37156299830780093
0.5727449563730338
0.57054804206449583
0.54162089453091233
0.49299040362862329
0.35449669169299514
0.41356867938424247
0.42978513524591117
0.52438963849021436
0.58184024804233303
0.57911188552326731
0.51549243916824306
0.46752905398406297
0.39088400189591727
0.3127032774695791
0.29996361225161672
0.22517021527128669
0.28156997141670853
0.37909606657606171
0.37495175399347419
0.39731156212839674
0.41273454809121596
0.43526707983874691
0.47872364014323437
0.38722175709934431
0.41365703433003798
0.39093028029083843
0.41426120332073779
0.45267498879047369
0.49159318668529722
0.48655388123167675
0.57337587356601416
0.57596331201750317
0.5084216336308327
0.58062301636161839
0.5681959627739932
0.57472460824879712
0.49454435327402418
0.43892308203984925
0.48466694985781011
0.38670012741900711
0.25659489954319337
0.17960038888739657
0.24929742390416762
0.44547841635570284
0.50365896414271649
0.53914019914582711
0.54806579636118746
0.57265298038705259
0.60295960137460569
0.59661491069041439
0.540806580494963
0.79814948457979673
0.76866830924469542
0.67491491979700124
0.5792358285972613
0.54566650940610983
0.55887439079714885
0.54069009543225677
0.55071126818633376
0.6011206885416186
0.56547758546948101
0.59438278645807663
0.59268243171479718
0.47213609746695234
0.30783586446161576
0.42573417745555836
0.54485938012742574
0.47529444494284806
0.4323059386401174
0.55295143416303516
0.44752489039773363
0.38690386351401546
0.41850480466643142
0.4465991168897574
0.35345886892921585
0.36957866081488294
0.3555357332315055
0.35849242176292817
0.32676889895847944
0.3736225959611742
0.35228828822203329
0.38987778326591177
0.33140149372395367
0.37957165463399201
0.53114722435845607
0.64495127092034621
0.67316186078123952
0.59429168230867013
0.57704595157804517
0.70211720067382111
0.78632834880702007
0.69154823634307339
0.6655897081312443
0.65787481886290422
0.65305213438995646
0.62644689065647763
0.56645979249731071
0.52136439218255415
0.62492615973239019
0.63161833116682764
0.64086222400031889
0.56752912930333721
0.53465805470675865
0.61085225446568026
0.56803621040032615
0.51216062797525808
0.45099381281179812
0.52716478620872231
0.47419782066975308
0.37630928412771286
0.3969543167086404
0.36517448868297514
0.33097426425929521
0.16591054751766274
0.10535984245384747
0.092833228319464958
0.24562879668323287
0.23065085820223202
0.38876112411204061
0.41937402989951944
0.5037724972264146
0.44890638303661157
0.35284831099891367
0.27742744585329776
0.14988158458763248
0.22347304924299777
0.29701008567369608
0.33828195600066835
0.28618121096621879
0.25457052966346183
0.35244015747217156
0.32711710075788325
0.25030428754925999
0.44116645422323503
0.49761569391836108
0.563758577626847
0.51247796963666081
0.52319065821366051
