0.010688559944777338
0.018171556259376491
0.036162079063893869
0.003040348392674138
0.013972745575392274
0.014472234477171142
0.012096491501365289
0.020404882753660463
0.039885984667831782
0.023914944630124602
0.020454392430136251
0.017860587832729601
0.028326632772078263
0.0044804908194960753
0.01736620415296811
0.036915057443166734
0.012111077911546352
0.02139802623432073
0.016042182024397465
0.021731557046248982
0.019902353239210229
0.041773594096531523
0.019465644924691949
0.0089220428926620309
0.012248721801399819
0.020004244251020424
0.028078290406134826
0.013737110042709747
0.030895380687095898
0.0065593781319855868
0.007972143494806145
0.023458814454267354
0.035574691045081673
0.015007929999480973
0.043842638210560281
0.0078969644368641501
0.013236973146008304
0.012176853454351917
0.035439478698703251
0.021900374971955624
0.010608568676679626
0.014819505242390181
0.022644461151805649
0.016816703866183964
0.013900767149328601
0.0077033335302392238
0.012220677018072425
0.02414838383271864
0.0057113212626600943
0.0077743425807696174
0.022404366812304916
0.024905951661225941
0.020389909414501722
0.027347198385673979
0.013782049110200987
0.013989222710667229
0.0081014439035601103
0.024030000113609794
0.009534182923532938
0.014039720155820865
0.022979279374700755
0.027109020547962364
0.0020928062426859313
0.031545114092527256
0.019259047010593968
0.0045539050191935864
0.0090869155684562414
0.011154089605969917
0.012340781760290931
0.012380457673342563
0.02922909786258707
0.039126685003918506
0.0075638872688306965
0.015755163030914617
0.033109485255936433
0.028739609569929426
0.025241408977632235
0.022963604301767322
0.013822556654642909
0.012073791287793512
0.0078303247089151398
0.0086699570142943529
0.022370059017519029
0.0090348858383222583
0.013111381195275107
0.017884719444084464
0.016356077126921147
0.0088744881327057767
0.025963341197728061
0.016281599792074219
0.016644102205526149
0.030051213321374681
0.012203098384255352
0.020851811753603219
0.017931800040617389
0.010131273551075971
0.015276267550446964
0.0039903572630982488
0.027968246032147207
0.01277361850561845
0.019057630903038726
0.014757290660586174
0.025003605129618491
0.0055797317054893051
0.036324876705862714
0.010731160035119727
0.0049913675054287293
0.05201831031481105
0.02216222742220748
0.010971989309978029
0.0091474809418573624
0.0080217927451640188
0.0049969273089745152
0.020589683163639596
0.014195425760766966
0.013427721943178554
0.009123514241161132
0.025504037211560245
0.021558916420858897
0.027631633466830077
0.007651516468558283
0.023194673369594423
0.015708425000224936
0.017361007623174007
0.01179546457418857
0.0041285360399635788
0.033252679057774091
0.01811229036634739
0.022773735019447267
0.0093000773838319856
0.0073250619793302921
0.0074053607281662406
0.027806886416009823
0.014949487111187638
0.021130161308286245
0.0071334180269441811
0.021572893568707306
0.032870474401391993
0.040802833631965005
0.012620791501320878
0.019268103084199819
0.024835555633670844
0.0052814959936693185
0.035042631334843762
0.0047269088506759309
0.02080614057624347
0.012832202707249298
0.013950678728303635
0.013890781828372386
0.019461432768745679
0.015770295372129935
0.020345562237963671
0.0038879776745141918
0.013504083654542485
0.019955810930969715
0.0018663281166644147
0.025284288683575903
0.026264986561978492
0.023504521051889882
0.020822124010809576
0.027750619395008468
0.016406667964896385
0.011022555308093972
0.01395096911417955
0.018878666840722653
0.011410689135563177
0.025056250809318892
0.024504411397419254
0.015486565016509125
0.020875775179318028
0.0042843582481247077
0.022330982991032755
0.046331065097765467
0.01039016013068457
0.023989942283052124
0.023264917702507337
0.027473240734163473
0.023743772487307448
0.029962789749351671
0.016104277061702737
0.012992076504234661
0.0072816949338371092
0.020224463197363155
0.017858786269471322
0.018450387428895466
0.0086951620830066686
0.0077509422949237463
0.014570327244522551
0.011942761114368343
0.021642957191141118
0.019477341959457283
0.015982005012515801
0.016362673245644038
0.022479985869361573
0.0050654935267948984
0.016994420675603954
0.0015084296098159726
0.006568253108319779
0.026629334649020481
0.023038713502829933
0.026996719474192424
0.033226174685131761
