0.0063987295603269087
0.0043903336295337278
0.0061141665026788524
0.012739863610761995
0.011875232317725321
0.011717541109855399
0.0050740976732879814
0.0093126723497704584
0.022459084805658471
0.0076747211783968761
0.0090872870845033014
0.0089705988282493595
0.01529238835153305
0.011326132180741542
0.0089433640108211691
0.014565105099302741
0.0085391362769355206
0.013264842064046963
0.016637174001099202
0.005524211527517961
0.0090268303150942662
0.02790531402957214
0.0026082763806274346
0.026192151366786449
0.012840722433726057
0.020090418420188053
0.0060758823726453446
0.0073344429483256333
0.0051554776089960241
0.0065373649800334662
0.0044247373579266499
0.021414103513269254
0.0084661939838567221
0.026938773929947771
0.013211881387979813
0.0050699609745398291
0.014052506065075137
0.0054084406100654804
0.011366357201614304
0.024393536365781211
0.0083454033377409736
0.013359097042921573
0.014246233779839617
0.01943419452716787
0.014808012594096323
0.004708114802044713
0.028596600748041365
0.0014516755308637763
0.02537476206776829
0.013685946584291932
0.032114265867464346
0.014247829606679236
0.014107221654964709
0.003693928669166349
0.0090197178061412579
0.0222899467992273
0.019291345779027774
0.02790416196758096
0.017690501239120415
0.019546540163693428
0.024020599804738835
0.023881640802880147
0.018819896076730392
0.020423410395655237
0.016157472248701281
0.011675674412364506
0.0056766595219414897
0.012013413942539108
0.013907981339670047
0.013375752520418793
0.011323759596417212
0.0048021801988522963
0.020659465042330658
0.012254455053382235
0.012935315463689505
0.028098779601117597
0.01658058381644846
0.019035697736362232
0.023746351870323781
0.023233028004198384
0.01034590426590491
0.014623051361545255
0.010968597628564098
0.019159306190908696
0.021478418258825571
0.02534877574218047
0.0089732045619759001
0.0042553307289788043
0.022941787301193787
0.015977333711669126
0.0080665999550514865
0.022089836423459571
0.014026359268506365
0.010794024051884506
0.0038791498291845731
0.02686266475287968
0.0064689807379730976
0.02402825572379514
0.023840487969921904
0.017973247360407195
0.012600783015101537
0.038933595061955144
0.023260149894371189
0.026526564564757823
0.0050765261213921841
0.0081243785968727195
0.033822690226895817
0.021071933237657239
0.0065724810028244896
0.022895694179292138
0.017111803956081514
0.019267101270854226
0.0094334387752433597
0.0115309512604888
0.012413876098185424
0.024821238485002246
0.0066141256588700533
0.0093017153194781751
0.012560215404273652
0.018592791471847094
0.0075546086306213884
0.0083315952606960557
0.016331185674025372
0.0079541740960061003
0.012865852806325812
0.027520488968118526
0.015081047319538687
0.016184746496717563
0.0038790639867261126
0.0048128981408004324
0.0052548523014717165
0.016050212948095489
0.0090205214436807658
0.016064457226756954
0.016228230879053025
0.0088316018764678997
0.0085400138827982624
0.016883254846303316
0.0084298116166672769
0.006306235197669886
0.022106563950244455
0.0091889669492170329
0.0080501005351097301
0.013642408043989335
0.027226640590498473
0.026992263752365648
0.012814727937502553
0.02091151871084293
0.037677690296759304
0.010290309075723774
0.020716599343792653
0.035732551369807894
0.016940827136135896
0.016589236643794324
0.013800391037089854
0.021983397470753462
0.0089447069203790076
0.018506583876913535
0.0092862206420261835
0.037340010086236289
0.00555282076420435
0.0097905352228425616
0.0060422684461822855
0.019425717405205691
0.01279744160531314
0.0074268907189613976
0.015018814100032222
0.0062467432980214087
0.018145964242380908
0.023227677898653588
0.0054925913606270827
0.0065722283015746726
0.017258643823002517
0.022176612834866466
0.025815677581187916
0.018324926816517966
0.022384928246267543
0.011965788444622179
0.026567536048237729
0.0070875351703257213
0.0041613064012019918
0.014343960369629045
0.017817386024360067
0.02086456948441702
0.018196228767109777
0.02220804743993678
0.030761915030732917
0.014968061840954255
0.0028327641763479421
0.036288884304813938
0.0064080961411930914
0.019824416597720992
0.027117518712828196
0.015705787627793386
0.028691750569599238
0.0072035034412307091
0.0068207515572735475
0.0061155801829511003
0.016237217237283545
0.013247306294113885
0.021176668005752478
0.022551337027036444
