0.006694013973287569
0.0097460565675426443
0.0075207098989713544
0.018574147832378918
0.013608095439828828
0.019818909895144347
0.016779687663902223
0.0073716783885247519
0.0055626586902588386
0.013189671748876145
0.017158547495516353
0.01890953489824182
0.020708772752521407
0.016654351300270813
0.011482623703730467
0.005718807698017029
0.0064517396573240491
0.019221946969585384
0.021399169601978074
0.025801884730281752
0.02040828474641004
0.028389564552756277
0.0020601187616188874
0.019473700463390607
0.0058129885834593727
0.015881880726722961
0.031250856594991279
0.021187512970466969
0.011001801618726341
0.0066702576472863111
0.010305431250990612
0.015278791992600746
0.025802042276150492
0.021239356337766087
0.011392575872916437
0.010793316984271027
0.03077486395616736
0.0054295641874114384
0.010385995976377505
0.006883417404926242
0.021238154799789261
0.017369045561965814
0.010962977971918563
0.027000991431635771
0.019290440274906732
0.014019102009008824
0.014731840364860234
0.022670348169017359
0.014550708279796497
0.02803724016431473
0.010897271554722678
0.0059843564899193097
0.013984659191929061
0.025115831766808795
0.0039142393953850579
0.010219733813055779
0.017550162271081717
0.013701433712028626
0.014175283560056493
0.010171389928107202
0.0061840136637950783
0.012268234133438242
0.0051091015893137675
0.015757110070048205
0.0098120131794377143
0.031605877316880214
0.019055798675006484
0.011466069799477856
0.013981401930071042
0.0080663626152859963
0.0031181436358794765
0.023444036578929815
0.020911393224806996
0.024355943994156561
0.019816033908996809
0.0025134202705867172
0.011808154910560619
0.010926031073635439
0.010227971122713989
0.034865296367556711
0.025231125726658022
0.030584198096238639
0.011606304790729275
0.021468301092496637
0.011035353316933087
0.012972693010615623
0.011331587009742121
0.012379096875896231
0.012852103088433254
0.034672802379669215
0.016791046602745247
0.022053038029055297
0.01676655101459984
0.0091561024721934833
0.0070264129143166269
0.0092116605785563833
0.0087438409483571265
0.030110588007718021
0.031160968286987865
0.0045555833670269724
0.023809364931461664
0.025835574559242968
0.031686136843521222
0.0024026882616060698
0.0091203021106731359
0.0050450331004934157
0.017343836104631472
0.014179909045220153
0.030497037164467236
0.01846459601042913
0.020740438212738993
0.012959755626010143
0.016136036886054049
0.0069849228738798298
0.010201520885368819
0.0099958371793035239
0.015847057898586345
0.010001339713939322
0.011368941671612844
0.009357555134465104
0.012036665953563957
0.0078817337550864865
0.031346300073867059
0.010225393234258364
0.028967132843993406
0.0076188901194718011
0.034110021851431374
0.0061004889642370152
0.0082038899796702848
0.018262097553443785
0.023153370191399323
0.022577473365859982
0.021912378376401032
0.027538912012008948
0.014374928234047117
0.012356884037624735
0.036864763093952105
0.010131530112037913
0.024512429708529272
0.024486126491465823
0.0096220476791749627
0.0199625900533996
0.013639069116782232
0.017906754928542417
0.025234218183548558
0.025236703670820575
0.024378352942717219
0.014332216467767618
0.0088701514921980321
0.01150871757679571
0.017613427295229789
0.037031439394340671
0.006039745822078996
0.0081409034052045293
0.020467394389747234
0.014395416651922167
0.0059549552490948112
0.014487587550741348
0.0035698286651290839
0.016950012681269725
0.025461173078917598
0.012261897708196183
0.01853150266561869
0.037094293276832488
0.014805639803631615
0.010155299736274027
0.0088463792365695258
0.01982100317107164
0.018500009103756401
0.017183890012727666
0.021813996849500542
0.0066205144533687038
0.016057751117325329
0.0068729564992192254
0.0069647667156072365
0.011544765518032627
0.0023486693531784052
0.0071995297270524708
0.022821507970894734
0.017970108867904715
0.0059900821542675118
0.0058463382083301756
0.0034271006730622888
0.0070690757005675573
0.018292635965952209
0.028153903667644115
0.010052540283479185
0.022317976833189312
0.010710681314506931
0.031349465130134452
0.015560044780058267
0.02161748893050161
0.020480355284234811
0.029254171628356852
0.0085196008693853402
0.01942913428773637
0.020310572443452982
0.020422953606104296
0.0019531467385874774
0.006532419431800802
0.033372569777405853
0.010109457591588525
