0.0096306463210850228
0.03427269523555905
0.0074230741701408406
0.02339296468985488
0.016954454667297749
0.0037380888242432822
0.015390996398608017
0.011853421046938465
0.028480256073039233
0.010742660895422631
0.011213306672875767
0.010529999866415571
0.0059373714448957499
0.0087934377192538746
0.022782682961158152
0.022793606143350721
0.0080188474679559456
0.019857791043874525
0.014116771610924955
0.0093651943530553491
0.0072689119606429015
0.011695097504800894
0.014078745322192309
0.016632354497965275
0.0059971724195790003
0.010207836735049595
0.021922270551051837
0.0250266981534348
0.0081509632381241322
0.0022388707231993147
0.018838730035223836
0.01092127253241441
0.019475711752089835
0.019646693024163185
0.029231707837404856
0.0056876330675770959
0.024212734140372432
0.014833509678827888
0.012826197240111987
0.0093966745837050433
0.0162504886931597
0.016847386347659827
0.013667121597410211
0.013103560965713757
0.0028198547610642204
0.010687346911560156
0.0016471668982193325
0.0013859145360349814
0.0039294791208313662
0.013212360795431059
0.012325524398057288
0.019687734008109706
0.0072807692294867441
0.02718515908125602
0.0051931999625853924
0.0023409668456168551
0.016225887301611855
0.0075920688391044122
0.011149639335490649
0.0025467920332764918
0.0044707139597697241
0.029310249704371419
0.015884410031618699
0.021924059417585448
0.019268425372468128
0.023456830423562607
0.018770299000963983
0.0083207070341285924
0.020963009370765645
0.025807536351883254
0.0053419873910379532
0.011605617231939612
0.040460973362588297
0.0062367870794274782
0.012199531373902233
0.017613686549534702
0.010813881941302514
0.0074553649052016184
0.019866112003870579
0.013315025418679682
0.010656199248155071
0.028210663344287241
0.015446949752495654
0.01276178049170063
0.023512430967991452
0.011251257857279519
0.025027790190781225
0.026829907084003533
0.017592504235998025
0.014442137591326487
0.024274192683398529
0.020746971642611509
0.02508519345351741
0.017719100584779594
0.010344421064738993
0.02158097477162392
0.014017076343117744
0.027656136976741106
0.012438791892373255
0.0099469464275320635
0.038117647633229043
0.0095867401018363777
0.027638644968018797
0.015287728642071842
0.016577662472666291
0.019317340734489943
0.014582810087023352
0.0077714441246860416
0.006428635312863383
0.0043393899726258062
0.023747606319297773
0.011838973233123733
0.0099482888953662078
0.0064975845316302024
0.0089588079389307865
0.0063178754799520613
0.0095311759487921571
0.029237717709880883
0.022075106741388413
0.011660147757949855
0.01417205411452073
0.011038583257161517
0.020180971383877491
0.018399460037596151
0.022545472444647788
0.01396351615960143
0.020448100479123706
0.015912589425619676
0.020709248734748376
0.0061619188832272012
0.011878208627768673
0.022559836418941309
0.014729985349621621
0.0123665958440311
0.030974083507292589
0.010865426250874872
0.025082268396172645
0.0074219848346028265
0.021718218073941864
0.017579404980746165
0.019178561348827557
0.011280874795034685
0.016888198863162961
0.018704532679056234
0.02439675769278209
0.034206781194560332
0.023908138981571691
0.022668134198054753
0.021619701863575414
0.012811293050170097
0.0024191154140555805
0.018710162412940139
0.007672266122480632
0.016262882575485305
0.0072901182224694612
0.021396382654186488
0.0089522727385044354
0.015208002188910901
0.036604891166470831
0.036642995647312923
0.012851924634808753
0.0012329944304282506
0.016010220939416033
0.025763784772783183
0.0089830504825512622
0.020106999583204999
0.025459731545720971
0.014447584408307002
0.0374584939852722
0.016458559432452731
0.022781359906875819
0.0153021328429718
0.017581248209967971
0.016789373472740694
0.016767291466038448
0.018573759243203678
0.020905832758439203
0.020403686079351162
0.0076718579537327332
0.014557308530938898
0.00086736592033089715
0.018749962811802658
0.0096077375189589347
0.012168791028997305
0.010417931425271752
0.020635862541782866
0.011046564553834603
0.013103121767786765
0.0099919780555569257
0.011662484732109769
0.024036291841838739
0.030492672134360469
0.017272042720955783
0.016561191498992739
0.025857317823309463
0.0028703442540363865
0.015478676867204824
0.011669773475621243
0.014156136488302272
0.010016685670271941
0.010232999881572252
0.031590690192174593
