0.0056186682065950486
0.002711760667514647
0.018229144070533686
0.0095149074318363336
0.015489633766798759
0.010095432483965411
0.01310356950350515
0.003687932060714372
0.0020974656403015247
0.0086568316652149545
0.0060588081172761529
0.015076116486319022
0.0023542575294719652
0.0081706557562252341
0.0066007433913919285
0.015489734283793041
0.018001609832853482
0.0079935362503686276
0.025043534627397907
0.002343854942098946
0.0086766386561937057
0.0034089148422091113
0.021137907784960046
0.023071651591880297
0.017905460962504883
0.0058351511901084448
0.004537992666920637
0.01719456260634827
0.012953572650862688
0.0062090867466872771
0.0062695705140207439
0.014935955687590074
0.017507290240927304
0.013521330324687797
0.0061723252326211361
0.0076327133269769041
0.0066520711694979138
0.013915087876108788
0.011588740898572964
0.01394316283684149
0.010629158679582551
0.011637786514044396
0.015235323447217137
0.0079663264095863398
0.015089090929902777
0.019057325075711531
0.010438390121156599
0.0059057420489656565
0.016106279896784197
0.018008524147732061
0.011341052252384859
0.025760381758443772
0.0082478617916651141
0.005271882514534483
0.019886334340868075
0.017417462625810783
0.0044308317878960215
0.020056355097552714
0.0073682325108679605
0.017453388553268074
0.0077958005019324985
0.017473200273154122
0.0026296611436173283
0.02035522738340818
0.022116548538417775
0.0060607198238344781
0.014496670371310711
0.0074383498185546697
0.0022888450871154159
0.0039029996085912567
0.011335144808748743
0.019056215615520167
0.0057693184800569879
0.0066639384381910124
0.019481281708094784
0.0067650441770676613
0.0095543250955297965
0.01353866333241595
0.017919306481693664
0.012034686331326865
0.013211035368250587
0.0067222634868349335
0.0041071411917421221
0.014858160143871438
0.014052310910791231
0.015688644179960413
0.011359517294449929
0.012471712350891664
0.011736571425199993
0.01360286744682036
0.018824810117920691
0.016845297356513762
0.018514091506174241
0.010037059506130118
0.015275248051702975
0.011843054476468806
0.015726253855284662
0.011613377222014777
0.026274941369256902
0.015502495328958373
0.020973296191981405
0.014226991808199512
0.00096175902774905703
0.0031124287032769037
0.012677969831716485
0.0068793782777743645
0.0055988312175024894
0.004908648232640294
0.021980465196559482
0.0051501114025753938
0.011555163965231145
0.0088726187041359046
0.023921299000661499
0.0068647107732724031
0.017045987685168861
0.012118367080132097
0.016854722579777444
0.024957375801175408
0.014441400548652053
0.011034820214524069
0.01384308783014832
0.028054150425254911
0.015370292557276026
0.0053320730111928076
0.016925465645686338
0.0020754987568962976
0.017433125989369875
0.014548056197444183
0.025254857656851436
0.017697404393701266
0.010193771597444272
0.017976154735958136
0.012752789005295312
0.015704017197678118
0.010420317111822664
0.012111602729514118
0.0037886640670032395
0.012108727328426567
0.019341046122216314
0.0035420596429306234
0.028765693325145759
0.0096312966452730808
0.01435881714046427
0.0082761491609294798
0.010883453012467015
0.011466306909113783
0.015188662924633448
0.0090818350604984395
0.013393378954163893
0.0058313577215607041
0.0095223166973510496
0.0047642728906084316
0.018958933602470612
0.01741294127132386
0.017781852749146794
0.010107726023056044
0.0091959671225169508
0.0078170195928667415
0.01749848751303178
0.007895813129203913
0.001874484352173463
0.0073148599987897167
0.01142819825119115
0.021849724973918697
0.002267455557439711
0.015071277180651071
0.016855506371919949
0.0096459390474762183
0.011009351739196009
0.010279302579893949
0.015564191985454258
0.013653980114509629
0.014117518956182525
0.015360640258909375
0.013341064911956588
0.0039694276820798806
0.0099622436942055619
0.010087272094114476
0.0090113446614801737
0.02841725211918722
0.011423835728520078
0.026107875321562564
0.017570451142290302
0.012807223390878867
0.040517750972227998
0.012882249635174087
0.025831509777717313
0.008456931261627566
0.0070653249482514622
0.022007692986642343
0.0150338678830595
0.021695539487713852
0.01490133599761282
0.0037097758899018347
0.01460750850095765
0.017975802853437778
0.010563344288675372
0.012243106814877369
0.0087693924487343214
0.020915688776637357
0.021323848436022249
0.014274688249406661
