0.62652102082461736
0.50967529974826464
0.56891032920287332
0.56663419067071685
0.57945968023687822
0.56524511062003946
0.45942585156370686
0.60813940244537157
0.63082522857602352
0.59504157140739444
0.6097326518843077
0.73303889749166973
0.70958751358061023
0.61276443851504458
0.63521582823253597
0.67775329535445727
0.68317435434308982
0.62180323988201824
0.61948588310610664
0.65858770693521784
0.68269595440198705
0.64006095519087625
0.65852998554358744
0.69544574104508616
0.6355060003606936
0.61649457996423052
0.65256823998702895
0.64476850407130282
0.52854292351527998
0.53532147496983939
0.6541575894340701
0.65109797798640612
0.68971460014953156
0.64021629711134465
0.68512337561449399
0.63387315548461687
0.66136295671994294
0.61761400755394213
0.62729233798558104
0.62759696941773635
0.62472532952289361
0.60969862238553196
0.66613604018518091
0.64624869364150017
0.62627034992248398
0.67843754492698671
0.67505954093334875
0.69339086540083927
0.68589410458853184
0.66675126603894708
0.69216575031728311
0.6533348086757127
0.60268688495397094
0.61825187266483173
0.65900024159226045
0.63338062931989614
0.65609371834140728
0.56746655581487471
0.54100251814422529
0.61641192463560202
0.59993948711095391
0.63911750101936038
0.59421822168944538
0.6262175945259848
0.62916049390851359
0.65118808262053018
0.64027069870748921
0.66597988237487116
0.57585341084901176
0.51025533649656007
0.5665400783108866
0.62873279037538676
0.54611897617032512
0.6108997532732533
0.54077666444611749
0.60503496638511267
0.6152287449966114
0.63634121175074798
0.67682311188818978
0.64234656448264937
0.65819358703799802
0.58690817032558551
0.58642532067577802
0.55860673006898731
0.6059056154653969
0.63925552596661039
0.53886375451865343
0.60486613332414951
0.60587462671997927
0.62606931173630376
0.49771417538265705
0.36963444001349494
0.43382064810695509
0.36207334281448361
0.35410734112272285
0.25543932361065547
0.21379435017032203
0.49204391338664455
0.54430658511631236
0.60912034907499724
0.56087928452294689
0.52462904172784752
0.66445689311155121
0.66207190015226636
0.64731899089135214
0.67309888854243749
0.66184461620608115
0.66905605779372779
0.56980742732213796
0.6150197947284155
0.55974426602855198
0.55725395598044936
0.66569891202250431
0.63743455667164617
0.60344870449205368
0.41327815093281534
0.33649744960178657
0.32113443329919056
0.20973471996375509
0.14736827985213732
0.19103424917876025
0.24102797161066902
0.36889804309926949
0.30430013396796052
0.26610813838879493
0.28744875879428794
0.54276815766630171
0.52705038754966593
0.49203606039821224
0.49159003850476096
0.58649653399592372
0.59848210998127327
0.61635842406605668
0.66842009789785528
0.6601483236747534
0.62448886349493338
0.60136716869125439
0.60010351363927439
0.63935324649262204
0.57244202022591084
0.59162543667792289
0.6436953225833022
0.67965488320810719
0.60729869107020962
0.69804050963110253
0.58710547788122269
0.58141575901742504
0.60491979006146845
0.65907370033574308
0.62702922600293298
0.62818789048576484
0.62946877533536694
0.65201221400737375
0.64890271515733911
0.65999142574815017
0.62038111285961106
0.60652668867425685
0.61765606557733754
0.65154551804067429
0.68901078258701565
0.64131832004622658
0.61084658543305659
0.58768895345610705
0.65898974303167646
0.64757261538949284
0.57823039256580977
0.55054303887518052
0.51566060138453684
0.61193486882816761
0.58572984821874152
0.56440630118249258
0.58381203403790993
0.64178786907508301
0.6539637581858877
0.65940507679226035
0.64685478949348363
0.64436842146053563
0.6885186398853872
0.68161972405243021
0.61849164398533452
0.61863395017691203
0.6044195071703905
0.6624338951606612
0.65373220969507262
0.63406702843639418
0.62857023349348884
0.67752150713419845
0.64428194685362383
0.49205871491977887
0.56064154705737868
0.61751850765624228
0.54312304211202511
0.64429689449777994
0.67693830597651872
0.58320188120542082
0.66024184844040523
0.63108530332290835
0.59721758360804411
0.64941280100865295
0.58136080293225878
0.618774064297542
0.64281589115609905
