0.5380743064426754
0.51424889296194787
0.54294136303692453
0.59997781021721464
0.62916609077506946
0.60606730559149002
0.57136819525462956
0.61012537288176327
0.59335667061716446
0.58607931819683579
0.6145685075815156
0.55730903450273417
0.57525191276779553
0.61121434455421886
0.65031107716542624
0.60322025934655532
0.71337148255633798
0.64225034755469079
0.65587111396689346
0.6644616646236905
0.63308537049247682
0.62693756058663663
0.65418638209306235
0.63433948882196212
0.5347345038488639
0.57395242392903745
0.67209374473752137
0.64466023608241529
0.64614623127417181
0.63055492723007023
0.60579237292233545
0.64250219134310949
0.65307309015188941
0.63192984607737235
0.65704167516142231
0.57979336329819098
0.57374176373586661
0.65006362682189178
0.64925012770819734
0.66399414061642215
0.6586127289105761
0.66504982708580596
0.6552178534422245
0.69050328295128727
0.6960644873055164
0.66431802282866226
0.67142734806388227
0.68882728807436933
0.70111295242744287
0.72111499434076276
0.6704924143511044
0.71143121605253379
0.70773464931284868
0.67331008557786942
0.7142727628050497
0.68819993119829004
0.69910087852640035
0.6986753774356641
0.69868697394951251
0.67779057806097576
0.6755823059646634
0.66514425358840101
0.62971881920534789
0.72429204372865175
0.68303679783530513
0.64122020898723964
0.68221621518414444
0.71857368727803173
0.67193000638556033
0.6980167369466046
0.68476543050163707
0.69013415513181908
0.69449044808338423
0.72463951306009444
0.71874961237975799
0.66504124174992385
0.68692981285879373
0.70777866734537875
0.70218893890214507
0.69861467891387607
0.67213092808099428
0.65816681833989354
0.67002462867991508
0.69827316540286477
0.69121208362757858
0.68068181863775445
0.65317651242153929
0.66440717964847662
0.68463718776443072
0.70722578474459064
0.63364661707936887
0.65099174581539654
0.59552424356506561
0.66386167909226368
0.6904673435290295
0.70731441218471591
0.66659019615357318
0.63879822122638097
0.59609308265219074
0.63996554753670465
0.67187299179610149
0.62218695218043785
0.49467006867688335
0.63070203536851244
0.65938266891912556
0.6647470572925811
0.64763089932362328
0.66147582853534548
0.67792022721497602
0.66235355037070631
0.66625986478883115
0.64945953178134652
0.67037614180175087
0.6559952749267739
0.6466830120289071
0.63748064976790286
0.695244027558925
0.64296539792273966
0.70665676266666333
0.69348303650735998
0.69006946568087824
0.6673977726090613
0.69294610225604036
0.67153588931335806
0.65327093833550531
0.68512375964615868
0.67191835394115818
0.66588108113964839
0.65349570383571876
0.67945577847069227
0.68273355102862399
0.69011582655824755
0.65986747442388216
0.63657819524997461
0.69949279426740818
0.68208830169539847
0.71724152850532441
0.71262300598627148
0.72101407469187662
0.71511931317965616
0.70707975898408648
0.71084415592872641
0.69036802800492669
0.70265706878265144
0.71261750620861852
0.72331150771640107
0.69959706938216937
0.71925070759228638
0.65217831835714646
0.66842259490361244
0.69065591427972661
0.68115995469213264
0.65309056063136339
0.67702777116689083
0.61155566412826201
0.66743027662621845
0.67734888973142959
0.66509160872757511
0.64267183641065784
0.61759608247056852
0.59733005208474943
0.65229831019600903
0.65973162352062087
0.7082957909273716
0.70262956896870254
0.68181989549190869
0.68218184595075604
0.71588100592941484
0.68645510752750416
0.67492160395089351
0.65955071613639704
0.65172395463650756
0.63732805356981637
0.64327957378934209
0.69332838170809297
0.72262412564756784
0.70799692506681178
0.64846088294573956
0.67542783363843228
0.67747535793213565
0.6783283106193978
0.68273766115402545
0.70869880742687907
0.66888178307048574
0.71643981300024984
0.70062990222618382
0.6524493093165068
0.7261597221030387
0.69321184328378171
0.71963643152231027
0.70658909467161979
0.67053023897565134
0.703348037116581
0.71201609120953135
0.66997120964410184
0.70093139477781119
0.68625979051203523
0.69698686252267006
0.7136920230195033
0.66763010818665969
0.71414326665282524
0.68880836253233868
