0.0062400779731372532
0.015515595013914023
0.0075075819424404444
0.011412787829458548
0.0088435237681939848
0.0039278675120074796
0.011124740694609971
0.011903436650934534
0.013760408506409178
0.010483697671347759
0.0037839538479595455
0.002493408877302239
0.0091604841162979019
0.014885600506725209
0.014567368539543938
0.0079637671350148848
0.018665637482806637
0.010509915736194923
0.010614415524164589
0.012559427866495698
0.0056313756681362851
0.010914101980559143
0.010643896610077393
0.0077471886037344985
0.0053703006516584093
0.0046471441128075512
0.0062389826484832902
0.0084795606110974475
0.0026105143648586997
0.0029981588749514324
0.014075448454657195
0.0014482283108160274
0.0049634919679276083
0.010048424021064456
0.0033329873797061679
0.0094703533232797978
0.0098816835383699481
0.011158671347684654
0.0079946711063379472
0.0028749266092579031
0.0061405409542784955
0.0067492634805783177
0.0061881887808361334
0.0044983750006118029
0.0058180199188491797
0.014081785894480997
0.0048466484863382495
0.0030140942063372816
0.010075338387808346
0.0018010019727904437
0.0057872393192009569
0.005660313007533278
0.0076009783170840435
0.0064962801195739923
0.0032299704039406097
0.0064221517976351707
0.010838214470338423
0.0060044428855074048
0.0033070515679483803
0.0094417131282003262
0.0058074398047321656
0.0067965343848501334
0.0076671488586429097
0.0055576619744453701
0.0061005722968091973
0.010974957875992789
0.0060158104756203572
0.010180790850515006
0.011384899936908366
0.0089021227393341878
0.0043194505596695762
0.0087281270773750044
0.010143359526600582
0.0079028820517028399
0.0065870588906431302
0.0010761627017197607
0.0070749239292931913
0.0029505541325329791
0.011312766345690265
0.0042615139977093368
0.0026867631342346191
0.011835104180994172
0.011058024072632702
0.0063145408720627948
0.014925759465836089
0.023662984528120934
0.0030755583451642292
0.0058879559406581723
0.0048764103454774161
0.01249361349108905
0.0096836070719956528
0.0081391464848331405
0.0096585663920458736
0.010495641399673019
0.0041944977936864344
0.010629239125771194
0.0085532211903296875
0.0062796596799284806
0.0015496102744594611
0.0056814791884814073
0.0040828895335817666
0.014882033154196421
0.0059037181231034082
0.0050448820721631146
0.010463042079939623
0.0084474192093398071
0.0056722748316290362
0.0026659306629530787
0.0068853129979513867
0.0083316077327291321
0.0085736608495927055
0.0049783214328659965
0.011907766698450766
0.0089868641290893128
0.015426530847497566
0.0061199704866920597
0.0092544570116777497
0.011150012206528531
0.0030806513410121745
0.011227588307669538
0.0070993544370767572
0.0042395795590512509
0.0077716017641313679
0.0064296483738110442
0.015808847979630437
0.0075698941647838521
0.0052182731053379621
0.0066581224843576797
0.0076655177885368306
0.0071329294074251532
0.011296089413058007
0.0041316974269701
0.001245221738634837
0.016065737133885337
0.006957469899949849
0.010561312432609188
0.0083448295115898588
0.0056480728487077192
0.010805282231667357
0.014017128047875329
0.0032304791863568341
0.0051083764056047663
0.013432640007529117
0.0052150631658724744
0.0063260471327117197
0.0035605216534169894
0.0065323149983153948
0.0096103550425513246
0.0052937570984860167
0.012248297811476485
0.0041745189778141139
0.0039543356658380373
0.0079846200307776942
0.013321402516954295
0.013052067944807436
0.0036056371156627204
0.013196407920262266
0.0078186016173626815
0.0032333898781344772
0.0055866174357214922
0.0084353981303548885
0.0096581844462022438
0.0092812047392466027
0.0039903057487931902
0.012908766119493391
0.0097734137453427249
0.0063213614102867414
0.0083671145040746537
0.0056027110035804959
0.0043833969158521887
0.0099743696380056104
0.0082516634297904127
0.0048274538199000079
0.0059605976177494338
0.014557215536303634
0.0074141623698600707
0.0089800342440390906
0.0034580308893778599
0.0054656274422021645
0.014219993398758237
0.019146399695261745
0.0040223133748948274
0.0022462548770444649
0.0032830497478993602
0.0028874706358005034
0.0047372036521462551
0.0064495634825431566
0.0048209527082629031
0.0163211583732563
0.019291088854039334
0.011063111009574987
0.00595444506756605
0.0081472717087905221
0.0061284910510766245
0.0054721852774095147
0.00372162970921717
0.0076602686986884869
0.0073656819585615598
0.0069643892844186584
0.019921192099045498
0.0074750755291290612
0.010485293869378628
