0.032503623175860814
0.0069128017535667495
0.033485116292235516
0.0077574390225906816
0.0084716681143960845
0.00098231727597846916
0.030249934792217468
0.036996001240192082
0.019121050076156512
0.035991670009539165
0.01924317894372695
0.024694687597737741
0.046572663269453224
0.015336169969926903
0.026970078416184286
0.012093584063574518
0.012127761018376025
0.00084068585354846691
0.017394504807990718
0.0061461679667870863
0.031792954717017888
0.034636108053649084
0.012430003112771742
0.019042452378260469
0.027316021807596791
0.0012738084693396745
0.012313716058612451
0.016399664486821005
0.015848407472426225
0.03590929968426107
0.019213042180456594
0.0091967508413992004
0.024765629191739046
0.012679102900846451
0.016111006318150153
0.012270630622961588
0.020802052812666807
0.01329827932853129
0.021181035372806464
0.019331432170935151
0.035969981780865933
0.002008708452988004
0.002969713497255424
0.017373394549286363
0.023204799538405853
0.03203407753190874
0.021801151827389075
0.033841664711236598
0.019412651519444473
0.012638460854073458
0.030161239516042104
0.0139681701431312
0.014900480842108092
0.0076466591871562116
0.010721384758638885
0.036533310394268964
0.014631934382404571
0.02834060525061341
0.0080622102543783693
0.019404695483677525
0.019943904932831255
0.00327834135876537
0.0043203486318197492
0.018591444977171599
0.014879861606584046
0.014516721961197979
0.0021612376744636389
0.03377081398446205
0.012022534057501984
0.022875430718533533
0.024796410053971443
0.030728426680449259
0.02480708609874822
0.02947838221268136
0.040411169756592667
0.01844163169165508
0.033410446200314518
0.01912892088070017
0.013232581837416465
0.021862152456739569
0.0032635259615549183
0.01526234228096599
0.031859382580216158
0.016197890937783295
0.013436607264190336
0.0035824294923595718
0.027265184549007577
0.016084774399257637
0.019715496884202273
0.010627987916321111
0.04900962919302216
0.025081684132735524
0.016218677659905291
0.042938849626077899
0.023113786825053013
0.010459615373391679
0.022633311046313949
0.010660212787492095
0.0068222662118055917
0.028558705927464137
0.017045828806913462
0.0024808967558133132
0.028699695377984884
0.037858748666545546
0.033442671698380111
0.044856866187675454
0.050089573236311816
0.022359194092502116
0.041764207799027751
0.023233817368482783
0.016962836178175993
0.013208278272127637
0.0054961215207148476
0.0068066194153872401
0.024480795001328749
0.015003755891951916
0.024719531081900604
0.0029440353440772431
0.0093439087958594978
0.014371484393837116
0.012699814694693015
0.024700727145733188
0.013883807379806672
0.024465581322853661
0.025809253995224987
0.016786702493347641
0.018299410129974082
0.010030238185923959
0.019753326047359836
0.015655257936666049
0.03068088256442391
0.0098582173655440662
0.021127348935655772
0.0074030914143630028
0.021066793005911272
0.023062101902407633
0.01119426111902066
0.010093410907069588
0.031072103388635572
0.021433757180447752
0.03549512341869876
0.017248952697497155
0.0046400479746413559
0.027062804769237045
0.010535140153924587
0.015637736352425134
0.024960639315029755
0.017856893308362942
0.022597696125965728
0.041257039662765921
0.0024932840439144031
0.014714886289784809
0.01720277435737666
0.01836048005364304
0.029107982778562923
0.0026864712428279558
0.013540076419901764
0.022870653747391733
0.011053386176518642
0.015978371763996437
0.013578881988229494
0.010308384013444102
0.03829153743129593
0.012031999902453502
0.029084149803423255
0.014998488001386614
0.01019058737128308
0.016890239921952026
0.029886048780740946
0.0036329809493034137
0.0040923967860031921
0.033977347853892025
0.031040548916587342
0.0008346305454323983
0.015418951470309628
0.043447906504252981
0.0058698298587133964
0.0094360585980433707
0.022421392905234212
0.0047637271266267453
0.021072382927778952
0.017484367476618339
0.016659131973552361
0.012323644014535118
0.033867558741308167
0.028445734088546695
0.017249880384499698
0.033705122231933594
0.036287015853492741
0.023021304572492827
0.011815069147275424
0.03396365002380064
0.017058391223773901
0.0087191556334431895
0.01594876890181602
0.037871102335119484
0.013172235831438929
0.036980897018277836
0.024662508692920179
0.044426986333792204
0.020381453411869286
0.02653541507420978
