0.0084087611662485625
0.014501851775265862
0.021091228639429339
0.0434209235452429
0.0033919325870749445
0.0088375977953309114
0.019969561668353224
0.0066614042883793847
0.027024840369341597
0.018616432926158798
0.005513387752136863
0.010474403532040382
0.021328025537446199
0.011654916849435055
0.0042271067488278882
0.021431969289331339
0.026772613679307378
0.015470547870996875
0.027153017435560464
0.0054003747260105523
0.019136940310446347
0.032987779841766394
0.0193895333330221
0.027411774159973874
0.01173246851891048
0.0058043790599377207
0.01632568330090426
0.0041943060048820575
0.044218165102845056
0.0037333028890796515
0.0073092156623102743
0.037635230934992471
0.01813727332351785
0.056979390652885653
0.012043918889818083
0.012424082705546912
0.0019724331126735094
0.0035233720684305853
0.028455793139954531
0.011227969831173811
0.022377826220359599
0.0030784177065813993
0.036588822839079022
0.018720566891767224
0.016340546538182833
0.028844430803119565
0.024085884167140172
0.012274532476775629
0.016785950405002994
0.020441520632206729
0.016472916822823369
0.019733469623970976
0.032625232451147373
0.047729338134513945
0.0030147840930219104
0.00090274066764718739
0.03326556409409636
0.033817039573352983
0.034404951674749093
0.0060442799412551039
0.013811019113252746
0.0099835288404642834
0.022810928574658725
0.052128560735456568
0.016810312602082718
0.016373485980822031
0.0086393665373534437
0.027530107084406358
0.019437716316000407
0.030051423865309453
0.01960707836047914
0.017261992207361791
0.029762687485006861
0.0083193715328305703
0.012439253836534358
0.0078750885485867044
0.025017072948772093
0.0084665843135390897
0.021088745960937429
0.010719419609478659
0.0081864846277832966
0.017833217718490904
0.0098670692592664477
0.041283347922641211
0.029690544966409303
0.006240524515184036
0.010797906395977254
0.032204750303068068
0.047534875926435946
0.017815825490319986
0.022722908569768559
0.022511558532169282
0.020830173770086377
0.011233372858310445
0.0085082687430259318
0.018843868634086727
0.017069462612333487
0.0088074753229900049
0.025045412692209952
0.025721851862939689
0.016340776945620875
0.030687456277720977
0.029183188834485473
0.0074816479235846767
0.025891592151779858
0.026354842541429172
0.043276305281025822
0.027328154873526748
0.015942000166649234
0.033689630868986763
0.013677240627335319
0.0042189952424478887
0.025145296211495513
0.020911337190251799
0.0153526063039831
0.014641039161520495
0.0057477092932181574
0.022948574990131924
0.023396428775003003
0.022663356500540417
0.023067538102207238
0.0079386032744539221
0.033057562451340949
0.021705015277853765
0.028688689138954233
0.012581820185882567
0.0018290401646856493
0.027201403264322233
0.036432170960182204
0.0097824318046627421
0.008896806938037358
0.0085107203376265129
0.014325766156669157
0.037372572443888828
0.018121808248842169
0.029899396885328111
0.0099537695145543812
0.02234201639860876
0.025758361593518114
0.029344675128520556
0.035319591416853056
0.014970359524379048
0.027855526131388864
0.03376914838360387
0.021328705808272768
0.012462883915157156
0.0099329820007660937
0.020155650834798939
0.012501703249584535
0.015936414169213875
0.0075011409688324647
0.01489109836873175
0.01682706087266923
0.022521573267469012
0.021297653654851385
0.011558835027948812
0.02830410399457842
0.016897258692756826
0.027492484483305449
0.027040924643642238
0.013057869669761513
0.011153280591135141
0.017249139258377927
0.01463099611386149
0.02685437498648344
0.029285625576913107
0.04428604440405904
0.02070167011395457
0.004967650900739271
0.023451955873772485
0.031258623791127198
0.014748247067461822
0.027528909531315131
0.038923072240628055
0.019504653279756468
0.041200509018195726
0.019141161756538315
0.039721759434163569
0.013073654725422506
0.029187313914504239
0.014609945222798027
0.038003890216277501
0.013811413690286425
0.006911797082773511
0.025633805687627593
0.044228480038135995
0.014844442130712156
0.010832681103269142
0.013418363670337351
0.018286043710314906
0.011057604386268453
0.010173696621885121
0.030117176108125525
0.033178804965340911
0.014772640402545795
0.018925879081244462
0.040329212561154779
0.021421070840658286
0.014061403833334573
0.026801777696247055
0.020659713457426048
0.011268919787419743
