0.036754654676781552
0.024917877126796405
0.007066170957340751
0.0076714511429762456
0.02846444699092001
0.022004093228379394
0.017511713961675709
0.032168919381328452
0.020584352626875604
0.0099249971061895186
0.030721495597282159
0.032685588838872306
0.0117047973404885
0.017789574086378029
0.030703582813202224
0.017912448848759276
0.04298769738008431
0.020860657531347148
0.013749273982089643
0.043640381087074
0.028410396894688557
0.012244400067937382
0.034059919121824725
0.0076107397297433136
0.028586716387401075
0.004301636150099152
0.032844860613639316
0.013947777040595808
0.033507455573231662
0.027037013311984798
0.02526078055220296
0.011337929097182762
0.044259217352037659
0.012528083955510087
0.031368213625209647
0.028185682455895835
0.032171753219849553
0.014426155114280451
0.017240671487511672
0.010782529152869516
0.011421255038298354
0.0030386039633528536
0.019628093152916175
0.026037867770847965
0.017815512868849737
0.021133657444449557
0.023741929185950122
0.024518316202919624
0.04117795316375078
0.010878576048063736
0.018206685800942719
0.013456904271099281
0.018088926518262258
0.023798801647498886
0.015707414551156519
0.019495100796105405
0.0056408248128754761
0.014179838438641909
0.016308549615702942
0.038059457422709358
0.029689057619414982
0.036888943209775864
0.019577835318451142
0.0070444663225622366
0.027487934836149093
0.019158451397319753
0.015252633968655145
0.021014810062070951
0.031565517079809161
0.018801715589834678
0.026161042026263074
0.032653502696627978
0.0053150150756926468
0.041598284461052369
0.015142841329396113
0.052584097225647268
0.0079686778233794692
0.026361514180477753
0.015337932301721657
0.0043373949929611322
0.023479205707706497
0.015325576924285282
0.024738076624797729
0.013280038891495963
0.0039379129592907857
0.037239741617436421
0.03270863234461753
0.02076205356334871
0.0070294062118259806
0.034253357796105034
0.022498097357888196
0.013615554101605176
0.024469506331885611
0.017903157169195282
0.042395477090451349
0.0075832606834114746
0.018480889686211976
0.016964987020052176
0.0077549686053614052
0.0085232722258287309
0.05311505692965722
0.024802855038762492
0.022726441892113567
0.018816489475952637
0.025594441694405723
0.016534648823719252
0.036510591103969627
0.011050817981667621
0.016440807716738788
0.024863465894660951
0.006090727361732857
0.013151554107734158
0.021974830361412567
0.0032986424542992272
0.020213366366222157
0.029174748009618393
0.022317742063103725
0.020423779606461481
0.0035137694935835398
0.011781681525559128
0.013154049283892895
0.01364861247933466
0.013618724394779971
0.024018292375442968
0.0048965859476181074
0.014189583608714284
0.053645174379304307
0.012295137986859002
0.018079849370128465
0.0039201838068229139
0.024710278931807359
0.016540067462205918
0.010422371152177751
0.034550321385120285
0.0052545006552499529
0.019048426673998486
0.025952909323804858
0.011896944503953703
0.014185812127474929
0.0063227692478962415
0.0085582047725710087
0.0064459152317271522
0.0022505100978785484
0.030476986676311178
0.026422904168888168
0.029728828897739971
0.021729204120393666
0.026355680026414557
0.0444407727846928
0.023958602548407693
0.015406821434822301
0.036631641922022513
0.013455855384385134
0.019433650530202795
0.011187811386634586
0.03841817674480906
0.031864998187063759
0.02701448714933203
0.01550531522865818
0.02212266965874023
0.02651851282987152
0.029854345094519112
0.017864004747759076
0.022141361082668069
0.012734848022844242
0.0095716914334561514
0.016904364501018697
0.01214429522720939
0.013923155327473019
0.03676343516016798
0.012085113933209636
0.018177455272814339
0.037532955889586356
0.030472363748250197
0.0341351233339003
0.023114167021731882
0.015396425990504187
0.023597505120444617
0.019074677014043837
0.016598184223435609
0.047876377863596414
0.020532043063843045
0.023573743641971619
0.016447945272511505
0.009046840339823883
0.014247338348816677
0.0035211457975367778
0.026448503167766584
0.010348934573292591
0.038080398553914895
0.0056370742659464287
0.033146153209845319
0.041002369483923169
0.0082991879020211708
0.020644080161496291
0.029067687142740398
0.017131357327588838
0.031222467393369872
0.017881706130499008
0.009600063371289087
0.020970703109959975
0.0024378291944444309
