0.0054010002292519121
0.0051362295902942544
0.0045939854632542944
0.0030668780172881118
0.0052503242251106157
0.0075739553832327635
0.0035769361238402672
0.01055554265059261
0.003721980035384593
0.0015231637748663932
0.0021129004767418622
0.0099603875783935182
0.0076907574564103144
0.0060227051778821957
0.011373626773006656
0.0061355812623138479
0.0017946354725300127
0.012796952273283518
0.0048104479747534548
0.002925494187387692
0.005634605118212079
0.0065508659077329594
0.0066372252677612776
0.001910612598610219
0.002663449093868806
0.0023188382369519296
0.0017112078260290964
0.0017271634142641764
0.0025565069398352735
0.0041130395618533579
0.010013294061960299
0.0053162768461376747
0.0026803163490596543
0.0036378745453004672
0.0027847002747470495
0.0057894453577600298
0.0014066162829481142
0.0058030910887320371
0.0021291736927996439
0.0010704538175340969
0.0022309143245472802
0.0032000673534651591
0.0062770125087153001
0.0045074666792790843
0.0067549999877573015
0.0070167133245613968
0.0025975530101286222
0.0034456784446973343
0.0024667598496108055
0.0019165694494421134
0.0047785070803342215
0.0062340814815050353
0.0048478055687366708
0.0057723400033977846
0.0057896197605168823
0.0020018678339420956
0.0046333093622314874
0.007339160909875235
0.0031949394097546798
0.0072753192647952089
0.006987831726571238
0.0032285043660550913
0.0019422502902857732
0.0020223134711658233
0.006342704929388045
0.0028047814768561246
0.0069928748055806149
0.0038589095721678277
0.004756734720776346
0.0038907563462821423
0.0016296332910407938
0.0080215925016707199
0.0038317908611243366
0.0053801457501400536
0.0035050658626571769
0.0037569243280188612
0.0032221537379271319
0.0030107198963482966
0.0036597234097331182
0.011821561854599625
0.0046545668926143442
0.0045130854388029523
0.002473215750468332
0.004679672637840188
0.00052142751225583452
0.0031297779920724995
0.0074950227320461507
0.0016307511121670894
0.0062405739318232688
0.004528936861584041
0.004695508888055787
0.0036285995502622578
0.0039140500808740103
0.0018783095075163932
0.0075502923144918311
0.0019580296193270584
0.0021161062914556413
0.0041510076373726581
0.0090158485418667007
0.00074791777059461672
0.0053703571032921258
0.0053694172780513064
0.0050052348786045796
0.0037991828452334335
0.0041414803062025662
0.0060028002163608016
0.003559213098447085
0.0043783895867258726
0.0037635567494385663
0.0031802766557648384
0.0037222604852240539
0.0070567702215997919
0.005324510231751259
0.0021078418906847391
0.0076464944901534996
0.0032146548964820947
0.0018756501483024727
0.0083381707939060284
0.01113627948732485
0.0029878741566157518
0.0073389934570315752
0.0026522275189527164
0.0047416555073749572
0.00542611623279149
0.0021181225996193083
0.0038355738561892672
0.0013504651606543597
0.0032680264395029872
0.0032735188671616316
0.0049333290688731487
0.0050231063272465834
0.0020275227144430832
0.0064030631836393698
0.0017446031789086413
0.0027385682882395839
0.0011020761427734571
0.0026420660626758968
0.0024581456728479376
0.0066789780773630417
0.002329941776780301
0.0060668378362973407
0.0054120040032084654
0.003361681782711904
0.0065056421095310681
0.0025209219942799303
0.0046955428483902257
0.009104102687847046
0.0027686189823287527
0.0038479509480748957
0.0012982061539312851
0.0071329077572530727
0.0013602390930741841
0.0086052611866296504
0.0088468751255148994
0.0029354886076143451
0.0081280104537628448
0.0037818089281876671
0.0045442832963938379
0.0023836816912693915
0.0011899452923727378
0.0078346822455164673
0.0051334787594623761
0.0016851678790000173
0.0039705902647904174
0.0019520804755314711
0.0071559300540623601
0.0016800107814391413
0.0040382285159233991
0.0043609605556770795
0.0090006377633722861
0.0054816833428087434
0.0080970259412262522
0.0064249271644074672
0.0014650683712483083
0.0008293312642626145
0.0070625844912783628
0.0054408856843549055
0.0047898176790761643
0.0010105057897970404
0.0022022746980398093
0.0036957992276825473
0.0023881437046617236
0.0026422636694930324
0.0042483437270996226
0.0030571271917773286
0.0052475904669966609
0.0035284085422134532
0.0046241291801485569
0.0028183712265841153
0.004113718757198557
0.0026398904233283118
0.0042188061382473843
0.00016021374760511302
0.0080116599798928517
0.0045643173986874164
0.00437941627194056
0.00069987238360600691
0.008922648938708715
0.0026643493682848764
0.0030276268126293413
0.0037926360315958993
0.0060801565909368305
