0.0039219798382704851
0.0034081725587377155
0.0048717945832577438
0.0017813168512089265
0.0014370773298000036
0.0049750692290076908
0.0071514540303883947
0.0081778409531933494
0.0037900024174132613
0.0065909568584921517
0.0018658499549957888
0.0046217503626387203
0.0083122435384174725
0.0052558311139695203
0.0050870260284918986
0.0039784459034361615
0.0038046940398491096
0.0092691595205466118
0.0019630801413952595
0.0016089521832980064
0.0059595693376969187
0.0030408233102305567
0.0070584310345704138
0.0039866519591130285
0.0042273507714701165
0.0058409969491230156
0.001438118884067617
0.0074564398327310382
0.0024801100676077594
0.0036356897403046987
0.0029664723385100056
0.0058558277587294127
0.0033563454969130851
0.0048089423433294561
0.0013982260040667912
0.0047074815764365837
0.0057310261715376792
0.0050808009637007667
0.0034882781415370399
0.0066347391888603403
0.0047470759056468231
0.0058708633855235788
0.00080086801101888843
0.0091011719679295507
0.0031256765706404225
0.0076437820066764198
0.0043310255594282629
0.0024281556522692356
0.0051689484612465779
0.0021431992676404273
0.0019677066592473083
0.0060004595281160826
0.0033163976890599862
0.0067910070046751309
0.0071725880528110825
0.005482962003888682
0.0091619959242312081
0.0071650501680020394
0.0068964022182571227
0.00044382930662280746
0.0035875456464309684
0.005087761240401994
0.0033472426036644468
0.0041862669432647754
0.0054528570029810809
0.0053287063313662191
0.0014786342215456704
0.0012304684981124748
0.0047188890148791565
0.0050664247657054582
0.0042928945877756738
0.0025570063468029376
0.0074400038418034106
0.0059852458955381707
0.0054531863046424905
0.0077648127364136196
0.0034714292894533734
0.0048767730533759521
0.009371021788100899
0.0030844465726349991
0.0046864228056786592
0.0048669080785996785
0.0015317436960348822
0.0065782708106985298
0.0048197832072147118
0.0014629303886462093
0.002518406171178194
0.0093514921900606368
0.0059360297341748266
0.0028937660640209664
0.0021231278986520549
0.002792526458696059
0.0043866834291031694
0.0028670154224838423
0.0034148714808317836
0.0018039830608418458
0.0046891087031915397
0.0029780449144225841
0.0036368442425857819
0.0019491128167873533
0.0020821160812701483
0.002706984529433186
0.005404599463864272
0.0053685763360757279
0.0013076187675246903
0.0072800691776975053
0.0023098649841358961
0.0054435741646978271
0.0029983523731637613
0.0042623086447943449
0.0018205756512697697
0.0031383741833058867
0.0011702394669099196
0.0061687341616816736
0.0058154296851077808
0.0040479985484835005
0.0026884456248811458
0.0012616679790854383
0.0056742869176320014
0.0035750185851617065
0.0041089516601064907
0.0014211118014833639
0.0087792798828317444
0.0035586266838058315
0.0019564780586131788
0.0062123061885425044
0.0010405757030399723
0.0056773994103203398
0.0069716075538527366
0.0033392427963332754
0.0040233420591300134
0.0086411025189941284
0.005005539330656332
0.0024477244111276294
0.0091019424803924515
0.010218739123906789
0.0027929326465352894
0.0046577721177590379
0.0088049606240860872
0.002487702625385588
0.0040562192698954964
0.0040111707796555525
0.0010978438253763116
0.0093466049442635299
0.002800193419186834
0.003159427810642961
0.0043691220546790716
0.0065316091003650963
0.0074783714732908233
0.0043609431426004973
0.002709230798285482
0.00408745606384062
0.0036032644160674848
0.0021291220756603137
0.0053815581426876497
0.0027555854883157824
0.0044559593792420429
0.01047390317759095
0.0056369610110380032
0.0032707148573577855
0.0019163086925642495
0.0034190098854473485
0.0018091385655978687
0.0038120391665370955
0.0049638341953508747
0.0057599146265433342
0.0011090710973278202
0.007688553900979331
0.0050010609081678264
0.0057530682588998946
0.0027134778931296403
0.0033547232859756524
0.0061223403092940118
0.0034659057842834446
0.0051432446419288234
0.0027218097729432519
0.0076021187175375335
0.0035196900378478267
0.0021174881116347503
0.0032068889756190584
0.0014393692842720293
0.0028277061741224818
0.00738574049294241
0.0038770443378399197
0.00058864363156960989
0.0040086834567417068
0.0042133067726266597
0.003221061658487102
0.0031738226883855237
0.0027200990131192536
0.0054969204499972996
0.0049530111335833382
0.0058294615040823863
0.0039238657226717813
0.0061900092879725562
0.0030270970451155765
0.0068537174195296667
0.0078855446578525116
0.0018556981017231657
0.0036363450095459686
0.0023678443176701658
0.0044466446712942594
