0.0065410423594672133
0.0026258603747189293
0.0055033443114373042
0.0061146271680967848
0.0037843565029171775
0.0040088249297388131
0.0029218004616101277
0.0025521654967925298
0.0057884689722759132
0.0073755556987160934
0.0067721274050837089
0.006695670623546794
0.0013085086564805283
0.0036621025258089072
0.0040510662458106556
0.010068782300658127
0.012415769178512037
0.0053832960868521011
0.0017891613214094429
0.0042201642624072975
0.0040033815239435772
0.0038091393207883924
0.0031359771465252814
0.0040217262064035633
0.00097837940773642376
0.0069072307605320639
0.007229729396541016
0.012044221474266779
0.00060130976496883682
0.0051052410913656199
0.0002953518879004003
0.0025046262549647267
0.0075941462902069049
0.0049241214363885911
0.0044789998522335485
0.0067301522773034915
0.0099066693883373309
0.008993270424457982
0.0051715900341434695
0.0021837042541133973
0.0091707182489996729
0.0017153969615737769
0.0029172590989022334
0.0070113170684202733
0.0071953487524545811
0.0061836601496002052
0.0024600163952161903
0.0039818867759628179
0.0063895325232586299
0.0041625840843166418
0.008393019452137742
0.00693444282972414
0.0054457848163694516
0.0041590035493711767
0.014985227850418304
0.0025384362647428976
0.012596263526584526
0.010108901026737109
0.0077036280579404204
0.0020529254116190706
0.0047389064259876403
0.014295577466202813
0.0022462730869600898
0.0085119589009290727
0.0033555906746646292
0.0073846492005998085
0.006479231520917437
0.0041816314274413721
0.0044177842091091468
0.0032703752081743678
0.0022967530142332347
0.001471961505035252
0.0014981907333570996
0.010123061041341282
0.0075039333688768041
0.0084975192206728813
0.0011252348595140141
0.0084299141499356856
0.0060965556305147134
0.0045373482156835353
0.0033592198604420857
0.0077074841085878962
0.006553427865155094
0.0039130184754439419
0.0043410195021264131
0.0047970259460496734
0.00320586961936033
0.0073282077875988574
0.0037025437014677385
0.0031480190166952521
0.0056886952838868764
0.0059287366712614097
0.011939130518547725
0.0038669960279270354
0.006390572047856583
0.01182317018205099
0.0014191284334284379
0.0093561047180768069
0.0058879611654407303
0.00097527795099595015
0.0071034273229899376
0.012798745575897628
0.0097580563612448233
0.0090646533263456803
0.001594947140285508
0.0046986105506341969
0.0078878887379810799
0.0073641722740563258
0.0026379368438777537
0.010194587182912102
0.0053802328661942114
0.0023251915371132249
0.0094491966364215821
0.0031393917363191524
0.0057672093821387639
0.0045257855573860454
0.0024269481103940216
0.005478110059894915
0.008588122132971469
0.0080177344089482974
0.0023660082603056158
0.0071553426067889718
0.0042355669989994791
0.0091142013478352265
0.0057484403497459046
0.00029893998990841378
0.0047802096606243101
0.001382666499000059
0.0061769862039542604
0.0044257025214321909
0.00057525861258715411
0.011617886350679415
0.0031097494327927224
0.0037000731735951421
0.0085263118191842534
0.0043884119951644301
0.0041705930732280835
0.0024026359009295347
0.015637485206830302
0.0044941318359879301
0.007464354555865132
0.013033139109516704
0.0066195677508752871
0.0037960171018926918
0.0049240585938980655
0.0051818818260225543
0.0014648612322539223
0.0097636497969693752
0.0063754799064164591
0.0050893721520965732
0.0037763049723227617
0.0028300919032565913
0.0097653308602033105
0.0059608319282358387
0.0063841890753290626
0.0062060765117824225
0.012771767754872296
0.0043800865556413524
0.0010914909131466851
0.0027325791845244527
0.0050778475150885715
0.011006103647967665
0.0039289574342966215
0.0055364302161888847
0.0052572221260412891
0.0065884530926260364
0.0056646140642870333
0.0021921465654746821
0.002110116670089022
0.0045949848687796254
0.0098551652099457283
0.0018427057913457186
0.0071489627843176681
0.0029496068993624465
0.0019286247898575232
0.01672334085677717
0.0084486177648618842
0.012324608740640949
0.0033826786383130336
0.0031825047589120171
0.00056280980150381237
0.0017016943340443808
0.0038271638438123331
0.0070541642248259781
0.0057981676981500889
0.014901789451658537
0.003965405500160976
0.0033157684503614254
0.0081528709556200809
0.0020086122023135295
0.0075346541441427108
0.003952763278591718
0.0039411837442848647
0.011048140932684712
0.005638111781674237
0.0056443243130695842
0.0041080895208354283
0.0057381092277057275
0.0021709419909767395
0.0043322273502936909
0.0035216122736344644
0.0026378577587648157
