0.21762921727190571
0.37861776395427821
0.4626580376438626
0.33495815346362579
0.51155703633051663
0.43237225748635927
0.53222642598182035
0.49118073727868455
0.50902470018490087
0.5226818528349898
0.51431077932994684
0.54371675993694635
0.64038280390409819
0.55305115999285381
0.50483995237282087
0.51013502427491486
0.60976755460006016
0.64572773178740905
0.57733126341148167
0.56748499511058881
0.57840698309847904
0.54744300976888716
0.53449812404029651
0.46871486681915692
0.43527627161910476
0.51167859412706085
0.55675671370054347
0.6092926301604743
0.53062017183475041
0.42396635246122011
0.43989344795915897
0.4803627132405206
0.52802900846472745
0.47380793544556382
0.29367478800175922
0.35683034549251658
0.46493207953857107
0.47839449116447186
0.45877674487113418
0.36511415493112703
0.38806098157908964
0.57121918510213188
0.49688608089717573
0.51702437359772202
0.43875747103700974
0.42100478095510735
0.23251681916815906
0.26551070477804595
0.38710386194420954
0.32526797787859496
0.14449585826869379
0.22926316177739323
0.17095607581168693
0.24377355171558457
0.3226834541002821
0.45286723536661694
0.25869646267261542
0.17445303012163782
0.31973661325241354
0.41474834254958781
0.39541118904735872
0.34464233261307953
0.31488158625410595
0.21756620470044091
0.29908100734632032
0.22675509657805074
0.26590479904244996
0.53710643863365881
0.41660966327067367
0.43610636802460934
0.50655727200523815
0.51772353577984276
0.61309221867974129
0.61056273541849559
0.61207828549787713
0.59716745458447873
0.42804721931104645
0.58303307957756723
0.56313564498905799
0.54535465622794621
0.53878849516194649
0.6283111698832301
0.51107392653381478
0.305307468918674
0.34600407988790249
0.35038050672395088
0.25565755545051283
0.20166120257712339
0.21205014811212408
0.25267346282161618
0.28452994673814674
0.41331727577921762
0.57718324380259778
0.56723414365809899
0.53214177233355142
0.47075986700503947
0.47413774275321269
0.44710114765614994
0.52255849438812219
0.50619230092685841
0.37437450198080835
0.41962328746419308
0.39072815001756489
0.30787077873976193
0.13856136009190506
0.097585418830429163
0.30841543347653189
0.46925714385927825
0.43726495501502072
0.3490673664436259
0.48115386820991679
0.56093674581570419
0.44057620478369264
0.5229703224729545
0.42156368084694051
0.5912501160000877
0.61920409675851573
0.54489450922461935
0.52473707218551846
0.54216176185240972
0.54630903227899075
0.44747556403855132
0.59133291051759829
0.3960980868782828
0.44883848139843213
0.54352041303513554
0.34959349164267212
0.33893153462245879
0.40388433126571449
0.43767924850199891
0.50300044798517407
0.49318354457719138
0.38842055560944277
0.5344996060724978
0.59678263903558981
0.61575584521017079
0.60040400863769439
0.53572120665742717
0.57953540876489096
0.49838500553189247
0.52324146696897811
0.4192460321552402
0.45653088487337123
0.41494871558747037
0.38357206021749657
0.30034801617415402
0.32482886531979877
0.2618039600567193
0.46395380062451269
0.40799391288843279
0.52555193541864664
0.49796232182646838
0.58102476896016086
0.58268958845063845
0.65798838562176742
0.56935295072903014
0.3968311279075134
0.36365688188223932
0.26837227963167454
0.30663217367787832
0.31176652503394087
0.26752827002554358
0.23896865273530929
0.41607848301352729
0.38422919042616815
0.3803340581443318
0.46628446549892816
0.34284456817299042
0.37200688816676075
0.32387022762895856
0.31026430841054192
0.14806040058251296
0.1354675905257198
0.17486553889818368
0.38760614665518417
0.4505395434202828
0.40461766267744559
0.43759390752834071
0.30742909550529895
0.42649643634205991
0.38195979887180131
0.48112536557908742
0.33550657982974785
0.28324480109886074
0.14969209960946184
0.4740211099593753
0.46292661575980248
0.44219464106073486
0.50948512590038497
0.47078633290393851
0.43401766208552917
0.5709311356321618
0.46331061074989172
0.50340853251540674
0.37251734816885157
0.3823583122395578
0.32782553718150337
0.31612885321785233
0.32539113238677342
0.26451490671043143
0.14217684040997736
0.1338318777771576
