0.21653001696494276
0.20940049864398991
0.21181134477050956
0.17571207706478922
0.26483104809683072
0.11959586813955064
0.07777481187781371
0.18815514202386183
0.24801000403650728
0.22156305977308938
0.46889083753661875
0.36647639213642397
0.30271274244467433
0.40288571678852064
0.35861991075352623
0.4552803300971196
0.36376376056596199
0.39169145104375253
0.25361714286722192
0.25056118606321331
0.22483172668122656
0.23258110915467642
0.038956071693142469
0.2317856008783897
0.30903043741937147
0.29680693657164625
0.23049885949280524
0.2333935310100288
0.23580837946503144
0.17462760843251407
0.13029543426529819
0.011006978122461954
0.16369469735921055
0.21472680164763844
0.34296934549437846
0.23118626249409313
0.19226679109775335
0.17939970864692248
0.2975265538258498
0.23042108618371238
0.21811945070530941
0.10523264114906579
0.13564533967666051
0.20802946270542202
0.3527148231108912
0.2200881951482884
0.22959526599638394
0.34357088203530178
0.53836730899185015
0.63259460080611585
0.6140277511132024
0.59042647424859551
0.52504185617879107
0.41540002407866888
0.38554359533263993
0.46761873176021224
0.41540281272997492
0.49135929579717236
0.48433101861934441
0.49721468661452345
0.50274069660356557
0.34878949834869277
0.40811330979490357
0.33844964948393041
0.30779920008277611
0.30118861037474243
0.36400362313642787
0.44078640692478138
0.41504245445965299
0.31458278792000738
0.14766789534768887
0.23220210638689831
0.21966714170070292
0.29300905225282992
0.49284587589203588
0.43026861769873487
0.39879846410246284
0.40942784616628303
0.28520155295516814
0.52312330567419263
0.59587679982338215
0.63437031813483435
0.60247847619871642
0.50688027109235645
0.35035742539782377
0.30710254940589848
0.30562200885116941
0.12268414656283746
0.041851156187427185
0.071828517911221773
0.033276767146502545
0.23312401900717145
0.3098042903447914
0.30192828040966724
0.27444643307376493
0.31793642506584457
0.44782162051948332
0.52091828024031783
0.73991861436661066
0.5695842468327571
0.52101735614023204
0.53395437332131068
0.48285663600722589
0.51449105017601215
0.3820142922232464
0.31357392569064396
0.25994596368051054
0.43140231950431368
0.35092643848147553
0.36792745461420284
0.45312959954907711
0.40626887247152077
0.48894416764287379
0.60701795683687843
0.60111865287711264
0.52259239354158704
0.37053832418940191
0.36201203082648109
0.338666801925054
0.18080493543146223
0.12313721397177879
0.22579353320021461
0.096528032864078128
0.17660809845869976
0.27194848614157069
0.34222491396102211
0.40672807035605713
0.35099997474422462
0.39110713039613393
0.45213044749683934
0.40629743030640897
0.43912291504130713
0.50802489889556912
0.51093080539839897
0.5393043386824391
0.63353252697079321
0.68841853851419665
0.47183522365686309
0.55117502450423728
0.5539719554848257
0.49448423387082946
0.6554836191055694
0.59779290047018152
0.45227151113252506
0.45611635394249345
0.53473852080264028
0.51868584486772529
0.44981785280919845
0.43660147128681909
0.38812629425132672
0.58323194636428255
0.55995156382232691
0.60411700777492428
0.60405951650665812
0.64295855775773514
0.65280503426137904
0.50368566906382728
0.49540298995077242
0.39143732296629369
0.42674868805193555
0.32700819380606172
0.26773353274752471
0.32016642476028168
0.12912069511944241
0.40511158611923975
0.34924846045411739
0.39655631618543569
0.3196006343484149
0.41730688542589789
0.45446332528873123
0.37395458702755191
0.26617840426176426
0.13216187512758559
0.17944184997697338
0.076926623436088276
0.10908911618376102
0.26069989996917275
0.27543122228798145
0.44551862229887668
0.51406602453662187
0.52526157386890404
0.59299579009893466
0.58261556355320432
0.56436894266523985
0.63991312910497311
0.60463115938585832
0.52490885899079642
0.52517334702090734
0.45642317203834221
0.13130658104402493
0.14793371482430664
0.30385841475364578
0.46602021102089608
0.45688510626708601
0.4891250258386744
0.37782170190289038
0.41857810224540498
0.33605496470968271
0.27267698451876682
0.14770263614981818
0.2216194226791213
0.12880284495563699
