0.38297749203949905
0.46473288231897064
0.46240737587081776
0.54257746170723942
0.51060490802555814
0.58966037514079483
0.56494016791140333
0.4262093676008179
0.46826429423841542
0.37355212434648327
0.26948597952397607
0.37037135317924852
0.41710100890610236
0.43048111157338664
0.48377658701755555
0.31381827994406758
0.38534489009375672
0.34958323229563076
0.32173745673630588
0.35615142126719568
0.38042893330024136
0.30703680496757663
0.34515135645990686
0.3790402362577337
0.38278889554584988
0.24434052843738976
0.15805332551968773
0.31026546609720662
0.38866230834753085
0.26798839254018125
0.36911022104692526
0.12364400911469428
0.204916751745995
0.19132300443999808
0.49443740945440051
0.5456017682819494
0.53357416344311881
0.50047793548648056
0.57965451468153495
0.62709081365755648
0.59624633644689828
0.71495921890294656
0.58476225844924046
0.49465948638483165
0.50736366374953912
0.43244890425913429
0.4352293103023353
0.43050057751615528
0.46674935826295538
0.59210559685570829
0.59747916401600409
0.60476767499921469
0.58263054817650184
0.55283299904092709
0.36773771204853167
0.47593398070451004
0.31786232746467785
0.30917436857238867
0.32950388748633241
0.19064221348399185
0.23092095719997849
0.32463266428212645
0.33364677243966251
0.40754617083218941
0.36521750642223999
0.31448438641111071
0.25464321314073601
0.33033001769676235
0.38386429397655591
0.36329527358868219
0.42964100773517605
0.38666717813194285
0.4151367139732387
0.4526594748097425
0.28420504040437444
0.21202971465659734
0.31413284584371315
0.2380427684264903
0.16547718643563541
0.23086963978233227
0.18149989045981726
0.1683315966876876
0.34153331951641464
0.29132643102272421
0.2003524531063226
0.20350906506430058
0.16847513014632698
0.064176409383745289
0.13014864345766594
0.18466089374492142
0.24495331608455789
0.24185389034925492
0.21831571998439972
0.16695991137025132
0.033932644666463257
0.17779710812336222
0.27177035323519566
0.60818219214963343
0.54265339738021179
0.52469319489844257
0.61815488947484076
0.48240234497645523
0.51771666356891211
0.50343415094790578
0.33400900763541369
0.3065225955392234
0.2400055224431909
0.16489195142560345
0.20841924613499341
0.11739603621237277
0.33822655453123157
0.48907724867905494
0.47028989060194137
0.56344849997582813
0.50097557012185778
0.48754735338790256
0.52208754690861314
0.54130059603713176
0.53410040859488894
0.6436545853758493
0.62177957829222319
0.45883108999846695
0.6018687366624792
0.60095168800491738
0.67832702067715356
0.61054019777820134
0.48153684172466177
0.46163089260668444
0.35017964079291869
0.38851151355059577
0.51830173952600889
0.48989961149591271
0.42886308309856186
0.46650949483409915
0.4114864248959953
0.35755127455491587
0.22890214484068361
0.25692553058600787
0.18320915136881344
0.25137669191010054
0.38061989365571985
0.38630259429204111
0.46126068335702841
0.21011314246677851
0.10862030111690299
0.16369959228532002
0.25456433541789703
0.14223550469961138
0.22898138539006327
0.29687436221495905
0.41878872383755689
0.47479424918307311
0.46514450680720132
0.39918313732069627
0.30320775084546586
0.3734144028637611
0.50933021662752465
0.43121178266377558
0.46593502459501002
0.50468864974538519
0.52574889135460234
0.47910460819602818
0.3868355116155997
0.40469480396440061
0.27071615141384464
0.33561521371242364
0.48776056975741772
0.45298495518992887
0.26314117921675007
0.48760271289090973
0.50095849667436354
0.42197854564887582
0.4682323786899128
0.46363931280393555
0.52349441136273234
0.58382452348836678
0.60727048637524117
0.60149747843342583
0.60521587779826047
0.57416142091430333
0.63829481052926007
0.52599957723625423
0.4936087786146926
0.46981456509382025
0.56796492347277605
0.6325558782949543
0.64734415355888753
0.57854956043973993
0.6157501405375585
0.59536655633679603
0.58987065430042962
0.47361434206749126
0.52936225701430217
0.59515820155715504
0.43317890191574471
0.613636040550397
0.46532359717776672
0.42918820474982161
0.49566426039833628
0.35817716937211219
0.53405834369839633
0.36728095398875032
