0.032008666931184655
0.032659356616184194
0.008695396188640462
0.0034304086229167462
0.010155263662489346
0.0025643906113414429
0.019783221736870214
0.025818750163711979
0.036908190814008389
0.021785862925718213
0.0060680405940604981
0.024515493299229193
0.030289462870299388
0.0053234884360265182
0.002719157181060838
0.033096086125487111
0.03814205450076074
0.025699784148481401
0.012519621972219418
0.03959822541278616
0.021979617535594062
0.025997614453258298
0.03995799835342604
0.031100055247820977
0.034497785308544852
0.016179931473288427
0.033057857669047432
0.0437421666491348
0.0069044491323193369
0.02270039807409608
0.033351917200054253
0.0403866795145469
0.036965798018551078
0.015987972683081313
0.020713355703339851
0.021645305645488441
0.02765975817480391
0.052026504073235946
0.019253846050292848
0.050572680819078057
0.006563341810391519
0.025375973371932339
0.025343385132643875
0.043415041106031095
0.018813504801519162
0.0050288666670176615
0.026016872362071588
0.030772299776705873
0.047234710445630088
0.051061074936044462
0.0067089098577079584
0.019744546861864828
0.04457143807145892
0.031209936791232809
0.01186908278571955
0.01058903276934664
0.019043701109563955
0.027309259531595798
0.016046502293647756
0.025321251642905929
0.0094783888335539905
0.022100908052879294
0.0047243841233647428
0.027114334702806039
0.012778270356081339
0.023752312791335179
0.013345787996958607
0.012111877798109393
0.051984642437099299
0.029233256827832094
0.034803389599557248
0.033950548297762485
0.027621922263535034
0.022337381398194946
0.015721191052788106
0.024233847275519523
0.028048657667712324
0.035012022476786954
0.035352575003128738
0.018838486291508218
0.023512537811264462
0.005724011751978988
0.026041761483382993
0.036234210774863065
0.020090998221971405
0.028188389159137673
0.015076637126426588
0.039015197200007116
0.016297848532881971
0.030607619558841975
0.025696951197626966
0.059624641894337124
0.036984967020721439
0.019136710102120244
0.00693473782634829
0.040261520987649069
0.062813764813084275
0.022500382477641766
0.035908079044721097
0.027790512499442109
0.01434162453506521
0.022111563345814513
0.021890014509959716
0.031860631684891116
0.031371277004822944
0.015931755769360505
0.0047437385104310498
0.062833758672917669
0.020752372396521414
0.014586829881677324
0.030928437859837728
0.034096921945728664
0.011225595972258407
0.0096905978008275991
0.024157826907188259
0.0097980059935044456
0.006511421598304503
0.008458431342848332
0.049189592441714232
0.007965376106222305
0.030633247178499939
0.0045388725819162706
0.035660539245618579
0.02494877963382143
0.026477140866535753
0.0072464670450928274
0.0055040403408400064
0.023428797574166296
0.0091173178902913196
0.019535401874488895
0.016939073635683043
0.019321831539762701
0.021633543160948565
0.030301383161178311
0.022014955528936848
0.023030751706543826
0.033387241527539059
0.015436461907688253
0.01163823244185605
0.029210520321374053
0.027446999083821946
0.018556213053306528
0.03793392043052287
0.010503281838925974
0.021569075509314355
0.039141005293503665
0.025052501507432823
0.022357540884029699
0.027756648103644956
0.0419956222956809
0.014649009736040315
0.043856305321472631
0.0053841831438085344
0.042532411796424696
0.030746183306875043
0.016285013903547647
0.034190765768921015
0.010320130307187219
0.026244606966614903
0.015438175499584211
0.03060894631158231
0.037282433213914445
0.024648591137894083
0.050690409012391115
0.012973226370587648
0.0077659213613587678
0.0069602587698422459
0.012287548276884891
0.022052974580660609
0.0087012898266193364
0.018127167639054545
0.011181169724383402
0.046212849162939586
0.04477321021490336
0.020574761537904648
0.050367392668146202
0.040645174135655854
0.037631015524268528
0.027457402659185764
0.036783406310679896
0.027394345393522198
0.072752058963382035
0.015103358988678567
0.032762894626441885
0.032356815264760551
0.018017000014445273
0.023347612156446526
0.02199646164055127
0.029660432086327182
0.04981107807882363
0.029565442532251459
0.022471019754325357
0.0066942607518011522
0.02725299636608498
0.059131371569682019
0.014333435473919128
0.018974793730366403
0.023613377215257809
0.019345766024624983
0.030313200876848474
0.01242095164162779
0.014088317380436331
