0.049863301883425339
0.020686487759250138
0.02258217957079324
0.028944220169913833
0.032502517583183128
0.0012094869135514574
0.019369856621330242
0.038201265003738459
0.0048413000337798155
0.027020143085180231
0.032323066806354266
0.03583926789005417
0.023795866933687196
0.023497840612812154
0.01730392816157051
0.013027850048789431
0.02061344726072388
0.058418360370046621
0.013754557080114187
0.048330083403598054
0.020712333144696716
0.01140337693139693
0.027169774112681452
0.025941889908857423
0.019991722633690211
0.030574098736160283
0.028614878350125768
0.017797922160566797
0.012890319195949971
0.0043246520500039905
0.02706387513145939
0.008485512303946537
0.0038718572752533195
0.0091918215389191465
0.022260983227496745
0.015478782133254628
0.022495655609768388
0.011618437135462905
0.019982075337983664
0.028041002373869962
0.040887673973687928
0.014323762693287397
0.01876998218157002
0.012541464457976799
0.020808876941156296
0.022971242183121247
0.026140804591504009
0.0012484903129788545
0.016959400716118147
0.028483701896360104
0.016670617863038445
0.034309952139482847
0.027859681093098009
0.023216960719735748
0.04014655919739666
0.013103393487339451
0.0079338549791529416
0.049747764458038031
0.034087681482119554
0.058383664236089129
0.016469372394626727
0.011525477988207498
0.0076169627740986607
0.0095385344821033516
0.022291471584169043
0.026652436560998548
0.010950595215584769
0.0055801981193154861
0.032657932296161547
0.065232398375291101
0.029674014471188889
0.032634314339474828
0.046039246697063656
0.022743432639002411
0.025319108614326475
0.019544466436807132
0.014497599282058475
0.036101603058462724
0.016153427262592716
0.025077621686274258
0.045503874156760042
0.032151623990694649
0.010819724621880893
0.035830750708778794
0.042251968267597563
0.0018910533262234935
0.018735616081748094
0.019591497844735045
0.012777653807656317
0.017435579950835743
0.045481245554666913
0.068103242074832551
0.038527570048050332
0.034964510135493884
0.050970239539279136
0.0064270755810291562
0.040535965909887423
0.03357071531567813
0.043874010692137831
0.034540437735577634
0.010160017312839583
0.014092302753376302
0.056460153265519161
0.065271380673380119
0.031546739743825158
0.052382243354056432
0.047648326729080918
0.028998117473275822
0.0091452249076198495
0.039579509526679608
0.0098014936570049518
0.022612027271650861
0.038783513615239615
0.025424975164721777
0.018915189433231956
0.048018576289854252
0.021529528667239176
0.026369297563791066
0.011982637984207021
0.040414448055597949
0.041922033717372485
0.026027849669875956
0.029155346619619688
0.014813727541059285
0.03145582363912082
0.04484569541489633
0.029286591523242166
0.013789203419510749
0.027180228779135476
0.032911228295751258
0.012202256129344877
0.027295585505652829
0.0055269544189637445
0.0087999135159849712
0.012784591018163465
0.037995720605130005
0.025816338631345213
0.02508672302427133
0.032267143078880081
0.027877685730794265
0.0057430132044920517
0.016000544052211709
0.045267262183411691
0.0092488019462807509
0.015531002653840343
0.025229130869797927
0.043488318094699219
0.0096543029504914842
0.038912027243189096
0.027349583463883304
0.014412201015818646
0.021093745160124137
0.023183568580375759
0.009748410996697798
0.031137047064315335
0.0063789609441540383
0.012743175068981059
0.057046372451824083
0.031380905421148547
0.020386063419571523
0.025289700842317259
0.038841878174403606
0.0089774731583559895
0.025092283785891623
0.0046181809588099181
0.027478331337723358
0.017604337518116481
0.048660283209182309
0.015437913717333751
0.0068819927609391355
0.017364587126215757
0.025237255883106154
0.035285599831320354
0.023022128824870036
0.030370445667088821
0.029746497230638297
0.010046339496734882
0.026806279818164531
0.012587005865779146
0.020997350193064125
0.018531200729451636
0.020783012123538988
0.022587461626554142
0.052981403756099228
0.022755614004458111
0.029174589416939841
0.0058418224811150696
0.04772215641476163
0.0097434545112770523
0.016011364372109184
0.0090803133744422528
0.0083440735338893741
0.015509147140761207
0.0040327953828501783
0.0060707773797866625
0.020003222409961243
0.023383664108354959
0.0092041185834272031
0.056010709191909022
0.043489695445163262
0.043654464755347171
0.0095616222483214282
