0.020546172537670868
0.0080808679915989855
0.049601524898003214
0.0077345160227797402
0.0075044214357523993
0.039595899079710339
0.0425657486283509
0.021877411021566297
0.036824047737503203
0.01565758381215333
0.033243611284714397
0.0021344885065036527
0.024384454552442619
0.020314775751623538
0.011140206618501038
0.023739425222854115
0.011771335626097678
0.010817461746843761
0.027520799422097838
0.035271480332006971
0.033253167201195838
0.013302983567629961
0.013257129416401767
0.036042321777847011
0.0058870522028956433
0.040289171259346675
0.035105625889448447
0.03591504840047282
0.031987749093455274
0.0030339288750422973
0.018620490721607708
0.043637188007102243
0.035723633942261926
0.022241599855977623
0.013592258722593745
0.017024628306964364
0.0074847581017206677
0.01658137785882946
0.025552750321865818
0.038416665204443319
0.026419534466090223
0.026485524150752393
0.034679677282489718
0.016082007570389641
0.013318885868172887
0.031786702814668458
0.01808225190576724
0.021380266924782173
0.041577064964115222
0.029252440807513356
0.02252943442514568
0.02327089361598313
0.024490680098250978
0.052376693276217343
0.024540900070239288
0.016147249634322711
0.02615041901820005
0.0032182732818483383
0.054603628530639492
0.025163026305292057
0.017419812200366081
0.041817377112649476
0.011768135434944439
0.015958654464921989
0.035274727124053662
0.011435433139068845
0.012463004131037219
0.010600151350139817
0.03081954745554619
0.011057816593405689
0.050056495393362793
0.040011226832572619
0.0011492597013770807
0.011597509051195914
0.018536719425799986
0.032544327729334986
0.016960709667495966
0.021537652762506819
0.018064840907118559
0.03993519111798139
0.022736209008068296
0.02132215959953097
0.019185517496184284
0.020243899253762569
0.032235289533673453
0.017989302034661304
0.036781390982994308
0.04281545605659396
0.035682320314780504
0.012869006849699867
0.012203128128010672
0.021194524089175559
0.04969124719716262
0.024898517865765808
0.023068434655343931
0.037890115508259707
0.014891833530481515
0.024186147910245075
0.02094426167670356
0.0042345646617846927
0.018550762248485342
0.018061850633097874
0.044089197928685847
0.046419402722769253
0.012373242788278628
0.0085812342861149946
0.01854465002136934
0.019643592310146705
0.03211245097992485
0.021464678550638487
0.036889299154315255
0.016848200969181923
0.041774429096468765
0.0066026155665008567
0.028874437245598863
0.033701419174069297
0.020103147978111635
0.032656263625935489
0.007788027048928235
0.030853531004840905
0.026003575547699099
0.02440256700539508
0.027068765669248655
0.030177281797215773
0.011526257795632489
0.044266540418493205
0.041101086904451418
0.015965571015843241
0.029781153519275638
0.019778385851830949
0.016382539601134428
0.031100613808830009
0.025719977678600063
0.01513332621678784
0.036441623159679214
0.037031023117998024
0.023682625213599273
0.022484901341257354
0.0095554108928140903
0.016158761280504138
0.031322263291482008
0.010013860721534755
0.034643443913355818
0.0086027731848876236
0.034800882915781622
0.025603422853536409
0.032106929975952596
0.036943881797030079
0.031738925437118495
0.041225143746407254
0.025852118687214619
0.02089535899756571
0.025731218736181841
0.0090311760420418458
0.037202906637305758
0.017147305297617405
0.056914442063068747
0.027496473245868801
0.031278478743119731
0.070595989501503628
0.026847012081672696
0.01614290029196665
0.040288219466038361
0.023944395338989743
0.021615866361825813
0.011936008868286977
0.0081545478363360402
0.021608449756469309
0.0211031040650091
0.015671456765718773
0.035507597617832502
0.020499588980249134
0.030251733442576086
0.033465795950561247
0.024716821129953066
0.044066007356570493
0.011540313179329362
0.010050349175648015
0.018289059833865189
0.021687429372587747
0.0273488040113023
0.01434423582931205
0.0470114696516662
0.046846687014655101
0.018733873673524019
0.02864725268047966
0.027725005961416058
0.029381241329028147
0.049610317502267118
0.054141372889029656
0.017166519367292889
0.024209930175895501
0.0097445382253572421
0.012184800400166954
0.029245139460650719
0.031215981713615015
0.029674966158387099
0.020546888836368907
0.061366200553544539
0.025359367683738868
0.017805570311198952
0.0074687086025809306
