0.028433879976579736
0.035581738345101442
0.047774130191220468
0.031686517567909696
0.04484706281910536
0.0055541396465466925
0.017156245306986392
0.025446572969208173
0.041128685361353799
0.017321251456177595
0.03226176545805913
0.012463785636580378
0.024375860979207284
0.027815245537014359
0.017900933761970852
0.0038164998782945605
0.015567578065621149
0.071117753862431729
0.020639247749899069
0.030320229864893349
0.0065374810530283885
0.056307306612648454
0.04031333107812287
0.037313858514864656
0.0096237238918659932
0.027955123500003145
0.021186571273583841
0.023740070640432095
0.040109602830114915
0.025108509814437623
0.0054935868388653079
0.020059882820908224
0.039228422590622501
0.048419708938406518
0.031022277480503756
0.02343394466106942
0.012467304763631773
0.040411560731897452
0.032546236701742323
0.04015821501471039
0.021282613762223675
0.016961135071923379
0.013234042039412653
0.020195017790248963
0.011371977775804456
0.048952109567338073
0.03107931508491726
0.031098261559108664
0.01329098575708606
0.028067737546332412
0.033849078000803064
0.016519894644564846
0.016175695509824024
0.05146016974024098
0.033691215065664894
0.025835628269691338
0.038563935584259863
0.050358205622241803
0.01148545475644684
0.0075906156186515339
0.026543348545497936
0.0076935950966114178
0.0083541258158908883
0.003335217689049378
0.045366315102938079
0.026738951555262611
0.022581431865387795
0.038134566029418768
0.038665471356936119
0.037567083368049196
0.01317347943865751
0.030449580337791767
0.016611252819335561
0.054641913793128501
0.039036064858797681
0.013366222524861296
0.011534283059410344
0.012145380521663604
0.047067678404340264
0.012401448944934047
0.040725853171830098
0.051373446158056009
0.026505718900427126
0.033769133709922183
0.012764348590118367
0.023985030279184139
0.029680882998197749
0.027247377469046052
0.059194692587195209
0.021190977447760582
0.034558999220527353
0.010014306072301216
0.031323846672677992
0.022478356016825008
0.0349806709951508
0.0094240649274521682
0.038454674571599609
0.0020086944084348299
0.014390348273935935
0.044073902856404286
0.031376500154780426
0.010446918443748473
0.036730199096802196
0.02525645103844092
0.019203832042287695
0.019105604972572375
0.0074513494586360158
0.045602113232959304
0.026186689938850202
0.0089073903988072384
0.021343061563058426
0.029078906414523143
0.04502140981567259
0.018848186236462654
0.038360147984886461
0.025935232891567142
0.037980546603874767
0.019409229112866178
0.010281113647621121
0.0087837654806101513
0.015253408090116001
0.010306827155161995
0.01226345042895732
0.015574049532581393
0.018631230819338443
0.037945681278890468
0.035505356768056634
0.0089067324116435271
0.022254703527682187
0.046652455045758996
0.019709102692063322
0.068924808187291603
0.051082510778575216
0.02599780538497987
0.017198191214507979
0.031755113757914816
0.028983142569086347
0.009928865562267809
0.028756145388019804
0.010191455629010901
0.0042963936561003771
0.027070853887516507
0.021689356663373197
0.031972184227367188
0.010007043610107916
0.024416006117918176
0.043158576305919273
0.0079729377902003074
0.032916777636497307
0.022039268964205855
0.024003101045113995
0.0031854339594543811
0.0053780264812742689
0.0065273086966083187
0.0075231154199533121
0.025707294080959099
0.037533519834904952
0.019805259952284771
0.03101600379075457
0.0095990413298069049
0.01279285096765378
0.0186629317595246
0.031883187691242126
0.017177317311383049
0.046156289805602886
0.010288487277551146
0.0089102121442158361
0.044601976859992662
0.038997428966092401
0.032533826570866772
0.031336865989550634
0.051471536071123217
0.016891807938712165
0.037828584746325319
0.027179967541132756
0.033282758609092876
0.038303562426204418
0.013040045920793233
0.02462334802546836
0.019441642163443427
0.015485637559353992
0.005613311791805394
0.039078616042364137
0.047794891697446218
0.038511146000863396
0.023422187016858904
0.012667774955125834
0.038834010071245186
0.016202619740021101
0.037093234212226774
0.048154978573199766
0.031531778096156246
0.021548185834525734
0.033170650805849904
0.045394882168334413
0.045664642062174882
0.0413316410869864
0.033955300446495994
0.014579897011146091
0.029178031697438513
0.040415005630750622
0.025706772107023851
