0.0053239418515083009
0.0054724660222276985
0.0082696481662333614
0.0044554240763188709
0.0025588906391939815
0.0061270676859206379
0.008649416328490386
0.0026391511961669479
0.0056451496200525886
0.0012167568759824173
0.0060927260017290272
0.0046145824686981887
0.0032159535443584968
0.0083272253694638473
0.0048533633024612239
0.0035006430303883549
0.0057738356163765702
0.0095344062756466327
0.0098337008982039478
0.0077069310025058039
0.013233920841862567
0.0056400324375965949
0.0099565751219584334
0.0093276640104530788
0.0053037848020449051
0.007947660134026582
0.0035138083125519784
0.0052188893520200078
0.0014415924341716199
0.0058173361529763028
0.013983731566892036
0.0017216154791191631
0.0071720109158856776
0.0086497067903968054
0.016942124441042854
0.0037117576777777822
0.0026518689874679684
0.0069903152638602101
0.0025499920726650177
0.0036774447922236671
0.0032736926509776909
0.0070154881725194001
0.0020852535079794949
0.012339428758216971
0.0037315012945397389
0.0033894550099816422
0.0086582066172819581
0.0056853494893400747
0.0062781469252060655
0.0055970267671106959
0.004641079157545862
0.0041291392086072283
0.0016709400361618687
0.0057016678593863838
0.01182256893063751
0.0097834649497573339
0.0077075576984033849
0.0034044482120086069
0.0049486387241955464
0.0080049023261354203
0.0042527152142081198
0.0066561343660783614
0.0073639748485427254
0.0070914822694765596
0.0015123106103498497
0.0084734679350029051
0.010178661090193495
0.0027237648072931751
0.004380930127030995
0.00628038001190067
0.0055694905573492074
0.0054544708657285621
0.011418246484950089
0.0085546734729239314
0.0083158743316698522
0.0056443006783311739
0.0021428381796023761
0.015102811297268431
0.0081682300739066589
0.0049979900540030623
0.0040935216365168515
0.0094005108225524141
0.010661016385209851
0.010822760974675981
0.0021849112767090557
0.0063271890880246843
0.0083698177872642675
0.0077963948592592843
0.0036181007304734434
0.0067372489958449824
0.0024929434798547445
0.0048077253926440055
0.0072680962359965321
0.0029045862049148128
0.0034442297227373114
0.0022402882339526108
0.0057101913873847778
0.0093396287695397331
0.0066740073116560387
0.0095255507701824341
0.0034148005788315556
0.0067884893404023721
0.0059184613240809104
0.0092801164619589309
0.0070319054324919179
0.0063746618184224299
0.0064365783505353326
0.0097568777553764773
0.0087137303694575508
0.0067454237713813333
0.0018072352621667845
0.0042727824263682984
0.0017704537505796186
0.0063957667120848154
0.0066021085680249636
0.0067517637821654115
0.0050012782760186138
0.004763854147883999
0.0015365723713975999
0.0036110580953336233
0.0015229346287237481
0.0037359159126984951
0.0015052600885253767
0.0071610893580064941
0.010967792065183442
0.010308714357032732
0.009650765773966891
0.0054296066987819351
0.0045572297316030319
0.0041369273601870029
0.016826041819810719
0.0050567449855649545
0.01496107191151182
0.0026127397730505582
0.0090459714217987226
0.005281309571272162
0.006412348246992136
0.00076671164029268486
0.0027164344696854687
0.0055624019481888397
0.0042147399181049101
0.0058467775173205623
0.0073918923496456386
0.0068824764749370569
0.0045691191394266594
0.0039354452350597834
0.0060587310916468658
0.0078722398711026827
0.014382955015967517
0.0092709009225979966
0.0048153661462670095
0.01102668402995844
0.010371230656512392
0.0025387294178036202
0.02144861112674672
0.011761063576707158
0.012251396212933703
0.0080722480559875572
0.0071748377437948537
0.0059476887441556265
0.0055997386274997214
0.0087374355917776026
0.011134916606701441
0.0028843774657218847
0.0024839893941362885
0.0053943060927236436
0.0040671824569858597
0.0047528440486071782
0.0064288260667841549
0.0085070692029173885
0.006695073343851196
0.010080467184490077
0.0070389165919217339
0.0094490003830214105
0.0065029929026553879
0.0041175506316797998
0.0068885712640386586
0.0042733601415809765
0.0051481334118160076
0.0028428244332277756
0.0073983622997715786
0.0016795422230705267
0.0083669485841144382
0.0089042120147251151
0.0028251382608518423
0.010436482346194129
0.0064763947321512961
0.0018786949988601777
0.0040992259112378401
0.0046466911606393799
0.0037972676201822788
0.010719528560826011
0.012329929969641246
0.0064238272155236632
0.0061720383471113712
0.0076101530405430036
0.004500229551051442
0.014815882224518817
0.0054297980369639983
0.0091106080229275098
0.0076812990410363036
0.0061155589286911328
