0.006911411777826712
0.0048796945316311839
0.0070821093209247543
0.013772577621396418
0.0084238030562860458
0.0036041820827665948
0.0047734685600352017
0.0071857738688546127
0.0085968478924455648
0.0082985326806679933
0.0017764457126679448
0.0064542858923966051
0.0045603102782481282
0.0030511874402885946
0.002291545833407395
0.007111270223492343
0.0027946415472387231
0.010002595685461234
0.0069904144526613046
0.0015183785967351965
0.0069398238098725487
0.0098712792881770432
0.011328022882671745
0.0056911161528374853
0.0072313582391718145
0.0087868929788302731
0.01312159789846392
0.0099292316491020709
0.0059135603458250648
0.0151913329421565
0.0044772827966606766
0.0024358104503074797
0.0071406493908418873
0.0023407123290618902
0.0031705392881404152
0.00074361631829959968
0.0061522402469384565
0.0062021682472788971
0.0087066255464002679
0.0012944109875527433
0.0062634289272057763
0.0028125321235602189
0.010597829298131006
0.0033668999017328941
0.004471214860118069
0.0074853459002614427
0.0089537418967602766
0.0051842652014226914
0.010472576482027041
0.010120901465968089
0.00098654780695316699
0.0018216158766489188
0.010598955113623586
0.0073205412733633873
0.011434855873494111
0.013779367794681238
0.0052273117564849581
0.0070519741864321205
0.0091649309012197637
0.0016833207705280668
0.0070696894048577485
0.010514424902306729
0.0035756249152033332
0.0043579376512876029
0.011185288907092111
0.0016560669871839356
0.0031742982873106721
0.0085869051466085766
0.0096627072160594945
0.0066908919246849103
0.0053408870146754049
0.0070782846960400925
0.010091503662015326
0.0049628601167282897
0.0058096987847559662
0.0032492294450220389
0.012365226054181439
0.0013123615608735867
0.014270560685659022
0.0011493822860601099
0.0068105588681088578
0.004606222064692537
0.006274277076511835
0.0038630921757878555
0.0045318095289377369
0.005261166017342658
0.0086516303427100951
0.0080129040024995071
0.0041867490665633044
0.0057687565434112196
0.00048631423533335367
0.0077500307893785727
0.009728928944982014
0.0072060390787445708
0.0042275635974977493
0.00671592654883059
0.0010439453293616624
0.014806495403569099
0.0050793686654973446
0.013131187515682216
0.010257354055435286
0.002348217072324737
0.010625960769682641
0.0040198646601029425
0.0066493088651551728
0.0088418259951752506
0.0081426017798199735
0.0038024617455404098
0.021783375768763418
0.00081336346755883496
0.0048127044386007036
0.0096654920616804328
0.0059690118742997556
0.0047665024185448443
0.01607583872574642
0.010091298259988691
0.007631708935155402
0.0083494804733255448
0.0023448654955882339
0.0065156536001120769
0.0064971899286563493
0.0012369591719233247
0.0038530945012737235
0.0079968078199955973
0.0066482800937839905
0.0037903914367330561
0.0031007603909459034
0.0068448449504037246
0.0053900522249059899
0.0037515307707245023
0.01049610856216809
0.0052234585545328097
0.0025794819856437769
0.00082142971328100852
0.0028920553928256016
0.011093058636333929
0.0083696817493253087
0.0093594826195300945
0.010013054823164474
0.010278529916404102
0.00060392256197334948
0.0036009529080446145
0.012176311923169708
0.0039513030494195038
0.0061658771454326565
0.010526317701392805
0.0052834237365816912
0.0067892287661962796
0.010162815445967942
0.0040175785372212267
0.0022833447396622734
0.0036901867073108096
0.0051044949102193931
0.012180163338491364
0.0032777014507275417
0.0037942670361253931
0.0094571721382612668
0.0040938523308414552
0.0066473614234205209
0.0023531491229770505
0.0030398764841541859
0.0048233115752047574
0.0086219076592780747
0.0016317185734808005
0.006001012762065357
0.0078844633892391457
0.0043459088863406683
0.013036232331912862
0.010470734443346626
0.011166196462069431
0.011853800355594812
0.0073357877926666761
0.010293323705676493
0.0013137945627668577
0.004591680588502095
0.011457976331757137
0.010585205639462315
0.0043555777524113036
0.0096082540114982157
0.0063940106528540229
0.0026501331369077228
0.0042704256198071227
0.011397659154049441
0.011361648221894822
0.001326477155706751
0.0037328121998385349
0.0071735185607806184
0.0091634499196112124
0.0067146464781429631
0.004438149695735874
0.0058174829475337699
0.011476083804321724
0.011867293508967871
0.012627172522006954
0.011890231389178508
0.005157219539561715
0.0030858270425296454
0.0032883335035284937
0.0099416268576184921
0.0065455830698011776
0.0030841365197417812
0.0059723264416126484
