0.0091975374262184585
0.013644304841437039
0.010878060314020655
0.015171936144434312
0.019293122853106085
0.012970900802392779
0.0098877461381054691
0.010045773485584516
0.013041248184251999
0.014301868979557854
0.018815100122074102
0.012676653365498274
0.025587827083818279
0.029899735530783806
0.012974390505563713
0.021798700666494895
0.027233278759668002
0.024480951541283255
0.014043449440607349
0.0074699741279562045
0.0077345742243840688
0.015511084203381981
0.010928429101071805
0.028830189112049449
0.017171108712879492
0.0085854861452802685
0.022586446701989955
0.014715277487522457
0.016207690474907999
0.0134079197017742
0.029523401843600052
0.014562231150314077
0.0033173629589753977
0.005509620494659126
0.02165962421837863
0.012430476687277545
0.01937697304963848
0.016116861294999302
0.0058888421590848833
0.0077623423806586081
0.030213450462765204
0.010512276529988896
0.023611497255133087
0.013338068816419274
0.01052506596551553
0.011524206561185517
0.010540154908717797
0.0048956129646639604
0.033014909643305682
0.01813741130296909
0.036085744642182553
0.013421702797554891
0.011270032506311204
0.013712898953951011
0.005733459470523534
0.021858920868883663
0.0048626496677809539
0.018919763512584876
0.005552007482425186
0.011507934050012974
0.017718095209054163
0.010565324397170514
0.0062162644779405196
0.0068554507283744692
0.0031577108802069453
0.015708982977367746
0.014503797738673945
0.0065108341910335007
0.0088905934444997621
0.0099992165202919658
0.015684801459874425
0.010014939439914085
0.02069624325118858
0.029730649746406549
0.0087617879757593085
0.013653547281191216
0.011221566120264481
0.018239518835668159
0.017134605708995665
0.019305554306532646
0.031758276296395688
0.023085194363195768
0.015629133498677197
0.012876366073485683
0.012984324578829205
0.0075362145021599025
0.014628653597991224
0.015983625415104459
0.029515011127793731
0.014643491626242079
0.025763552605692661
0.020685313650539699
0.020433679019836577
0.01318874126345854
0.018098798832262428
0.013399594189783759
0.016933242016749419
0.0079840910452161334
0.02122355415956793
0.020737386918863693
0.027321578218799353
0.019225623763506408
0.0093380611346131417
0.014456913811611441
0.0029942105924508429
0.0022177540030304927
0.020796036384025975
0.026688773169357121
0.010934437066670554
0.025028526918340049
0.024523254430396071
0.016142659846584164
0.0042917254685506442
0.0099592769786753521
0.014524907344624785
0.027042413543386414
0.0069411279271636549
0.016980392753486638
0.012564611006570896
0.0077421073887949119
0.011939795257065166
0.016973747957054232
0.018205102062080054
0.0078160814307549759
0.029856744414197101
0.021502151118471695
0.029206047399001404
0.022754126998767717
0.016751692065102925
0.02115694534845123
0.025894554282120955
0.0050466492144782419
0.01807553780616401
0.011217801832185575
0.010094492792508163
0.020509566877725816
0.015506018534021334
0.015389768496013732
0.0043207151291474403
0.002083568307444991
0.01992868221227817
0.014804822324982505
0.0047851343697658758
0.0072969281985821553
0.0064559034394173643
0.019315611668679036
0.016540321328968301
0.023955242698395982
0.0062641717882188294
0.016529102734496787
0.025295655055985734
0.017077663115830314
0.014053963863471138
0.0099257376292695345
0.0019153464979227714
0.0071971522266834724
0.020576868027235601
0.013814825154323411
0.010366081868846508
0.031380932629079629
0.019605270720898717
0.0061266905149346363
0.0077806170850933309
0.019353232488689535
0.0068050712930858839
0.0060440275805052441
0.0044346247428772396
0.016885476472523499
0.012208572605931983
0.037394603734148393
0.0022306249518724989
0.019063510997276802
0.017778546656721975
0.0068739647018955258
0.0025921713700144478
0.029149999019241056
0.0049540273865736383
0.0022801927818298707
0.018132707273149046
0.012152155436199246
0.0099188579747143315
0.021052648896893431
0.0094689045826773285
0.0042391425054343502
0.027306888921883342
0.0043123253154355176
0.0052718244212649193
0.010883278327737004
0.0061526376494882773
0.0079417756539397442
0.01900870291823446
0.032800079171609903
0.013615505744654354
0.015535430416938186
0.014202972399733907
0.011245682130801718
0.013971656695952985
0.026445044250314236
0.016331269219476127
0.021301943949963677
0.014013665457327828
0.023184663989130834
