0.013892726377655248
0.020706565716688104
0.026266730877663458
0.012944148436476942
0.031636490878006567
0.045116361359007422
0.035054179041926523
0.02742920125659604
0.019032749624441559
0.013741618319822974
0.017076423942787394
0.024550589184327624
0.025623826976615426
0.053252570151929676
0.017871226338734579
0.0045236265272230632
0.020267385925847013
0.031715597225033809
0.010523167760498588
0.032122318222453858
0.022535885590430283
0.018669700166848827
0.017015225258840076
0.015216007766573532
0.03226834876401239
0.0036446119364415938
0.014967816573345522
0.023242011860843403
0.011457819889095982
0.026524121905447801
0.044723399952535214
0.018628692408158905
0.052491283505202095
0.030047331202482788
0.030113147155705032
0.021324298565421434
0.033430763549805814
0.028829294861486578
0.01796858579289326
0.00043438479417684956
0.038312523329996788
0.043246040180891197
0.044161837868335989
0.077269289681124856
0.027130194103351574
0.022328193010872677
0.025041580058752937
0.058919903450548601
0.033649050440621366
0.018826056528495394
0.015955012237562079
0.014718612461134086
0.012393487760168373
0.022085107843191721
0.0030408597162223353
0.046651334786868968
0.050895883091922244
0.020915762833963507
0.019445125219988355
0.03060821207367781
0.028563306821070646
0.040142517128155329
0.018439539153401852
0.030737125262784243
0.024339897049997779
0.0030843268888396825
0.0076734986808963774
0.040401762337028864
0.021982502663717943
0.020746686613701569
0.032789502013198218
0.018861878166675415
0.028795508418850396
0.043099999125430929
0.027931819973645484
0.057799371288398717
0.033176989737351219
0.0027439892754338633
0.032125258758808929
0.046545138002579152
0.015989742025519869
0.028552646242711248
0.012705060705986095
0.015943007964660114
0.020828818154095492
0.043956012175638284
0.042986970329324484
0.034458979084001744
0.030404344424042908
0.023389008723337233
0.029677754971310782
0.02149133554965715
0.0068329483014607732
0.021766046019998094
0.016104296892323604
0.028237537764386412
0.013350426612943035
0.014427232355871872
0.019304055165312858
0.018788003887168479
0.038780422628538432
0.025635577432863866
0.014960663223314238
0.019191954893130168
0.0149952228005845
0.02623148933889145
0.019028125016928521
0.023612072782510402
0.034878225030888596
0.026378936838411218
0.03754687844090266
0.014562260233516703
0.030187269008945201
0.053992031115263135
0.043348000410917562
0.02094662916241118
0.061316390492601222
0.021208197590476367
0.053732650117145363
0.028992959804698914
0.02831710881386533
0.015580848865854322
0.0012502038707751216
0.022154756410019474
0.0093692797443995415
0.027977656002419731
0.0051295269425942281
0.050330305493081838
0.031404962035347581
0.01168184318318374
0.010635605104762708
0.035089616319750862
0.031137601655342965
0.037165512039473353
0.046670183980608071
0.026775235265143679
0.016685180444663598
0.026010092711664858
0.01193127461901349
0.027580763433727715
0.040085571072424171
0.03339954696290158
0.017676248579677895
0.05163070957440978
0.019478718487988909
0.036449482159840889
0.018466363502889428
0.02205396976119588
0.033747075343981102
0.058058498358982351
0.027577810017435551
0.033723593231109635
0.0062676384303554768
0.0318755479370764
0.017294566793445633
0.0061440444901797791
0.043016683721132591
0.038027365506979702
0.028032333284530326
0.010600999642807271
0.03205445037184626
0.012397338543362578
0.0082957068209701373
0.024894496749675928
0.012007275748041668
0.01588011942456689
0.010829089209607934
0.01688154217841966
0.05004958411116265
0.036710939629091908
0.027845340591444962
0.03420165183368612
0.039951080281012234
0.032638652330960922
0.015888905939000816
0.016183354267148353
0.024884192247958362
0.03448537932857771
0.006549569089891732
0.020379210189742647
0.021416493928437565
0.040992564390466509
0.030903371954860068
0.008519516655296034
0.018612473622101194
0.029560232017484044
0.011236130154979993
0.025242590818380768
0.033235866872388671
0.0065816600354014236
0.031817991062200394
0.027944859354299134
0.0060037884065540599
0.029318716946875829
0.033495896661061147
0.036710122479439319
0.017859946093708844
0.020908079716925959
0.022144894001811043
0.010878196637089303
0.033256915895081569
0.035276529354433692
