0.041159381379988286
0.015196757152540125
0.024954339237111881
0.049210867274597378
0.0332751614891761
0.014110567124318119
0.013970331443689745
0.024429553345506456
0.039496587594019396
0.045879853282101805
0.018230306963505593
0.031877462101848164
0.0089406192278835787
0.034871731120770008
0.0072205003762171186
0.02299810737023494
0.043545850041692286
0.038990164521078507
0.017805093080344406
0.031277789488733922
0.029397652679232566
0.022045470984696013
0.053453237224545508
0.010822155332624185
0.011918142393767966
0.022891084319871993
0.020280098436905241
0.044191212009468524
0.037265211572452848
0.020810155154690022
0.053492360543820575
0.033880399965519017
0.057918138568907256
0.01615100251816028
0.036244672602686941
0.052389615209241035
0.060653622460427437
0.032575856976425566
0.018354306935888926
0.036535965095701291
0.041589269538152458
0.022862614617364441
0.0046790472441958098
0.021505251237351117
0.013894657530045505
0.028057460700694231
0.028241681055423944
0.016968144271097496
0.028759677410157589
0.014804665735600804
0.018523224702484908
0.043513252923063066
0.0018340407224890459
0.0096057986978563825
0.019879375053247536
0.030354333915886825
0.024402068075967717
0.025090168087261368
0.013317206846772338
0.035757379445982285
0.0073508388069186033
0.019708613010533088
0.025008506870080473
0.0079929620375979657
0.055782000890860481
0.029475832915610192
0.029042332612052392
0.012956694866679219
0.042876512642610193
0.00063899897572999365
0.019890397477539824
0.017382752333446317
0.011131533387052028
0.052266708578418759
0.026211146464843686
0.0054423260909809406
0.026079772555197403
0.0031270697892151625
0.014778060540237069
0.012264262574066948
0.033892173911786568
0.017156780323257615
0.018070246907562888
0.029158379535981552
0.040367412035540076
0.031237686376873769
0.024045204130079208
0.040479629589008977
0.018412198280739235
0.018524851674414141
0.014659710436449504
0.036222274975896147
0.0049412364811000547
0.017014764288437647
0.016514083865028725
0.0148869193427367
0.031748209380322932
0.015585088702899857
0.015500235322902867
0.012540104871081587
0.013235696893147998
0.029743306842977796
0.06627904740952234
0.02984573689153627
0.06026490624778643
0.051962714721082104
0.055605062901872115
0.01557810570182994
0.010496449712413342
0.010064706727138719
0.0089893430800315269
0.020194897797045495
0.020363644302757458
0.020566183754478502
0.032030457779110004
0.052892297394061753
0.041327201430051676
0.010090158317062779
0.044947205332757388
0.067816497970452527
0.022821824878236172
0.028248106973088747
0.028643780839135179
0.030321458487512949
0.016344891649029896
0.027451978574509702
0.011850823278134043
0.062326023973145517
0.0080464408446125606
0.01972816054337229
0.0041862667596401842
0.03314816741245722
0.027194914461159118
0.0086626461657378154
0.01297899107564119
0.020654657742196124
0.016840552189599005
0.033454699698329982
0.039721676497908642
0.016599559283680475
0.022385941543667895
0.025600374231117856
0.022084840365890378
0.016378680291865951
0.023713703726253622
0.042330539141098349
0.023171980183539553
0.029029126080851623
0.015229282445911688
0.035547733441597021
0.00519109203226285
0.012263680620124732
0.011921279127156102
0.027156594194910309
0.0047591117887809753
0.041282345258304716
0.024730986629932027
0.0052286268072273198
0.035229920667923888
0.010578488673252836
0.06154771090771332
0.026661132627617296
0.030148630583451217
0.044548113228225952
0.034779356402048156
0.0095594396697910866
0.014133013639997501
0.01237599761600662
0.03087985519329119
0.0073620492667558534
0.021694476091985673
0.050450832879505331
0.020794956790733687
0.028936843788360121
0.0026661583820040743
0.023076670882150215
0.024268054175199373
0.020092494814669876
0.034943895012917121
0.015496494621376259
0.006957426305038367
0.013812677228451227
0.041739863823303913
0.0076671152024582207
0.011832261980611257
0.037560645358720987
0.010474765507590191
0.031293041572357114
0.036086462396060545
0.013037444171886996
0.018385420071156098
0.023179578781953949
0.012349370334821592
0.062503362061236953
0.013629127218844706
0.032351611530898931
0.013359175393250364
0.040532880679734991
0.030705250660352994
0.017747867229605526
0.022169751537368859
0.0099674370986219622
