0.72652674827153985
0.72476576424340144
0.74761651413425489
0.73974823832843872
0.75948166765268865
0.7543084403552095
0.73373116236018865
0.75594325199767742
0.76519969402356391
0.74786220189541541
0.73049748921538793
0.71860760643145472
0.67754943820056768
0.70945616308474269
0.72453961591147409
0.68510026106663735
0.7090088778950927
0.74740649217121946
0.73671992323796598
0.73465556119668185
0.63355614967806828
0.65050094481358778
0.64641397555352642
0.66667942215340315
0.69823401913520522
0.71991154390640089
0.73051139414098587
0.67066793111301348
0.69966193861967441
0.71744105625612087
0.71321498703919839
0.76486032443957974
0.75013595106865449
0.68355725092445452
0.66392266967227009
0.71804672746396991
0.71931114359050796
0.7273419591785536
0.75964438328150696
0.74089048543334812
0.72310186722805969
0.77962589669648674
0.72547979514821426
0.71792019415148234
0.72466321227110853
0.74640212636909764
0.75399883249597865
0.71476930792572679
0.67876987905863662
0.66769743309409257
0.70088664950734958
0.67590861577077133
0.66659933030317875
0.66116019748103605
0.70254789771930992
0.61263395043871516
0.55602556520068513
0.55665002982364431
0.57817315569438943
0.58721101309727386
0.5956700095725489
0.63239614707152902
0.62514695029466527
0.67060337758043831
0.67386282340376902
0.73005025771808107
0.73444674257935971
0.75115368220942269
0.7475516410323777
0.7358508559711795
0.73982230531148685
0.74130293673371017
0.69810928332876832
0.73763018389565438
0.74930221823483401
0.7083014774278934
0.71786056256008213
0.71143389616528308
0.75000830758558401
0.72580412616292123
0.74536241882003862
0.68942632554169625
0.62304297222430494
0.63628560679105539
0.64482879053489683
0.68903295137926246
0.70116394275657501
0.71184224837163568
0.6783755259967269
0.70058989313084996
0.67684567237490356
0.61848956483173811
0.66555562278222902
0.67248603245518312
0.66323844834097867
0.61877776853133948
0.6013522437752018
0.56021021222457568
0.48589161355880583
0.54474176337830815
0.54665471776991881
0.47648801921095607
0.4797314911603634
0.47363124502022635
0.49357896585670902
0.59047863712596071
0.60894466435566708
0.64631588415359065
0.62749270671577362
0.69586180683683752
0.62557177322478719
0.6300360488540413
0.63831827623559689
0.60529536918509119
0.61613259173418444
0.69341209315668562
0.60640728272240563
0.61811032839158553
0.60863030759024028
0.64419307325281827
0.56457136333784486
0.48726588109574331
0.57500020065166024
0.62471635210145071
0.63521809994529266
0.65677046416998097
0.68345225084782213
0.66956716625976498
0.64797043374753249
0.60007297316051045
0.57260872864879042
0.58732146899620064
0.6559399880203528
0.65985566973060372
0.66142576040695245
0.72017040436819924
0.66601271541852158
0.64823383207436502
0.69353303755862861
0.669928319709298
0.66664774167970842
0.74434646243556912
0.74043732541078622
0.70427012125967425
0.73581212955652964
0.69171723943681374
0.65938080828704893
0.64589323254939179
0.71430193668491415
0.73045512290296144
0.72304995758449631
0.68311437722717661
0.70772856074139912
0.71729938352288758
0.72374916124878652
0.70105019046929551
0.67521617432970737
0.71784237390529293
0.71925496844366332
0.72406602593173719
0.72518987658394429
0.72912444799875253
0.67384795159381117
0.74545810458949502
0.72847174519507618
0.69688090360966826
0.74257726691397619
0.70253711840180566
0.71658161411897636
0.71340794166502108
0.71442660870197672
0.74578332325320051
0.70812226679526957
0.74689437224875754
0.73933370571936285
0.71214991685814688
0.6982712638039823
0.72775344056609392
0.69346522387531839
0.64700620023932065
0.69661649655150359
0.68886107537940322
0.73526390168051126
0.71433626873782108
0.7447926960617165
0.74191856814306367
0.7320239547607359
0.7433837514394962
0.69303964307260812
0.64613333504294901
0.6512816545265725
0.64888757186149304
0.66104414319821436
0.69653523895493541
0.70277408882016368
0.70657620065374693
0.66482992223980142
0.7274084458134692
0.68348698802269081
0.69436755912335169
0.69414002478547621
0.66597518975997472
