0.73209191876501223
0.70951795003442464
0.68609258906559301
0.65759982844496634
0.65956802209042353
0.5999382115401477
0.69703507702854806
0.72121172982625958
0.72374323950211661
0.77162995527200229
0.67911159038932034
0.74738578073690343
0.757721566908376
0.72914193261037441
0.68714203786896721
0.75883428836086342
0.74693828527237505
0.75491720542865914
0.74376102934124388
0.75617212170598425
0.75486798721897896
0.70342414900285233
0.70605336150284381
0.68666619560866604
0.71975361868213183
0.7261186678363557
0.69960351085325179
0.73384552459378993
0.73598740397156948
0.69483355636498978
0.73636313915478313
0.73891739961139791
0.73606478764907501
0.72164463375411925
0.71804788089447136
0.74535258834073492
0.75422900759588596
0.71198884015723185
0.70348179423716728
0.7301108150426503
0.73362267319206187
0.71141877809524057
0.71829661267003175
0.7123507832532463
0.77116341350658724
0.75908050641720837
0.77118613674214631
0.73209477983369453
0.6703922206139642
0.62264237021797519
0.48152963251673736
0.48272133523487049
0.37364940245883588
0.49995355123177038
0.60115432848497885
0.55987565806908501
0.56827481111990796
0.50749534062751256
0.69473881795199488
0.69389756214416398
0.73508641791724549
0.75961269995588443
0.71751928258953879
0.74979168342322977
0.74075846306860393
0.74419364660399245
0.74019987656112818
0.72920056429867008
0.69136586151111268
0.73523041286255464
0.70379366459370718
0.73901804192820608
0.70088293028005211
0.66234473314676046
0.65503294363594877
0.69029821130582791
0.67542532777604714
0.73538913411880802
0.74040209376543964
0.7092880591432752
0.69444918613361584
0.72117745486924123
0.68373273376007804
0.6955529384886624
0.71202517759328088
0.74303653887209942
0.66078295275661092
0.66909594628264879
0.69701973883869639
0.71002979830426671
0.71046822189693903
0.67426415114229543
0.69072428148349085
0.71986195132709629
0.76529595829073327
0.72525506871589107
0.677357262786768
0.68362946855961726
0.7117553413886627
0.70872454515692329
0.65778775384040888
0.68551646053034965
0.62122656452655922
0.64423363553028545
0.66532399138145737
0.7042432919009608
0.71066533070710236
0.70516892610642568
0.60961884627570073
0.64086787054527716
0.62955932586657026
0.63769043829911032
0.71423070806727695
0.68038484502772889
0.68996111466934129
0.75340552727698273
0.75484191450609683
0.73871177584973446
0.74358221165668914
0.72733652046248065
0.71498730474984817
0.75371841506751025
0.72015910010531015
0.67532217337414291
0.72581635788099363
0.72249837074040957
0.71220114179200555
0.73040636436228212
0.70474933527310457
0.76196492401883176
0.71935790450455694
0.72591925693961634
0.65067163310786746
0.67496523441002898
0.62027340765807659
0.68205491827376985
0.71894082094906997
0.70044359534334333
0.71559873473817848
0.66757753648010099
0.66979589822075969
0.63332577432081338
0.66071888125522249
0.6998215437871832
0.66504305544572773
0.66076319038911857
0.68458111292670831
0.66828711636941851
0.64453205071439645
0.65307937242625047
0.63894851325129631
0.71386868891324595
0.73317072116317639
0.75138946561817099
0.71256634192774226
0.69780169262927183
0.75644510509491103
0.72833573426598763
0.66121388229304523
0.64832051046402051
0.69740379946482045
0.75785868775802268
0.70923698375645716
0.69584271200455683
0.69485169869959873
0.69945517017554848
0.70647232492391909
0.7464610706557071
0.72733126192179043
0.7141256837734602
0.5854062222391242
0.6189932481114514
0.6956705078306441
0.76245861953599903
0.67061326148482947
0.7503476866592883
0.75581364038426013
0.68584053428716307
0.7344794123183126
0.74233663483539958
0.72682275192387236
0.71080463795235937
0.73833144466522049
0.74581020533978371
0.72220835061353339
0.71093401927155964
0.69633184736288267
0.72216066711468274
0.75266309971437928
0.74318573978913283
0.73594039024185653
0.69809684155453333
0.75172337240517995
0.75263335062088743
0.72985599678630875
0.66472371812003606
0.63910279096910605
0.65482967376851753
0.60586880378753993
0.58498861260958013
0.671250119054562
0.7086572690641747
