0.019817304614385564
0.010520965935615207
0.014588019453866546
0.0057053254251698852
0.016936689251017319
0.0046279353353053266
0.01093053078776385
0.019323294462631473
0.0058623053918775234
0.0083711139323698648
0.018012665151462603
0.010512268036118223
0.010942692089628033
0.015413088204013712
0.0055319986367109554
0.0065648669128699965
0.0070038807802422949
0.0104204213778389
0.0069409826418244357
0.018553077462936763
0.011051787335213033
0.0087710970718038878
0.0073363396747187183
0.0072170331658723153
0.013136144382721333
0.0086395959752626154
0.016538496721666948
0.0025494792316176156
0.0019145464401159715
0.0098790756392943858
0.017559682802700191
0.0048274477274942423
0.0072279806936304458
0.018202124951947309
0.014921200138443081
0.0097931183660169632
0.0044939141513619914
0.0089795858886095575
0.0010188881306521817
0.0018423855488082634
0.0053957120792856826
0.0073544508927992861
0.013691890910744282
0.01525842563228407
0.010419369316299627
0.0068677742199985767
0.010053155269184856
0.0084786342295889126
0.029914504896100355
0.0029785003206670418
0.0064334300039719161
0.010263882982257272
0.0078983693880839284
0.0018631326766614554
0.008442556415258793
0.0083949290834676379
0.0086180984018596092
0.0062508781378324023
0.0091845421788306937
0.0040954142960164868
0.011073041459529573
0.0046122534767008196
0.010855845404837364
0.0085174662871340869
0.0094787220146515215
0.010032593090789471
0.012707474085074536
0.0074292169851581658
0.012355090119113258
0.024129904057386145
0.0039498584315721379
0.012642861683533842
0.0081653173874066901
0.016196303481145001
0.017242139999737355
0.011491931717334144
0.012485561934907873
0.0094082420068023909
0.0086323073682182585
0.0082667561267749101
0.0035365576279626542
0.0029109431856770688
0.0046938983755180092
0.018015757809805261
0.020972917083651975
0.020641743891875158
0.011862856239709868
0.007119179606500433
0.0019525421015674049
0.0044013973472017878
0.0070298242545222909
0.0049289455682001047
0.0054084810114265938
0.0060917258802490638
0.021423792557971978
0.0064354926556657267
0.0070449370876151897
0.013940577477054497
0.015512058147053674
0.0027574202210669816
0.0034608530530724738
0.015910566197709409
0.015144908249195704
0.015316776377993667
0.016181587077211994
0.0062119065953760381
0.0072638187109336713
0.012809200931705362
0.0082363813019763806
0.0035863110535502099
0.0045462157313660625
0.01856534749542511
0.010248281574044843
0.013557898935771098
0.010167273800605338
0.0075454931436378103
0.0036045790960914179
0.0032054504586869095
0.0090860415651736401
0.0089571352806375303
0.0066959503165018993
0.012731618608957624
0.0073847391338679432
0.010070292364229861
0.01787448078004766
0.0075840279109377507
0.0091528096524342798
0.0071906474546968406
0.011537068660175247
0.0033375515517848719
0.0080513607635783434
0.0034232082248737312
0.0084518399705572622
0.012453367813884862
0.010536427798209711
0.010504770895967568
0.01034610998663079
0.010525118971137427
0.003668460604393152
0.0038779334711744975
0.0023295758520854052
0.019758266260802695
0.0020433551393627338
0.0096421968570699866
0.017599996191218478
0.0043299438012711676
0.0051193901938648709
0.0091776716621775854
0.0095063967040566848
0.017786984275792537
0.0091907726592754587
0.0030653986047879667
0.0077682306645362013
0.0064119699287780042
0.0088795729573876141
0.020101808883764626
0.016038756165128485
0.002042410640445217
0.013594410197168198
0.015796414602961148
0.024825150722798024
0.01335569583446152
0.016037353257759637
0.013469574327003627
0.0097158257338731107
0.010899021038345051
0.011738523812313663
0.0082238086264551525
0.0072196172646130071
0.0016610244827272966
0.0090922780357283947
0.015339305597595321
0.0029927578463507828
0.020185420581702855
0.017510722292985365
0.0081557761753234311
0.0029454870829498576
0.015379221693995389
0.01363051394317091
0.005446010168469643
0.0070038018365166186
0.0091168239663462353
0.010874775568752847
0.0040478506832930597
0.011844112652530178
0.007396681574544664
0.009184406684363414
0.0087958642696229564
0.0044884373145005919
0.013993722412445952
0.0062612333842208415
0.010432813302287224
0.0052600899875490216
0.004874621632110142
0.011439959564384169
0.010988611240677531
0.015637485585115646
0.012534421778522651
0.0051082273348452296
0.0085685010801514905
0.013648165650760236
0.0048074616957912005
