0.028660849300983896
0.032330635394234801
0.0051571744386269139
0.0095821063589004059
0.024824320970468643
0.021016942646376605
0.047390494393773359
0.0026931385856903143
0.024093486403507499
0.030970394190469569
0.036995117154142505
0.019714049716913502
0.014779947152390319
0.025922195914305338
0.019967572724757389
0.016030131300696904
0.0029825589665171855
0.017894405295199912
0.018563282903001757
0.0091206266252117779
0.022500923066824094
0.0012525093708267879
0.034170920046009905
0.03619880991026244
0.011192515736778754
0.020567827408165186
0.0097331116378103315
0.045323134696476822
0.0091560856478738097
0.014478458441310273
0.013117114521206513
0.0048397519752871234
0.0065387583852583048
0.022708294844412991
0.03525871041295018
0.018224217575671633
0.0062172799097412901
0.020904703267953458
0.027887690751171212
0.031588598971340039
0.026120897680026199
0.048773009765964416
0.018609309479063908
0.028351620053413275
0.038994189815506272
0.022155292325607086
0.031175960374179707
0.021116713086916643
0.03862102737140901
0.0075477356341436437
0.01505990975711273
0.024657858291416014
0.033323399078402496
0.029438328167545099
0.040025113512309307
0.041653813089472261
0.03480305833923563
0.030274888136962833
0.02214090126246655
0.015028156423757827
0.0046625233809769193
0.037519370106014222
0.025956614489849348
0.027052421231529546
0.011414759465949231
0.018710190673970405
0.0077118072351007004
0.029133119958717379
0.022855787561745944
0.007897900219613712
0.012100261989095445
0.038450026818279817
0.015244647078017337
0.0095968583637611529
0.041127649676306194
0.041418712393181387
0.0061813167205262498
0.018672694642245784
0.0059593074630035847
0.040129779037201392
0.024626548072662541
0.014914690809413683
0.015587040001510327
0.026609220841526803
0.026553251947228667
0.023798858510898965
0.021368225636436596
0.014850418811546995
0.01900497223430847
0.03914640903086667
0.0077068481671531295
0.010758774015233986
0.01035018209718668
0.020022984537867418
0.012989992168919691
0.005860865303855484
0.020737374285603769
0.02038492720846808
0.022199923999950757
0.019978477787238776
0.04711564268874293
0.010793627559698199
0.015380418473871827
0.0067746083421887779
0.038280581392241997
0.014763542624051112
0.024012600013367125
0.029057875702140204
0.018042833240434059
0.025709988560125019
0.018502262586123849
0.0084405976793032883
0.029044991826832435
0.019356317422482779
0.0078367162488085264
0.017479213004220163
0.020711240535188455
0.010481784867767451
0.036400856039593824
0.01851341421005746
0.0054668097217197313
0.040994058886232962
0.02983953011027881
0.019356439095325032
0.036151207420971734
0.029505348805969382
0.039905126949370817
0.038689932434029829
0.023651546459222891
0.02933088272975062
0.006474096418652985
0.011424998431942975
0.007485322696084964
0.022746234057456179
0.023720599437308434
0.035177302492141287
0.0091762697555490425
0.043320159102736122
0.010896178864509191
0.014461479851463991
0.024758153988985288
0.020768126785786652
0.015036336890612727
0.020645006790372684
0.023216157214014571
0.047796133857119151
0.01433919060638578
0.023272602756737166
0.037854696131178159
0.028412624102264462
0.0046528315065702498
0.0088414737413406285
0.018261465645669245
0.014598609813590013
0.012865058373297206
0.009849468789296538
0.035177139836262167
0.026536760041798252
0.016904009039983726
0.019540294916798099
0.032461356834398242
0.0092979951713830136
0.043690145386452398
0.011609232215586764
0.0088356848530158003
0.023096232234555255
0.02422087726660456
0.034463809215635854
0.013569115415832455
0.030535181999497733
0.030299508345321909
0.011480766601506254
0.010257402207179725
0.019066816475712262
0.022392000979840707
0.034510038042604829
0.015287439224216224
0.0014934962677492993
0.035315412323545028
0.009942946045872484
0.0033819475483709564
0.007621539526411039
0.024033384711654223
0.026215364088560879
0.023430217555452579
0.013339137369944727
0.022556755402837778
0.018717174298847703
0.014017358018879846
0.016230392147452859
0.015453360101573888
0.015281576158852055
0.015389023607863071
0.014021610043352001
0.0070578597255831375
0.018824022876937026
0.043023018126509077
0.00048351544754945714
0.032018742907837315
0.0096225153999385058
0.02781591366406299
0.031959108856260701
