0.03385109631858798
0.013246043438083839
0.012913586147809722
0.021320455648156097
0.053430902408757315
0.012072029189293506
0.016761610171597316
0.013983633117386681
0.023287572369042657
0.03487612063604259
0.024493147592483968
0.020829566615398962
0.030373115922342996
0.0038081884273684229
0.01194444381937095
0.0050664188693514646
0.025194769700510551
0.036443287532595771
0.026039581996815959
0.040499135058207826
0.011737300489278048
0.018514384837501462
0.023386259306291356
0.035393603092073914
0.0058092486360566955
0.027252485457950861
0.050974535107755049
0.016606406683094994
0.010121027443572199
0.00043054430961067639
0.017115070306022502
0.019877824004846518
0.024574083825481076
0.027088962861309445
0.041723683073053699
0.01359518052235084
0.011792252021581281
0.026749142382822843
0.0036113109769977591
0.028507300195997471
0.054097676508985934
0.022604562314029842
0.02549119230371295
0.042079920880748516
0.016427453399344663
0.019939701355753962
0.0014613641307983578
0.020076826514049538
0.030577369329973212
0.024587025527933626
0.010788651977881087
0.0043245689011598707
0.016421985354406192
0.022733875236211631
0.013898667578548766
0.021969471612385424
0.011105545000674941
0.005054542539629189
0.021194955034511812
0.037755224784438005
0.015280276262853602
0.014118574515671577
0.025126135008739645
0.027010934173822169
0.033567284448500344
0.013802806783487038
0.015732204231514287
0.030087798098619684
0.034654749516834893
0.017316188111668157
0.018558764530021681
0.017219385741937199
0.016358987474888422
0.018370829359683857
0.016976881535846054
0.020901858390606126
0.012880034468600601
0.020904624692660256
0.014418544649437958
0.016352399575955523
0.0081695806229474654
0.0057644711505767049
0.0054154359758193729
0.012950292605459105
0.019636695725834954
0.025336283151996413
0.026347528660080777
0.0049682587219045081
0.030725473159782298
0.037900057157949418
0.029781921044600878
0.013023949558192138
0.01467162750864911
0.012849061108004369
0.013565367968113392
0.019079013731417696
0.016492043130177693
0.012864630689671327
0.013172488580080403
0.021672553422032052
0.014015622830687567
0.018925615039593363
0.021539404467929867
0.019709302365711882
0.015566063853679731
0.010844922202462658
0.0363223945313959
0.025215896075790081
0.016576709348812776
0.028682113131877025
0.020070322032677525
0.012664560622489987
0.018934761859951237
0.026098291046451547
0.015914822791441966
0.028218745393553145
0.02216844008111046
0.033565634437174946
0.043507853548933932
0.0056237784122951575
0.027371277875367153
0.032572592676975556
0.024587626684511671
0.021676540972057866
0.030674839701556059
0.022272921230350184
0.0096908251717107204
0.012472682061677343
0.010911140834326099
0.030816634128427105
0.011123673142592582
0.033229360642743261
0.015360435830032399
0.0094798504470667219
0.016934843290046585
0.041732293664524821
0.018848075494444772
0.022655329553379823
0.020057746589337632
0.013010109097978798
0.029214122587181687
0.033259138704621632
0.024084519901990793
0.012599622150717893
0.038299494567627476
0.027116558091100817
0.036777425955352439
0.0080913107978735806
0.017969216339861586
0.025684252914447286
0.022394961541547253
0.036433964379257326
0.019851839911817454
0.029835230402484401
0.019375036796549335
0.032682256885026614
0.050938805054959721
0.014788953102606349
0.023937460163233785
0.010403328544324859
0.035827856378383927
0.0075272022808855997
0.016506591086922828
0.022374819131207528
0.0046270998666559371
0.016605756530552768
0.033179797258458328
0.021108114253620327
0.022770884352255671
0.027775532143516031
0.023704626683832851
0.0016346888579548313
0.016666166647860338
0.023648416210644032
0.03240821988168479
0.017184198619067188
0.022265359443876392
0.013694353831543687
0.012783501235248797
0.0087145388793458001
0.036624705101600874
0.029473230646362408
0.023179781794263572
0.013255523003688728
0.018788791476238898
0.0061817707881195319
0.022830365684172547
0.032252851529534492
0.025362880113802135
0.037164326491421179
0.011751010773913884
0.026625887337764977
0.0050779186407762626
0.024772021647056868
0.014478301624264528
0.018880359546968064
0.0076433187479682764
0.018134484516404752
0.0069282521203803491
0.038788338501341502
0.0043025654132435127
0.028621674060071055
