0.040765249285313922
0.016464143810222105
0.021070522225633097
0.035267618035423609
0.020277436174681508
0.02068488861421755
0.028024274408285803
0.042013896361112107
0.0065966827279420872
0.018120628516237323
0.010041835771783044
0.013263337660688065
0.013987478955299689
0.0064698831114884088
0.019238887484742846
0.020258036709544323
0.006582857702063509
0.038805459426171529
0.016097846679969455
0.028148245686632184
0.021542312876083363
0.0082385487218502411
0.045827201925010143
0.0091813029374888631
0.034839080353510965
0.01228602918718317
0.012101322338760143
0.024777078693249525
0.020076644499340438
0.040459877241509283
0.046802511231533284
0.015141811931801342
0.014585461106088313
0.031994530811860995
0.030833938309093086
0.021038175128843383
0.020249703335039664
0.013691866236746161
0.047974069575170634
0.032255854212972973
0.019656554015255789
0.026202108801911605
0.014532852267890797
0.027323130124260183
0.016022501614289038
0.051289765344246133
0.014689033436895016
0.026898020800152498
0.037122315444312166
0.005257477566783954
0.015178802353517224
0.011526881960912892
0.0051444764281247928
0.0082240467103189968
0.017254775998553538
0.01396217706606815
0.024523133012828283
0.011840486615930759
0.029813055896537148
0.016794879613596003
0.010674074819364714
0.017830482892289102
0.020811850945005549
0.04277019836409001
0.033697689016017031
0.020889803055676223
0.0073918891450816954
0.028226733616755813
0.019322142865616329
0.022917735871230787
0.022143259368170937
0.0017002444926595662
0.020207675817834881
0.012681750843998205
0.0085659735583295798
0.0090994039777317296
0.021513551216630133
0.052958972788669893
0.0111311254785081
0.02229150211757323
0.019664159033742905
0.023678447464591763
0.013750492377322138
0.04843844982623511
0.010579873382825169
0.02575685871417727
0.018783455129924766
0.020950637266788481
0.011309012802915529
0.029811905544244312
0.029554950723207206
0.019229500516473215
0.011689211894921085
0.02830045638089828
0.028711740700389402
0.027677342834342672
0.022596970294750857
0.014096439506276823
0.008517971799654701
0.027076370131392333
0.029401278665874102
0.009384254414135141
0.033173776546159224
0.014632668958386988
0.024227887052201563
0.013144553104895941
0.020072599809947869
0.034721214407771456
0.016483110084335437
0.020543033285004432
0.036526163051587276
0.019275532655793282
0.022239610568076017
0.012872102646488442
0.020987089986165861
0.01793238639730162
0.01809270399253075
0.032500475396808691
0.0089052397751893907
0.016682281292608361
0.011516139704352597
0.040209096356169684
0.018344158521555878
0.015033251589280185
0.022774683306413152
0.030355259873593013
0.036287210313257962
0.015202082965499936
0.024699819186650519
0.010695694205851957
0.015283967724742616
0.022477174004448798
0.010677623268159559
0.0060850750438320948
0.011632240710573104
0.014811202237188197
0.010616031400322096
0.03490399495492813
0.018779148964699288
0.026876690734452313
0.034236406808412043
0.0099006949111988644
0.031474075020564901
0.024523484802205373
0.018628941322828191
0.0088565932995371202
0.033478340712797254
0.031531929911726597
0.018269334178745954
0.012864402455118301
0.035654807430245475
0.032860082159027026
0.02072366514641567
0.012410725644247023
0.011933613509881138
0.020916611327152217
0.043118680729140574
0.029821218879333328
0.020732300925833242
0.0213131837180329
0.03138950957116881
0.031225196899869911
0.015351947336757394
0.021118975106829845
0.021398654740911991
0.012026474898412272
0.0091558753524130787
0.019257117008817434
0.021181927482486575
0.037316993233670902
0.015213221662356259
0.016450081811933463
0.0048305877284675761
0.019375990241429289
0.019775670402084843
0.023291761960573597
0.016154490238828832
0.025147646190234397
0.031014512559602681
0.0096573127036152263
0.02308083641978052
0.012637155783544239
0.026457266969577481
0.014924864865073698
0.028132129978674709
0.030793163089031277
0.018822435515232022
0.054147062182025668
0.027872138708827349
0.0029601036585998929
0.013753258843620894
0.016867620297060928
0.020768326760209628
0.014032220219566537
0.0062486748360530246
0.015484953814335504
0.033056195753830071
0.0084982860931276105
0.017423337124659273
0.027459163472941226
0.012552632422308779
0.015964438845019201
