0.046988659244568479
0.017286025193792652
0.013857110853189606
0.0056315750026795647
0.03481760834941116
0.017621736819829998
0.035639967334628458
0.021429331372042816
0.048306667197444246
0.0032538374300569864
0.011588873805645817
0.017138946510702063
0.0096316605572103822
0.026055880435387386
0.033345235308602714
0.057573645834063249
0.0048948745347930228
0.019056428886853095
0.016444281576639186
0.032047932544408783
0.064588253465496431
0.039203267819163327
0.041210489857613226
0.04246427713954426
0.040611742962808485
0.023605658619766878
0.041055602445592913
0.0091871751814909149
0.014362164086148784
0.02020263630155603
0.025119829326750474
0.026945945459702674
0.010255894145226879
0.039151674065917137
0.033271246228133253
0.0068079151789915146
0.021015325724669048
0.015196639574712331
0.013083829539794088
0.053688240893288379
0.012162888830111894
0.021875913565989936
0.0334888655094659
0.043320264286848098
0.02308456554834212
0.041041512488978305
0.034751316201323559
0.039686561535402912
0.017211400304294477
0.024331144905573161
0.025864220247237443
0.015749537682040571
0.019140410534611251
0.02349526054361822
0.0025836804534615362
0.030442841709434076
0.01485659623387816
0.063742530325312921
0.03532992859653418
0.039691409631233236
0.02199866416959715
0.014736905040764799
0.043128785458422254
0.035545019175482348
0.002035381732957536
0.049192590880998671
0.044573147351501377
0.046723177005182512
0.029883343218008805
0.011109799293869209
0.049941867139158998
0.025831882399346806
0.024300016064055345
0.032394287593719873
0.020507632708900669
0.04401003619192026
0.0047292231561339724
0.017902999078210826
0.033465526107374327
0.035555953618145987
0.048921179627280487
0.0037366334081334507
0.029132937916209096
0.017761433999348153
0.039925843129111155
0.026443243080154055
0.0122847967868165
0.022187806903097389
0.026458023543753751
0.028304991543715741
0.02289981134294939
0.011060031112562416
0.020773271627381226
0.049625229660747359
0.030646839625297888
0.047949487525122465
0.03238548022403738
0.021797274631824584
0.038709613664932759
0.034574110474511775
0.048511634238080421
0.0028204600324002126
0.055077846291600382
0.059012314732463191
0.020164590795410432
0.016848748218065111
0.053335539121585666
0.058389202022041967
0.019074478051741183
0.038698069024823721
0.019322581646438495
0.02748615488870914
0.024175644823174313
0.053431730349735494
0.0087175128426976826
0.012712091528295277
0.018339472844157951
0.028582712789125813
0.012743030169567959
0.015124697164107139
0.015908337092218325
0.02152241469999587
0.006515063002595493
0.012580947628143456
0.039125034152541878
0.013836029729139835
0.036081434401297185
0.028135038689762672
0.030338065168767275
0.0039734917146045257
0.039376585538719353
0.017112993162200385
0.013924611935424082
0.026969737125432873
0.043665342032431144
0.036237307920177382
0.021403103686518415
0.015176037857463825
0.045699667949259469
0.027540627443492595
0.017983908775688215
0.028902715581121924
0.015450301278215868
0.038882392215163937
0.010948827467389113
0.0023713103548797187
0.042546707545678825
0.021851675271369962
0.042339502370675929
0.0029338676998324734
0.025938524810897267
0.048045672370763265
0.054038999364358936
0.030674765639237312
0.019196010421035518
0.03841045094326416
0.016289603788455287
0.037711745218169675
0.043776360368814833
0.034010135666462771
0.049180191354409451
0.04478909483315581
0.035495579871990625
0.043749732617498288
0.013798626628271504
0.011714185236120195
0.011196628188471674
0.012600497161833859
0.068096515500719185
0.034840360862376379
0.012685141025053567
0.043411803381763335
0.031491926941062294
0.012745842221041383
0.02206330559893015
0.05294134203995194
0.030275079922271263
0.012922100209567742
0.031648855721704311
0.056672939791067314
0.016244220275647973
0.053185921894624406
0.031248884963059987
0.012217651420869325
0.01592992186889676
0.0077596524010387202
0.020529545511684094
0.052644596998415616
0.011910968007732368
0.012944476003331741
0.053960797084405682
0.026673554934800548
0.043610022914831834
0.053114879407351295
0.01965641786199605
0.0010632891941226767
0.042780458023331844
0.0060747588819945516
0.039380273238087918
0.0078010580766501424
0.032942182365032595
0.040086553088110918
