0.018643171184222818
0.027702179011941209
0.012169904911815748
0.02163227893391367
0.018135259024465368
0.013563923128757382
0.015682816060454904
0.007294479321269808
0.017848267405365673
0.046794641489265015
0.015276476865915838
0.012240884357689599
0.012246136192624447
0.031992030150608176
0.035323580505453402
0.011372584351946569
0.029643011165184481
0.015817704271357442
0.019652137569929829
0.0099755220167816513
0.012172669030602247
0.042945634015322108
0.029193121004364518
0.020120534920404241
0.034188035006189638
0.012867835526007509
0.01866645640784971
0.016442528911627726
0.041010282117254659
0.031193930146528406
0.0013587465625801566
0.012860806100778999
0.042754065236154028
0.033697063668341715
0.025900593097715644
0.022040285573808736
0.019440833346904499
0.035333730582885574
0.033007875521559218
0.01071790966099212
0.016613879007038312
0.024613615776809268
0.022289312697997804
0.013156262798524767
0.032192768071150103
0.011293310409940943
0.024258258462647342
0.029731638568141028
0.011087567946233556
0.041891261998717552
0.024710610011556153
0.020269520314479188
0.037076922357206818
0.038094335353630625
0.01250126717931517
0.023824500361777461
0.0031156994020568071
0.026255254154095607
0.0033252872930227139
0.012334837794166359
0.016836998551420145
0.0091763905988453392
0.020785603874446081
0.017076106425689453
0.01106992143717391
0.029313618097914187
0.037895527106169766
0.0097806111697822454
0.013063730407089764
0.01121218423200823
0.025781480971847941
0.023894359074715165
0.015301874382465913
0.015409562119609525
0.010425925268132354
0.01199516260698166
0.029098755790937729
0.02689641456335215
0.015625593941127554
0.022832740322014038
0.016631011745623307
0.015370045853883525
0.017516070196597008
0.01780011026098683
0.01879123550688263
0.0096662132543950743
0.020987306148711856
0.011307257923831153
0.027304909332373839
0.017072130847348231
0.045637407005556352
0.020185003707767532
0.032800497738561203
0.01991731887773357
0.0063936654224882898
0.006351330395681508
0.018833945160638708
0.021830326717723891
0.035166990519804882
0.0089235748182791633
0.025538563422057351
0.020246140615849052
0.025027262615241342
0.013606045587366901
0.018260781137575434
0.035402461531796263
0.013373052385169016
0.032842087302615605
0.016214627288214808
0.013414087078220262
0.030747031373609245
0.038624682581621064
0.03654482388557715
0.030963812511461217
0.04247518995603472
0.010291200041988236
0.020249733481965397
0.0040252666913695974
0.0017164149707460644
0.018078375170096458
0.038288751676196886
0.017593883878120074
0.016205735604544986
0.017129817279097688
0.019353965456799609
0.015547919876286368
0.027143160509293961
0.0074947763405777803
0.030074385653631224
0.01863654747645152
0.0086658515048161373
0.035972700263486278
0.041581744899731959
0.017584783226059691
0.018987448556809301
0.051521960763451391
0.014352381193146493
0.028013814926611372
0.016850811179036508
0.036689571592618979
0.0025666019900006704
0.031578592552803431
0.049486949919796339
0.031736756909107378
0.016912538309349068
0.040707969741839052
0.00042645868497469025
0.019507411074803097
0.046045178634245586
0.017315749920465397
0.021417219485871896
0.0055397928465242977
0.018956385319312517
0.018001145479680406
0.01451096926569791
0.027401037726365096
0.019057701552114861
0.02112361749262168
0.017605086248256366
0.04328897341244034
0.0052070085175241832
0.022765057609739677
0.01164876064978345
0.021819569337252563
0.030752530785654673
0.016952368666945314
0.02123774873744589
0.025951114908123681
0.021327481699951495
0.0084259153910270085
0.026204520466081273
0.051137588969920635
0.014885620426832261
0.0055811800726109978
0.0076030086247740082
0.012424019709466721
0.0055580900644265456
0.0094193277011807366
0.025382980372614713
0.017058965005980267
0.034039213720000169
0.016650402409564894
0.023029656068412549
0.0067003976407708473
0.0093316457947030772
0.0046604972575602591
0.029163053362045596
0.0092769805975047807
0.024502662463194096
0.020108573000478764
0.025128730784346187
0.0066545996477059728
0.017705865586600384
0.011420431761082803
0.011326975540489049
0.003453284619757674
0.0055483999435308861
0.010093243307038655
0.0097671857360148301
0.015959562850805114
0.027431725048243885
0.023537450774289578
