0.010007360632905459
0.03827987249805135
0.022440779080473539
0.03025048723693265
0.0081075367602294647
0.054199292680331128
0.0063647826219366066
0.014475050323019522
0.011547541744703979
0.015044579197461595
0.025695184342221351
0.0075273715946377242
0.027116003266818661
0.026776204729969819
0.007004315681943726
0.029092023186313948
0.016564696503266769
0.02689334425631093
0.020628576929607772
0.017098574073048371
0.0035531288210772652
0.036114641342433855
0.015956557052636714
0.015551902625323947
0.0049174222981928162
0.034309504365121146
0.014140234375849796
0.017790340044702917
0.0192297212923206
0.017021278926745136
0.02576375293745703
0.036756540118882512
0.012376463641641565
0.036286160090279379
0.014815592491345309
0.028063350952824591
0.0022845707837741724
0.022833189983285269
0.018573772391075681
0.007635225455283487
0.0046914901841077867
0.026426191625974087
0.036826052932057651
0.020481489799694823
0.019528231001129038
0.029524498573246336
0.0013179805800846791
0.013299615272124778
0.021173640273485412
0.023879761486681191
0.017864625923853433
0.014609595430839109
0.024315334163441546
0.018937192413230639
0.035223010616295049
0.0092302251786913307
0.02084921720381
0.016011044027436774
0.0090656924661793818
0.014943338051366864
0.018694200277636706
0.012758276874713221
0.0034222132413768897
0.024379211241556405
0.015155385510822435
0.022513593348753129
0.026887375121501137
0.04294255230290072
0.028779456771762465
0.024323466387635273
0.011236155159797243
0.019447449920432971
0.0072860461063115048
0.026287380857102732
0.026263644637072064
0.028136414013661556
0.011087914197162489
0.030336613403046893
0.0087485089412846599
0.021015631085382451
0.0077470148093783282
0.012708102392385437
0.038995572919187586
0.0096593208348177313
0.022804635136859187
0.010246646093949676
0.036321817649255191
0.0089778719918100162
0.019059698398429636
0.029286925117653365
0.011402923098730724
0.0068491397434991578
0.038570267115706089
0.016417683087764402
0.027404101442565242
0.013216162214276288
0.013536760065970915
0.0075162406894531937
0.013093773553592404
0.015191916149487443
0.042791363468203301
0.042963826605083265
0.0063657525682827747
0.032764746509394267
0.032457250663668238
0.022613809419492117
0.010377715013026258
0.020933553766533133
0.015898768692125805
0.016996404509862735
0.018646112439617786
0.014559505598849767
0.025418977981568478
0.007562211334640234
0.012329966663635469
0.020024435758606393
0.01417216584689804
0.015481468336560437
0.015950155803483471
0.012479076158077858
0.033110849269631003
0.017422493146473247
0.025358133428601808
0.016623848010715831
0.018533046444288683
0.036568122377915672
0.015208655674506074
0.031040693729551035
0.0081105345246749241
0.032333297786831895
0.0076055542715084967
0.047636787742915424
0.017337320759354402
0.0040272915338279494
0.026491235371897508
0.026219127895558796
0.0068379954386497462
0.0065703645803954283
0.005626851220543753
0.024434167465335881
0.0072469826303828491
0.013603451957238114
0.024309667607948584
0.015108287634703267
0.015877328277827892
0.0088849047258237161
0.015426127702859392
0.033443345960760699
0.023142682771935253
0.010832362554414828
0.03353680369776306
0.019513878823480511
0.024168837263205085
0.02854149364189712
0.0058949130684557809
0.026952439027547355
0.018724432660382952
0.0055344744158147057
0.027223065656528805
0.032898570121281334
0.025138554642158233
0.0085026543914262197
0.014355698923432263
0.014748285251248838
0.020598431398118219
0.046366811163158793
0.014034056782965768
0.029509092362755958
0.019930173247867312
0.015272535827590137
0.0088145007887033642
0.025727602163424446
0.01658657683207556
0.048676725811146036
0.037140099576485341
0.0069041537866699892
0.010366120903848374
0.027042974911513355
0.010735444894746047
0.023148413021053246
0.022554375233272802
0.0081127384803169906
0.016275207444730686
0.037275647774698911
0.010535608486366156
0.017112875447232601
0.01778284699294936
0.016992047851480018
0.028271589285438388
0.007133909666680832
0.035272547695765238
0.033790536628466712
0.0096709443343716318
0.028543357251415515
0.015300659017893894
0.038900275205380801
0.020466317486380031
0.021521721312437521
0.019025787485069778
0.007982591234394076
0.022948948818012259
0.0030241359656850027
