0.02210678754471132
0.010258239244145293
0.03316317921183911
0.045148281083265823
0.013140469086511045
0.023087017194692742
0.0026013594113917732
0.015043758479010063
0.012378459681938726
0.021592824259588857
0.0070762495428441157
0.022680468577286009
0.008031540454814098
0.021374592465419888
0.022079998046571511
0.012340678354656361
0.024971295055409883
0.022328387040066549
0.0046370055778617849
0.0328880828118936
0.022726428010311925
0.050901081939321025
0.012777717678437134
0.021908746251561046
0.0094787039741226157
0.025352245956754088
0.020305960562943867
0.0089720887126102742
0.012568882833113122
0.016637370644099925
0.0048021942250758278
0.018630713067355319
0.025281985721441729
0.0068057585275852891
0.016070109719494755
0.042610000245458517
0.0081026140508528282
0.034068735960573554
0.01703521501447039
0.023704459933641758
0.021807527979989479
0.01486568583120533
0.024752869812009574
0.018465406310440729
0.010808173303027547
0.0096525755645551509
0.0019119793045603705
0.020077053768325644
0.019365752957316025
0.012391017375337484
0.0096876452798079285
0.01459576048622877
0.0098326383066119852
0.0077675623099759976
0.014264621008351771
0.026905627700912989
0.0092866523110089211
0.045665851566278878
0.023933897467616674
0.014686099175983425
0.011548615516672044
0.01542341073681402
0.0065760761295131365
0.0031197562134048433
0.0038279950656879965
0.019428003087190247
0.035925236190371156
0.0074630841461889499
0.026146013479375001
0.029865351885257602
0.022001739507836602
0.010646421202355634
0.012787509889485073
0.020245178243723613
0.017785479972399092
0.034221479749991096
0.016055614014887237
0.0065339555482292868
0.0087075281904144108
0.0094267849171234888
0.019786390956410216
0.044914705075433145
0.0029023474142658538
0.015906758836077822
0.008985670160199008
0.024882878773307124
0.014324753852719082
0.029196946852859958
0.01555823615345998
0.018426796106308048
0.012387121641617231
0.039753734523853418
0.0085977271192978471
0.032001707621127654
0.0045696991075847675
0.026710391720386147
0.024250507632290919
0.024741165701812388
0.013365719291847974
0.010032640677766115
0.015552391604353332
0.02424882346346138
0.011726532297647401
0.014408844003459787
0.015571818789003485
0.042967676311036984
0.012431473971079089
0.014913102039656026
0.031716027465259797
0.012912304073705675
0.0061105447436772325
0.0071932265082947653
0.015197859262765982
0.0088232092512721388
0.023759937329577874
0.026323741142886284
0.049598009386887486
0.0070610659867644697
0.030779877576771465
0.011631321355785929
0.028340746002539149
0.035876392456646984
0.018439808266293198
0.0074559164407316473
0.017273656721956181
0.017353551505263316
0.017388268403145682
0.036935026692104148
0.04346091770770618
0.027522048216535692
0.034338904500256041
0.032740430415186532
0.011294423448694909
0.012618719898948519
0.0388598553761976
0.01840176677241406
0.0097910085329864036
0.015270588881301091
0.037609499220086808
0.0078086541754498317
0.034501641138554251
0.018705173435499017
0.024352820443069158
0.034429438255519772
0.011215727916107926
0.028214460823846158
0.032975414521694155
0.01114898695153216
0.024959849256024416
0.021582102070229439
0.0032785569319873286
0.03440563514399967
0.019738833463857609
0.016949058737231654
0.038125980452882229
0.018057301380705569
0.033414328139806986
0.015834437645608331
0.029242619987781396
0.020423401992375776
0.014911145625421035
0.040965755263629403
0.019020144784674124
0.016621789158183655
0.030521095136413472
0.027408535152923082
0.031306869131050352
0.012052431116519175
0.025354906161292268
0.022207275022793717
0.020620379435649715
0.035763105591861584
0.0054556112229375018
0.014367266146896754
0.022086035024044361
0.0063944205291292409
0.033432566362066748
0.02552120317958919
0.040746348731909104
0.017423010904554417
0.019832936541469288
0.0067971910192835515
0.007497695728287933
0.048579056219269674
0.021773197794542894
0.010493526616970294
0.037505502446997845
0.03111573180101769
0.033726980012646866
0.022385239466259952
0.030340635927760585
0.02773387971652351
0.017457943035434166
0.018974004657373835
0.016444760084625577
0.019960763061509415
0.0019548395183119145
0.017667435299452333
0.017411079866516667
0.024145556838415409
0.034417356341606961
0.022016749306767305
