0.015234525613281457
0.041205061943325162
0.024771955362222695
0.031672720390061658
0.014795502665579805
0.047307319001343703
0.011643262748577382
0.016996700075160163
0.028092427625173569
0.018459768707908327
0.032640206083559116
0.014603622595440539
0.029414785125949493
0.011819598823988756
0.0047295553177163262
0.011275303932924634
0.011485826170769375
0.035023566300787935
0.01132659042326859
0.013532567973961223
0.019259647215174189
0.038023631957501497
0.024294723458327561
0.0062517588806534222
0.015492243692812144
0.020820804308665786
0.019094721605148936
0.018054642142946335
0.021581422835629256
0.01216899519168752
0.014358795711731284
0.024708825053417625
0.028682362430762578
0.0065866722424826867
0.038015332042456031
0.0083020838454458679
0.010383749597389556
0.027797245514943333
0.027032758700883983
0.019477494163315241
0.026327655750304841
0.030494649421430372
0.0019570118756568416
0.009751555553714519
0.020037663361097829
0.002543499442003252
0.01655652722079139
0.02712554010993877
0.011627636348043173
0.0072994382078715881
0.0054111682676785495
0.0056720300604647311
0.008819914053513676
0.03477937092795156
0.016267602587032554
0.0078174927995972397
0.01772407902781056
0.0035364168636059816
0.018861670863068374
0.017269842206389031
0.013367652191995393
0.0097474593497405889
0.022979671596799381
0.0054930782354389749
0.01504579747846275
0.017432176837915227
0.031919835370960943
0.0435853325903987
0.032440115892478812
0.033946905519424482
0.017841163819587041
0.024251638794592856
0.013440286736245789
0.036160984577704725
0.014874780761329656
0.016162428969931232
0.011094831080639326
0.015882025642981131
0.033510948235412459
0.032862425816140003
0.015748258491550531
0.0073845592103820084
0.021312884053590126
0.016628874511438397
0.015741327978681056
0.0083910863218397812
0.02570797035918379
0.016452445831633966
0.02405260197326977
0.015462686818473811
0.020319522079304847
0.026468403488261415
0.026416529078430184
0.029720693768867205
0.0043406890758822545
0.015320662016359796
0.01307901414270023
0.01340865015428943
0.021061916600624828
0.0045348060623020305
0.01719230649628117
0.01512927773068902
0.0016956351995343138
0.018578056438810955
0.010959329540566887
0.021388957077245026
0.017214675202733721
0.0016367522135942579
0.011501744424290869
0.030441644822225149
0.033937557696123249
0.0057660820507641816
0.015800464884244747
0.0030406878655150475
0.022643403117570432
0.037886640488367936
0.022093758882508842
0.032878566509720396
0.0082518271112862803
0.0063758365759839829
0.022982010015802058
0.0062713481552559482
0.022005694695583715
0.020865927325622462
0.018632480628154681
0.023336544822333802
0.011535438654548083
0.023896866280500279
0.043405450711596988
0.019221342675890679
0.018477615293900386
0.02755099082098874
0.0083392813287313568
0.0087864417781951028
0.03130236725328555
0.0050431613026236683
0.027879867620788652
0.0061340273808638485
0.035521140199637126
0.033919262151071911
0.03366683757469735
0.016945629814643842
0.0080222898916002833
0.026618732746537387
0.025675419398198677
0.03093820748864641
0.028108783613515952
0.026611992552511031
0.016513772173309762
0.01315282179589803
0.016535563843769641
0.029804488601849623
0.0062724244837350732
0.013829425399888625
0.017640669667098163
0.026510034997591341
0.014067761952061312
0.016297138641029215
0.037872666943552083
0.023658868070863842
0.034854503321245379
0.035162385453318748
0.030416031375250407
0.016768095460487287
0.029983230353577032
0.021759579944177369
0.011426525758275487
0.031094095249441362
0.027081374719551628
0.0077605732073195649
0.027188390541898772
0.0098694523498515062
0.015320473854126274
0.0083341117080203836
0.050837310453726171
0.033541028395335501
0.012592551100235548
0.025462125449596862
0.04562649758293412
0.002923260258002098
0.033222993083790273
0.011900598118032705
0.022396000319822459
0.034329764443707507
0.01635573551040884
0.0080587691172151355
0.016568407769688431
0.001277059209271194
0.033190143174880497
0.032728185545986554
0.027749844758618632
0.028212589903690102
0.026978857560472334
0.021132659761019745
0.010708876462037033
0.0062555512465549109
0.019327980474889043
0.012749005205595526
0.013666510689777547
0.013847368002042958
0.042828100178047133
0.022821375356740246
