0.027560994827785859
0.02473680351588789
0.026707439373354187
0.0093534122850287369
0.012181624848037571
0.015378101237843887
0.023536240132994119
0.029110160736111879
0.010445026731240748
0.027022039929743013
0.014645661628711965
0.04714755823762394
0.018345030397419724
0.0036758069729577714
0.0076185417466877719
0.0073866776182781955
0.023237112724409866
0.025735987998606807
0.028315234331608465
0.023892371442935503
0.01701786871029266
0.011746932685822723
0.009533525506976637
0.020834805746867319
0.025513090226039627
0.021451746808624109
0.014917424810612884
0.018082902408612926
0.020215716042751294
0.010963333808309167
0.028238261910577992
0.031102114233209976
0.013031775933525244
0.01817925276485494
0.0066888156069604696
0.0087874493000505236
0.037156745359587198
0.02076680333178162
0.010371151247035037
0.028832336804392573
0.024346917405863915
0.023843410344043931
0.0054771615507049915
0.025380992331134476
0.010659477421298238
0.021623275099465881
0.0039906833632386224
0.0099762671427453126
0.02841570257019117
0.030828185857832931
0.027288216287595847
0.030522653314394535
0.028348995431659973
0.018963737239845135
0.032125285705445525
0.0079894114023305197
0.005095442680107534
0.028986958293232553
0.0063746470056329193
0.018781685533539171
0.0044333217979911693
0.017469337768412307
0.020644634649788586
0.010565998649198671
0.029066514904906127
0.0077717089524485475
0.0094338217587278152
0.030352698116994183
0.026252657766544115
0.014483232241169606
0.001417792847777417
0.01983979767320181
0.018392761228263794
0.034733335152071845
0.034757892956940976
0.012153995403690261
0.0043104870302126466
0.033781671309217901
0.013015783296805326
0.018439878427443216
0.026231465662718657
0.013660924681539767
0.016692638516009568
0.015871013395357295
0.038189078655806112
0.027132558294641684
0.0068886030970423872
0.0035224977293423212
0.023686573418998359
0.039853303009476336
0.025001756085306911
0.020641222473560046
0.016334676094029305
0.020115427221255561
0.032070900505719015
0.029937195580128861
0.017028901942538612
0.02638177669300646
0.0087979545682581421
0.012699441215533189
0.018817345824259056
0.016140394332225989
0.033063015261293301
0.029037710904171087
0.0099280021899698419
0.018164599293478797
0.030388100114429054
0.030056281754638144
0.029324635564338133
0.0015364518123737183
0.019968557815592435
0.022279052588838239
0.00326492983479337
0.040276633392572224
0.014254511233886531
0.016733074452460941
0.0084075882043872282
0.025783704248866949
0.0056135649851211901
0.031986445616045266
0.0093001890418562307
0.012934094546709358
0.015615743958433102
0.018348004883258121
0.01927245965014536
0.02278908530488075
0.015339242323539998
0.0056983566656630463
0.026160581547760998
0.02194706038675124
0.0084286480865386273
0.033110008886060277
0.014081395122838614
0.023798938981761275
0.020357096758968147
0.014929110156041016
0.013978436054463025
0.045458101453881433
0.023777563325607931
0.013028171290562548
0.030530768795672042
0.014557603765498372
0.02340644487007568
0.028453866004623039
0.045403778289280022
0.014007754302698662
0.0077900200780555342
0.022520557635526284
0.0362229078361695
0.035759488291081137
0.035233553640526709
0.029323490738434644
0.044812604366193526
0.03236887425620498
0.039740673829023805
0.017766764585600236
0.027447867758525937
0.012908188856160546
0.022111427299317851
0.032795634683985483
0.0098366295013247677
0.014277609312060862
0.021989441418044525
0.010370087637869188
0.025008844018458761
0.011147560148325741
0.018802043617416903
0.017016724033665973
0.0041250298461906415
0.032053977506203965
0.0081698988395249202
0.008162823538048973
0.016621861565829312
0.031265527811147255
0.011155836693966402
0.030325172788871702
0.043778040251113523
0.011324088874271311
0.013793723983810634
0.021306640172968839
0.032393250380428652
0.023789518579534839
0.02131056996898997
0.015307422215196143
0.036100018765171327
0.0075035703209824283
0.0057744429250094192
0.01000023151419013
0.013457186480275699
0.038250161863963544
0.019623303376557634
0.035251702686842273
0.011282620244202997
0.019254772845616334
0.0058608557217599841
0.013158788254731582
0.015530554180565107
0.012214279079144847
0.016593274403116913
0.011536675593120703
0.017122369970072753
0.00682528449191778
