0.043077537176572679
0.015678799646297311
0.0088284539074024622
0.018572335233337386
0.010972843598139714
0.015223714361088481
0.0065122963331761289
0.036855721993073305
0.013378827391639349
0.012923525671955805
0.010533112038961482
0.029787993858682315
0.029236909040128475
0.018276987484768997
0.014302333516141621
0.018198831032578529
0.02737058016601146
0.015947737492579831
0.027267523681690081
0.036166680728837129
0.005533483470037996
0.036504127480244716
0.02716037889864531
0.034817517185237901
0.023056948350785453
0.040073488150514834
0.02474670478078456
0.01776232468989972
0.017196709655588061
0.018128705012275533
0.021990494516494027
0.024856504405910241
0.032740852362402283
0.012641015038810304
0.016399090180293903
0.029374855223093219
0.034363683755399319
0.013058132649333582
0.016473769416449607
0.0078712116001047848
0.023189055349794561
0.017859562949517783
0.018120254566229451
0.010503261713524002
0.027659188629364537
0.011297478005267156
0.0209288786298658
0.016581456597102119
0.016864216266509219
0.013960689778175987
0.0068438633132283698
0.017369536535530569
0.016632694058480283
0.023570476240937537
0.034869791542094318
0.019554481497518195
0.0085886083467939054
0.041614241276970214
0.022236388776468694
0.019287226221526444
0.034349043279037629
0.0122864389434465
0.021977243957787211
0.016271578346926139
0.035760165926242586
0.036273750224813793
0.025236477249298315
0.030754876015384219
0.021829255374018804
0.021827520353805623
0.030165268808294867
0.014080662669533742
0.021499143849058166
0.019641681823891484
0.0046866629765836615
0.021947265035828341
0.026710896931775422
0.013813458284284175
0.025271957371964388
0.031274883363212436
0.0089640535296367698
0.017227207909276326
0.018030911471674547
0.040731382684274731
0.0054395783229435985
0.022870762006000727
0.0064601799552748322
0.012014180351995968
0.012564680476060236
0.018028233143003985
0.0045288386556602382
0.021690392546604452
0.015806431017949912
0.0049552170526392164
0.0050523532884025283
0.016707636151177086
0.040229149730155324
0.016532781068352643
0.011912190557730214
0.031176254890815214
0.0098370751880757726
0.029677531258014766
0.019132624092444078
0.027963327999603303
0.033595389979717775
0.0095893074628446411
0.036100187684000272
0.017920743594591733
0.012682518636542173
0.012413000769638357
0.064230705457342455
0.0045299911070353395
0.010902078577966958
0.019447047799236627
0.022351771604462396
0.012862426245299236
0.015402279164522473
0.032162195578263768
0.006202919490456117
0.026784108463705422
0.025515601971554083
0.012168908402617033
0.0046101524549691294
0.0081412751054153326
0.01570659578274226
0.023033832089660033
0.011678252452453901
0.013707767050408434
0.012580813394869212
0.016293432080949261
0.0049681808220564862
0.020449164617883268
0.020007285427746345
0.024637526396673437
0.03322379654238735
0.026348585464702624
0.01377473636823919
0.024384588400613284
0.0054470487507011891
0.002658358583150262
0.021331380806347201
0.031331021330440759
0.0080557764105818278
0.017083229675598798
0.045648324549816724
0.012904341483893529
0.016524540113029534
0.06013187593536938
0.019161950196068988
0.049923744310031694
0.014099041176080251
0.015571789790713162
0.037155016267555067
0.034923850019674352
0.012689325948060153
0.0055213631537100322
0.014216957452933358
0.043924141321490966
0.026717023380509176
0.047704829685508307
0.021178033327699197
0.012699799004005526
0.026374990107498029
0.028055332116942326
0.024185232794374689
0.015591551452652898
0.0057144838373318525
0.03136676413002306
0.026743286162408536
0.010861602577665792
0.045060428184631185
0.021089654022036521
0.036886907877087496
0.019061455883243653
0.026536080881419889
0.0085672729428811246
0.014192699119255938
0.015263191551719504
0.01223491002158442
0.022452523856511055
0.01607633487611175
0.0078796702937455193
0.01941993629008509
0.019785850217456793
0.017104156936985287
0.014350556163355259
0.022217203739757899
0.022976219409745761
0.010356665402249356
0.017533185641102435
0.01458238163425191
0.019505527682767736
0.03840217914052993
0.021599620627055068
0.019806558710969115
0.014731514532421525
0.01119373083450515
0.018524196156762578
0.022430825295006354
0.033496587530200572
0.027883141265531267
0.018560433343785317
