0.008590362908095563
0.0062146775231118482
0.032621065630650821
0.01397322114868425
0.02539222394241257
0.035510244952124993
0.020095450134439762
0.0029189818176736429
0.023507166992585541
0.016855851214046161
0.032877288571666448
0.0050585725540892596
0.0039813436489275558
0.024772231456126965
0.0040952826365452544
0.022790227153341981
0.038628832141460699
0.017356978980188786
0.043670974879706573
0.015652263384870708
0.03819020398616195
0.017216709954351862
0.033553260241211171
0.024828674114289732
0.022696329312981062
0.031980720493794829
0.0092164605295713079
0.019468068170589277
0.010760561065601849
0.022985175028254267
0.014232557516169628
0.0092812968162634419
0.022142451652140852
0.02429527477188179
0.044946319714551715
0.019529214551798402
0.0048489125007195686
0.0244497588040559
0.013740617707252024
0.033365661304038986
0.008437871820101325
0.02116353103266912
0.018496580558500321
0.0065845079869297322
0.0043336460958880415
0.010708308261115804
0.0058399245968507969
0.030053960697561038
0.0042416731710918773
0.012411349890895483
0.018235505407550097
0.017447161292366196
0.011005804344789797
0.020270121130869227
0.0060129115075864157
0.016453473560480082
0.019200280337570468
0.020477019512184197
0.0068760861163076597
0.010595694994333696
0.023651074139808905
0.029968685791070059
0.024914452743630827
0.0037460411728389314
0.01528954713339937
0.029802334531153357
0.016538274484314056
0.020292892529768122
0.019551439923091732
0.024879184737920841
0.019232430858489438
0.032279715374597978
0.013458164841526095
0.014594797292333653
0.026253947139820728
0.0033991600324213456
0.015369587972652232
0.032402540866239039
0.03504356829856077
0.027078720521124283
0.019192004256996728
0.018677387830849219
0.025404790228697623
0.0041929071188578125
0.019756172198327718
0.032618022815831142
0.027741793534287469
0.029008939192250734
0.020670822781154591
0.039526474468860762
0.027120287579993973
0.024402844568098724
0.012362143011050366
0.025871997635420592
0.0097982872531553241
0.01830492668442936
0.014646828520437799
0.010021723117894612
0.010528484497455044
0.02013959850915744
0.014512373296893684
0.012163925846309959
0.020076728418822298
0.02267890864074746
0.013341018997755728
0.035817576665612597
0.012858294788906526
0.025282389391575139
0.026106393558986939
0.019907836604042009
0.026152010463987654
0.021634096034872676
0.025445364390588619
0.010666649728756973
0.01481279538338042
0.026854575669761946
0.035816677735591877
0.021017380274977501
0.021921615491725416
0.02597941882099292
0.035037107343745752
0.028343232764782532
0.024810633861963083
0.034410905602300514
0.02823868731987475
0.019228516022417121
0.01436565253982487
0.015908141510144122
0.014770293246013059
0.014551618393087924
0.030498319143902386
0.030206540575902996
0.0093780146107132131
0.0093693409786567618
0.0099899311310934664
0.0095800455555732651
0.027045421760558776
0.016218664075120806
0.01110024527450662
0.037350596464556012
0.012176417618716587
0.021352529785453413
0.013255933516194035
0.0094230451563361711
0.02246823494741991
0.012486886880322397
0.013967494184086337
0.012554371667845529
0.01283280845390348
0.013844317731724879
0.027631043618572219
0.013787796660004147
0.022362678691693106
0.031790498128347729
0.023517529570932116
0.030361497413681639
0.0092363339322110265
0.022425309598852097
0.01216293178551487
0.010953828076368461
0.027297041925012717
0.028543571796796594
0.034477023773236783
0.01026448766666193
0.016570448906422168
0.022558429840264883
0.0074758327689472661
0.013269066058091659
0.033981869799345858
0.022794300740629381
0.014044987206751113
0.0062263012020912067
0.016302436043696234
0.0083058949999132072
0.019183120135268711
0.0059542642291288434
0.0027052690745278615
0.030462770714133069
0.01063849606585607
0.0077499510912203149
0.0076033558196249807
0.0051619108401742596
0.0031532152925528457
0.021947530627470718
0.019553815622483435
0.030194486931162084
0.010628155753969795
0.01284856630174498
0.022080745486293255
0.013861731800177237
0.014867323102733927
0.022285228100513105
0.019124952583520788
0.007636687683358393
0.013598585007058985
0.017336128183685972
0.027931162631078189
0.02956818940044037
0.029106412657954498
0.034445551967164069
0.014500267979179086
0.027849296943900672
