0.0097724153147860978
0.013824064551541863
0.01290432507623627
0.015524834590779996
0.030233501377074534
0.024023458594032723
0.019703728674398922
0.013383791453632809
0.023601763602353412
0.022657021667325545
0.028018574106403269
0.013823185380972752
0.027483941154391629
0.020192887091838873
0.0065040093671511626
0.033050939142964496
0.024573288390183783
0.03899765421334913
0.013462569964138237
0.047914583899343118
0.013344553419898146
0.015189923627638532
0.027788434226825157
0.034287410139622103
0.028501854873127484
0.0065088293195578635
0.028100857010692364
0.01952686902254161
0.0087810801046329431
0.025202071940033682
0.021727474557907404
0.0098236382805356477
0.043252728291944216
0.022264860827962502
0.0060288093922570684
0.029359684702106422
0.01944493988947759
0.0043601680668001888
0.027474683663424062
0.009734263428358347
0.060875918773606381
0.015525014472737386
0.034725325676674981
0.015285191009143452
0.0075408175150612393
0.015045923824545695
0.017493564889137728
0.018779084495094411
0.01154658626039002
0.012351977985777056
0.014807524379329761
0.015935307022501996
0.0006048387216652612
0.0036731196832780729
0.022740139261511513
0.036818031870951756
0.01479162572051611
0.014138076091916892
0.031087756018471198
0.019821322078740485
0.026023755752711118
0.011328729706020233
0.011486416124329797
0.025352711509570684
0.020257256124542829
0.024385794932433039
0.0069859722138744824
0.013288014613012307
0.023665318892517263
0.029841215569021352
0.027224728947985052
0.02785957148855104
0.010545220478645728
0.017680806204579118
0.016674311751739626
0.016928121738498354
0.013580994268526459
0.013027095762016643
0.010103711560064616
0.032715433638408245
0.011729504163873012
0.050595383838619952
0.029590492145689921
0.0043674921427254293
0.017507328814594464
0.028472389608873671
0.027855488508691913
0.011293985068037353
0.0067026621767680601
0.0097136224652243034
0.013611994770298834
0.0075373130352001444
0.0055125033269797386
0.01333372655719907
0.025865341868629346
0.0087282902669811851
0.010701263326201952
0.04524536892462392
0.020949405610573086
0.012131538767965935
0.011838336764027367
0.034947263716130453
0.019275390321056737
0.029389649463963732
0.01831538651468138
0.038118243671008363
0.016839795945515573
0.0070288298406823374
0.019363538081397073
0.035614666016159327
0.02088318711534386
0.031177337581651102
0.020464464304590535
0.033908838830731904
0.0022454596639565837
0.023750983884250416
0.018930488348750132
0.023123257724608867
0.015068597461130321
0.034074151726858418
0.011746745149001725
0.0053229681287645823
0.0055545804375607064
0.013526635653268834
0.031666069422925991
0.035826414780665124
0.018742498551468135
0.015742447367198063
0.0018434468104624297
0.023281003565155764
0.024118777433810815
0.01856736354329536
0.017178640476302399
0.025145397888294573
0.018269539263345253
0.018414862434482263
0.021754174586186045
0.033270029609618827
0.029142243296840384
0.022048487197798144
0.027726930611621105
0.01628204792473369
0.0048524616775116203
0.049743136329631392
0.012613322779285575
0.036627826874705512
0.018289270998867853
0.019006561634764968
0.020990183325178501
0.018134229421203504
0.031385184627861766
0.025600138019150613
0.044311970556647956
0.023241996367159116
0.029802490565329014
0.0042670697510168313
0.015456058068749737
0.034447322655955202
0.011364660039878327
0.019900312846136827
0.030732788724946457
0.012076735096552294
0.015794757839043085
0.047942690188486986
0.022575023582339454
0.018545362968762209
0.038081205803696887
0.034534444939584429
0.035034930747850676
0.025558043800673329
0.020974416857132073
0.017796823842070288
0.018601761826712263
0.036903367497541438
0.010917294844092778
0.014361993143849042
0.043566825591554642
0.009178089781025996
0.059136443502424016
0.030840916138912246
0.021111674536556695
0.0089459644347518047
0.018897289455133894
0.022953792082822843
0.031195762477609631
0.046670200737327028
0.013571631156403247
0.018311455080906987
0.0075068213924587143
0.014005207891915766
0.0046790485263173516
0.024370517412219319
0.041620310371044057
0.019085154098043674
0.052675479660097495
0.021518622580894681
0.0094222389162367005
0.0076653505145160023
0.018141605757960904
0.020479151390587397
0.026933215226522703
0.016886541429929281
