0.010664097674163202
0.010605490724880639
0.0083098696816561145
0.010036317009139773
0.018253355923217481
0.016750065121645168
0.01707492884464459
0.03137467562197227
0.0045829152337443085
0.019113865619613542
0.015017074149404714
0.0030701801833962895
0.024788574045038859
0.015846981009375392
0.0053331195230012073
0.0076560057342400243
0.014747758188286648
0.023455779742062532
0.016590554358865018
0.004780445943294305
0.0052642218575401321
0.014865195804796099
0.012515504833586939
0.022487055690475665
0.022892612041747602
0.012033336480666106
0.012560308726200965
0.013201812405930685
0.0080930952330028026
0.011255937079996307
0.0090238169230968373
0.0079515506387592104
0.0042349765739491179
0.021402983631860856
0.014375010296603222
0.022841886913716095
0.024617137313703168
0.02984169020351566
0.0088053955076212026
0.021208078715660161
0.0083174856054110801
0.01078065059571828
0.013612025515654854
0.018402881572159337
0.010463603805718263
0.016399555718732334
0.02291034005614595
0.014410130638501873
0.010191583449130213
0.005950447830862772
0.014012564488504521
0.019939630575134194
0.0035708164454828746
0.01349543925312454
0.0077927458990025133
0.016354774583966881
0.037635852709564273
0.0050931923816217115
0.011273953434870461
0.021022178416623519
0.020932235619751959
0.012576547802293314
0.019442579686276516
0.023579175336908429
0.013713545072939756
0.018842368363008104
0.021783989942395582
0.020857177003594976
0.0044678577514965052
0.015133026163739054
0.0063249379789604683
0.026445206394511651
0.02055243742174423
0.022110814380158945
0.002903924092311863
0.0091127714110360684
0.007174502231227284
0.020015287113721424
0.021098618500709342
0.014272943973459981
0.010518193956335074
0.023676800276138003
0.020125528419631496
0.018022066057800556
0.0074460726161497881
0.02407871804165846
0.0069050766445752426
0.02793160439854039
0.012503375631593077
0.039714151175588269
0.018967529497482431
0.016438550244343323
0.019852866846988036
0.02076070972852808
0.017899443925001649
0.01513488409996596
0.035429469813250042
0.020780645259051513
0.023573178820986092
0.011586390086934859
0.020289937190337039
0.011867883164115576
0.01353807630908337
0.0090468200885511062
0.014197906526701876
0.012864130852661991
0.0091346863908519753
0.027273224101912297
0.014685329467854171
0.025861630434635914
0.028460541274946079
0.017642490540387343
0.021189374864386639
0.024066120039464907
0.0096918115407841655
0.0079761596649847964
0.0096394934442288523
0.016599290517483909
0.0065961091808820656
0.03134759541436085
0.012482628152873992
0.018413306049765731
0.0063291350454323164
0.028198698384397529
0.010281953748611374
0.028455283393314677
0.0043985949829695682
0.027656226669865107
0.0071331431029000043
0.014870796037195485
0.017961017648102453
0.0055189827436571085
0.0046235356985552074
0.0088522054181721412
0.026390174343562924
0.024167747541058732
0.0038813536848859237
0.0031284404486592553
0.018529844491545315
0.0041693046304566578
0.007047620961716637
0.0080806929952907773
0.029467245107330488
0.013690261548076996
0.020398676701747311
0.043670977629305247
0.0080820570493300003
0.0087820008558037906
0.01373637582219841
0.015411156377732891
0.0086106497925217355
0.013075032028780626
0.01046093382818626
0.018069288162888966
0.013508188149773451
0.01044855947703407
0.021396245602900661
0.025249022312087945
0.0074029416838848226
0.0079700169636333553
0.018983334411157345
0.0080824345618465687
0.013108798618458102
0.0071952805748189564
0.0034130865406732593
0.0081793089569432483
0.013109742608440269
0.016007525085637769
0.012630748616912988
0.0089330399095733475
0.033027526052644078
0.0095567275005748135
0.007659313781422027
0.018845784982118328
0.02073724308445583
0.013305936239988761
0.012014579251516992
0.021864955505535546
0.022072831761712385
0.023132943649410369
0.011598084312817227
0.011665695403135211
0.013503974162941247
0.028575416820036684
0.01500594181946399
0.022349061035857754
0.013135197804229608
0.016132797521595708
0.016249766660914485
0.0088487951592263851
0.024961398944709765
0.022055325987107924
0.02184683606089979
0.0096125370096965344
0.0013337464916071832
0.014906523944471253
0.016021528013272831
0.0064505704429227463
0.010226492993881623
0.017596710391245503
0.0061313760727789435
0.030474930212973397
