0.02476246115259614
0.017367056109303041
0.016832379645276677
0.0082175878482797591
0.0022891359333601811
0.018983456547833594
0.010875489446038269
0.01229186869084146
0.01859399466565554
0.010094696652804946
0.017307509472614998
0.015346348739987303
0.018559483996763399
0.019067813781158207
0.01090933145900262
0.0072243025282636257
0.0057735481043097664
0.01041873647994219
0.0076078259368193742
0.01641221801530527
0.019573397260206724
0.013642502266205133
0.0039409337580774391
0.01516866628477445
0.02262899552309753
0.0079285569216251007
0.0083913785312034975
0.018429116762258939
0.013636353920439655
0.023753858527564547
0.017356218505814834
0.010507814370665853
0.0063313575953232544
0.0048783804045526864
0.036898907791096287
0.0086842916442504015
0.012745726234158348
0.011952549118160306
0.0085640919659812353
0.015913605019711907
0.0099866778396066232
0.01771209547396552
0.028683781802987307
0.033337303374896057
0.013616357871715053
0.0056853698272039867
0.026188794441746582
0.0045913454202126973
0.0026062247043356743
0.014489482346282764
0.016326897728028551
0.0055929602215794971
0.024796182348466263
0.031590709843130664
0.011224635951540432
0.027013059873192666
0.031708360508950498
0.0088554537412290843
0.0043819998806103261
0.012008582356862091
0.020495069681720591
0.013121982115459771
0.019619901029828957
0.0099958672486509734
0.029277341820741477
0.021943993066801087
0.010485111465799158
0.026730539018633516
0.020046662276683225
0.0060754054259603658
0.022059910482982822
0.025164566952967066
0.0077979068802025066
0.024373282013417388
0.020379348878012581
0.018294920301635705
0.016412656004004829
0.021863209323083513
0.028333591188791047
0.0071227298253225711
0.02220193985127079
0.015893485083863786
0.0073571428596884191
0.011059756395338141
0.0063547113487193042
0.0029793594137696145
0.001618927249452297
0.012763415855602252
0.0093337359190498164
0.0067821039722410631
0.0064165844095028703
0.010568785661497215
0.015366235901838325
0.0082547792654732253
0.0083574178776901868
0.015141324552185956
0.021065035202346642
0.0082386991075955891
0.019202177435489177
0.01330324188699215
0.026822507180134972
0.0055894133848886449
0.019987540704060194
0.0070468310808597008
0.017577568684840641
0.029867378759540233
0.026732372085341956
0.007077299350963847
0.0098751101604661086
0.0078349983917743518
0.029999443614052386
0.025409350774579367
0.0098788651504441282
0.012039431276849304
0.02269635242767919
0.014114672061033624
0.02910422954656899
0.039702432751314319
0.0087811705125209142
0.020273338263457442
0.021761873814324366
0.012424175723402455
0.027429013798706672
0.033516188060648502
0.02026141076121617
0.016485090425390845
0.0095802691738028911
0.009139163745031197
0.023011079629805156
0.0098068667561580503
0.016064092338011936
0.015868225403657378
0.011871949626084786
0.0088120170652423949
0.014312134513835031
0.012704341799787033
0.0058869703671104671
0.0031232277976769762
0.023753627308026999
0.017168892207646981
0.022784637761513446
0.011197202229292016
0.021330974036442109
0.02376974693056259
0.014159504313197237
0.011201047141023549
0.0092076071409559132
0.022676174107008968
0.011818149112962454
0.025805424502141374
0.012244764511925165
0.015096944878440328
0.027168165438743438
0.025315115802681979
0.039855815748185253
0.0048713372642889621
0.012094988339097052
0.015505620861891134
0.019235365327248472
0.0096646714642275294
0.039067723184606697
0.024084327563819442
0.016429895862885954
0.01273376292901429
0.0090970561650040062
0.0035425867534602091
0.0098314885636086296
0.023995607709466855
0.030747584829056832
0.021452556836227196
0.014287269493770616
0.0056861368693914265
0.023247901258647365
0.0085850883134615547
0.015332800987519718
0.01399913855319462
0.042291513144063687
0.026395342101504148
0.011932953196179598
0.017226184328077626
0.0081654392852719571
0.0096676752513342387
0.022296772438176418
0.016203294529676948
0.033211979700628287
0.0069568090714301088
0.018074599203534006
0.0095007930538081788
0.0081121910338045906
0.039764392188712999
0.019516565518858504
0.0087953933505320759
0.029995152537039327
0.023159203293238572
0.017732927279287613
0.0088229351002616519
0.020660466134952749
0.017550129169157908
0.010902740119969886
0.01798019033269585
0.0058109090171439455
0.022697431081249275
