0.83164661962174713
0.790771142418628
0.82064247497240017
0.88016652982499832
0.83771409374751582
0.81423522126866654
0.80526390464260711
0.81887902569813853
0.80322175084361891
0.79481463518481921
0.83167275270863816
0.7430005464471392
0.81115402688814919
0.74938442384004489
0.78313586212314568
0.67554608074704736
0.64695167374167506
0.64275291489602027
0.7245519565174835
0.8084972326263784
0.79242689542295297
0.8314005304594223
0.79909301554840229
0.78914305123057193
0.74083155781742804
0.82284378396313895
0.83117752011911727
0.79477148498950478
0.71412886520295182
0.75091638005601635
0.79248241088424465
0.73200050279983286
0.78681588110062328
0.81088690425289245
0.80207711382606439
0.83049324560332394
0.82313332005985929
0.81112636160841955
0.80406442921663057
0.79019368952819158
0.81477736970178649
0.81535862356189481
0.82497445752558107
0.82325571426707456
0.81904906179479309
0.80524529226576358
0.81824051806363629
0.76750420285437781
0.80089915156625313
0.82370678225653504
0.78396035046270762
0.7882346439217548
0.83935926259028493
0.82683503892276466
0.80715763526850792
0.83523595709980825
0.81109670932811673
0.81770203721668289
0.80411618290321196
0.86337891127494726
0.83675251325442046
0.77526473837418086
0.82818440995964304
0.78790169747717298
0.82524961860970869
0.80127321035699228
0.79987606375430309
0.82967744374930807
0.81550719699497698
0.76107389775676981
0.81733963386079034
0.78887264436134952
0.78523396244123822
0.75419345861055076
0.79374625966162771
0.83595893575547431
0.79860402123575092
0.79108702157869937
0.86770089163829089
0.8212626582918553
0.8045984015429829
0.84271174178242869
0.84351410930401405
0.86274716686463504
0.84466638340640166
0.8197286231171611
0.83447481449474803
0.81398666120454533
0.87158451671869697
0.81669185830582125
0.81957190259266033
0.82436644982996199
0.78180495817091322
0.82404120139162607
0.81777287646126229
0.76844303616909615
0.83960036445461894
0.84416016243812031
0.83171267751501687
0.88468645658452694
0.86057668094876583
0.82589551209734535
0.76506560660210965
0.80024561863989296
0.78649524555520378
0.82495033372169935
0.79721506311863133
0.74225044500816451
0.81506515469635177
0.81290451875790037
0.83333061218275806
0.77635339336219544
0.77227428980743207
0.76219884521541836
0.68371232678690097
0.79924125932707735
0.76756128668435297
0.82021507536909777
0.71462271840251079
0.8477610636422811
0.82484424972228976
0.82558934642756121
0.82359211573338709
0.83495386790148529
0.81640415745028805
0.81998191228259731
0.83154478569614598
0.82274759143342402
0.846134612319563
0.80680454105419397
0.8033029086974226
0.8279267501053359
0.84153339197156207
0.8248562521507693
0.80665198451048559
0.82792211631169366
0.84022288945484047
0.86983876180727826
0.77764870045264178
0.82387791620767925
0.83100966757164429
0.83459422388157956
0.81931476218435673
0.84273449751713514
0.8325005669763359
0.80858503321169906
0.8756377122010488
0.80603315080838278
0.73429789760415565
0.77382000523255645
0.82006992203477003
0.8377054001504457
0.84088900245144826
0.85487981478347708
0.81266256695377448
0.8563903476068212
0.84040300580990568
0.8734784705946711
0.81146578668029412
0.83397968938082934
0.88599513558559395
0.85587358831823901
0.78765065104413812
0.82715698223813416
0.82126115001682343
0.84379698491471444
0.8349486296500086
0.82083204895222239
0.80748612288992505
0.85739431004020228
0.81208686835447741
0.77388229358075389
0.83844699828719604
0.79535884229957488
0.75929842557785454
0.80194289279583175
0.76990088343917085
0.78310094081766457
0.80095663126868855
0.79687363134972056
0.8228370847790093
0.85977382250826373
0.84279358519904846
0.78351790438847513
0.7963636554705491
0.79375932558652484
0.82262247621565421
0.81449786118083678
0.77903322565755961
0.84671657719841609
0.8329593642036569
0.84581984058574489
0.82815143003628033
0.82588816523910735
0.8175188111905517
0.85113903911779765
0.81669238552413814
0.80708822655556178
0.79460662457761666
0.82476261853521349
0.80158013227624592
0.81589862191952178
