0.83306527445408429
0.74398939605483272
0.76014606600989765
0.84215370290728353
0.77336586793571105
0.85885246728737241
0.79625900422727525
0.81780808088557522
0.80843634127580744
0.80226537792548358
0.8455507652810329
0.82482985723842328
0.8362005627144482
0.81556840025767385
0.8429446191367681
0.82903730539390108
0.78177057559227503
0.74923110400810078
0.67908490689946854
0.76066068511141272
0.77871842657560031
0.82401198644039075
0.82823730838938414
0.81007783816435885
0.78526980685725034
0.75664234862150559
0.6555738420968622
0.70706794910670001
0.78397487879425654
0.83787132213832982
0.81933977501594646
0.82846287134923369
0.78991765163985717
0.83225717606319682
0.82218332684323203
0.84578491653045995
0.84722223096705207
0.8527359907884412
0.78485428377037547
0.81520026158937364
0.8086339758071035
0.8029616712955282
0.77059798222387976
0.80978401163699476
0.7426622073166913
0.74797005113099191
0.79929459356593902
0.82287249061971202
0.83960828553864664
0.85319443716000887
0.82335496154917387
0.77840795934689611
0.77358992249779424
0.75896143359753443
0.80456871237746919
0.79066708402584696
0.81108960408614317
0.80484426531415199
0.80315261408014782
0.77023984110772947
0.77776195831551154
0.85514203683683587
0.78702859865857289
0.77299194490415557
0.76540534828002715
0.8194817080397987
0.84113970855212883
0.84230669863399055
0.83909131206555954
0.85618590186453047
0.84974939768853319
0.81260823124968573
0.84626378370863031
0.84162408173145054
0.83091087333234848
0.77539993872223145
0.77033529581496329
0.76684240946149118
0.81463798220223027
0.80438185719484534
0.79305458177334243
0.79413690309991125
0.84697362241540575
0.84957450884141317
0.81030908614071684
0.83033186818417848
0.82557354934538796
0.86070198633617967
0.85728695052123838
0.859850618261505
0.80235853199304652
0.78603487299607988
0.82658690458573103
0.79119933035467216
0.79477379601460818
0.79241137622324287
0.81087979913410657
0.83902398707021331
0.81233403808672644
0.84098242777457444
0.86015040663188946
0.85309424913441811
0.84025359887188411
0.80665268048317185
0.82471807232792793
0.85978082918947485
0.79425576136924636
0.80967537897215791
0.83096485108619633
0.81404948074616268
0.80220844348824549
0.83209108237245044
0.83558245333299308
0.81760943377194462
0.81415348864897807
0.8077854738505249
0.81205449322432932
0.83711046422800595
0.87184672939291441
0.85534508713403434
0.83118409044661956
0.78401895545253142
0.82155447864872888
0.80263035426317786
0.74708013675394147
0.84517523265623162
0.85054556379641333
0.75049640326257727
0.76844736808490732
0.77642678229010476
0.81014996021387164
0.81352884009855886
0.81229293015198623
0.80789856198858767
0.86615772733419827
0.84177328749337565
0.85493245825438768
0.82459935794756101
0.77928652322230996
0.82976615922477992
0.77060856685457368
0.73179362574843798
0.74557569059571249
0.76537684956704388
0.77547850469852431
0.88504677163808088
0.84529181341075366
0.79612125237514597
0.78460620030763295
0.76946259936951789
0.80310740736836572
0.79176056260817362
0.81994195998645303
0.77261494391978547
0.80465953575163718
0.7642229121634655
0.8313360199398887
0.81914606387765754
0.87072636762746358
0.79521809991762671
0.75977450964982252
0.75755052224240549
0.76580436983830469
0.81811239188713181
0.67035949321059951
0.69791691799765643
0.82293332837701949
0.8200989719169518
0.80406198491882952
0.82314630568075542
0.73839864585166171
0.79317307250768576
0.82371567122622014
0.83449822856642841
0.79013552310253232
0.85509336387161372
0.81326645602953096
0.81424653942699232
0.86107169909366021
0.81023795737278048
0.80951796683900523
0.76630780480235372
0.84773020841513347
0.84939771615486037
0.79158521515086877
0.84568827083519238
0.82486812517063768
0.82466471217250115
0.81965154457554856
0.82633975102765289
0.81491967300096746
0.8044452380547118
0.80380120539858191
0.80737255992742563
0.83382438050654872
0.86733217283271957
0.83795828724868227
0.83557553279742525
0.80415349177591078
0.67331086820080543
0.65689819069501643
0.64063090702413483
