0.85366599493693784
0.77292623089081425
0.80809739665578584
0.76374790345885191
0.8100134128230434
0.85837432407897729
0.85649823647539602
0.8223409341638398
0.82802187375257541
0.8214741099434667
0.7635701181522665
0.80907631934088697
0.84717518975978945
0.87258317963506526
0.85764434023971559
0.82596580873520931
0.83233682200676806
0.80050480035834559
0.82800959196649282
0.80730791775933131
0.84398242046143634
0.8132917083001544
0.84202667089538552
0.757334104630211
0.83814527603917977
0.75975257390669915
0.82167789391154455
0.81997608145250556
0.81698415051366591
0.82301429578886776
0.82102793178398437
0.76399375180978624
0.85323197031947751
0.8491948348558912
0.82279606234891989
0.81450977864626739
0.80859831820327466
0.82139703695828825
0.77472016383828102
0.70491411571939411
0.7771238194510286
0.80862701506728729
0.84006171676081898
0.86626534332970817
0.81711364077191551
0.77096345434258762
0.77955143922288384
0.80897939256479168
0.79334271641869158
0.79065875044623268
0.77004939339391254
0.82203633219248995
0.85730336582203981
0.83764819807469615
0.82726811879973383
0.8275281335961171
0.86499259328152367
0.82349237079350746
0.78580529423203116
0.78861113098741065
0.80495170607425093
0.77880461125858103
0.75482825620907001
0.79189233116136193
0.8202189744427697
0.82670722205673119
0.7975077117550522
0.84193204742447247
0.81476309717331585
0.78782587064429188
0.7332226961742534
0.78551473710273811
0.80449595152272502
0.81137502060782896
0.81700286376185161
0.75367328251542176
0.84728898983945067
0.81928129494862711
0.74858227801303434
0.82009698450603075
0.81999295040863607
0.81734847597844063
0.81338128331969162
0.81619253868539177
0.82845631616321824
0.77006111643894481
0.8399699834735852
0.8246802788833032
0.7803862923052558
0.80446198629647114
0.82190731770006986
0.85052115834216124
0.82328293047472101
0.76821811986149535
0.77983387133234561
0.80854657571985422
0.80584464622300511
0.78814617863597436
0.89215736098081488
0.85859142526019683
0.78145953815055791
0.83138132431818357
0.85374408403705793
0.81178880408009091
0.79625451052750595
0.8331088712686664
0.83298631067285067
0.79645777173177812
0.83539109481289642
0.81167239957249149
0.78711011768601846
0.77708216372634487
0.75488359630100166
0.78689598031389918
0.78512749579726548
0.75628209178863826
0.79450097851937562
0.83727556566748185
0.80469827476105127
0.80890323802262465
0.82147247884442642
0.79560825749248865
0.8145892584854616
0.84284419632116458
0.78811885793373548
0.79407418106522432
0.834146562733037
0.79509160639359677
0.82773928820823695
0.76446196916507159
0.80658113746419235
0.8134423992319606
0.82802354920359222
0.78163959976518838
0.84554748199824703
0.80503317709832889
0.77633437289395313
0.79324333797212276
0.72557178001119049
0.70290770438568062
0.7335910792790219
0.70041568516820141
0.66266526213930466
0.7544929754956109
0.84106464183602792
0.84681290027169276
0.80008944046137687
0.82046989314980934
0.80588778626315871
0.73185849917531198
0.76807482714581377
0.81051297614705209
0.7656651255506518
0.81469308205526181
0.78695379266399734
0.83741559909751173
0.84730484176716947
0.81873599684233556
0.79270099849833464
0.83392913426814652
0.78959086368867903
0.78780346643733346
0.82582046140375953
0.81921389744069295
0.80158381618016594
0.73452203947863082
0.77663555822950736
0.81763896699123195
0.84149185982602648
0.78269338629008578
0.79211260268339023
0.81066734497253801
0.79235798898171361
0.77392428333091334
0.80339445476030558
0.76498053404636002
0.85146165702882526
0.81677330031980944
0.83275400917127473
0.82782964275563875
0.82726086811072119
0.84370384680024246
0.85590002302286572
0.81439678603602161
0.80029286715630921
0.78124001868582149
0.74136913819658745
0.86479947588337536
0.80680061816856252
0.73264343443163682
0.69974840899843804
0.79607051521725669
0.84774625090445599
0.85226105097633809
0.86067791744275313
0.86861132437257726
0.78920466110071186
0.7842562080337615
0.80082871274829703
0.83073213037044358
0.81344289196389319
0.77829859453570649
