0.70131074627271406
0.68686289460401762
0.65798693616218673
0.70466718405254902
0.71475349562054791
0.70767232094418941
0.70464845696323863
0.69678380258455996
0.67099785493999409
0.71931079503122475
0.64247325208554495
0.59378164334210082
0.69288381307567448
0.71323298230172982
0.73166366182760889
0.6688171721987699
0.63744190827830027
0.60064643670029505
0.67242430399743547
0.67033703877561357
0.64115624127298332
0.71426091539811132
0.73094417213478069
0.75743983987168839
0.64676469466609299
0.66821387461836557
0.68139711208223719
0.6577606603176176
0.61165232768088973
0.70393013458342668
0.68863181215300207
0.72164263370025727
0.68641352289124291
0.71982502755579558
0.67204428363027735
0.73448323514519487
0.58825156384166943
0.63352523882060863
0.61256703590823813
0.6999157016712183
0.64926550518922543
0.71596250806714845
0.66847062257359291
0.67283314958873075
0.73924898037032027
0.68574215129558813
0.72884947684292278
0.68774176927165542
0.66732128913250033
0.67199005056684569
0.72982627656423182
0.60797581084289243
0.66848842278034282
0.63685491714346287
0.60902533758819943
0.66119764402599079
0.74550613729524573
0.66929685695251362
0.72179365825291553
0.74224041283715425
0.67200647772471067
0.62934343754576261
0.71592381963949081
0.64337027145157177
0.66661483130950505
0.74021163703287851
0.60606226356343074
0.53280335183217264
0.58032224652616071
0.71452959188586118
0.72535518825240697
0.71446340068539627
0.74425722675411277
0.72055980999870417
0.65998329121829402
0.66631691892116118
0.65610306791876472
0.67969777020501687
0.61838828161937354
0.70667964337664002
0.59778867703743344
0.68617037372072931
0.71982352549512563
0.69673414719428339
0.64966311530128917
0.71929100432239201
0.65768119601618558
0.69416841898056902
0.7063568529729729
0.70727769745879909
0.69589367697962667
0.67113801139670171
0.71201586880178658
0.63081520302624194
0.58448667250192932
0.66946796358263982
0.72681791361463943
0.73127625886478553
0.73362464778960357
0.7134826502940983
0.70364389841526143
0.66397943471372134
0.70753955465470464
0.73671082391523979
0.61174519871037325
0.67636499135690897
0.69553742118465067
0.71983055428041209
0.72160005001823424
0.72373920649155021
0.60983682185435106
0.69374033464292262
0.64349752938358018
0.72009048150192279
0.69789714936360447
0.64550995471715422
0.6932789446263764
0.64735893683605406
0.68034292730973622
0.6885526647736715
0.68005995214775383
0.68863742709782605
0.65488042933727897
0.72795782880435411
0.73060943697136949
0.48235960852486826
0.58924588575356451
0.69500717069448104
0.70824069985320881
0.67600093733283095
0.68309067859032846
0.68270678412129682
0.75002785374094294
0.73276271975503393
0.71190725655940679
0.78726499152934781
0.7159923719096517
0.62740012080988983
0.69220043656892216
0.70154295531065225
0.62562049743460124
0.71510871779171958
0.71360995146167461
0.67609454493283361
0.71245227267548183
0.63236610090190171
0.72283297674771452
0.72738018115293079
0.69319032341816322
0.68970677650953927
0.75404415948926584
0.72407398410507906
0.68332555899373537
0.66611949270161586
0.65348926312443201
0.67780941953764817
0.54590998634894328
0.69090037830046314
0.67179478696678951
0.6818823689708553
0.60301674901501456
0.69473319166171599
0.68352592192969919
0.63813522387555099
0.73099795829239445
0.65252354409692437
0.6647590934815335
0.64572508128025707
0.66899728647122336
0.68657349880865504
0.67812907740026585
0.65190953209276115
0.71704578127494656
0.73652078352637085
0.71161325609578774
0.62403248898650598
0.70550823924793127
0.69918875110683409
0.60810396569497582
0.57391779442912016
0.62517366225837645
0.68723074787875771
0.65779361658621371
0.67306052059780419
0.66354973538660167
0.640618429980503
0.68371755724319239
0.69282977940441193
0.69570642208308953
0.68781101579332249
0.60998862186377445
0.59077784227701902
0.7136641559436353
0.59346564646554545
0.74876752649698164
0.61991106564249188
0.68328167322867983
0.67375830252587432
0.69591196017239287
0.68948124837651803
0.67795595709020762
0.68801930251326826
