0.72673341985572848
0.64052244348241116
0.66514139307594811
0.62562156071265418
0.75728799903779265
0.72546047968056659
0.72138508224313502
0.70070771076764804
0.69357332375141401
0.71860778813970605
0.6920991992904284
0.73037257385160437
0.72613219243655802
0.72890027158672033
0.73266670463653394
0.75703119843906064
0.62828481756318311
0.64710743061971976
0.67443397222840384
0.70591865177113344
0.69142559712905327
0.75188375474061442
0.70656351915576954
0.63900263493173759
0.74217974283624699
0.61356753839319156
0.74479836128172472
0.67149821624747685
0.64583677025186925
0.62756789310249428
0.69631982247427038
0.72635140859245262
0.66764517493484843
0.68962303458191121
0.6718246483330792
0.72927957449871617
0.74896317613832764
0.74123313318206019
0.69579931108378656
0.65263172090267263
0.71439159082926618
0.71229491508959542
0.71040873374980951
0.74058004324196369
0.68110232645626068
0.69757406891864149
0.72565023962436515
0.67212408092054021
0.67337046571653592
0.73233068668806667
0.70490636000256224
0.67546421927026024
0.62380803681376851
0.65231039774877442
0.7338610136466307
0.71130455748720034
0.6747182228415024
0.69923982992547407
0.71266683542312459
0.76452267471341684
0.71727186262528397
0.72793354603174021
0.7086246031830411
0.59676084430315635
0.66963660691004578
0.69400404283542572
0.6910408225734288
0.62598755632602909
0.68738726749722534
0.70408804846641859
0.66911512673727425
0.66977167755374678
0.67466223670357794
0.52061925334285108
0.64915613349063817
0.71422097000382312
0.65967703433689973
0.69531347565918789
0.70779176324011805
0.66099482557477218
0.71941076325966413
0.66208984871913434
0.63033350479334604
0.70245269491300677
0.75913329484236625
0.69246615482341312
0.6578654925684172
0.68614744794252447
0.71428974690196534
0.66888608247119907
0.65616126518835893
0.73797175817852678
0.75720389017440504
0.66733230883982919
0.65572107797029944
0.62654517315450897
0.68907397432144191
0.66102312561609899
0.65327214945681622
0.73048679245488302
0.70247115162080698
0.72161879273109208
0.74418993480165707
0.73311564228465775
0.72207878017255855
0.69282951211085408
0.66137670993364794
0.68664052445466739
0.68963867932745648
0.73682495145144256
0.72276979111305018
0.72787583460804739
0.72236571037004871
0.71853030884933178
0.65840803835317641
0.68672431669380019
0.70949915602222036
0.70816425869010247
0.73434265794482345
0.67312352788385255
0.65491543288819398
0.63268835249682076
0.56838912319770363
0.58482746090595183
0.65251036685152763
0.67129457501774814
0.58807428642737469
0.64571075962810287
0.67903939195744401
0.70535702258222788
0.70329353408526962
0.67104602083212928
0.70295295640702293
0.65795361805832031
0.75116734526011775
0.75795857948882817
0.6860947533955023
0.75394332080397353
0.65593603486668028
0.68174512277899324
0.73225869194259507
0.68711359201715161
0.69854600742557094
0.73546446964950807
0.69396329374458154
0.62838961210318334
0.68828865629806446
0.69571374554246246
0.66016295930746416
0.61208288802060784
0.63457121894239643
0.66313184307988571
0.68974861709950785
0.7406558245458138
0.72790056205269693
0.62585604997471811
0.64677705522028339
0.7427981557200013
0.71498521101870371
0.6340898290781054
0.56389915741993746
0.65707812110293329
0.59035287891268518
0.6961842999605159
0.68942174227924158
0.58533490514979203
0.65896288802183967
0.61957437496896894
0.70188626948765442
0.71912917340566629
0.69973058254679521
0.58908094442917802
0.68034040017332731
0.66152383614574051
0.65220772130220317
0.69295107021899816
0.72336286768509728
0.72502150549123701
0.67996458550498207
0.72522415344783087
0.72684007381835924
0.73580647648121256
0.68866179577527831
0.688822106575537
0.66081476091855451
0.70468379304372375
0.67117715731198591
0.67643600019422701
0.68786785704192011
0.66607180075734496
0.71412952924179351
0.71354147628716502
0.71686742174673024
0.71219733487964165
0.68591742618986917
0.70955914043198309
0.63453776417646857
0.63334284035068689
0.71570599588605521
0.65725385939278258
0.60481374988179393
0.65701762866556734
