0.66276132063129167
0.67728118977156537
0.69806122685460781
0.6939113178974371
0.70314879975816835
0.56784958495011784
0.67455503559868191
0.71556586284034229
0.73211452274023159
0.68315955771048587
0.66683089812448793
0.6770374512543913
0.70853984211109311
0.64283309818621803
0.66393235788257421
0.7340877297520314
0.66322721882245295
0.67693729836158489
0.7191312019930266
0.64488037104287321
0.68103511825614182
0.77251448733996353
0.68373493479413738
0.66839843825980094
0.6867224068515797
0.70564405664375551
0.70954726357261133
0.7150587935217122
0.70308580911449414
0.61871950896824079
0.67638804443334788
0.66203101259390107
0.649709646341328
0.73522990182845605
0.6797949376053497
0.70461872688613036
0.67964273974682188
0.71767985841369364
0.6981551912538887
0.65929191389495412
0.65268646296071542
0.65023580855736485
0.63141094749694293
0.6201577901775619
0.68575352003062329
0.69521350912880231
0.69227597563836596
0.71749416463126126
0.63787143740013563
0.6628889941472319
0.65545701184316985
0.61868155442662653
0.69129314201225167
0.69473668387538501
0.67719143381577251
0.71252666384385022
0.69597349050286073
0.72042726609319341
0.66533526072915117
0.71170842301163928
0.67312387383701788
0.73755403325798019
0.69708934042949922
0.67573821843542126
0.70532169737568429
0.63801492259568315
0.57458005809730017
0.66329665881292621
0.63238802054934007
0.62730825045402716
0.69734420230890304
0.70431282064429213
0.68064782129442514
0.71480426109053496
0.69994375611248649
0.72894424139569391
0.74431430649702734
0.68819321652133902
0.74256112457644807
0.75916003340125227
0.67257462771020526
0.62537996912555349
0.72368139027794431
0.72612024266343056
0.69695547425845594
0.75647130508409344
0.76612917961633686
0.7090574264404671
0.73800342496031757
0.72317781242330492
0.7363888853075643
0.72919046215358829
0.68709240511109226
0.71046135848177638
0.6960768360957138
0.72570252436624572
0.66346537849365872
0.67482149720057305
0.64478598544824839
0.72188513940677956
0.6858682366225366
0.69475782006288345
0.67117831327874089
0.69563444155216425
0.64900027141067551
0.58891999891771984
0.63092917268465898
0.64744221079585018
0.73512619489271636
0.71000841765953626
0.70604342523940045
0.64049635971408969
0.66657520255934111
0.60142445828652313
0.68892413977048805
0.6808590485670819
0.66423772773021705
0.68142790056439417
0.70964811544767037
0.70528706177739953
0.69050229131393825
0.67802830245964962
0.71030939668894633
0.65192807416441223
0.68661496762613639
0.59637205329339504
0.5808740127868034
0.53983657994420575
0.66794604791088663
0.65594596719674558
0.63654802085080131
0.66932631299478307
0.70550505252376172
0.71653035911409801
0.67786896544681041
0.690509707034619
0.74751625707754565
0.67089696457802173
0.71436589646446924
0.68322348961737545
0.62482062274234973
0.71114507266353866
0.67149683011517403
0.71820565507259893
0.72960850718480497
0.73815548919066698
0.70751549268399627
0.59422832518263935
0.68378581429570096
0.64474236321719425
0.67198587213088723
0.74043087414040631
0.67937791709457362
0.69562065346189939
0.73268362963907563
0.65554451324136398
0.70038314037063676
0.68057031343564223
0.63828515819290044
0.67211486883245086
0.72311963678521152
0.76055996453096486
0.74008541948363249
0.72593932610276313
0.71152780106660474
0.75351490365572582
0.71890080586857963
0.72083344262534399
0.73665349474893294
0.67139899572706629
0.70759861696467607
0.71426482052462437
0.73175919142512724
0.74413894056284979
0.75709847070249814
0.75434192113085952
0.72885052918175297
0.77340128197524061
0.72213391530638715
0.715105854611508
0.70668317106009493
0.72707875432018365
0.68135854260373896
0.73248389519019175
0.69950639126794334
0.73634864736441197
0.71757028194611572
0.76494346157286697
0.68488878320851698
0.69113257669790717
0.71220852472246976
0.74273321834277084
0.66081047672198701
0.70767938177082812
0.6544329651391223
0.72487195004688365
0.69329145235868928
0.66525019194123958
0.71497278532936082
0.71224456744842979
0.68709947334056454
0.72698190176019739
