0.11025429664607812
0.16845564021890394
0.096573336529931428
0.13352291007593128
0.086049557644214958
0.14833159279590005
0.092585438004882212
0.10134141799259114
0.047525047863242936
0.09806639169841648
0.06750563551830141
0.069289414261030746
0.092587487521871778
0.0099604711898287086
0.17305367161493446
0.099921920069490994
0.11200205548204455
0.070343045945044633
0.15254701805476065
0.11624411596550079
0.14187447471914472
0.12627394098535888
0.037772623055331654
0.17786498490196975
0.10653540546965024
0.20763979847610645
0.15694853236751816
0.11271006374768225
0.10342124444473794
0.10389679462984953
0.13274520595090472
0.13427292494878892
0.23208878509074929
0.092336304216984091
0.095927982811122484
0.17719944812635721
0.080377589856504922
0.24716877925962297
0.078783905086026576
0.083832799907369956
0.050825876691602441
0.16498546518102059
0.22132247981836123
0.21418093415863348
0.15795831951514841
0.077352259031286688
0.25851357994372864
0.26292480191795403
0.14354807304443287
0.16933488948620845
0.16007356614691401
0.12745303332172789
0.069997930373122366
0.15829232648756994
0.18686154919353407
0.1838538149555643
0.16911151118024512
0.099184695266442441
0.036813524023209518
0.12180422412499732
0.15707256592444774
0.1216066283963284
0.18868146949290585
0.0563177747999698
0.12818317354494702
0.03944139900725812
0.22528231062313472
0.10216047491326749
0.0622878812437834
0.106755625047827
0.20219890575295524
0.19856713740880194
0.19751431475562092
0.26889408286282901
0.2569313860518283
0.22060497811516494
0.21102650621639413
0.20235189212862909
0.10797379707757533
0.19628464047318658
0.042937965506066073
0.10878027389970228
0.14604271110151484
0.21614042459735786
0.15258338896585727
0.087884159683572965
0.16372235548414132
0.072576794343815282
0.12457632136940308
0.11791330960461562
0.12087805718953638
0.039747024756097031
0.065192509852647657
0.16415125118429411
0.13219915554794859
0.061427405791877068
0.12865347881185055
0.074650881047549411
0.1487258780514128
0.22437993343170323
0.16118125926442201
0.16686407723128363
0.18660589505717115
0.043758777625513182
0.23181937764434385
0.087806461441822775
0.13571708468066218
0.22149723429903009
0.17366659802876802
0.0084974708046571309
0.085345584644592451
0.11188340659813413
0.14943172784526407
0.098046269802736452
0.093256750399233285
0.097412617020346093
0.15365858529373075
0.10109934167636837
0.03129452221164078
0.16533104756405251
0.071098609149124151
0.014203314950792431
0.095576862558333142
0.077595485527562777
0.19879958789640265
0.080853964084305507
0.11073021809847412
0.092468686184907556
0.10242116281753931
0.22402882476988117
0.16038110473879286
0.11942881702709389
0.054165504076129835
0.17707991145508686
0.049913488893844296
0.13197681399830971
0.088286625674953392
0.060181724592337803
0.056063336140950701
0.048127280682583283
0.10529967184130649
0.064254401763499752
0.14647406236959415
0.062347571473077831
0.044781394744476524
0.097507923502375832
0.14795899957014955
0.082609864973362424
0.023804582450614519
0.23979809836226579
0.092853525953465896
0.2207951626246546
0.23532382511963823
0.038582187640638775
0.10126657266895098
0.21306755477423409
0.22817101284768546
0.088871829420775678
0.1271568822230407
0.11551254522517021
0.093208378292076816
0.021867676076114919
0.069045658858202269
0.10696310649727073
0.2480642588400602
0.055750301650044298
0.29766208139802658
0.17249822178408908
0.089728911474665898
0.12938733176907008
0.073386218768530256
0.12644614602277038
0.099247383522955937
0.057114855864189761
0.21046917671484661
0.09861658560094469
0.15342102943468519
0.19369745956646617
0.1301551768103518
0.18332684848833267
0.16952986755473795
0.054859392447991595
0.17415567554471778
0.015459773591035484
0.16957627213885834
0.13574738410820444
0.1553970276373762
0.26735768202778654
0.10583551161002545
0.089623222795532351
0.026231922809705936
0.14762275303539854
0.069891604173573568
0.074469177649794341
0.1419351071959393
0.15908084166673217
0.13425914667811775
0.06578180767022436
0.18867092531021251
0.058009435000224104
0.17938253391329922
0.095508388182703616
