0.059656816992995867
0.15293866724755781
0.068895996656092973
0.063363243157271917
0.091404634908261492
0.14074265023390295
0.12179106501633959
0.1696994038537272
0.10720582234157952
0.098927969657662568
0.10914137900542345
0.10203779795991021
0.15605951117764955
0.10291607444072334
0.096957243123204626
0.13291864966976455
0.2536629833447519
0.13894898809170392
0.17233542708523988
0.19948116057950102
0.072273071125984439
0.28490244256539771
0.16350086245868839
0.33718423247184404
0.064764545252308181
0.26131636657599128
0.2631385650444179
0.19593835987173475
0.2686984859816347
0.098554410573913648
0.11457927430369744
0.12132391650479132
0.10934288564873272
0.087544115249918564
0.074502990763630497
0.1930362224489211
0.12459896315382324
0.079353687871159651
0.085925682283623517
0.15750992027726513
0.15140615750914266
0.24394754273310137
0.14808507170147808
0.093417951832511073
0.045608639869895565
0.088120330605867686
0.23315136415648927
0.070376922554631696
0.15801859627751419
0.14540844603331857
0.23869126293711376
0.084442437761577865
0.061817794953313666
0.03301113003920695
0.058919515178067816
0.14916305514512848
0.33177284267862639
0.19079651685957061
0.11740147411945227
0.077195682506140603
0.12936720435672941
0.10344242844831214
0.17453000963805532
0.027529463950308718
0.055117227223007902
0.081913760620501985
0.067646498357790116
0.10386109572977735
0.11682325774026943
0.064078199990129203
0.044457275870447475
0.1139100500366631
0.24254836628460827
0.059743480507229545
0.18440395365686121
0.20191668848180616
0.1276695382615004
0.11725997293303396
0.10873908450333031
0.17430897019979208
0.10681774933675248
0.15796288631276934
0.17961572805582005
0.1315957063122036
0.1360257155827716
0.18083700170761693
0.083870158500348263
0.10728155440492024
0.19134552205240787
0.21024010274312879
0.23371233947014808
0.16295618808217088
0.11883025466307873
0.11562781895236461
0.052700568963414858
0.18697320579871271
0.058457729282747228
0.11271673149847286
0.079876431434691308
0.078362193376806139
0.061109205743542207
0.10527995460698253
0.091128780003547141
0.1327101359370173
0.029262724910453466
0.14809310395449066
0.22890780867644475
0.1480852554977172
0.11841347345992463
0.20313929668298022
0.11765440816290434
0.054474445734216323
0.16956677353211344
0.044219713727089369
0.25046966594776082
0.13611451444496567
0.12609353129302078
0.16494688795742052
0.042199931352761531
0.11292909259412021
0.26253091909716586
0.093010504558685023
0.089261738651899056
0.1248314055918006
0.063690433639638167
0.27032037888490412
0.11854835456334381
0.059076655166547018
0.18641569413879269
0.093584843649565999
0.025769705839843945
0.050620924991513772
0.14452741155137994
0.07385392466543815
0.042814936166248541
0.22763668043699162
0.11537528950556689
0.26691408047997078
0.14864717622588489
0.16784980392008012
0.13680643320867761
0.26892570742519578
0.11973597415370177
0.068500041909644441
0.056960618732480997
0.13679626092974348
0.20742662311669408
0.23027983547282804
0.023319416099254132
0.22110414752559607
0.054594413032612456
0.13520157339653829
0.056788677111147233
0.018068600916742845
0.12286929151648054
0.037648672252625963
0.1271022089566593
0.23651983588237202
0.077737186560066091
0.016598947265499632
0.11559535481478983
0.10903404320672941
0.14134327229908608
0.16028024364660887
0.10763362273750553
0.25125527758825744
0.19191661493569576
0.093491909763243716
0.012507744533825924
0.0072799025992940402
0.11892568484598828
0.044924531516608142
0.16652808923579721
0.11630955361338828
0.20596977324112045
0.10848639229937665
0.054532535287778981
0.083861595122030605
0.038325857804857803
0.20497847138349939
0.041531151203798286
0.098174804525462345
0.052707690284053213
0.12139615883476614
0.18029084111584648
0.21686877931139217
0.20116739321421093
0.1802296803877533
0.17755818185741246
0.22694030160112583
0.068404470581728938
0.27389225732299816
0.057947702610010941
0.1640915147546558
0.19227511812343889
0.24536687731870402
0.037626921516681261
0.099349655486279012
0.041251961403337721
0.31749931039520773
0.030821469696824928
0.059937181438985368
