0.0096849280188199948
0.004039975408102553
0.007333664032208002
0.0083348907152781884
0.0040346931134835288
0.009078045993777829
0.0053653840550681496
0.0082339090526337751
0.0050469299694945952
0.0067325390402761176
0.005728929088356538
0.00077148633535785091
0.0045557414728268969
0.0089575287795271817
0.0053965913606458275
0.0019275421102353597
0.0075391299431769032
0.012731368814375588
0.0079146708200782557
0.004350009488549007
0.0064411266380965861
0.0023456335685536497
0.007813540890089888
0.0077726547141828443
0.011103834909040424
0.0021215775760796895
0.0098173533297937696
0.0057724488734661296
0.0049289563409226746
0.0074138603428066194
0.0025835942386294125
0.00087249102483880992
0.011320150455423436
0.0056381357248326451
0.0053178884551742531
0.016076354425139907
0.0087822215271215632
0.0059805739787056403
0.0034792798169893347
0.0064848150236544557
0.01407677180894863
0.004545790921161641
0.013474177064235579
0.0014565662723011997
0.0036615697613993051
0.0082732626529344443
0.002658330574741765
0.014428197828158509
0.008423980055625814
0.0018885957990572133
0.0040858574778381198
0.0042993436483469271
0.0076328875950803744
0.0053964160126721804
0.012692725487440779
0.010015660250767349
0.0080120762581461849
0.011475665776973565
0.0072437285124085692
0.0017990147922488204
0.0032576947347223027
0.016200980570467659
0.0090562042561109658
0.0074729461589682815
0.0051423949196836875
0.0065981087839914821
0.0088543874057805221
0.011745587653094774
0.0058354224529637115
0.01047100285407716
0.0034845585209462883
0.0072340708610786229
0.0070922050965741964
0.012485764400449342
0.013850072027882901
0.0088009889892958059
0.0058160564792837897
0.0018687946715235774
0.0070978025981370098
0.0059328904974677585
0.012914946943022363
0.0036963222562250912
0.0089808133286009735
0.01931993739295082
0.0023230136512344952
0.012908574002712761
0.011107801486556709
0.01671524110163446
0.0035486853875773307
0.010015811622099777
0.0047464804778978315
0.0055397837857701273
0.0062971865474385803
0.00045270714933524296
0.0055198824890124809
0.002871679395776303
0.0063911846292842326
0.0087172257925981038
0.015518549459202927
0.010826465561695057
0.0015364366158128618
0.0048104367551664116
0.013766170169559454
0.0084622415735556081
0.0092722177236659025
0.010078108336589758
0.0041172784798141383
0.0085885906886828955
0.0072644337246155584
0.013947544921965222
0.011365229970214129
0.0075023686928596591
0.01761921622060654
0.0055841991277794708
0.0084218985730615883
0.0014132284720300417
0.0061566822112554924
0.0030343134195906668
0.0070837357238367794
0.00347168331378426
0.0043362982541067258
0.012210715660437738
0.012203597245474282
0.0038911631412244761
0.0080880943551230617
0.0068852393059211335
0.0090000717000978635
0.0059884449940607702
0.0039806051149691808
0.0084688963016496758
0.014232548797542556
0.0082377405867994982
0.0101123664043265
0.002006426312680846
0.0122403125661178
0.0082559551454035787
0.0086884530439199619
0.0020259963684270787
0.003404189937140493
0.0060409141644482949
0.0057390997794485171
0.013689076419288602
0.0054590875392461768
0.0080844477629860006
0.0061107048541841113
0.0050739782808890948
0.010749292102291379
0.0075891312786618582
0.0042958733589174639
0.0087997368784955877
0.010822853520588717
0.014520551396117926
0.011677581879421601
0.0070542139999677945
0.0092355914606449957
0.0036260734923134405
0.0072551522471957742
0.01020200393384894
0.0053240577385405942
0.011434578202092479
0.0095237644629577716
0.0027616758841091296
0.0047945142618495452
0.011085687651272663
0.0061523277450609183
0.0054368403993379361
0.0025232395805525666
0.0044591708151113501
0.0092478596218414592
0.014633932338924172
0.0070840663332988416
0.01110064180730406
0.0074065856679992647
0.0038936419553251321
0.0019653328414520055
0.006951323605941302
0.014064743914186663
0.0016626902281691555
0.0068531913100637271
0.003614183329016436
0.0077963378012038632
0.0084462113135327747
0.0048771772648946322
0.0069969574370668227
0.0066277606179473182
0.0090335884453399112
0.0025753623438854937
0.0086425189582439201
0.0017999350339517183
0.0041614475839025751
0.0040358644539068836
0.0031969493787609858
0.003872578128252261
0.0091212240597429248
0.001225218842626317
0.015699234507251077
0.010707978634705002
0.0036551369686799195
0.0052474302111979636
0.0043172726526056349
0.004383361832824258
0.00076325494920293608
