0.0023468154579733549
0.0024863156143594667
0.013999678270578166
0.0027932947116913959
0.00085737186560476213
0.0097367554223321238
0.0051265606875587283
0.0099644036243788665
0.010594820942164612
0.004890992898899247
0.0022471045473459231
0.0039351694743758976
0.0046601809949992816
0.011302963701984251
0.01066127492512472
0.0091674510173164886
0.0091493467050886446
0.0066690626931179388
0.0088041218541035481
0.0078027522294043319
0.0068781980963707285
0.0093306180352263016
0.0040023610279192453
0.015290922778062894
0.0029778377515880922
0.013140820261385425
0.0063013463454378721
0.0072341022871243955
0.0082434061088522814
0.012708179629190238
0.010191262585047611
0.0076411905820629516
0.0084938685244008178
0.0062179387266713343
0.010099726260385283
0.0047605206894651862
0.013197862333718429
0.0038496862309012809
0.0038150897495334533
0.012821213521034994
0.015022964225796413
0.0048198760511192719
0.0037115710135585322
0.0089544049610260582
0.0073604025710823345
0.014784857571383578
0.0048536028764333914
0.0051860049722535027
0.0029161515732783918
0.013807873526179982
0.011432127391884791
0.0028598547112111804
0.012504499785965014
0.0070271442219746539
0.0072319586699606747
0.0024479823524270368
0.013242444938918851
0.004952797664163947
0.011475245500786969
0.0058765816534849273
0.015724074951270518
0.009363460536908454
0.0033325521532452103
0.0048495063789768065
0.0024983074364323529
0.0069010149710425142
0.013983957163737886
0.0079723789912202817
0.0031951232013720443
0.0019857525384037026
0.0066903010155701043
0.0013053517039031265
0.0044760519376174993
0.0056617346826132583
0.0092213948132411124
0.0062767335737527229
0.0059246389913518291
0.0061680387272548907
0.011402566179418256
0.006288990029540668
0.0034100346271374142
0.0018101452897825402
0.012527151761044228
0.0024164820102776504
0.0014096837115339432
0.0031136577445354096
0.0072914456581717408
0.0058236629697728222
0.0034762421870621037
0.011510092862733657
0.0062390635752663185
0.010520877080094604
0.0078816135543651362
0.0088150862120556939
0.0056425929684909022
0.01060773824445755
0.0082902966225001807
0.0068470573757100891
0.0054800978823238335
0.0054772267697667651
0.0052295813379670299
0.010538585776548976
0.0095856540883326059
0.0072348217818220661
0.016005168408926483
0.0063526128218276108
0.013234787945130871
0.0054178197369597848
0.0095664386750132745
0.0012884344825201874
0.0024986364549650858
0.0081070356138478877
0.0090385387809195188
0.0068562286282394559
0.0052228819426712548
0.0042739626981951112
0.0073399953928699824
0.010680531775941448
0.006988762914167646
0.0041299760608141693
0.0022628978443630719
0.0025482007381921858
0.0095730387925419148
0.002777183526960038
0.0060813461882237678
0.0055642796016050419
0.0039724228245733391
0.011052999988498222
0.0049545733490190553
0.0080139325883988068
0.0047360134516098266
0.0036890180534371506
0.0083174662619842181
0.0053331334469752974
0.011058832587311627
0.011335817154578988
0.0059875535456413668
0.004022915285790977
0.0092395219197359477
0.0040662848358347025
0.011194292169132187
0.0092669100299996691
0.013832800993813416
0.0074890725576722134
0.0049067275957490547
0.0041835694462734269
0.014517701808685675
0.0044218488590226455
0.0072852201288551178
0.0094712193989572244
0.011644945606793012
0.011746598172153254
0.0023229514468738445
0.0074447169917745293
0.0044686713750816138
0.0089135800825380865
0.011859418933047467
0.0026471344903114908
0.0051428153247789609
0.010524798630344504
0.004707710533395958
0.0035464709957507305
0.019288409969999958
0.0051922264239169045
0.0018263013611544889
0.0089471827905811298
0.010197007143622873
0.010542671703073995
0.0080560234530340103
0.0080915525331239947
0.0096622388843033615
0.0042727731852207681
0.0052486204786835293
0.0097340975927308407
0.0033321423806748174
0.008584533714656558
0.0078590393862917364
0.012028287531540557
0.0087487427294107648
0.0017277447646742434
0.0058521278741053276
0.01076148578591553
0.012162576456953443
0.010230256272550866
0.0012885037346022947
0.0040071611709002466
0.013028454276770206
0.0086074653014085629
0.0047661112220030262
0.0036129831934902253
0.0094647510358779868
0.0061337463766823266
0.0041245384441249613
0.01053046871246608
0.0058816737764689408
0.0081559068968003919
0.0059776445441902422
0.0048605506785884874
0.0044883563212852551
0.0096629104353994164
0.0067713235746308378
0.0037110986118143482
