0.024423219316182198
0.028756450285090971
0.030131043822562157
0.0090168101074961093
0.03394943241126424
0.01006958265093622
0.024813179419168146
0.0095455487945283121
0.022376766468276726
0.014794662841949795
0.012848675363323623
0.0068928872038724366
0.011288903219407511
0.024858604058123235
0.013751305244003894
0.022679562612652596
0.016564611966044068
0.0040937511736117193
0.026890010100981868
0.015721056273003568
0.019370958906744822
0.027357480896610178
0.030390295768429092
0.017332545388290276
0.021381740004835073
0.017475433036338979
0.022308430679589351
0.0087938603321787122
0.031035402449560427
0.02941872078533023
0.028316075419473709
0.0059039235135440963
0.023682239455160341
0.016204861378737584
0.022293518185108465
0.027071794859245126
0.020103681394503036
0.023696502507466272
0.015244795471118998
0.0098857523036224391
0.0045829462403537604
0.01502458107727501
0.0079118984655925859
0.01963049863140472
0.016499336534664569
0.0088975615668135336
0.01387871603556118
0.017852215764651874
0.0088186687986666415
0.0039767244510996421
0.0030774767748183401
0.011920817061498052
0.023254550046165862
0.0078618475654811722
0.016391493785091481
0.016573435881997778
0.0094308062000558746
0.017891871720262579
0.019943890157319087
0.024169390293415079
0.014602085343703587
0.027524913605146736
0.024475468596768316
0.018947991055481825
0.027306485271732441
0.028361937943193364
0.0051178590640773604
0.0080103287359771062
0.0090072534668612803
0.010821480833176762
0.020313890285151435
0.011672231766248573
0.027959847744256781
0.011918015234933873
0.0042730651202783467
0.015649879887777236
0.023662043765835944
0.0083792479399363521
0.0064236563464730679
0.015628074865372679
0.010333450005410449
0.012676580752359739
0.013775103547666888
0.01413548237422157
0.017170678275675314
0.0071828998053582753
0.029277388477202133
0.019518632511524373
0.034172530767268554
0.019982088584836369
0.032315407768599314
0.010574573138782118
0.016293992512126137
0.013866986980405917
0.019502057863123146
0.012997216186693529
0.0049809649538162673
0.024403095366010697
0.027576292388886092
0.041823096114226598
0.021504734120792453
0.020435683091282578
0.02367699097985048
0.020380801130987964
0.019966622346756713
0.027962214772101281
0.025755498072339192
0.0050836449052273584
0.032401326658800481
0.0061891729685738545
0.015616705218747808
0.034997295858458816
0.033685297130076092
0.033811235878287174
0.017184498929006167
0.023426038128017627
0.0069292987919598531
0.017087201295630683
0.032961394140959312
0.041806695577020568
0.01061633570403216
0.017812575947765565
0.022942815043377293
0.038787933029126004
0.023769311911421287
0.017209551382758179
0.022051349467956657
0.013917365421343158
0.02188626474887129
0.028747186954213869
0.021697462368870556
0.011884105233941868
0.017788003951836703
0.020689761028296384
0.022037894314435136
0.02230081052582035
0.025336014054342472
0.018693557583728506
0.0057874221373005498
0.032675773950895923
0.015865070374151132
0.02271519687620218
0.01742663348074782
0.01199366190511009
0.029399997019172893
0.019330808708035278
0.013784149886094599
0.039480729473956838
0.02664162166527707
0.010501340847514072
0.028459275218762427
0.019343886816252463
0.0016553965390415128
0.038110750293068443
0.024988323371572242
0.015362544756362144
0.0055990483691502604
0.018769039915330871
0.025025652755976534
0.01184365749699268
0.015134390965077477
0.022131419048485108
0.013573424953577435
0.015900644421475131
0.013940076488924926
0.020348487388250944
0.041983369266728264
0.01271348450860183
0.037014166034665577
0.014956667271676704
0.0016960170542095749
0.0059501308318687576
0.032041035021206241
0.0016338875725257708
0.012922396685923676
0.015276973450765294
0.020419982897116253
0.018636551344521263
0.023664011315833209
0.042763786436803716
0.028168850329668916
0.016677328819491313
0.017125706214454538
0.020094456498241861
0.031421768530299182
0.031253936427148042
0.025844419379650825
0.027246693365912792
0.027640807102782557
0.011543049977641892
0.017396434771050937
0.0058799626278818098
0.022309747643545444
0.03320155217780265
0.011890551341631968
0.013208581464280902
0.0049220756774943754
0.015087721750930747
0.027688254534628035
0.016315633521401807
0.02409166928432099
0.033099285068624966
