0.020873225992494145
0.032800557172622188
0.024916279508480514
0.011737881866445017
0.028945861330647561
0.011756143364324716
0.016940943738252119
0.034037242706067658
0.025714491279130627
0.021836601580491759
0.010812046209298168
0.012049395751066359
0.0079237699281447128
0.017195383811360751
0.0084829030484361648
0.014626074690316288
0.025640826615192059
0.0080617672208043063
0.029090345014261759
0.0064994275318597762
0.012044457822372507
0.025301151464363784
0.0045921023178333012
0.02241481088521418
0.007436972407309634
0.025013981800061841
0.017930873586417651
0.016041251660988933
0.011402860817629002
0.015648083525814961
0.012245846582142689
0.028808607784938725
0.031031057652101367
0.032428877931956833
0.018073875237387401
0.017126749390285499
0.024061948927886528
0.017583799557529398
0.025331078924292864
0.016504721704290768
0.0045482079268904397
0.020220809910615301
0.016021770367509049
0.03528514963034788
0.020339067507316771
0.016410543455183373
0.022977241357782788
0.014080043940689499
0.01552540917125917
0.0057037386539338271
0.013077795122046407
0.016094254533801325
0.0075536645652957372
0.025088890112455315
0.013820811844688648
0.012351629883740283
0.017060245682995065
0.0289011872898528
0.0058310554864459564
0.0055418270115791231
0.012738385738719509
0.0055046839304725599
0.011785277920457589
0.017348271774590421
0.010251001688309414
0.03931110673395994
0.013744368875685772
0.0066166825765318531
0.010527480562529527
0.01320463829616089
0.025534023124466336
0.0052497246206297246
0.030753221606548153
0.019082376525646091
0.037637864939464721
0.017313729608462534
0.01404035359483225
0.013578064463452265
0.018878077665530787
0.015535046013491115
0.029130578419771552
0.013598490346069324
0.0035030523468784669
0.010039047981999215
0.035623582077718229
0.023862203113211921
0.027544296036585491
0.018097211444686394
0.044074308976043641
0.018572510223245377
0.010119269992121756
0.024842260840047564
0.03958867463142314
0.027296770007516444
0.015188005099518499
0.025578505329812509
0.016734001774516609
0.032483609516508985
0.010070498243757131
0.020313635988468862
0.031089226031319507
0.034504361075224012
0.015019500829998865
0.015640599245797551
0.017244498190480219
0.011506365889141628
0.031213373317906079
0.023258229187990077
0.011020271263732067
0.019456175761092206
0.010759329149049611
0.0054841132434359967
0.013316108323938371
0.010915250728983708
0.0062031257618361873
0.0298088872714714
0.0061888701739504382
0.013746881099596792
0.02516033584551786
0.0093123794645443049
0.025962196056592297
0.019335719397839898
0.011618004550085673
0.021307158249279586
0.029123910854433832
0.024797155069098648
0.018410251436157824
0.018222396147918731
0.02440000222317459
0.024937918301677159
0.0071837366441687934
0.016654260722796126
0.018874391966523969
0.023044606837792827
0.015605616868416897
0.014287663129613512
0.021757291122752605
0.03558817051053869
0.016267135308595956
0.025764551339691563
0.023748162704671963
0.0093422567737724612
0.030155786387359766
0.023236999617983218
0.0079331752644797599
0.031107249085032658
0.038337663816816206
0.01583932008472675
0.010498961943233005
0.018700904320079873
0.017467021263951027
0.017614747476702372
0.021354894295747884
0.032563929262042504
0.0079362136832314325
0.02403406021218164
0.015733194311701153
0.005303394090390893
0.0098599680427052458
0.013121979271756505
0.017939689064742616
0.0191463537074383
0.014490270351108472
0.018588379501704187
0.0044905290677967613
0.010179595179449413
0.020903016034445141
0.020508468344099862
0.031309481017222335
0.013200271734041936
0.010126792121559878
0.0079225841638956192
0.038494540290958744
0.011192449278421441
0.025768099359321624
0.02104560787483839
0.01283771610186275
0.013559009862485594
0.023663290610244171
0.013054584625182768
0.011292285162436758
0.034910003515332244
0.0038962878036884327
0.016425968089954203
0.018980398821691745
0.028446010299004336
0.024183832402615853
0.013429741241562371
0.020894616898182408
0.010225843772309102
0.015358987713434595
0.0091927000321610393
0.031967742760809444
0.0099628852558404993
0.012237700419641938
0.019270583412588908
0.023058760315784865
0.031956858209289632
0.027117054605713765
0.015137571930131388
0.014923672825568259
0.01661289576782558
