0.01200770129782106
0.03401329374344772
0.011672275388856459
0.010161653487940358
0.0051332649817636749
0.026635450627976214
0.03254202631716191
0.024106585132622951
0.016258661657830801
0.0035742227588721185
0.032982076075030835
0.032173190995806282
0.0077125152630526366
0.017983059018206911
0.0068803197796128025
0.011178313832447181
0.0065399489419970891
0.045733043778925016
0.032641720375438679
0.010229905977303656
0.011419134406969313
0.02413173235698397
0.022694912146571992
0.020293135256157183
0.01206976762220403
0.030881262784143333
0.010006895291617976
0.0069899533046193568
0.033292032894030682
0.017189988529742867
0.026030597233491579
0.020177661310646272
0.013272970374884372
0.025864939235414115
0.015986744192501141
0.0097923337617282155
0.017407237523752339
0.02841792686444641
0.00792547826523754
0.025015468090538527
0.0097597891924227926
0.021588111353497887
0.0080149007792659037
0.022050796150685607
0.00619166975085948
0.014704716838009719
0.0065581549679387813
0.016657274870852421
0.025844496106361466
0.014493494413016946
0.014329752747437847
0.029786098746253955
0.0027165711957278572
0.01638796428494026
0.018422761415516818
0.011804628212293691
0.015488851458425289
0.021829042118259253
0.010789861070385055
0.020626830793946675
0.018814964209289964
0.0031884773110126808
0.0067630043805791936
0.0059780495039138603
0.0069804137267726702
0.011630902228897106
0.0061092955636395524
0.021897041192614874
0.0085911084754625756
0.0068303703799709936
0.024819868521818313
0.0044769471536758179
0.023963212447950244
0.035332653664955777
0.026440189820457587
0.01011228849975913
0.0084761427170865003
0.024637853407138043
0.015866070687601104
0.014890063241579555
0.015903806097091848
0.0046120042151079985
0.018035656448210358
0.049048421502646225
0.017690057232920785
0.028677698777835985
0.0077276462606997174
0.015969775006279295
0.0090821611302303352
0.01395246086450226
0.026024155620200429
0.019843708001392128
0.030229986539568807
0.016014065194519561
0.024418481973406327
0.014415125678906239
0.034294209774095176
0.02271726964339443
0.030508790851688783
0.01415972045571574
0.015686335895827561
0.017626478903547804
0.036345156212454516
0.0056261278047145353
0.010815978518610093
0.0088485971668058848
0.012691617160065224
0.028463641860740407
0.030353434892040728
0.020841576916105834
0.023577009125571032
0.029151036087800113
0.016600980450046852
0.019500744518792253
0.033672301113851132
0.051856775104727457
0.02297083606557156
0.011885342060050567
0.016895310093303292
0.010708700292058192
0.0067677782091662784
0.013251195475098954
0.014473124200345945
0.016616467749920625
0.020634769743271573
0.021212115793614744
0.0060505540479909529
0.014907225813411012
0.009562820949121878
0.015179820190231078
0.020460863058110623
0.023981072237843903
0.034190776020639524
0.02794298555862619
0.010889855954229673
0.024708227240387536
0.033319823532394037
0.033665286002380994
0.030437855561986409
0.039095087165624716
0.023153672760525917
0.022170851023706722
0.032739956007744139
0.020829855784464477
0.014438136935436463
0.025659123670924346
0.027320357396705339
0.0073129316019140628
0.021499370562567677
0.0034202807768980727
0.0032798296423399557
0.017913893447289046
0.010183535321843854
0.011604740614261793
0.0061302784693981951
0.016449786665999704
0.034726828784546984
0.023062656142243957
0.033656338387570373
0.017318464429477678
0.021627139127842254
0.013758879809261444
0.020533909720919036
0.020268494771076763
0.034504928217863155
0.014640099296481583
0.020406166411768841
0.01938854511130951
0.034589144445322635
0.046628358561879267
0.013819208874243767
0.031023150352491331
0.017457341688914604
0.022127575853914679
0.011874959924440591
0.025194265817104017
0.0075751432310422508
0.011618838312928906
0.015572830335052667
0.021257246042262
0.010945623813707327
0.019178896047536812
0.025797153126035921
0.0069738697988966196
0.022021577098506377
0.018858263302586005
0.0080312898904236554
0.030550099436250359
0.004152114938367482
0.014933338738633846
0.025680113004933697
0.013836644443418561
0.015259355277440385
0.031707403998007665
0.01200496378916744
0.034717788923188712
0.0018056213591803362
0.035092122560125082
0.023058820455029262
0.0053703811686059821
0.02223702395685094
0.01680812496577359
