0.005791501178132181
0.004778116237241066
0.0057807906213760158
0.0056821893253681793
0.0027678734954164953
0.004605367557714804
0.0037085021861388316
0.0010917811265248334
0.0068941138848434063
0.0068701791390867167
0.0025145877543896454
0.0091234171584416955
0.0019425692488340748
0.0019642054590998082
0.0023191648616386197
0.0078792963648243071
0.0033716342807903364
0.0040094601455052349
0.011385150471049552
0.0098380034229406596
0.0025424036882275248
0.0034310959422804189
0.01118030753552083
0.0041627182475976457
0.013268474383369592
0.005959466592522865
0.0023814709472766088
0.0066988704749313078
0.0082205271887725254
0.0057994847160433146
0.0044091935075814418
0.0046038976062625385
0.0054605708038689511
0.0084015643154325484
0.0068108304096310014
0.0030060956480658227
0.0079884701612460574
0.010961592223011398
0.0057150934349452977
0.0030909646885348406
0.0056394500432928128
0.0065513833084581289
0.0011408740938517034
0.002294093158822506
0.00264230030987295
0.0050769240396633586
0.0034753669966311558
0.0055307373393958048
0.010575165145865918
0.0059649504362050444
0.0054270629404332736
0.0034225891864595225
0.0031436588235096929
0.0046897234409076574
0.0056989288481006399
0.0066323165676866564
0.0021642809131670166
0.004665250362501339
0.0076887839344062289
0.0055507012800102822
0.0023527878266214912
0.00063899507097582814
0.0073336934550765117
0.0030156974731103221
0.0054272852497659393
0.010701008932235426
0.0059354540999680995
0.001085069939987432
0.011589879543595335
0.0018980486234943697
0.0028680790548175922
0.003777462799693336
0.0056085438948894036
0.0027815584159384911
0.0055115088154446381
0.0079237469938035331
0.0027515916244521673
0.0049785159624313891
0.0021583961632809126
0.011596264850347079
0.0045580664784791031
0.0064108689962826251
0.0018822466800795877
0.002469163607895751
0.005543021798151364
0.0034170492380702429
0.0023359215941461536
0.0034178565757016269
0.0051449435130078019
0.0050625509558289402
0.0035125079643288878
0.0045673185052119711
0.0030920658279011541
0.011078019655620146
0.0063853117702345943
0.0040644328300518569
0.006708612257523886
0.0038300096604118698
0.0090433254136814984
0.0058205348907660213
0.0035458614271666362
0.0075184249877332417
0.0026521092777984788
0.010977519455317417
0.0076914722197853908
0.0029983747921257606
0.006969853008039659
0.00023897497124848711
0.0056347199656349625
0.0027380904767217587
0.005059034071732982
0.0039944125174974331
0.0050530668937005269
0.0042632988387008618
0.0023144483196828568
0.0081941427270285586
0.0020849897693571715
0.0064717299328322436
0.0056669152118343372
0.0078033549361378124
0.0081069384694514735
0.0014702432114118522
0.001185832259470076
0.0034985014884379691
0.0035373354319949151
0.0077453932661448654
0.0010379706599804375
0.0020537361531799375
0.011587148654681927
0.0037764441100137129
0.0056875225330278488
0.0027571743981554672
0.0012851514612642527
0.0075236432574765782
0.0042797663999648459
0.0079996041456803866
0.0013611738106741693
0.0049819060320990148
0.0039043288641704378
0.0076648123056104744
0.0036125318569833007
0.0049879148724188953
0.0067113102276319244
0.0037780184449123424
0.0025208295750570983
0.00090485768315219292
0.004494489188531286
0.0062848990017396718
0.0092520075452178999
0.0030812461482417081
0.0068735752931301545
0.0036252028716683414
0.0037629964106621972
0.0059489478039177895
0.005400505672244176
0.006892463420679628
0.0063861245700989108
0.0021424718903186742
0.0032402050865451633
0.0047780268296536161
0.0037289238108245458
0.0075074497018140689
0.0025223018819710776
0.0061139742391262495
0.0034696414999977362
0.0028055552394474887
0.0065046722509334342
0.010024754900384172
0.0068493723005406404
0.0049666136539596208
0.006282797427459825
0.0088435996215307944
0.0049150118036160734
0.0076920786302644645
0.0037861792928315444
0.0070808072382812582
0.0039278168068844054
0.0044736835664454062
0.005889466887523986
0.012656718611940041
0.0056348233139444457
0.016351834860494557
0.0047584537461379797
0.0048756631434440896
0.0013242295861633033
0.0060516514271081283
0.0037554967099887233
0.0043294263382227449
0.0059084436274942972
0.0075804233529751311
0.0034296875060801767
0.0054607593453667586
0.0014250417148742481
0.0038292261745495669
0.0047968492682414626
0.0045549138687551605
0.0063021252967800168
0.0080957551411629351
0.0025892698629664929
0.011079796312537159
0.0076709127902932772
0.0082196245624077888
