0.012192695413300418
0.0043357108140851383
0.0061405380094056456
0.0045735440792622102
0.0046307166809797795
0.0019394585145238838
0.0074968042406167749
0.0061821819794176062
0.0046171322198851998
0.0063260443298568357
0.006826327751609614
0.0016562885144629513
0.0013195640245970836
0.0084189480428423884
0.0091844681857773305
0.0068678452946382687
0.0079198050488799698
0.0073944575424942814
0.0016332196510492956
0.0067011979319358886
0.0091939599203934453
0.008356380702874153
0.0046586415254447023
0.0051016506300717432
0.0062744273515056813
0.0058104734038859438
0.0025243531162825643
0.0042105000737276141
0.0054480011994666299
0.0041258997565915851
0.006146045263641587
0.0054841950969634398
0.0046284823636066333
0.0072503179987671081
0.011113235635032125
0.0050910104313948278
0.0045316107631460031
0.0029167009413662123
0.0066988949009507666
0.005147904530622637
0.0034401707535158445
0.0062171768554745059
0.0085884273793809668
0.0044595409198128801
0.0077387233452798502
0.0067986905322094653
0.0016364485899662262
0.0065223696535004431
0.0077752133859953316
0.0040909769496248333
0.0050459619806283145
0.0024018505010964357
0.00073106012328258592
0.00217045456737563
0.00029969956437270743
0.0021176207326371399
0.0072924221214628821
0.0017772767939932073
0.0025120674311350602
0.0036974293982918521
0.0062020791317150678
0.0069883819046216355
0.0023706206557138347
0.0040749786488517414
0.0078200996289880514
0.0070858069340515627
0.0077232041010558659
0.0042815621758422748
0.003006966398730973
0.008159262135184633
0.0047243375815339784
0.0027437993833544566
0.0035926025223111343
0.002179244045360179
0.0088159319090014808
0.0046345971172844147
0.0039605539058958725
0.0033067100121033162
0.0050256342564476862
0.010209067110870449
0.0037838938410045841
0.002395662447794079
0.0075432406177306866
0.0026035344314560664
0.0071120658915992604
0.0046712977436151179
0.0018215985654902336
0.0057903386115412715
0.0049959116110560508
0.0073253562678056751
0.0026937237676829965
0.0066486079306860534
0.0050290394329029573
0.0029063006917805141
0.003365116952800539
0.0060060519178914791
0.006521625339801774
0.0032843371147811586
0.0043896234197604196
0.0015938614130706213
0.010900614677716323
0.014010970528640506
0.004239983193539615
0.007618587412457389
0.0067492788204665316
0.0040856955109809766
0.0036463203855140705
0.004514313786426952
0.0039653641025976386
0.0031221587655840856
0.0022050404454087027
0.0040558148953304882
0.0090266024443206045
0.0076510435516378055
0.0067411303668030971
0.0024782423223824244
0.0032135390208366185
0.0037960622835323627
0.0083537481096563494
0.0044253696643919271
0.0070694229844938941
0.0037604434501616506
0.0053028958610384707
0.00038131995800469903
0.0052441540745496555
0.0023388598681879382
0.0016387685928161858
0.0033390744282791401
0.0062667410866108194
0.010463892221945421
0.0045886434256790379
0.0034371783260947839
0.008769069837366604
0.0065196029890389109
0.0049277264274520619
0.0021117605200616134
0.008262453156826409
0.0016041042587710277
0.0035189137963938561
0.0068617840114509245
0.0081842953982272214
0.0062515222293061147
0.0010389811103472626
0.0042277092010679926
0.0075055419429717399
0.0033035871910725096
0.0030544884808616506
0.005819633050982982
0.0011111410385579233
0.0035879806268478936
0.010923527765453361
0.0041731968447703887
0.011203704882607303
0.001589356994735062
0.010387224997052023
0.0015236389452317645
0.0073466498560741562
0.00274503228450465
0.007659117099628519
0.0048930347210637106
0.0095056149657880666
0.0046488227929976983
0.0091893804613809096
0.0044660145186063297
0.0068437577257715486
0.0083361840134469761
0.0024849165633467731
0.016738374449503445
0.0029783652802258215
0.0019523063896673043
0.0030526353696150913
0.0068401290268696032
0.0094048963504270531
0.0045505132340478687
0.0055603146371876683
0.0031589856261430085
0.0038420458150683684
0.0061293148682805207
0.0044642793778073469
0.0035052015889140923
0.0038265161577346663
0.0044956098942928076
0.0013030497016861592
0.0032630495144206108
0.0099256352150240562
0.0014111838381395422
0.0087515201563085777
0.0020432207609514755
0.0056016404282720356
0.0082220314297413392
0.0060351775091505742
0.0075307473817595562
0.0038043809060202532
0.0045314147516139899
0.0087184204266699747
0.011373845847659532
0.0029995548987777078
0.0035714612942108022
0.0051364377337753857
0.0032701159180975204
0.0057893709758154617
0.0041273929077245124
