0.0039464563558526929
0.0030514689661396512
0.0056817955710839873
0.010114586273684549
0.014750381758625969
0.010172426634237529
0.0087917851378274264
0.0085962483541561652
0.0073827052049258921
0.0098957176121304401
0.012441332247919023
0.004544426074079639
0.0061710176832353745
0.0060572498211355456
0.0017397392325921666
0.0073612443547978121
0.004786960617331055
0.0087778662235983226
0.001458612559619554
0.0021482216898625968
0.0034675419162978993
0.0029780221522866246
0.0069442255723760364
0.0017559394072718547
0.0052682392987622416
0.0020130050981321157
0.0057384390563471532
0.0079752147386378605
0.0047293901502670002
0.0029870506478577364
0.0067187083168508219
0.0031224268009133922
0.0018567398287593986
0.0063588106464374282
0.0034535314311357076
0.0057972214628726464
0.0041377212864419453
0.0044091734909865853
0.0051510935572410136
0.0078543246233604546
0.011218174359503471
0.0042331148372190602
0.0031755310951965261
0.0038078267789216323
0.0024271841541073282
8.3914810644678293e-05
0.004336536813831793
0.0062150136307364771
0.0074421510771499767
0.0044115961837114274
0.0062446939928624962
0.0021962217200586763
0.0020133132889251022
0.0056776732914927052
0.0077151680704682542
0.0068326925573808754
0.0025109552539963813
0.0027856838631074234
0.0039991217485239906
0.005621069427785264
0.0033513804207493275
0.0094967099946769006
0.0024619829706811506
0.01643295782082374
0.00052930410072323604
0.005690545342490954
0.0090552012218005212
0.0052183017225746224
0.0086674476354733198
0.0090665395788380593
0.0056682821399834356
0.0074503551957784209
0.0020119266977954324
0.0059514339497399142
0.0043109803559520082
0.0057069438263567755
0.0024950783990199139
0.010727121864515098
0.0060018006897905197
0.0096183812477232799
0.005593618305728027
0.0067638968929360057
0.0020944743816542202
0.0042312538711521061
0.0042300846799191716
0.0022748832816331375
0.010843563253913318
0.0045376394289477536
0.0051564390727603555
0.0028875918363729771
0.0087903300575645545
0.0058201851638863154
0.002488396768992466
0.0078062925519738107
0.0056759816144198406
0.010911434302181453
0.002350415769801939
0.0064264336197406837
0.0045008840110347306
0.0048383893960547335
0.0021076966652670624
0.0037561211774743528
0.010594118229904829
0.0031727895979463514
0.0026416525268873623
0.0029939918293389726
0.0062374468595844668
0.0025121574468453234
0.0059802745737271368
0.00089867405456833826
0.0069150949292548468
0.0049865247277044531
0.0053310101998183144
0.0011004134524930796
0.0064061619075310283
0.0016856515991287057
0.0011257508545208488
0.0040615196165422317
0.0032781623533760214
0.0063294733886000362
0.0072833436990750672
0.0031578900012724019
0.0032283978306825163
0.0039458847889012041
0.0046337018300037008
0.0056648338948803358
0.0047655558371756572
0.001416496434183682
0.0067237730529500642
0.0032574042718113271
0.0073268314733541838
0.0045229850458434325
0.0079495019943787559
0.0054243440459641286
0.0060409888598612262
0.0030749737293275289
0.0023325222238163839
0.011424084974441097
0.0033322285100251957
0.0073226494062382371
0.00035409044567055032
0.0061133761864911014
0.0024575760727584299
0.0056118515265634683
0.0023687085203877101
0.0047599817651025117
0.0036667832634911758
0.00043186091727465527
0.0021863283843932576
0.0040960073413150999
0.0011359686233645167
0.00084826979669384666
0.009271291785443652
0.0036448704473394243
0.0021951327245917371
0.0012249437769901285
0.0026864318121258991
0.0018734632332401075
0.0029014294402805365
0.010477797195765807
0.00037373365837244598
0.012747047243869601
0.0024683561279222558
0.0034284186903811389
0.0026054289998521207
0.0060378621542564173
0.0053711854681872048
0.0043764691630543929
0.0091245232358768222
0.0059633533144394946
0.0025101482272198994
0.011343227710168239
0.0061336346849131902
0.0037803512440552139
0.0070143546851378757
0.0091506245071381869
0.0055564634104481011
0.0086883371159333488
0.007489455540198627
0.0037233808953343948
0.010078103684116071
0.001486910000961705
0.0054936329450824828
0.0081991527566479035
0.0035646635948389086
0.0084897896555177297
0.0065954191186674265
0.0041275091100841073
0.0044269126407977082
0.0024340016311079102
0.0072083238777758485
0.0059657779831939362
0.0012555746746640559
0.0079729340103167588
0.0024416493414555328
0.001303385440481134
0.0068976687885509685
0.0086110627711774631
0.0055160245801681588
0.0052249834659184478
0.0015078920315899952
0.0060981731141444709
