0.062004069722663126
0.021604021240407244
0.02972712514671793
0.10155948484261708
0.14565510297751749
0.12128214265756426
0.065381534551373993
0.10772441340189971
0.061559648255347404
0.045621325555549631
0.064551563156640082
0.042681621131538477
0.13715025900264111
0.16537639896308207
0.13819091149396964
0.15520798362160571
0.15294276353923886
0.24219081421862998
0.17954439364763408
0.046202568357693659
0.16236610853517816
0.1932850988615164
0.13255759347201979
0.035638892413888554
0.12199766526743168
0.15124202809567455
0.14751698201893121
0.14191250903395869
0.094962177503283646
0.094971671952429323
0.055316458023374371
0.087378965962847027
0.084680367328744358
0.037882509452125866
0.10286387268403969
0.033138598343441732
0.0095896909040299495
0.044533453493951311
0.11946822653712219
0.093122447133838243
0.07741082166465843
0.13865072088511321
0.25969966390772592
0.01520847565149913
0.10021089655624987
0.13492016840888918
0.096252364828206996
0.13514891196358833
0.074776414827529128
0.052594190388915461
0.099102950698150297
0.13205953326431344
0.04488795722575311
0.076275877831923466
0.115300932383177
0.1692188100727437
0.084818757549649751
0.072024730233186979
0.074136986025464618
0.080257810201009944
0.089081201122907558
0.10969151001502954
0.043880272780440203
0.083459761718821704
0.11829562808356212
0.035646103966967595
0.099000754969249621
0.19596960552041212
0.048487196195512006
0.1327461428600111
0.091941948956118347
0.039007403348434271
0.041816857469344625
0.063554331437321115
0.13825725524667767
0.045496849461316435
0.064985754048586142
0.14159935245830133
0.053745530510590341
0.051926477987099248
0.047948854230217663
0.15449877735029327
0.17063130769917861
0.076256746639990686
0.031413380814080745
0.065863640265549264
0.090244775678592334
0.05565608276892621
0.12481388710909548
0.14165522081933157
0.061675126484625073
0.1673283010355465
0.11082142472986238
0.17155285591037481
0.13805367177079797
0.1895262074333475
0.19734104137674527
0.12458656948813422
0.16880108997605389
0.055204463949889475
0.17926378467665904
0.066003373096031812
0.057704223761005542
0.080220388999348274
0.044188087575418582
0.10061723296933477
0.15049594951277934
0.08574084741976018
0.03764183369971906
0.13957765341895237
0.06144982221363262
0.06789283405776729
0.15908107546496911
0.13589660745910279
0.10899181604285203
0.094965169839294414
0.11432220783665785
0.052353620657410935
0.14834502737066599
0.092419435510862263
0.18962057507154609
0.066366130475662616
0.10788132460181471
0.054495988327678851
0.14512003875464544
0.21680241517589824
0.12081629141456501
0.048752186050222954
0.092997721824006674
0.040275801912312767
0.066917317374455776
0.088384522816868691
0.089347335771783096
0.11017531223170704
0.09043018888547262
0.065757933100241986
0.016499127773040401
0.17421448613726304
0.045450349219852949
0.044120556058843394
0.024862234885747556
0.024674189149123334
0.061827096686190144
0.1572842700496124
0.13194658104534404
0.071610159258220341
0.089662129701445936
0.066007489806406264
0.1419750494129034
0.097334707430102779
0.053240486877218558
0.041388323303540309
0.09434570756676243
0.038951948229799659
0.026275566259416582
0.16578569518300929
0.088723133461902429
0.14331395864374924
0.15399668786329868
0.16782063393453683
0.14113881417603633
0.17106056407827006
0.039395454073318237
0.091987588238187284
0.037575963942757314
0.096054510188063824
0.10041264577613478
0.15058059838268881
0.19370104552668643
0.094439157296557802
0.14819578545158457
0.17600421217972417
0.09902484346223335
0.1214614386389639
0.10698409849949367
0.034097143295205343
0.10055014503951032
0.12956638380414512
0.14189407383881913
0.058583068585294419
0.037992796610832193
0.16833370473318252
0.16519873064565602
0.085478777856919
0.075540537534830463
0.084376887019629185
0.12789597364196004
0.027822413795178073
0.012743620060549242
0.078391597552058684
0.090368410973168223
0.113803026626355
0.1641573744090617
0.10545126455912975
0.16767900527051449
0.14163307409122441
0.036257015249051408
0.1303351376075518
0.10959798910872204
0.13222109953077674
0.03866579529899699
0.050156803936612912
