0.026171945771322733
0.014435388802475246
0.013429798863182517
0.027859807377093773
0.007084597261303731
0.0049524651771432884
0.013430695661806925
0.010169192958552937
0.016963732968599547
0.03957614188698455
0.0059109900176100658
0.0048587397833036554
0.033828665157015693
0.014196543836900598
0.015171367614040178
0.010310669826370536
0.01016246891217535
0.0096136067714717721
0.016894098137796135
0.011223181920513341
0.029601533011310101
0.012257309085938877
0.016908350224993457
0.01663140476816612
0.031266093598440577
0.02808691200892368
0.012753620603117044
0.0055660729583299944
0.02735031532613719
0.0053666762090615796
0.010705304978475555
0.01645842437573725
0.010172305936814346
0.026526090413838129
0.010292160281460698
0.02094209615149167
0.011143086539583265
0.019711467050765204
0.0068354291290340713
0.0041674068144281571
0.039886388924272771
0.0095287796466428359
0.003460105023428407
0.0079067816596420128
0.011127137762857632
0.016564993538374841
0.016604853305949567
0.026100243196955437
0.015344574194913725
0.033124912720485032
0.017631665752096948
0.034652569884984295
0.013431194215802991
0.016265640681806061
0.03349056023248189
0.015131470262282856
0.0308935289932037
0.014204646992983492
0.010926281630406806
0.0075909844969298387
0.018451670114626673
0.026737452038385241
0.026199136019775589
0.017107236734239244
0.0014905941573185259
0.025765384939205629
0.02249990048490064
0.011970284680654633
0.010474023558510044
0.0073681785338359541
0.020073099626473492
0.016653706735693965
0.028568238233485803
0.026228894348895672
0.024682424167704959
0.0007980469927164344
0.020094749450910689
0.0071361664296323499
0.022993345114819312
0.015256936380602274
0.019429861303690912
0.013339337692355242
0.018063525937346118
0.014521929274289941
0.026915219155106623
0.017024264814417111
0.014064974520144677
0.0039782583519743968
0.0047784809599614288
0.023189143951328154
0.022769525342524907
0.013103666081880155
0.012982316905972466
0.0091520694455433996
0.010431384972593896
0.01595067650627419
0.03860344168020647
0.0083011866151266739
0.00932582047635774
0.016869593294648062
0.015478936657311293
0.012930040880940848
0.019998860454855872
0.018755948679156559
0.0083974535419672272
0.01016397076566229
0.0072467857607598461
0.015316643234998076
0.0048327705013026913
0.031703204286461346
0.02023399565372282
0.015828378289188493
0.0072182754468048645
0.010927246564649275
0.03313508124424619
0.003182135661394362
0.029759184607867684
0.01549412597713061
0.030265912019994057
0.012200165159294724
0.01862842157319675
0.016873846409230883
0.0044129649118734883
0.021297295494870819
0.027906071583136075
0.0089235403070575189
0.0034075136681776764
0.021353205546800282
0.015585941952748332
0.0066022545194861174
0.03554895410299222
0.023985584423255397
0.010319942637516864
0.01628112178220378
0.016657372638963525
0.018460172523733682
0.0096347262403961662
0.012757651165829699
0.011640686564447536
0.006018228328325141
0.032069951610111308
0.033119673975077542
0.024364112840171852
0.020142434414443147
0.0092123691084950842
0.0070040468934540849
0.014815068356423067
0.01777878313880242
0.0088789987058377293
0.0016611055830446828
0.023724618594160432
0.010975348608903363
0.011428097981581432
0.0072441690353463491
0.0086209673330293127
0.017510887766624319
0.0074860011796212787
0.0050911894237000103
0.018755779231679391
0.021916802221638779
0.0031137161194206295
0.0098673670528299177
0.021436817794909007
0.0089085040504927691
0.014519556241737265
0.02392827481449562
0.024554145494429431
0.025411211640594813
0.029930682067386551
0.016342246707558836
0.021394682922010553
0.011829065896381587
0.030205088987598164
0.018463697342161474
0.004551744337988153
0.012709754779773673
0.014587946263090712
0.02628588649138416
0.0066083845842457977
0.02249698264645543
0.013271729526945707
0.002152094237916798
0.014512304121276107
0.019074799900139956
0.016595847114797169
0.022557459815464684
0.013292733504033316
0.030889590218382074
0.02602120432780956
0.00215051874738926
0.010593034467590906
0.019881090501423036
0.012885669005571043
0.018506917884217877
0.013574670234087077
0.0075466797345749475
0.014920228526661295
0.013055841806390613
0.011751728788920677
0.0041885893164151193
0.043880876324206661
0.019020423779898297
