0.0049977110508052248
0.018300480532642365
0.0085153483437229952
0.0052131475242230838
0.01310294176214619
0.0083045240622033455
0.023170436880967097
0.01490179200293411
0.0052713690870252339
0.017698620634173014
0.013404838829932455
0.016208861383592607
0.01023988478856057
0.0068906095074885206
0.016581694544327914
0.0083616804702492404
0.011601585524285798
0.00497553869555456
0.0081129920759763271
0.022019949742475776
0.0098843133038191613
0.0030666853409332295
0.019410443709804309
0.0049988533498327289
0.0098007165305839736
0.016233164829703418
0.014191526992304042
0.011925557092514015
0.00962487495250605
0.012344674113299595
0.0056976614066286237
0.0065484475120775182
0.010332902223009682
0.0045207380118753599
0.0032152109726116341
0.00015947989334668888
0.0075642707044716595
0.011599868710614334
0.038084335679902361
0.007318010345719354
0.0082506910395613326
0.019822538809958518
0.0084209526270102621
0.012030655488359182
0.0064136072028536818
0.0077673412931295828
0.0097079891043810509
0.021885963693581836
0.010977336249318223
0.0086267501238152088
0.0094918386249768175
0.016270363129948586
0.0094982428848483964
0.023356595914827055
0.0057729402217694698
0.013968825534838889
0.029699709456727657
0.009533781652604276
0.0037733979488364646
0.019293312894738002
0.016709620440888848
0.0068506952973941531
0.0057596144579428379
0.011209175837739414
0.020894489758041385
0.021665107959912441
0.0089151626819460351
0.0051793148735315101
0.025786133940323457
0.0083729135368579063
0.014293791754448776
0.0041978063144713917
0.021003078104218583
0.011217831768726941
0.015527037282894604
0.011789430216938996
0.0032003358221744638
0.018796192949336557
0.015284997214862086
0.010449713688398924
0.0097916350081973767
0.0078656236504545726
0.021329217417130002
0.0100749028931098
0.018472636434322082
0.0070209445384810214
0.0067374655599066668
0.0078475176269358123
0.0080791655643275197
0.0032962550111048663
0.0079747784558497955
0.024113232307740318
0.015186818652129296
0.02035922162657049
0.016122092205257246
0.0026468426165823836
0.014349024734615745
0.0072240239206820701
0.015563014117914171
0.010465990639590776
0.025032295981030208
0.012022957483359435
0.030465503713318163
0.0030918790200406801
0.0042334189531152673
0.0060682757412570277
0.0085895246188268052
0.0041137710398884515
0.013385694660404207
0.012225562309458845
0.011688506804492039
0.021186581602715925
0.019059558899802882
0.0038005593148912197
0.0099343211930979954
0.01626702663539701
0.021993749401069178
0.01291087666690427
0.01417853915884372
0.012198901430362662
0.0046282455459735628
0.010916924201349648
0.025335289183937092
0.017109921363717133
0.018599168060962751
0.010573722129504137
0.014307268777548393
0.0079233966574182128
0.019952594738332524
0.0065545294279141754
0.011601306011055117
0.0054476948986819798
0.0070455175445552614
0.006812015826370801
0.0075376744636368393
0.0097760937252002189
0.016102810454265502
0.0089179303989793419
0.0050751724042061679
0.0074781333929732794
0.013533663732373606
0.019472539436703028
0.01601924441843857
0.0088606211384579595
0.00843658926944422
0.018525439981094641
0.0083429306684114045
0.012154937328982714
0.011500194854357779
0.016283254850110302
0.0095986752671041783
0.016341977632543803
0.0067657924153115877
0.028093249049804231
0.0015169378457667981
0.010938936315049195
0.0085230408454921511
0.01111094333133178
0.0074171990565003194
0.010418841686445961
0.01525876873465133
0.017733165039633774
0.010104785046042173
0.0048497851129987602
0.013488447392506802
0.01595599510066957
0.0084591041125773661
0.017717661144763371
0.0071072190694188367
0.014852240987198673
0.018247302239856444
0.010317858711821136
0.02754555011425474
0.0071385376135756689
0.008468597617956734
0.020578913479535079
0.010952983315391657
0.011570698569733494
0.014498862681964146
0.0044501062882818052
0.013730941751570429
0.019160304791493457
0.010687395859537844
0.0065125392513417195
0.016053001688083303
0.0087400507005292258
0.019022022526834943
0.0073070390235839278
0.013084813357767348
0.0070036160970285049
0.0043762603881374396
0.011193969477250482
0.012225071659000306
0.012911087670172005
0.014727547501075531
0.018263064654875778
0.017061483385602167
0.010365132909391827
0.012912225619999268
0.011756397281167081
0.0093089735855473223
0.01216042954971417
