0.0032371775875055845
0.010781499864540179
0.018155561910630631
0.0076048346607668817
0.011220005938117736
0.0083912028653044882
0.010952135830470314
0.018023146047839601
0.0045729131436558863
0.013755586460352229
0.0047894128788026451
0.011926805203467903
0.024611360976523371
0.015795741508452261
0.01221529554551719
0.0020952764889245203
0.0050676931506386212
0.017190603164719539
0.0059335157553992296
0.010193920709161464
0.0059366577910551265
0.011744461540708906
0.011721115991116816
0.023969709123253875
0.014179448305421064
0.0089926975726490003
0.020007984543886137
0.034223850111629962
0.021335391667174419
0.02022754006599306
0.0057406378377599099
0.02585105537499726
0.013544129414691164
0.0030954132420890294
0.0071473773110983588
0.016082960440400376
0.0010107692236766377
0.00578900146207929
0.0048789306364680207
0.019502112456779273
0.0038194542963072798
0.020724934627783818
0.015753724077947544
0.0027225063692115957
0.010397749940800964
0.00571886407413239
0.013468288279928506
0.010672547073453715
0.007315826794695013
0.0094909566100409241
0.011207206333841683
0.0063488000521261809
0.014395311835822464
0.0051977507179299708
0.0062999952734761142
0.0075410190885693042
0.013867717948924165
0.0052249800459847383
0.013861047467042843
0.02076609010967756
0.010905279932938548
0.01468725922381469
0.023252782302358731
0.019578885897400842
0.0045289752512825687
0.012266080376138605
0.001008144328015154
0.0069985999690110262
0.0044709431902839099
0.0046416978044002384
0.012948550373929113
0.012086523942522104
0.0050999022065234536
0.0084256374789131762
0.01676648703210681
0.012885241076645251
0.0034705108264223745
0.0098552005209495037
0.0045621584003847932
0.010067161043469212
0.012266749218142902
0.017052429199603997
0.0054281652941063595
0.0051484562820539384
0.0049670711661369193
0.014539727976283256
0.0036273692927891875
0.0062414817582200988
0.0051166266165859169
0.0026376486384445956
0.015887376975357737
0.013471086249030206
0.014252952099826752
0.0078010153520885585
0.0091685330714284634
0.0098063786218839481
0.013714424792619586
0.014510715420810125
0.0077463012547462073
0.025086241324971312
0.012910275968966311
0.0022005853667035492
0.0012575766475782415
0.0098827108477148908
0.011326010601059771
0.011644327457581915
0.018659904247187688
0.0048750504380896701
0.023116583857840378
0.014752912227755629
0.024304581652208296
0.0079008391706954246
0.018705048087830984
0.0037508723970714427
0.0080752504742597504
0.024387756012407009
0.011143624837655937
0.013617768009989649
0.0075293466309291762
0.017003663356890346
0.0085575432337895892
0.0044386229990826939
0.011213944667912078
0.0099926293021516104
0.014586636059591885
0.012824427618494299
0.0076143751347401336
0.023385778053357797
0.0072092567294102725
0.011930066889680549
0.018324848378558471
0.020333546615314446
0.010266816310102924
0.035351282985951041
0.018545674292656092
0.0061698221182543049
0.002564410934586891
0.0088518374893888779
0.0201117282534405
0.0038560532347057465
0.0045407008563166139
0.0037215436523081358
0.015371490336969423
0.0094578404486698586
0.016621853726084272
0.015797391856627062
0.00082794612705364579
0.016816722744258897
0.024313961029358979
0.002953186774854072
0.017320721040537293
0.014003837525327724
0.0039870805706838965
0.0053973612862499012
0.0046388173240765034
0.0070724641097788896
0.0025251720286312168
0.0078313006286903179
0.0055509422612309949
0.011088927725926099
0.0094598844835923207
0.0036125234883469994
0.0099145486080930694
0.0052997144820720547
0.021516421881732205
0.01012672030356487
0.0083411473195668193
0.0070799884647591441
0.0079163683411635349
0.01641620008155309
0.0062732702910790698
0.016037598938584936
0.010799020475684542
0.014208240253830195
0.0069245255542233009
0.012168914895291436
0.0020697655455261896
0.014012153699566106
0.011970283536753079
0.010445160525892694
0.0089962320042200963
0.013790148786292169
0.013330880373204226
0.0040620148696381862
0.0084642183630949386
0.011626441941678866
0.0052958343856030089
0.018491796440788497
0.0042774794489682036
0.013179398260894207
0.009933555111038531
0.006771406202675123
0.015062802995404646
0.01323966363555275
0.016032494443466477
0.016746698995825173
0.0047176579525801112
0.0059869434429624989
0.019230576486037609
0.014846390164128809
0.018712634800915402
0.0099100854149447859
