0.0059455508819256913
0.0036595702840150728
0.0040535480053984401
0.0063884303021198019
0.029599221863121573
0.024302368618095184
0.015944555825781533
0.0087542828867136144
0.011329449092408897
0.012983474929942403
0.012318952947403553
0.0085941091167572592
0.018684052947942627
0.0082730762152381631
0.010253950392168166
0.0084353092780409724
0.0031428293357743616
0.011781823347771432
0.0042082058389867338
0.014472521700155137
0.0050886026007066253
0.0085579250698644711
0.0094433019145185107
0.0037317577365320294
0.01453584529816293
0.021414324026284185
0.0021443335957044033
0.014120361836628955
0.0011256208400995348
0.022317258563544769
0.017666229024772967
0.01291376003932369
0.0062929738997298448
0.015291712374102606
0.014793995538660764
0.0057125578006838248
0.005329723526503162
0.012428519885500953
0.0061074616308980818
0.012202293628928752
0.0052250230580289866
0.01013386946244204
0.0057076726220361418
0.011590865549544404
0.0036185691813132503
0.0046755199237104826
0.0061230412576394307
0.014727005332902667
0.005312916267311488
0.0082454789943960036
0.015628100611672444
0.0076258385724234934
0.0096798918427467226
0.014681678760076554
0.010642032706397965
0.0034508623320452362
0.0087127051153832128
0.002555586689783707
0.0080764712019646603
0.029467670418450161
0.013547950656193856
0.018020624799163831
0.0062583710851798714
0.015122773075156885
0.014534473450529838
0.014162933956534927
0.011870337713626042
0.0068932380345996819
0.012745042231419002
0.017640071052752684
0.016493537331158409
0.011198261171382085
0.0071354986567332855
0.020926441424048356
0.0048124995954876779
0.014145771694278589
0.016060753310140886
0.009476871307720118
0.010607915562908035
0.0039791955918623348
0.018501117045048174
0.016794316426561443
0.0037088258539730795
0.014406054003310468
0.005657510464801405
0.0080408268690926633
0.01706617086369068
0.019060229302586593
0.0087921270534545327
0.019334148117197841
0.0077546701960399742
0.0041771298830686632
0.010468733139436371
0.0079012261438490914
0.022815967566709044
0.011938537136137331
0.0078994731484010317
0.018389048472538357
0.012409145807433524
0.008034782496032818
0.018016946008699058
0.012438071774962983
0.0041434108102415164
0.018511952812120508
0.0027985225240450442
0.011044452483554358
0.01187759001324064
0.0038906650252859155
0.01487353999240435
0.0026720734136183146
0.016095309788765496
0.0045552461945107649
0.0061940035833990721
0.011827323084566039
0.019218040257108247
0.01437737795844457
0.0086467695611081828
0.0051487186075902958
0.015161030159573289
0.012475813055660513
0.01363451419563607
0.01735208624177155
0.012332399740674797
0.019080776126653556
0.0098815548404155365
0.016178439350908097
0.012998553546704632
0.0118362125305929
0.022534693663849588
0.0070647725913783781
0.024572110230802541
0.012307437044817522
0.0049801083244517732
0.010846845958631824
0.0140551030187659
0.0080770162338548272
0.019717018474772328
0.0015218218702317177
0.0069309919140845468
0.010579202163565725
0.010688713356290623
0.011471714924463411
0.014360760332203414
0.02104925460245546
0.0023231800607048801
0.015379123433611298
0.0077408448286511436
0.012062072248333278
0.0019426631571280071
0.03222864116184708
0.011196772207142084
0.0080984017612393492
0.010983347903621109
0.013889352431995551
0.016405380323458923
0.006133339538310625
0.0094163021619982478
0.010111673807705042
0.0057714507070318393
0.0048670805074051224
0.0082691233216450021
0.014318140159036059
0.0090414804638999213
0.0038446846028367693
0.0052880009203526883
0.0010102556060357609
0.0011286279490463661
0.021630748261506159
0.0077150309448728973
0.013236018503329868
0.0080175190973191673
0.012567527784358283
0.012967179330340872
0.023468380106752593
0.021591612625293372
0.010555677274476176
0.008133592141890942
0.01027780162203229
0.015798541802477771
0.0091484727008828183
0.012074417699768173
0.020562408983361053
0.0068713375916157511
0.0038258978501799733
0.0032115133190242151
0.010516650736171964
0.0018935063983209076
0.0043084307475978372
0.0064746260460356283
0.010150906015710049
0.020162734250964084
0.018881591023227739
0.012732644306693425
0.021965418823802752
0.012667348881877843
0.026648657243559089
0.0082951236112887589
0.012182906435321904
0.014038108879336136
0.015781574367009811
0.0068938111163306549
0.0038174988229842236
