0.12105034222741391
0.10393680513563877
0.19283598785919837
0.17683451750398699
0.24318736015061101
0.19923674729225174
0.12259152651226543
0.046446166054099729
0.099234991297544345
0.11562652546849592
0.17189321873514862
0.14559482875056498
0.12435866185649745
0.069337693433011091
0.08516416017086105
0.18798154800952349
0.15541226664040592
0.10722126200827355
0.14256073928261834
0.11379245800535738
0.17763107387624461
0.21843522847002475
0.10343178597965072
0.076970403245684979
0.10873626751021187
0.10380228509385775
0.11504828794044561
0.20770337977921144
0.24085960681408969
0.23916869592714174
0.19343018292860836
0.13643597214311629
0.14771841754314199
0.11020200021998681
0.12888761444351821
0.084120506292348837
0.070293164918880269
0.17537117102625419
0.11242675941905624
0.080988904862800776
0.060840276933928759
0.037729669518523481
0.084255834012794198
0.098226186241821722
0.17487353234005459
0.092160811630933412
0.077745364775549053
0.041884713701772332
0.033198187210847975
0.053342205572846968
0.0085525968033030933
0.15237581067431893
0.13129832821051876
0.1861472362829035
0.14130759651955607
0.10308757254543414
0.11587312043868189
0.13969140507803987
0.16935297457733126
0.16216395098039985
0.15665922531275955
0.22284484137463687
0.14730786949077382
0.17701150961294321
0.12538785103233924
0.050470015714392649
0.11418409666895453
0.10835209609929809
0.072286006081828807
0.096505703560642211
0.011831605005915713
0.10889151395092329
0.115143138147694
0.10665862896589381
0.084780034431258075
0.058701928645240174
0.085799444873415939
0.11268100916608223
0.16661103720111894
0.05317492640916003
0.021953039337705788
0.13102807063793379
0.12189887299797939
0.19491105212923399
0.18899985135480982
0.1794483562192771
0.14436301189818349
0.16788993246473685
0.24137865949331436
0.096674659693208972
0.019806128708013064
0.04901681394256991
0.081730180745177627
0.063708970842317969
0.18098789481496999
0.08454414708720534
0.059762157641262345
0.11438450533302148
0.064085395746574042
0.097215447162654817
0.13412011641663077
0.12804812052227674
0.10920237737473351
0.19293268805285832
0.18794713352885767
0.23972370036331345
0.17776472828339623
0.17117418245000651
0.16494740654751983
0.19725080871574768
0.16815014497940423
0.14165056418725913
0.13144325279780278
0.17198052549463738
0.19916578203403287
0.27005158292759007
0.089752840416170793
0.023331873066983241
0.042775242697179791
0.045236041483804827
0.13344895417195479
0.20094237333661374
0.25568624010525814
0.17372380646390073
0.05279910976115474
0.061017052806568418
0.16547509314545056
0.11023169981516953
0.12083407606675019
0.10192301114841158
0.020022742680404902
0.07370955712869226
0.061583260619321782
0.056466132790255759
0.052625257519050318
0.13142985019732625
0.20744811671706209
0.23969883028924235
0.15442681867441468
0.20042646288840091
0.12899949867638871
0.062688605465377092
0.11793495239847603
0.1566053799322272
0.16363461224432294
0.19028529588015133
0.13523973254541766
0.056336500850695942
0.17402129176832548
0.17523791694741617
0.089355250395643945
0.10628697645505732
0.061790636731029892
0.20141748147587457
0.17766280261477049
0.096568764056622847
0.051101352139402041
0.056396047952118354
0.099563061188425131
0.12946178068440947
0.13318622860537987
0.12487860616122649
0.13497360340414968
0.029067896077572909
0.057213357190092892
0.02897065448978384
0.057338011513504435
0.16673722332463958
0.038757478667371635
0.088025372140414518
0.055064213094111719
0.045977266658742792
0.15753161746751654
0.22249474519173396
0.034825506988533581
0.064056547998721902
0.13685996938197501
0.12778767146284631
0.1553016148219597
0.047681473134120363
0.19375904126560289
0.14978931606066645
0.043819813936137174
0.038351470618551771
0.046866095063566315
0.093140272433931068
0.071165087216910283
0.14967051445806018
0.12221842106016634
0.11422987872706679
0.099664531816215041
0.052709408029435342
0.028806265331108714
0.13291565976881012
0.056844424094260201
0.18894111094556801
0.044159245655657813
0.068575658787442678
0.063164963576185992
0.070972753135090216
0.053005813594805204
0.089715485050441468
