0.046530502345694912
0.034459536836168723
0.057591620932520723
0.080246146059583315
0.063974338161483596
0.017894465695714616
0.22197383268378679
0.23690533330909419
0.12577603434976786
0.068996909939228843
0.15479088387716547
0.1296408115754604
0.17099433439203687
0.18579956423319438
0.17383266591152352
0.046469088398922109
0.051372086275113971
0.10177163364141477
0.12642333484619792
0.15841220045073443
0.1500533612559086
0.13418175733288146
0.11565995355497639
0.076599284150824343
0.064001052810814599
0.068493225221256018
0.096897169152109941
0.038591980283605533
0.052862223575081517
0.080664229805603282
0.14901045606934232
0.23790168140873702
0.20418640131709218
0.15959951395745153
0.12425572862898308
0.14611413257022596
0.16740678283546126
0.21952427401424901
0.21800135015641564
0.22997555455232374
0.099354871094254421
0.1282206181694962
0.044880193849405461
0.16154250258615094
0.17706835827055417
0.13632591300402308
0.21293348588218253
0.061897622223984386
0.009363062434761078
0.084847827922477942
0.073024122637346423
0.091525855948866683
0.12149446791203225
0.13034602191661887
0.22090405203186683
0.099719813915518263
0.049743966329021998
0.030664772287229414
0.032171532898729829
0.050158805770697881
0.023510103577678354
0.071397268525714666
0.11691944858964534
0.10770436604059992
0.1112169919967529
0.15644802708073507
0.17401614648302621
0.19288723775483574
0.080131000640361563
0.030831863072328089
0.0037035695126234024
0.12618244598419132
0.24689024145890889
0.12837137354546907
0.20829822906873904
0.23033806364955753
0.21308137539889718
0.29750721398012969
0.20043627778762188
0.23679136140850349
0.16939995675498146
0.22991214429940676
0.26237162041757683
0.26691741510776568
0.24256495736029435
0.23951608073659528
0.20544208903774075
0.070950438170719998
0.097691747490987371
0.1361741628424252
0.08445193452463122
0.02954160491895353
0.036795691527529206
0.11809759923771096
0.073881702076500633
0.027453469365736356
0.11074790797724818
0.16070598365979716
0.21219316743755962
0.13422058795836597
0.11564273606711641
0.18361016351445228
0.1523558455033393
0.15411921040928941
0.14691865280600672
0.12299644140435977
0.08285156200952376
0.048542167826457247
0.10269698128624601
0.12045783113017547
0.027297879982613554
0.070854276760378421
0.083299853001445823
0.07076973434533837
0.097757747043507995
0.07917470691368883
0.22007737746389158
0.18794753575814266
0.14553481868531903
0.1748078218462332
0.19172628826939186
0.20471530720441511
0.066064869385308617
0.14880852803563416
0.18951665487412075
0.17569165011580884
0.15196037465250614
0.19215889224957652
0.2058809133148099
0.21847419560391643
0.21915934354934638
0.19281490285175196
0.25175093930235032
0.0926312674742579
0.15811781845776757
0.14841631848352474
0.085490111102314179
0.088380596152900268
0.0086059225177143733
0.1435021198815111
0.12580133670526636
0.080883828922318338
0.12747143308949652
0.079018390069355404
0.098102684616097044
0.049112018910916343
0.0098273909209631166
0.16312897621235964
0.12448938668043553
0.091203932251614203
0.15840312287336955
0.08568019932255018
0.039305588510294538
0.088658607816176752
0.099328832026424688
0.15418828906881718
0.061077824182640211
0.056535941392818041
0.12065395169226499
0.19831305772037475
0.21084758200903403
0.083855034886748142
0.04344372539932833
0.042169946757937879
0.020568723299393434
0.11229460434484345
0.086291049495270417
0.17894985489954374
0.13679870359310134
0.079728657339541584
0.14616370673714932
0.13186232354306082
0.11593213417402966
0.12067650932169356
0.073875914969998152
0.092398321083097104
0.047124639903623901
0.049383183070359916
0.10345202231307504
0.091085999698372555
0.098522785810610497
0.20126767658360292
0.17642520762040556
0.20614583343884887
0.21553308756077991
0.22622388521454365
0.1890486468932305
0.08266782197018252
0.13473737058404681
0.080850720524812777
0.16650229196536534
0.15034711635022177
0.12113587108465165
0.098918442187867481
0.020413581337754668
0.11908794290259918
0.068865477705795847
0.15130284995119797
0.12842590996268052
0.1093384613486641
0.18458863544917725
0.098445436314850296
