0.71223685067390186
0.68099766410260099
0.71757682718229743
0.70517470380556768
0.71438176811393017
0.74364869319001348
0.71953810041040123
0.71543639555040162
0.73107229695924292
0.72528986458954026
0.70344665612136803
0.71391229910489529
0.71008448996930795
0.68323487076370992
0.66279161472038428
0.71585749788055497
0.71518347523345183
0.63610975547855286
0.71592865627787106
0.70571458789520791
0.70196021479841608
0.73708353329752119
0.71874146487417634
0.71051286399535296
0.69874441149522359
0.70807405361988884
0.7315743979574747
0.70271975036540357
0.69181104283143424
0.64417117748474939
0.72553010710371124
0.68891232082372988
0.72380297926843384
0.72779438641177596
0.69561872347600906
0.71102456516507917
0.70505942237827968
0.69718362360564545
0.67956571037986102
0.69746892069375865
0.67540796455936059
0.68523625223738516
0.67959642614489957
0.70522866343020174
0.72284115047149866
0.70824407688358915
0.68465606301000126
0.70499938636749493
0.6993632533376638
0.70242129045346591
0.69802088820692987
0.68088852139355771
0.68734076359528129
0.65671590501174149
0.70009448158638055
0.68655553158584026
0.70945851877448296
0.7107878104716685
0.69948752422042559
0.7337840475947881
0.68984030132289331
0.71377952185447546
0.70695409772839135
0.70174075853875872
0.70417653443920214
0.69927495232007464
0.73194142965937614
0.67779395701106659
0.6886918949462062
0.70890629200521771
0.69084317787577876
0.67989297060263387
0.72845631555020784
0.72609467368332137
0.70486097397817782
0.72100520741731022
0.67163376241639472
0.69084861057860969
0.70378761502332565
0.72862111238237481
0.69378748042989757
0.71962912049322958
0.72650408963644209
0.71180929799113846
0.71297737175267628
0.71344775328658694
0.71854784567028906
0.7211570423752518
0.7212360613967681
0.73074534885446607
0.72203469877616666
0.70458477540403974
0.69832462731936107
0.71762300408265112
0.70227085799814959
0.63534293362547567
0.72496674194660693
0.68062246339523746
0.68176636864993734
0.68928634319246795
0.66609600331560503
0.67059638132475496
0.70862874502884421
0.73102137179640314
0.73682907365813011
0.70305757324266638
0.71412459096801761
0.70802327545441957
0.68162103687719899
0.71761742039044518
0.68468975287087164
0.70906890490009489
0.71139495822113674
0.69481363443619804
0.72843109703117948
0.71850955663589733
0.73116271424718238
0.71834215262184586
0.69635996772812714
0.7127317161264678
0.72771715576373175
0.72674188208504054
0.7207683556801997
0.72899098030404819
0.69826859561348498
0.70657425759314463
0.70594104399494562
0.70425110142225367
0.65516744414317329
0.69820463155469792
0.69235099206127559
0.69332421419278323
0.71062192882602271
0.72496826182681251
0.70236515857097792
0.71000085253906375
0.75602081002810495
0.7374835037216052
0.68972412519956605
0.72435722561326821
0.73482986665768346
0.72917104585548742
0.71062638236166309
0.71987761560207186
0.71131959926734412
0.73716721154902309
0.70288377084702713
0.69771368127588695
0.71774739380756825
0.70203859267213697
0.68187022298321687
0.72067459918595045
0.70571813531630523
0.70262175149388173
0.70493503218093057
0.7255441350776356
0.70394895237498645
0.69126985130618801
0.73493227556759622
0.70109600051025578
0.73003274541210517
0.69674594764615894
0.6858263889699282
0.71367003372360915
0.71755152074630202
0.72109250058287999
0.70971896097780218
0.70931454031124086
0.69610773979513607
0.69394670963388161
0.71806742055260286
0.71352460770531956
0.73190724691794395
0.71231611413719198
0.70421239452986473
0.70241849575314197
0.7221789109003649
0.67453474182547835
0.69397680926528105
0.71067590441856954
0.6984909755341342
0.71798268145783173
0.68380400633133132
0.69821610622455699
0.69559955464135081
0.71768341599715524
0.6802438044513508
0.69882997192350482
0.71950720876693763
0.71672728279540376
0.68697688334746265
0.71426496617184887
0.72558329453531345
0.71331741429153828
0.71322850679013006
0.72666144227762974
0.71705058901373941
0.72454170668401796
0.69331525747149891
0.70740965558427016
0.70271901737465503
0.69406325055905371
