0.71572931496769843
0.7179775661355341
0.7225289149793942
0.7256104772802261
0.72530883476474994
0.74011558183054393
0.70793839604585584
0.70168971342127373
0.71595470338256895
0.70434716465223723
0.69877435939484955
0.72176260832934003
0.69569630678064842
0.71625843497335573
0.74471864885887784
0.72598940424189595
0.7294014459554663
0.71441008010815121
0.71521815645640474
0.70499136890090608
0.70413270843700948
0.68331012544722003
0.68364929841511557
0.66672184924770073
0.71417214709945165
0.70990458303641335
0.66491180591609511
0.71965460320968255
0.71716733018346435
0.71001486711979167
0.72447882990914814
0.72287449989504426
0.71875318278331302
0.71223897683328552
0.72758025663604031
0.72279599871587275
0.72258291792383089
0.70549369716285881
0.71030869445954081
0.72834613627600775
0.6999532466845414
0.68347972182705452
0.69595176331211206
0.71196060356615731
0.70213183899606713
0.69647688375188987
0.71244500236969732
0.71635222790504283
0.74148068470303619
0.74024380670438006
0.71314406196246982
0.72534579517363962
0.74582081109191067
0.74702266911112369
0.72225255358764739
0.72415826099891989
0.7104114519592879
0.72552155727581891
0.70615018957302078
0.70116688164789853
0.65630740263677467
0.72072945776469222
0.6990859915471479
0.69495131607920313
0.68735712794349324
0.72362602911572382
0.71680092378321214
0.70925905352527507
0.73918956062129315
0.70951905223174183
0.73212505035002784
0.70585752228786647
0.67978218610315699
0.71103851612973346
0.70099080323988949
0.68762295251980832
0.70236576857886446
0.71362032813449228
0.69523658389245546
0.71538864539443658
0.70884470982542014
0.73515419872757781
0.73389849160428944
0.69320493291678043
0.72107351554142629
0.71867754255552052
0.71316458929557092
0.72219583597179304
0.72503180835468117
0.72756105975199925
0.68954615567234889
0.73077325609727539
0.72968479454324953
0.7209522808212947
0.73320630077971782
0.73493887952586956
0.73829422374401832
0.73677782875955689
0.72750971129592124
0.72394599845720886
0.70413153539652573
0.71071967406931347
0.70880695569487284
0.71420331900939493
0.73298124697390954
0.71036279369235011
0.70488131939670273
0.71624691902947479
0.70964226151069965
0.7307908800177183
0.70848969450033283
0.7117953372618292
0.71055522020188999
0.73928107816158906
0.70993244673551248
0.73822990914564657
0.65671995451856779
0.70567884227883426
0.71396316045698383
0.69290029608302695
0.72109667132570898
0.73686997868557258
0.69443496569321606
0.72717188417966117
0.72477245667203316
0.71235142143597996
0.72779287848435714
0.71672405178943221
0.7146159457504222
0.67421002112267614
0.74371131249336797
0.69824323575583358
0.70783306290574055
0.70217746992531971
0.73079248701237964
0.68333025029718586
0.72623750107687912
0.72459994091838209
0.75507579766522226
0.71527045904200548
0.68379310856836295
0.73453221115232925
0.73422471912512288
0.68791979739016917
0.72691208027490117
0.65889376708988967
0.72354845529779765
0.68986020365806333
0.71515653675235014
0.72643652688751414
0.7083243516254405
0.69880979293900525
0.70246271497230295
0.72855408844139979
0.70522957167022926
0.71056214257333938
0.71271817567415763
0.73322830261605909
0.7009841105139063
0.69459880362412663
0.71305483970682859
0.71457216022553049
0.66794473700128432
0.70529883639098012
0.7062924258597546
0.70896101204142492
0.73921562712994993
0.72573958867275079
0.73709196374654362
0.70382211307595677
0.71928671825324586
0.7050619936383582
0.71937509948130685
0.70702725690995527
0.71178114787781777
0.72441841096335047
0.72471697811570057
0.72366486115867756
0.72413530916344604
0.71119548971250901
0.73057869541981435
0.73171185602068478
0.74829285087861386
0.69612357999773788
0.70434629981036589
0.71982892708538737
0.7220315443640124
0.72847088437228502
0.72170615327092147
0.70970306441661335
0.72865895702552796
0.72511674250462821
0.73922446512747086
0.74216800847568565
0.71865342464562165
0.68072719078148358
0.71063149111825075
0.73153378804511693
0.71013979857401055
0.67822041538116595
0.74899665612290145
0.73340776694277776
