0.95176663798729544
0.95423314841342877
0.95085410210606947
0.95709792294240903
0.95667082861662767
0.95923092508366969
0.95890002961555965
0.94620926578800202
0.9450292768165941
0.94235925609437343
0.95311907834621934
0.94457522030206564
0.95712367165250778
0.95510307475896972
0.95309857214809435
0.95491397478841344
0.95001923991880788
0.95625561324423392
0.94737656499209477
0.94660304725326672
0.95194790148927688
0.9583934140118181
0.96111796582108289
0.95526243622963525
0.95533054233843262
0.95612293770440171
0.95937676215267798
0.9598740784404618
0.96366731827624441
0.96070050791286066
0.96056683806589926
0.96132918118860955
0.94302129252718747
0.94924726759039413
0.95697408850591625
0.9564861576022059
0.94357443532393315
0.95850218922337416
0.95291035224111686
0.95765498413540373
0.95989255037614651
0.94701719476171498
0.95786507094487616
0.94773574636267921
0.95358992000831377
0.94341740942094443
0.94477021650989845
0.94894056821099404
0.94500465840518422
0.95091064341815512
0.95196033935934099
0.9427426724694089
0.94441903878758626
0.94472034118894033
0.96216924397881309
0.9627388569846923
0.96305843325600937
0.95723868520419431
0.96277125935388397
0.96384963517278888
0.9545674627830395
0.95884434004344432
0.96098366448652983
0.95295368333888275
0.94880171897948917
0.93497299185797078
0.93941678685041852
0.92817682014209391
0.94751868405997863
0.94936424303681322
0.9490790874503352
0.94954662265727741
0.9253627406918401
0.94314375161059272
0.94716153313793516
0.94618784048531102
0.95134455483184743
0.95615804206117327
0.95532452192254591
0.95825401306463731
0.94718951728563283
0.95680006124016848
0.95761715478992315
0.96223408674049538
0.95855905918023399
0.95823195969777486
0.95918489631888415
0.95574158772607987
0.94984206767178314
0.94785857703589882
0.95426885014315865
0.94925591233906392
0.95270587094284653
0.9533477060317701
0.95245235565203368
0.94650873257825952
0.95411235012552065
0.95677789180976469
0.95670931180220831
0.95674810852851677
0.93789366903828653
0.9446190332990364
0.95741014016102766
0.9574033301217052
0.95815889273244736
0.95202590918248475
0.956942011922988
0.95646549698050209
0.95750394452330923
0.94983409976331379
0.95348463888945856
0.96248459180318924
0.95325752730745617
0.95982786652746266
0.95815730549313582
0.9636557324547782
0.96608766790576661
0.96334621979185842
0.95038155674885327
0.94535752189064193
0.94292358673001397
0.94860191816991268
0.94435209085081229
0.94771372135500731
0.94420437393942214
0.95593167882213714
0.94969264286720234
0.94545973009735063
0.95694454394441597
0.94447639949020046
0.95615367129245254
0.95236717487500211
0.93903891406516415
0.94068497761030279
0.94610770457442639
0.94592588347347584
0.95148956562497533
0.95502937623797901
0.94269377441965962
0.95157924046238673
0.95582492259417218
0.94626377977448717
0.95621779094455883
0.94748339320281649
0.95336066673140696
0.95193588304193055
0.95636851473827955
0.95086595597729462
0.94474122204032152
0.93748579222922745
0.93752437735534178
0.94288662513949173
0.94570136634979951
0.94762723690404427
0.93945869984396502
0.9483660030578166
0.93581597916802273
0.9391133111329022
0.94315728298833734
0.94517183851860243
0.94391084119611601
0.94950371500429109
0.94229010800867929
0.94871059015114867
0.95446300558468489
0.94382542950011505
0.94951108686557661
0.95444454485598729
0.96160966088631017
0.96106493322747577
0.95991303127084504
0.95575926950755274
0.94007543463453935
0.93773176334677533
0.96086091094228032
0.95695075724187539
0.95610002557844487
0.94965003752437649
0.96661728094356092
0.95972902814574135
0.95440716013726568
0.94642990489946155
0.94527193869778148
0.95563683871746108
0.95741937917053177
0.95669824477776888
0.95295505169976635
0.94348477616514792
0.95271942824532607
0.95399593394862592
0.95336225795290408
0.94126637107933275
0.94368251788169166
0.94974602545379683
0.95408856649521379
0.95252678792127143
0.94462896357892845
0.94843379812532391
0.94651811325907376
0.94863836192667739
0.95275428847168364
0.94449322142829495
