0.013602956269911357
0.010771616313277346
0.0046081465277555394
0.0099329976896098873
0.0054352495903334944
0.0025106917712875835
0.012026243245158559
0.015425020720942791
0.0050525148418291126
0.0059352085351023045
0.0021761923476655244
0.011427799004295981
0.0026010319165745035
0.0087459510629333444
0.006390754598377818
0.0065937855408615617
0.0063654032293360904
0.013292927556041004
0.0047187243639120711
0.013127126940404011
0.00099408774620041466
0.0087586569332942597
0.0083045545101035172
0.012964809790885844
0.0054619585346067437
0.0017510066243906989
0.011276692197391166
0.0031580469747839578
0.0041373544338196549
0.00045126858869063189
0.0056206823633740358
0.012400498600306075
0.0073938785963059044
0.0076117462824367554
0.0078020723006517658
0.0043318126303617767
0.010082708592085746
0.010804314594907162
0.0060564119419390739
0.0065968334207431225
0.0078333227067064453
0.018979012660395922
0.010825414345799228
0.0045876033386103377
0.0087145943974495325
0.0078600078203986401
0.0061844281919232521
0.011154067548883881
0.012733610299388121
0.0036005580746439588
0.0088124384483913593
0.0035499399789909081
0.003795918126296427
0.0021713589816947892
0.008336552703118701
0.0048506691009660412
0.00780307805681002
0.016317761338513995
0.012586991070771743
0.0044387618534625171
0.010718845465037208
0.0052984614628168733
0.0091588336956307664
0.0035981540824611053
0.018762265825812141
0.012401915126725969
0.017099941401147629
0.009391809689564495
0.017174755117300624
0.0022134665509134007
0.010757469579698737
0.0046085367772882467
0.0080087465922231722
0.0069533797156549094
0.0081994028381344661
0.0061809953995385228
0.0051532021745809477
0.012584172595265779
0.0072284167454567897
0.010882389187398521
0.0026125193002339156
0.010122393129909001
0.0012948082554753587
0.0063402583297173234
0.016637172418079525
0.007702106047690783
0.0063896849917281064
0.0053211325115090167
0.012874633498611938
0.011355664081402567
0.011672221917977085
0.006274343655971789
0.00054934378059835385
0.0070099464383330395
0.0058877759729987151
0.010245805732880059
0.012199697074725227
0.0052245605198890559
0.0039538840680528034
0.0030154508486665592
0.017050065733243067
0.018783068053680629
0.0064489979717073879
0.0091661171343055906
0.016940120495346565
0.0020720243357030951
0.01709928208161187
0.0094037509668401832
0.001995235606895714
0.0040386246302119557
0.0020827480992660777
0.0066133269465537088
0.018759243008715329
0.0040485712619202458
0.0048039650652101232
0.010977810131093621
0.0090129306102677918
0.0062000944627086767
0.011670717484150184
0.017623920332227976
0.010374732577702906
0.0065925756677544453
0.0048310231051319945
0.010734675068525124
0.0107930745811275
0.010126694620619256
0.0066907151832828627
0.0028759680912785602
0.014938820120971653
0.015479785850023877
0.013599999122065132
0.011832322580296734
0.0092636874603752046
0.011296651966097243
0.0084737124248305002
0.0067316572732959625
0.0017707873771352306
0.0077833385163448635
0.011326444271477561
0.011733933740383094
0.007779021771216134
0.0058840446354004932
0.016017313135081521
0.002888140317430257
0.0041717144435195596
0.0044904749025558785
0.0049745355693434383
0.0028198457919436908
0.0057312036822840893
0.0028294117235538683
0.0051912358077268426
0.0065596956072953962
0.005308070260527104
0.0057314507396007608
0.0023473407953703254
0.0025696445296169899
0.012172266693670025
0.0086834186076380406
0.010091412741903094
0.018012227410562215
0.0097822133456509208
0.007986237241802082
0.0060749291666812163
0.0072063669223917607
0.0084969622572400212
0.0074534279782640976
0.006552516039761167
0.0055105444233330908
0.0065568918828485022
0.011016532359584611
0.010076815664359907
0.014415472115451508
0.0160804389605021
0.0028852490249600079
0.0085514313028875032
0.0032238950864070513
0.0074040895456175424
0.001213261155152989
0.010744417998624847
0.0045729008265908595
0.0014681652276650927
0.0053343699559175667
0.0082668044836693658
0.0022625079546969287
0.013566648885167275
0.01086649381390632
0.010520414907065661
0.0060206034588028944
0.010182985791408366
0.0055932973371040891
0.0035803103100870547
0.0070874480557016123
0.0067844865823964064
0.0036821015313202796
0.01103733818567031
0.011967847282731228
0.0021521117174051647
0.015486047120470898
0.0063005829096111111
0.0060289596029833329
0.013244535186953262
0.0049764992679540406
