0.85277597550841544
0.8474944510142185
0.85930694553764442
0.85161011513291096
0.84935499387206015
0.87052827210722605
0.86750417236710076
0.87372257142100918
0.85106051669498761
0.8605830890380749
0.87119408979051671
0.85936510544076972
0.86104660610219863
0.85859922643277087
0.87211577808957419
0.86611235391196284
0.86318609667324886
0.87601314274872633
0.87566932736491943
0.86637514255846182
0.86509751277795299
0.86724538713448318
0.85287443341189428
0.88241127514320694
0.87330904850357982
0.87481642391784475
0.86188165217611323
0.85851033553045797
0.86311741474405423
0.85816729639712352
0.85306086971696926
0.86195367481655882
0.86228880854118362
0.86768610316157113
0.87424326592462964
0.87408189413265203
0.85395634676942556
0.87403860296608726
0.86238534103952746
0.86233981089649614
0.84710636498132308
0.86685151822506623
0.86350650355516778
0.86097174230842577
0.86950052023926616
0.8685352817400761
0.85746867070689248
0.85944285542352317
0.86677774163876242
0.85880194053366887
0.84847240755728404
0.87913320425223629
0.86175047334507671
0.86244953044509065
0.85629341001405179
0.84712171522953406
0.88256289760345674
0.86388443398427683
0.86756668251530877
0.86664518965545967
0.85912032444854403
0.85147178916034627
0.83298769569450881
0.86189078228706473
0.84843015004727318
0.86433658680679304
0.85721091960664964
0.85917911341417819
0.85058742125541176
0.87127805219453769
0.86346891049966512
0.86032277406436253
0.86937810759584044
0.85353732424326023
0.85871502602237182
0.85408791780137294
0.83816089608011735
0.87718933411935662
0.86645817622226085
0.85197481567533195
0.86561620308958498
0.85216561663186596
0.8714067019238052
0.87069210314341083
0.85969037187317499
0.85137807654025832
0.86920813143887965
0.8522580298563992
0.86446862708199523
0.85262237862655021
0.86843072225500473
0.84975788403842667
0.84548876415116703
0.86509248255863935
0.87050014369489637
0.8597985132570054
0.85751587984746414
0.86840543803006587
0.8701591105117511
0.84736588022141124
0.86463499442522995
0.87209735782752074
0.87131171565670318
0.86549201446534241
0.8591412795353327
0.85172858261827145
0.85591528257130489
0.8545681876500083
0.86315813319247003
0.87598313208692991
0.88082253351065209
0.86905926879431605
0.87627966230668541
0.85274675000230138
0.86051036941969461
0.87186224556759262
0.86837654843629464
0.84837441048736328
0.86073391349578088
0.87387639294237673
0.85223905338584538
0.8429846435745082
0.83137691632018185
0.84721499948178314
0.8509320551305164
0.8652432798906069
0.8518506096243561
0.8567515820117676
0.85381930929534122
0.83163184363704457
0.87440775948440441
0.857336534466279
0.86591020157258547
0.86041870856648273
0.86379448683035398
0.86367371898812706
0.84213794894614313
0.8670067122397922
0.86592991491045368
0.84088877402505946
0.85498005404420396
0.86071087005804392
0.86043177569163498
0.8742310694773876
0.88501205348207701
0.85988145868586063
0.87514794310307731
0.86085793587606996
0.86331513410456462
0.8429956762216626
0.84218765573724963
0.85557770880702888
0.86552370827561997
0.85921883298855162
0.84961541171670152
0.85297720213945383
0.86056223781643659
0.85305548827344047
0.86193398070751259
0.85310829680238498
0.85786438031766554
0.85343996428359103
0.85795569011423278
0.84835148391742365
0.86487971653716111
0.85982235973502275
0.87720676981630807
0.87832557034941472
0.87566914039895727
0.87665384640486788
0.8591913167730808
0.86703415556713936
0.86149921464641444
0.85547300140544424
0.86612740232582985
0.85603248439481727
0.86909633291038579
0.85629798404161661
0.86072901334819807
0.86949266951238113
0.86513667498380442
0.85530290110585427
0.82871770227329733
0.85059776899851336
0.87182110880124597
0.85879566660066842
0.86139218842110421
0.86176947507281065
0.85396872883492736
0.86902433296544457
0.86020893338643856
0.8733163133976628
0.84539846329668145
0.86764807508031172
0.85543082377556157
0.84034082935853105
0.86857326998023265
0.86236373683261536
0.86536774045072751
0.86898934673598849
0.85694513616508627
0.87605554681634368
