0.0013373274252027505
0.0088480840595211874
0.0052260465299527421
0.0046327131845219759
0.0032152223415017173
0.0086991353398754509
0.004872518199962414
0.0082313328743071727
0.002039655120419153
0.0073249406834878803
0.0022336935154897574
0.0068281469946133372
0.007902648124007712
0.012620613840672099
0.0030485636216622757
0.012438041828372957
0.0020044801643493053
0.011743243450290118
0.011528387743414862
0.0038089679456747316
0.010784585628590904
0.012322127454484593
0.0040279937879753955
0.0081541835198731399
0.0055414147192164899
0.003364162434461266
0.0054233914973647887
0.0034522740788388113
0.0074121659663590267
0.0086250991316082354
0.0030617937098064451
0.0058514468452851307
0.0068519277816871888
0.0098870521657952095
0.006260878249874641
0.01078198762704353
0.0069257367240404622
0.0098667677594590879
0.01246829943767391
0.0049010179783975346
0.0059769091247807065
0.0062842541044541376
0.0081501427413292315
0.0071860141412116857
0.0050301297647123008
0.0071031004434898761
0.016156738741903966
0.0057186575923993217
0.0024940833410935018
0.0062499828483152161
0.0051946838962408474
0.0074095368535655589
0.0073438878532630812
0.0066509316384907018
0.0045218424095645757
0.0089184244604008818
0.0046459663999076049
0.0092779169233400908
0.012717143883498452
0.014785165057400233
0.0086205964960043274
0.010491109932150454
0.0093514370577643009
0.0097435268534493864
0.0029367523070967837
0.013323663828605571
0.0098876897593630844
0.012076580197206701
0.0020104400116465909
0.0032560397639813383
0.01024300869511666
0.0057573846968424292
0.013410812615246192
0.0049849649178560201
0.013337412444734095
0.01093492306240991
0.0034130801892258591
0.0074242674400528891
0.010041694760506576
0.0061900747532710161
0.0048793006802400228
0.0098707970127654716
0.0078455458477619932
0.005214921523482751
0.0058887851440036524
0.0014387066974509662
0.0034594284155383967
0.002567412473280707
0.0025268557226652472
0.0085021006322608828
0.010959711688776689
0.0086904316071017146
0.0065066577721034176
0.0018638120803247658
0.0065542554925396507
0.0050597433718072441
0.0084438250539359723
0.0042150043545928478
0.010899729623036576
0.0059816260336605972
0.0073443350532977156
0.0054191257901734131
0.010544527208510573
0.0049135071999494356
0.00049482925168993627
0.0022633169365061257
0.0032332427949580932
0.0026249921647552446
0.002619948232570341
0.0031853754032672753
0.012004199271591012
0.010333218081878233
0.0069948283188381328
0.010625710126511258
0.0024854665243550598
0.00099910555943670651
0.0027997595191383618
0.0075503462094418088
0.013011711628543029
0.0044041753041110876
0.0075110142594324615
0.0066712890972395432
0.0062126509786937572
0.0069568664685760529
0.00092191116220839123
0.0059704737869368269
0.0074876563038672904
0.010283442745565042
0.0037374195940126607
0.0063324701338598873
0.01151070200331732
0.004978790257675325
0.0078022858907556159
0.0031316228772751737
0.019941447429637094
0.0068574002829007961
0.0036976594081678106
0.01634503820495771
0.0071332174621125738
0.01023064072224507
0.0065593718762701194
0.0048182099145980548
0.0019444140100162133
0.0096408459257251358
0.0069774438206502412
0.00096864928165206899
0.015166752446942357
0.0095800556350235794
0.0090834921695987329
0.0053778589937795006
0.0051375140659965686
0.0057656392759874806
0.0086248496479570461
0.006379640849702873
0.0058527266487802673
0.0078930233674723883
0.0052750499427943768
0.0051073088639470594
0.014611757533133551
0.010983097690202932
0.0069494327957563117
0.013673170124362219
0.0083997477239465546
0.0059289675229310737
0.012009016419663794
0.007248615248896223
0.0004567854153002919
0.00260342660493411
0.003313667799664115
0.0056271678779171762
0.0083674903783720195
0.00055204253671758117
0.0076836859306025282
0.010512201024517331
0.0076563990589691511
0.0052814546698522992
0.002433677598158812
0.010927974010805518
0.0056580793549646591
0.0050869381420130359
0.005417052670015003
0.0047180252939459238
0.0043208852786056516
0.009493868757730544
0.0054270203481680199
0.014950307387639698
0.010635970443577803
0.001245027815422533
0.011431028532974476
0.0065572734910895958
0.012305880333700038
0.0018084269455209134
0.013041609091623638
0.0077481789975137987
0.014527660024119704
0.0070103082833950277
0.0039684532280573016
0.0061657813263001817
0.0024623747279596871
0.012654533661978965
0.0039009803588074669
0.0022960411589174321
