0.0038394342503588253
0.0036863809808754225
0.011083665547962274
0.0024034997318942751
0.0031686346976133473
0.0037909052682763393
0.0035564129146914264
0.0050819263403271949
0.0098666622018208881
0.00081230326730335372
0.0056050545630616198
0.0052158519525476437
0.0021665096850605999
0.0014834129839796264
0.0069439002754042908
0.002067288795542441
0.0043883677938422955
0.00019085480216409612
0.0061502112357105648
0.0046360033850914306
0.0054670845726553941
0.0092255677503793477
0.0063277011546538347
0.0076989922074271328
0.002695072512007114
0.0020340843547327547
0.01030187885537555
0.0073483267565416172
0.0082750721758336008
0.00079216567124857815
0.001584451150914927
0.0040395499694276102
0.0054331702770171065
0.0043785930103444623
0.0048485562111916644
0.0063449535716997504
0.0074830677271026371
0.0091399714595207932
0.0033914681761730353
0.0032451118657956034
0.0062436098290697181
0.010562613889487987
0.0023458173496585014
0.004995106764653626
0.0048163842903770392
0.0054558251513647732
0.0097231706942286413
0.0026087088347259788
0.01089798279193519
0.0022476037713298081
0.009070308232449727
0.008899706235858916
0.0014787482257596642
0.010560673456082305
0.0035116813152471747
0.0038131272632809343
0.0036158111258396287
0.0021896850184074165
0.0027807537215060927
0.0022561444331372187
0.0035051224298829581
0.0072714900310256424
0.0073214453575503264
0.0047246840424715894
0.0044394005267246054
0.0062753733797135461
0.0024456734537076632
0.0053280856106195469
0.010244218663472528
0.006584398784518046
0.0050330170531704185
0.0075823361969119176
0.00209932979152898
0.00182360678997512
0.0034308037989084616
0.0064188264433727099
0.0048381460062689677
0.0022869670492130074
0.006475402638094931
0.0026136080152632875
0.0014598120016339328
0.0018695758054050394
0.0046815414931858038
0.0067986339263850148
0.0033192994308674532
0.0024134057229010263
0.0046580574694297314
0.0029230637997104559
0.0057028288023802769
0.006209000799669775
0.0080851035116774345
0.0064419672863281372
0.0044164901496193754
0.0063444348522972557
0.011638943631620212
0.0076610183511086694
0.0081022382447892664
0.007661981657801414
0.0014402447339763695
0.011852679443443238
0.0013585080894703303
0.0078049415007822682
0.0023839555913734217
0.0054793784754893545
0.0036135678176102697
0.0064731251295756407
0.0056548104191072052
0.011008559023365816
0.0054009910309064241
0.0067057789380942914
0.0055749126944776052
0.0056271006617457757
0.00078372398463313951
0.0026457288310386211
0.0068655186017898282
0.0017471348235616707
0.0019954971256896442
0.0048645800114664184
0.0047667021121038048
0.0026114790703250352
0.0061190260579563971
0.0024664514933416797
0.0039819090894008527
0.0049704223267218045
0.0014043015560347152
0.0047575257971323058
0.0077557529003901239
0.00098722573676607501
0.0060989768893498757
0.0082919609920062837
0.0019877312089676444
0.0077904101383484423
0.0082657697728510966
0.0078326952422342628
0.0058700218741699513
0.0018735660110686194
0.0030978021676578561
0.0041510128939699015
0.0015244795752469974
0.0039623792362361611
0.0079785603326916667
0.0026884408809003087
0.0041280739145766769
0.0017851432001314727
0.0017980201670053525
0.003580749767660782
0.0025561629931197868
0.0023143827294175245
0.00097092754099793971
0.0048850459473695771
0.0028266051816524381
0.0032415197798892166
0.0069870535029918296
0.0021688796049033608
0.010074787630158177
0.0097098020985880631
0.003018721792205999
0.0011984737244374606
0.0023206868307490726
0.0026254444263364828
0.0066781977128202996
0.0013272535243895581
0.0042302711502623649
0.010371757145819525
0.0084797496548720229
0.0082791757568654555
0.0029127450232028576
0.0074772020096749419
0.0056821827187405706
0.0038306506620504918
0.014373719259453863
0.003912564988207883
0.0034388415735073633
0.0066083387827701552
0.0055740726424257205
0.0018729792155616893
0.001901013625506519
0.0098548774517430108
0.0060602586271667281
0.0025320738881674698
0.0096807250298299279
0.0038015496503780743
0.0034429842823210494
0.0108240865503317
0.0050964393952999789
0.0051062697504303629
0.0044581433094151657
0.01135646341396742
0.0012234358116058805
0.0033686416971759384
0.008630015255770505
0.010171801936198039
0.0097056962286354454
0.0063257798868300861
0.0064173378971282653
0.0028826630036481774
0.0039237693411212759
0.0031253929211291828
0.0072172621857973136
0.0030666113941481585
0.008850278734954805
0.0051657045717850595
