0.026354512316422763
0.0087629953179787917
0.025203091716485073
0.02366722852936504
0.04383847472871779
0.062162280431603135
0.025381796651356578
0.0077272105413285211
0.021719905726372151
0.022580676490447166
0.010461966369498029
0.044250300694934408
0.017999041087697891
0.014147876686255643
0.081433406552672866
0.047983965326656941
0.0075216123600496112
0.033620964054363024
0.027378447949122777
0.02055284845197786
0.026164952101057494
0.0076603561753416198
0.039110438201131921
0.041464417440812161
0.017505531446152515
0.030346058395440013
0.024274247831422169
0.0065429114992221586
0.025470062714588668
0.029421553838274016
0.002918679905164044
0.036217770613508588
0.015680737384068461
0.018615860736693839
0.043886531757775835
0.03426176506995926
0.057147656417886251
0.051525644443202047
0.024002015878553426
0.050918645274655949
0.034232742645976942
0.0049921382517999109
0.050664026090668966
0.036575952630924571
0.018806710073887029
0.025365624157827803
0.022253992302065081
0.0069462313700009871
0.012885760470225563
0.026265791680168991
0.031111169193116218
0.013411080106854833
0.030028476443852179
0.0096082560277006134
0.018252538437087257
0.031781925844112248
0.016513973047566365
0.010192335092709604
0.043920098915506287
0.01346430885603269
0.005128570237815289
0.051120200945973804
0.037516316216561402
0.035549865161336659
0.0023577107895954457
0.040152297949152073
0.047363679286104944
0.0082392080263063716
0.053574374716313489
0.045692038411757001
0.0098172736288977321
0.035657250317982968
0.028590041066532321
0.042489238381664421
0.05822311036153785
0.053698021910902755
0.0094054593275935197
0.034243177849459364
0.023762206314139025
0.014304988714721797
0.014808936414105339
0.044099745794271242
0.02010672273725285
0.013821874406945486
0.0090477201277402268
0.037465610551732836
0.030845593980360141
0.035043011752844147
0.015957037730121526
0.016768295817087636
0.0055151567811603181
0.015039154968950367
0.023450959415307601
0.035028911146764652
0.0340500458906468
0.022956244650294857
0.030601648081875921
0.021297742639630909
0.0046152274355149006
0.0083344924970059492
0.02715699301249731
0.029151578029577772
0.016247231102556853
0.023705824075349526
0.025366697462967373
0.036717204174775711
0.02360585385629527
0.037780821339297353
0.016218677284423961
0.0085051492884525865
0.024292097545947158
0.019937009980646909
0.017072399190372733
0.013003156648319502
0.037570351443733961
0.012520996081166594
0.014761341208148839
0.047398899754572323
0.024019085073216453
0.030655917741033514
0.0060062388743173777
0.050167489765789247
0.0023592202429289669
0.022022417094737911
0.023802188786833968
0.0034552408958408295
0.041167052290895047
0.037862500180235514
0.050600459495748637
0.017133438528706892
0.021087265639185043
0.014792041167664796
0.0062490259737900651
0.0025431529876355557
0.046657792639771996
0.044436439419751325
0.017777170397337977
0.0038463051473006421
0.0028408609779504955
0.044455542599999738
0.0050714667827847764
0.0031334612308060498
0.029923245478381929
0.039789334489871923
0.026312564205608343
0.017735523871586577
0.053776177690708797
0.026250340677957895
0.039775078146673887
0.030754872700167617
0.038676375614991584
0.018796191909780949
0.0091336461789716644
0.020715895306591934
0.031037190908140184
0.020507960044179003
0.017357092480441174
0.0060283886815476412
0.018427738664732646
0.048066064750575212
0.0052126369537486977
0.01347008763749274
0.027362727032637028
0.03521461565430823
0.053203026965387208
0.0061072714672802536
0.036218174547302619
0.022369140479036494
0.036230085099458485
0.012327259746473669
0.034541566143755517
0.027918017408551338
0.028096268656198183
0.028569984607286825
0.0050635748062818281
0.018026870749316387
0.048442245818732799
0.016988973681477504
0.028612357402363422
0.015349073783854226
0.0064571955161047169
0.043362322891007887
0.0045275939179337792
0.033676632856684159
0.032368418147964879
0.027021473481130973
0.031906715285197937
0.021664594024600851
0.028398305245102288
0.046707476790619172
0.012357974940739948
0.041725056463938467
0.048831842554056738
0.055494080020613318
0.059683541986609016
0.030279466422152748
0.030460534684660871
0.010941876084472576
0.037948957104489901
0.026636543647692908
0.026857463257751353
0.027668350102341983
