0.0044092229521426529
0.019815367669645555
0.0040892919068357871
0.010627180736708807
0.013910954355236947
0.012016019921226577
0.023753039007848632
0.024852719534240623
0.030716906583816653
0.03078438653855196
0.039111497899828054
0.041054009745847615
0.033248107502147933
0.02853745953340223
0.031500678219582495
0.012131069675204647
0.024709104197978397
0.022873099260863252
0.045626176697385112
0.029129067246946208
0.032600031308606628
0.013406096499511407
0.047774777019267384
0.0085994379395957221
0.016080435081175678
0.0070691470459425679
0.026573497749633333
0.047251549439988737
0.0098700321677548976
0.012164948686819688
0.018005889102605532
0.017293288024020196
0.032610645499847608
0.034915603077292447
0.030434717029831689
0.021671011912295049
0.067053903614892857
0.041948640097044992
0.029811568198427976
0.0058213525080276695
0.01932029351141756
0.010749309726445487
0.01785253287686887
0.018646426325440269
0.00024855318576494031
0.018684551765214392
0.0092738569728194175
0.026983954812383464
0.029232999843583712
0.003030012110658592
0.024829717070106699
0.022641182388563434
0.032080567458132266
0.015262834906124696
0.031578265755864712
0.012319074783647761
0.012187338659012011
0.056691746681900634
0.025576035376889204
0.042484384903881713
0.02366597060089505
0.012343052990636112
0.0012646422651811913
0.0079973910984461535
0.048571061277091855
0.026769162353705682
0.038974540368893938
0.043862985348400454
0.024250337960111317
0.018580937706585716
0.011995795190567714
0.015649099100881154
0.042288741080330407
0.041488618259622016
0.011746874321843697
0.03824223790932451
0.053534628617581383
0.01462837327809605
0.048364467411462782
0.0029785896192024153
0.026502614408124073
0.024079822205964357
0.018183930508096666
0.03390116608800562
0.0023358816147016639
0.01841797370157949
0.04026280105184827
0.040367614887567432
0.021163062397996108
0.020344546879593684
0.030032719701148427
0.021442910051119951
0.032877315574654883
0.04937456526889162
0.029505865017187511
0.060073571512540239
0.024053373501700118
0.015837921621701532
0.027739435283614656
0.023665808633403989
0.024336589203789262
0.007290636741536044
0.031235326951735372
0.060524226256260812
0.025334481271069517
0.030018418870170982
0.020283516802229153
0.028966244341958745
0.0085410518640124684
0.027449932102888631
0.015033229215233873
0.0098804674450921059
0.017564991569784683
0.029610940886520297
0.01148343930100359
0.011481920882047348
0.047390386485326487
0.03230878265984987
0.037440847902877203
0.024901940783278863
0.037136676490928042
0.03029650517246155
0.025081582090387813
0.05672042493380109
0.015743862033223088
0.0164287527700651
0.033494871677193561
0.020340664554332331
0.011523500481766022
0.015127907608989133
0.013915072707190423
0.014319380982708158
0.0087374725390175004
0.001121705654143675
0.010320743879094258
0.029506641975673421
0.020581205762235332
0.041211422925295504
0.021467965503468391
0.0094012653874749209
0.016708511331347715
0.016380750811714154
0.028982395079042676
0.017307991993352086
0.033129027011032139
0.023306849202643812
0.031054370229024162
0.046276046304600721
0.023566169597824906
0.019168668468514616
0.034104518178008712
0.016358495920704704
0.046684615441457293
0.015031578197112851
0.018082136672930724
0.006726333897611749
0.0088568477459014597
0.024555034456755158
0.02036508337222619
0.02410214290663542
0.016792841174325068
0.018817971554891583
0.029381418452789382
0.040342517641645953
0.024602922711595508
0.020955857393910458
0.025899847369787839
0.039033455549501592
0.046863117039211137
0.01263729904849774
0.019454730727184382
0.026572515598394672
0.032876532464747192
0.03826218697239521
0.035310964352202101
0.008897706489116532
0.018340049971838687
0.056592062297408659
0.012128388907142544
0.024273154710057799
0.026050676786771667
0.034251867167594777
0.023580444466964261
0.027670030822056029
0.040462696912347725
0.036744119432708368
0.02115938644084318
0.028783034159325659
0.01509026868762693
0.042859463923139121
0.033677677031443677
0.0075565868165179987
0.031318725663947104
0.02054777635834875
0.023447448050495485
0.022846772020509842
0.031760780247059535
0.008213363495840259
0.023422665949072947
0.023333200295073842
0.059573069346573478
0.041740300363968377
