0.011615246540809509
0.026688126815814412
0.022998467334224344
0.017377977984314889
0.029364715345736363
0.04924157880539546
0.057461020857452978
0.030727111249701816
0.058871602917934147
0.012777685285297755
0.013841683584084049
0.013589499375193924
0.017174228153722063
0.022469232585021936
0.030115107815601897
0.014684860641468718
0.010664850699876533
0.042745443948597216
0.0086233651553169095
0.030485634922406871
0.026205543721746698
0.02550081643006985
0.027107324162138548
0.0067512373818017831
0.039030870793988551
0.063166168665229089
0.023677434756443082
0.039917302370997394
0.010990233367445465
0.080182352949993735
0.022060794129178975
0.015569088793792112
0.0059837993642239424
0.019894482472753647
0.026628918276830546
0.014056307762310257
0.013756753077787679
0.037256400216862579
0.01429282348453963
0.020048900777204705
0.0063130794551405287
0.034978957540341478
0.018573350064016281
0.030055908049824977
0.01031613756295288
0.01333940034828506
0.013785174693607363
0.013166196566132087
0.01972728209675207
0.022800628672545911
0.051267569921600045
0.01749249999739478
0.049269866128062383
0.030931963427625848
0.033002992216031306
0.008864516817524171
0.02891580413226973
0.044579996238726757
0.013652139048662174
0.019591922688244893
0.013049955549168012
0.02596010997849104
0.024748053939173616
0.044101978909546362
0.032137959814079818
0.026509520676088555
0.0094331246838575741
0.0089858504203496267
0.013546443355482688
0.012088827738688685
0.026421607625388307
0.028549976179188426
0.021309516887383771
0.038820175983858174
0.019337002702472749
0.014600199942493512
0.010654493744159084
0.039311345755451137
0.031718187275354276
0.030969637337698808
0.035254032447499008
0.039739601891262806
0.01965156638555374
0.019547059972033525
0.019377729608172824
0.0350603804167154
0.011126486420588291
0.0063437752370006277
0.030614697120551114
0.029660271490655161
0.02113341400770086
0.05519336377757969
0.038555643038061818
0.03381970788364589
0.033322108424658443
0.013317306535569328
0.012095636485924809
0.0062217808977767294
0.034713688169818673
0.026546169459610847
0.018671174150306117
0.03421043012046085
0.032968506194827621
0.027485206032488933
0.035967172669748304
0.010189848809263798
0.053432760948835749
0.0089560176123795378
0.011296808985403998
0.046440819735102654
0.030252924329992732
0.037719448264422875
0.024661398552420572
0.053797335196971004
0.027417030472755448
0.034959027140638067
0.022106168741138309
0.011763215175420078
0.027833973910375995
0.010603982120903218
0.0070938887011490264
0.012728812880263812
0.025184935480263061
0.065122937521220031
0.0035811930835807984
0.025056029473034321
0.043278726949066246
0.028016831986955947
0.033577856791326625
0.009260156599531881
0.0086993180736807882
0.016767292382806647
0.014285175026027729
0.016848975248988683
0.019884921711823992
0.027091886148253697
0.063934820594789846
0.035683138659506439
0.01674748564805954
0.035357896819433174
0.022387673994909898
0.036368760884197847
0.019042086976997497
0.030756842436850104
0.029165987121594811
0.031166478994692628
0.085800978821858623
0.019627253916092824
0.015085699575454858
0.032415191990206517
0.030213547177468623
0.02509992942852269
0.026295151938517468
0.033960783459406368
0.0059680548107584053
0.028656495835909269
0.02602516471585473
0.015584093362618571
0.033029218522677886
0.014332446611261882
0.033652723901475015
0.034231154679548285
0.025319602832246789
0.03049051284942501
0.04089604389432331
0.024092448883697347
0.028852149078330801
0.026516690059643359
0.028189451507203533
0.0091458254915002934
0.011996988257468883
0.042359247098361523
0.022058467071980184
0.0076842928346208157
0.010220276253207114
0.028063596027341441
0.025573784302330774
0.0037337511780640965
0.026619033890450405
0.012905090781528494
0.02060153042732471
0.01330345959546902
0.04060255223478261
0.033212627558942338
0.032905533124698988
0.03341405733290486
0.022648240100817292
0.049299526251578248
0.0089348534482520271
0.016311722619030088
0.024105803569306226
0.011318782698655598
0.044210421527641666
0.017996265493266293
0.023193674774732612
0.026248868845620763
0.02373374009212887
0.0063517568086925479
0.032434605284721037
0.0099153677719645249
0.032197905586028801
0.014261723824234194
