0.0065137163534589246
0.0061558731608690621
0.0088887701245412912
0.017147510944943371
0.0071239677379951157
0.0095886770337828189
0.020268134073276527
0.0013595221310194799
0.010060823096858004
0.015952033039712661
0.013221016666471972
0.0096422101688856034
0.015113722004727749
0.0065353597657031122
0.0086851651017052778
0.01012807506118764
0.011012497907873791
0.0034929124775423567
0.0083658112113735895
0.0049603050553711546
0.0085957800628819834
0.001288166712848475
0.0020596139395452706
0.010970721755254455
0.022123541451640961
0.0010226670385613649
0.011740905437459159
0.014267320214674632
0.0036335081010246029
0.0036865880326337926
0.007650626058723551
0.012693454102077934
0.0043193009427868554
0.01593410148890901
0.014748048427660587
0.011155512619132861
0.013858834557433199
0.0049101961417922129
0.00088186119108707255
0.011655176858623852
0.02617813488681385
0.011211668621811579
0.015657278787385882
0.0074787001316901358
0.013277925277461288
0.0064060523740675432
0.0038898987368920306
0.013591704331981766
0.014307336798211362
0.0032173581315372945
0.017906223239062009
0.00070521215092319667
0.014654813213081505
0.01140746743590232
0.011694335306470821
0.015536969670195138
0.012388082205761406
0.017857448359932408
0.014778557995891348
0.0090083192966131827
0.025229906796299974
0.012269918409560961
0.014149916732886174
0.008179372330181546
0.0089983622931420829
0.0057167366959698174
0.012180222931341043
0.013223628809366641
0.011180401644426147
0.013702398604255967
0.0087546971928345804
0.01550680864535974
0.018117589906755664
0.019227584191514414
0.015647309041564344
0.012397685313482558
0.011993695254549807
0.011316321858420608
0.01286954565028261
0.0071150371990230544
0.0074416172954783807
0.005033779823621032
0.0087555132212675055
0.0012863037305826323
0.002478271346382413
0.0039633446193760103
0.0061527251216537942
0.011184557863885976
0.015735601574721252
0.01417448563501391
0.0028855319951846593
0.011006978457417032
0.0097478214107754885
0.004357298014876069
0.011111993359737268
0.0092472480933883106
0.00030196029999291494
0.026234041088699527
0.0064584540517037608
0.012402412491172203
0.00478406409721453
0.013348676168057396
0.0071413580286875224
0.0067590154225789156
0.016433674780782778
0.0050388863608441465
0.008370353682620877
0.012926637707763642
0.012355442551082405
0.02506202740533079
0.016412740402732589
0.002044319838507867
0.018406148855706149
0.013900709651903841
0.0051660416822585046
0.015702145250129487
0.010172841395783241
0.013696374813909305
0.014375982426810482
0.0091582897940754113
0.0050442727043663853
0.010891410936090704
0.012551617667723641
0.00939390534829492
0.019371726276043773
0.0074642725022654594
0.014569153034573136
0.0032409699023884563
0.014591110548040919
0.014537636333726272
0.0083858674738685902
0.014958390092821064
0.010389977145871353
0.0082635710308408168
0.011897114371668602
0.013570886121700794
0.01027346325535399
0.011721131359045038
0.0087447118907285331
0.0089525195726769119
0.0056913029858808185
0.020173614776343555
0.01002450302225211
0.014986309748991723
0.01505387301977869
0.022943952690355804
0.010361119798941543
0.012163164436199017
0.02666099261871276
0.0071620518911154193
0.0089394688956044351
0.016861321795091287
0.018343846570714542
0.016077262973570667
0.0091389593466538206
0.0035068256295803821
0.0044560046019037252
0.015694628033271915
0.0024700223372903706
0.0058200080358367118
0.021690483063430549
0.0044148364229149488
0.0090689741720000605
0.0092092734748050638
0.026431267519501082
0.013964841999026489
0.010290871480517124
0.024575995951355685
0.0092383796444160012
0.014536485530581296
0.019013293083355365
0.0061335243585483954
0.0092652302129763945
0.0011495730949892011
0.0081049844863611813
0.0080873305245520513
0.0099243270051912035
0.015938742180020237
0.0049684322051480913
0.011089941527272608
0.016921027392395278
0.017653389384770585
0.024034073119138747
0.012535313390439302
0.010856778812788391
0.011635367506662624
0.018968784670825335
0.012179745448784795
0.0065838001612415842
0.012200300944056811
0.0074713115503487219
0.01276493455781994
0.010556944914743426
0.0053600992854954174
0.01114383634869151
0.0039539074752301222
0.0076432323118268133
0.0094751303588522795
0.013972229846194353
0.021925475700239457
0.0012387974252751274
0.0085407123074360391
