0.0018670526761993525
0.01154484054136809
0.015218518856274278
0.0072987275960067115
0.016359924664082967
0.019842560596377862
0.015200705442369908
0.011729488434536329
0.023074463116487708
0.006828090903942703
0.01049057072715771
0.0065015786796831284
0.011221569259379808
0.017764921234928979
0.010222066688642653
0.0087547711267877519
0.0051134875549238108
0.012790758419098425
0.014436085557176299
0.011058350055195072
0.014066189066063899
0.013416827431519054
0.0065228827748237831
0.015901800742767824
0.0090689385006587769
0.0077291394515052823
0.011578800570387507
0.006741284258721004
0.0099255573291346221
0.0082219557301941165
0.010190180305554811
0.0095944497785088213
0.0067465427598861934
0.0098936417639463523
0.0031907589138053219
0.01013889273487391
0.010625256463922187
0.0040208850671727076
0.0022800753400152593
0.013234760042506285
0.019198109215723645
0.013505907005793403
0.012073360846200951
0.004190199775096575
0.0066277132542137658
0.007133443433981243
0.014917783927862482
0.0066240937200022542
0.014851139774340227
0.019087624312123037
0.001855352262745757
0.022716978577397177
0.0028921335000259506
0.026748481358025756
0.0067421494023646262
0.011039896637817898
0.013072421898299756
0.0048861764663802034
0.01289609999649006
0.014291692419233738
0.0054637845761364833
0.016591730265500881
0.0026936862357326164
0.012489173250580517
0.012523083911020602
0.015096930167122567
0.0038363152979226391
0.0044211768976787384
0.0065666267162229688
0.013771187640650571
0.021388792916363759
0.0038412520045971021
0.0089136991712014686
0.01500961715214204
0.011351599124799435
0.013148478684370768
0.0098596466208310928
0.013110990336748399
0.013073566266085105
0.0067333931068775006
0.011071611517918684
0.014506865456359302
0.013158414351920287
0.001783050138588685
0.013576759231611958
0.015567834022455039
0.015144176065172245
0.010025594847383426
0.0059662852120391371
0.0048148660560792126
0.0089414469956579194
0.0097683725462709616
0.014435200836609057
0.0014252795341690434
0.006472732953157887
0.020915949499972015
0.004410660733361731
0.017638315057922994
0.0035164938434580836
0.0099781790005126457
0.016469059641020904
0.012577211915153208
0.021157422778004649
0.014665286229076943
0.0053257706420311926
0.012124801207496353
0.0099590667674297299
0.025117806492188786
0.0047740294391826711
0.023101604520151336
0.0044133453860860485
0.021218419169224494
0.015888899947330424
0.017826129799449308
0.008223535492215191
0.018582913556811936
0.024570955808954624
0.0077408202884840698
0.009664186780716703
0.0071345968244451658
0.010527530306348338
0.010855915965482155
0.010253128259322862
0.01337045070901814
0.032530650305932864
0.016826456225500375
0.0058247448897761596
0.016423663805950089
0.0078577259916849038
0.011373067319175974
0.022045267134356943
0.0075026844268829013
0.004411268995374985
0.0093721734876820728
0.0092887149339694487
0.0061926145031017633
0.018541298521767658
0.010684984257703161
0.01219347041248561
0.0027546170919236709
0.0065366933689962083
0.023838947841926802
0.0047593505240957562
0.018614494347067714
0.018336597209670621
0.01258740541589768
0.022359133793303541
0.0079194438314548442
0.032232575571137588
0.0062739938919927464
0.0098844097788050103
0.016416600677807085
0.013952608851647334
0.0056601151962287445
0.013822972058762591
0.010840203429207775
0.0092533953443877676
0.026689734173810948
0.017224113053230447
0.0077098708351625691
0.0033476635126317008
0.015429129402457145
0.01312828676655001
0.0094854573138105115
0.0053829624535841189
0.01891787518294593
0.01852460216127564
0.0061091381607179971
0.010953745676897974
0.0033540397712447387
0.00619005414653477
0.01608463855058364
0.021786998654763315
0.0030749237709383273
0.0081794294067300006
0.0058701536203927471
0.0052484303439051545
0.010394977034346423
0.015480609792347342
0.010564170869091413
0.013373167726021248
0.0099577278604918319
0.015981959794109463
0.006455982231807789
0.00052045317277031491
0.012633392714879642
0.0019736647125156459
0.013170142519742771
0.0028061293059716652
0.011271501537813092
0.011363794559711456
0.015103971925375381
0.0031884711579423628
0.0027445264729024661
0.014755528768723571
0.0023279897747390016
0.0090296053303675333
0.0080406650296945791
0.0010399222580284361
0.011347371899761564
0.011427916418207664
0.0075244739066631884
