0.10137604015599246
0.081933239907427957
0.092282883900847587
0.064367915273532375
0.1020679648940048
0.061034197633994793
0.019070532250961274
0.13571851833976947
0.18232756093446248
0.04650061344935439
0.10142001310844294
0.052750152402338893
0.069364771097927602
0.067107672919512668
0.033850165679933611
0.073352079530539543
0.056746387464243112
0.018657816738057338
0.087458767922157357
0.086589665045994579
0.043181474581770601
0.030424570249550739
0.042694812532640805
0.096259078589878991
0.076273019568334197
0.14862249885666409
0.02794097629899335
0.0654260832615641
0.049433081540418686
0.026311492153877951
0.071520632352894811
0.058899180733773066
0.049226909798769973
0.037178462606201966
0.065336339740533267
0.041278944124670557
0.066880174486116467
0.051219913595919174
0.033589469997176227
0.037736580157065797
0.045260572200122876
0.050818466624452642
0.011776476273483622
0.022395431901404042
0.1050053306546269
0.11086753669994256
0.091077785254653529
0.095009218180406182
0.063696392258991083
0.042071508534651691
0.10903807113324462
0.050153947560384132
0.085136005777273718
0.081473537764124651
0.092380872566683106
0.038605792498544469
0.095997676124074199
0.090682252492959331
0.1055568432428188
0.046462631203432109
0.07261836238365961
0.055759345830623946
0.044242059638233577
0.074925856721210021
0.049069030044511908
0.071830594464595207
0.031257222194477727
0.045729513886861931
0.070530657483652795
0.082539670543912952
0.076900034822494481
0.15006614502410925
0.12587640562709981
0.15252082610825018
0.040178223856210192
0.16702519554864315
0.12424494404550895
0.045209426288276948
0.022417798401806199
0.12168657485781439
0.079142719831264488
0.029413915262818571
0.019233677780376799
0.0612215810908237
0.019402354780345243
0.085416075949154111
0.038081172951321206
0.13469176056595689
0.11994123567133806
0.029026295572108604
0.033302555654859053
0.082633492782126214
0.025845469088873509
0.034548970091778729
0.056155919209981024
0.05775665696661033
0.069323451160174548
0.050692741600438858
0.055619492104908679
0.12636277489666881
0.089886291826734466
0.021561216147824826
0.02187999622434194
0.072267481356091734
0.062924974960067159
0.061794271083881941
0.014807550673555403
0.089165819269070162
0.024570884995098585
0.11430822917036378
0.15370448710232473
0.1418535177712518
0.11145601221777361
0.096015228489224572
0.066722430479260256
0.098781742813149775
0.12663879061800065
0.14565571209395617
0.094448502024818567
0.087808322990581195
0.11812941997843281
0.046472781034998238
0.053018632395783173
0.11672498435362286
0.093001646795696308
0.077456427360006241
0.027795374376974588
0.041254143808599854
0.058010060517403067
0.062700758002305651
0.067160567888796804
0.023992036612027198
0.092228639955405187
0.096655001862734707
0.016308345487963383
0.066099559828989615
0.046180289988975776
0.06737016006757314
0.096149134437537004
0.037132458448042797
0.091165992308872956
0.046201282670281008
0.040790552331359399
0.014421987162852931
0.052673940381688281
0.10718428824364763
0.018376069937042685
0.086239972751675206
0.06740298659232484
0.078991158827346808
0.053268037792332759
0.066338962451931369
0.090179264039224202
0.011107732615152334
0.045294065775204
0.10447482496388773
0.0049838117765700057
0.12231311687625221
0.12935333764866128
0.10828642368680828
0.053860971461269613
0.06416437315550523
0.038947235487699128
0.060017214700198718
0.035219313406648495
0.088416080637135783
0.07781569028370644
0.0749162658334383
0.14296094801552089
0.12452413506850868
0.0023711095362488528
0.14518923633644903
0.017577297144013411
0.0087102553778400857
0.098620053284777423
0.017396567974301152
0.050478177671901728
0.04438478655147475
0.067948836686117842
0.03886966085456893
0.047602883407744552
0.078860797406365854
0.067417113912473708
0.01934651963517011
0.061581892042215675
0.048966030289536451
0.086773683621084563
0.039597456264399679
0.035525395301215228
0.051231125959734863
0.020048115627662288
0.052060635867227263
0.11233352978538244
0.043860699408275784
0.11077161883578016
0.071186883076223298
0.047905671821675863
0.022402360640483891
0.032665638837872345
0.099579677959213117
0.093939893521865978
0.062536675574569517
