0.084567010205214149
0.08580525231152146
0.047159617758984834
0.083208684992539209
0.0050385687022867272
0.073096196515927317
0.075829854840736607
0.040996543254622875
0.04220190240810117
0.1114896894812136
0.024827125106054282
0.024835847588451657
0.020164656597887534
0.079381215802209387
0.011776289438098171
0.062719571587624673
0.03045846580821996
0.097323306149079428
0.082460549791951582
0.028214881223021241
0.047161035957631499
0.065961745578206429
0.07765128067769117
0.082488305956810185
0.080889519451717976
0.041782568056372524
0.05533696142006142
0.10551193045836714
0.076774373970032006
0.0408329004599512
0.032867193867392466
0.063577580405676973
0.067636714393515832
0.048251478700805858
0.096319237967780497
0.022943954538350856
0.052607662552916781
0.068524474371275332
0.028621846414616244
0.087415459238704071
0.10998863309977433
0.080690545661537924
0.045099978403029289
0.0754296398522631
0.03173209018908732
0.080911176624459694
0.13702010283289537
0.056960985861176712
0.051214322974902596
0.06062180331555124
0.016016341157645966
0.087200773350852828
0.054954139708814395
0.039716978802412789
0.021227351209332921
0.092152374297431477
0.13921452893983677
0.10132468069936343
0.080781953983917507
0.12537504029405741
0.040011139619771159
0.066727940704394959
0.084270360348154952
0.054281601589017334
0.065154976294675052
0.057217186720801005
0.028241098867926803
0.016432500014990404
0.080663776916071531
0.13863686261389219
0.042183450137909084
0.070124638971998013
0.03446390832789667
0.078663135719618874
0.074167283545196402
0.061279710075427894
0.095539565931100537
0.11361663013844174
0.087633611857880614
0.050604179479066022
0.031895193716950251
0.018465909871454151
0.11002769188336872
0.051938133668988043
0.04529760102685261
0.11906230483064963
0.045111056005280349
0.02781395177989588
0.036440956106986395
0.023631635389304771
0.049798618774968939
0.047302455007919186
0.11675575864249829
0.074374942525226473
0.054499957081878894
0.12279287881427331
0.07092097497865843
0.079582208511903757
0.11060748603469869
0.073779979524551814
0.050401655133051636
0.081770800684803094
0.073752236295106868
0.06090334188710568
0.11593361598775845
0.075890397143568822
0.0098452132015085132
0.090252482718539209
0.036894696321917539
0.026231504574972347
0.044270871164846591
0.084214647416928995
0.085162629815291865
0.017414372951638387
0.1143957267714255
0.10632871330477885
0.020286438936375339
0.11782443168444834
0.11463912687193285
0.01619292904663373
0.090455747609980763
0.044913121842358114
0.12572019467600032
0.051601702521588196
0.1032877398410787
0.063542687466332098
0.046731008494629786
0.057529857664846223
0.053372529850437771
0.03430157374680886
0.092571481420140822
0.040012873262798503
0.036285883530962071
0.039597803995680525
0.07438892589151512
0.089607767080612064
0.14761990608567552
0.052370829880287316
0.022584374157610592
0.073056097473606835
0.13878007283899216
0.052272498991465008
0.044303573276750351
0.026177487724485176
0.063082068506959063
0.045627578550501147
0.046893937307057369
0.059315185859408343
0.032428705003290939
0.048827781292386838
0.092856289590812463
0.035752579070806881
0.058214649333999592
0.093725874545080162
0.099573029923652315
0.10215930091303774
0.096320298003994359
0.14736745523865774
0.07167170981827585
0.048693985474647296
0.05657620167416702
0.098144054009561166
0.057455162405977728
0.047861976094423012
0.072583458360523184
0.080016633327375006
0.09017393224552471
0.021090179004720919
0.094304006684253455
0.045605848000633532
0.059379345229045102
0.047245843746976317
0.094580447262057735
0.10965527001122111
0.025981479821917199
0.077406282248460467
0.075361161865252185
0.076655043710781523
0.095296289306518955
0.10483152224593421
0.067854981946776208
0.013808963469881754
0.10479718129620999
0.038144176034721311
0.083033866102478662
0.11152829431479634
0.047858543678694583
0.075208052316897506
0.038314697469592048
0.057057537387536127
0.078182519460896591
0.090793794147343884
0.084485016639722396
0.16741730823845175
0.078803422072770413
0.1211122485362847
0.034615540840134428
0.075908632101180942
0.066034222513070465
0.15309424399587665
0.065932098197887312
0.10301549298815377
