0.021219356341920761
0.045648620448228955
0.033877155148890989
0.031139969641560523
0.041795028509485126
0.0214282985998661
0.039633659605600197
0.025767631921645134
0.064546878783782416
0.001369523087180388
0.0087339199532571431
0.033615593967506421
0.063063616928940427
0.053655027316946421
0.04903720902565345
0.024515813206391755
0.033107862048138557
0.013072293384378838
0.063887134128640707
0.014837250038210972
0.038152157052089561
0.038063169334453015
0.030915694539355776
0.044962902406018683
0.025463728258435323
0.022175410181194535
0.062291779548501645
0.023845335089642802
0.0072860202873269459
0.0039803085839632633
0.032777537571734648
0.025720594572481464
0.033078603279127643
0.022739416546323523
0.021439142276723219
0.036352301072146348
0.0097392313924716742
0.016033525243008228
0.014464036491171259
0.034305046382915858
0.05160095224010447
0.07304855519185674
0.032965920059418063
0.0071802280473436944
0.070555749419519836
0.01480112377076407
0.032374016833695077
0.022813235285604132
0.016806676829013739
0.074860165522357511
0.057032553785803054
0.027969040643334581
0.034278279890727334
0.014467554211871597
0.075703865309591417
0.028630937723035134
0.034682486789953233
0.022953842825608719
0.020484488614904317
0.029362264935193342
0.042705462218825159
0.038479574610654751
0.019282394541559878
0.0046007645824332234
0.035478954077750688
0.046925744690367338
0.039210744704069725
0.030873695970860687
0.026289023126134257
0.020523763689853081
0.072221274400465552
0.022099531665587157
0.036949604451325418
0.039073042646591449
0.031727411528743373
0.015072324478244947
0.062170104157053652
0.022312286640805059
0.041247011920113194
0.014457124276471039
0.037120024576884847
0.03501854911236562
0.019369646641036738
0.031581494680093088
0.0061028406998677974
0.063641964538412227
0.028412656455685342
0.018172205650896903
0.067120198395777084
0.0159994674688291
0.061624648350760619
0.06218151154257863
0.039121383280904774
0.0093104505557626439
0.0067396584796408218
0.04745966807135283
0.015876757099601808
0.03208895883957065
0.0365751727233194
0.02549986285295501
0.024714849632622455
0.0019925199998184501
0.047330639875006686
0.03151200380921345
0.015965370727439344
0.022583895859166876
0.046718933352565335
0.029309160080296697
0.0301218441053538
0.024229075410499762
0.032569375796419581
0.042039394528442055
0.024322017396728027
0.024227341284324185
0.062229231623632718
0.059733931283506028
0.022003253200940757
0.043789214412079516
0.038018860374640071
0.023540922531349647
0.017314853004958816
0.029089783379594718
0.025291648029702369
0.037872209119719127
0.028309886021395839
0.032441900186378832
0.013528775939383701
0.027347960753796596
0.017745652689589067
0.02782566287309917
0.022441813388055839
0.043917799296823476
0.023496928414549017
0.013350577256053204
0.061887003050506685
0.043338647236130172
0.021465404406945294
0.046445272312643109
0.011282034007086718
0.040773547230821661
0.010646392613351681
0.058382470024761053
0.046872503792977506
0.0096373004633455613
0.037012455413116367
0.051123331433772942
0.076694250392676896
0.03163407339503365
0.01446759066886766
0.0052739932513110764
0.025160834233260189
0.018729133578492978
0.045936868610955812
0.017781237174505377
0.039241944364312352
0.037985330052093209
0.036682517290887402
0.031751724286042983
0.036958813678271522
0.042587070442290806
0.012553319213552867
0.0074652828488132733
0.02076381179617803
0.014879709705564792
0.058562492691387219
0.0090275750886423915
0.021716134948091298
0.03169104460194453
0.012875955508448146
0.049998116185853217
0.019312706666076696
0.030583971322101437
0.020973876402929362
0.010528139496768323
0.0055071422651060175
0.046860437287335154
0.051843292021439835
0.02709789427162345
0.016867163386216064
0.033792555400118038
0.011356807170348931
0.037508214297016368
0.057277937305502229
0.047641265731097421
0.036050753531322505
0.038389503107991441
0.043538312342422815
0.035826542894078231
0.0067368253320277899
0.024771193789894345
0.051736446900291652
0.013294207779668782
0.022485449340649447
0.063838956818393189
0.029968814639779646
0.017409602550168352
0.061384822939590411
0.024906677274069398
0.044904045265032846
0.0061996235533592504
0.018662406642090495
0.012980906042465027
