0.032203915916938448
0.019503003237961392
0.056191816961477806
0.033742749085505466
0.017385552081272258
0.049360542880548731
0.033134729536598469
0.015365212727312189
0.043438287964880543
0.0024717238052027698
0.030933949088608501
0.025027317731196645
0.039070149002817224
0.01985898333213847
0.031712070260403145
0.050172907535117092
0.047932799212989215
0.015019641829710993
0.016168065918675621
0.039903837661654916
0.07125403903101267
0.030443317244048976
0.06415945916242545
0.046041415616433115
0.063909308746848317
0.035958379005208874
0.035743792225003908
0.017247842169534375
0.051311904817383507
0.015165707232656487
0.043488890664149689
0.055644281640372772
0.03667078222012328
0.023433847156244338
0.010932770529048648
0.045462665206065858
0.054818683045221722
0.032510961505935139
0.011663673901525458
0.022820831366098304
0.02540380813473635
0.030777682224247992
0.056853796422602777
0.012968452318170067
0.019472189098986327
0.059071419971230769
0.012812929538304737
0.041043066881984717
0.043077663392497495
0.037253554142112698
0.063364595927320147
0.033154450863799673
0.059744241278827895
0.015306380866984158
0.062931486293884675
0.016338450032115381
0.06066992883948405
0.012111057238413221
0.026247114579422547
0.026911439002449133
0.026685556480709832
0.034510159276249522
0.014342491048465477
0.059739628827010387
0.038115764415218828
0.025089563793626084
0.019677045784888637
0.04615629769667047
0.0080438419994296583
0.03226222245682725
0.03550575931120812
0.045180610721828149
0.011020684740829602
0.04338271879909051
0.043236729958536578
0.036614530380782481
0.042028849011520424
0.039364995791250232
0.032415821828913588
0.017496242213050087
0.052646252684140742
0.041737598503209974
0.0056098063830368116
0.014916374914651283
0.044778308985263006
0.013040298115140228
0.026106927474832682
0.032407253597036972
0.016095753907079419
0.019545401462250166
0.041515995827545109
0.016415404394123419
0.056601527192359009
0.023711298025764396
0.012571204534471279
0.018114558464765097
0.012707553876288646
0.021498635488030132
0.021272898669943967
0.040134096429599253
0.012803239692257674
0.028818354468640794
0.039416573900285405
0.024983415798433734
0.043593642003371763
0.007154594131018736
0.016919230247776824
0.015209347848514488
0.016834445024383679
0.036318416468351086
0.058912971477583481
0.011081809276478864
0.013773544365770931
0.027934240581358395
0.032111914272570957
0.030337520690206801
0.022283147607342357
0.043188472034317325
0.02094504774972283
0.046728057543789996
0.041027795621812038
0.015187460402152445
0.034367915842461641
0.031437864390896547
0.054767134722318485
0.027817465338727896
0.042227357080234861
0.03270927008382233
0.032233114305697849
0.015326066055689562
0.039285758466412038
0.028852423918579582
0.021109559889256672
0.033841832708779697
0.0076284759697648899
0.026314079176718026
0.036272425279248489
0.024981525758620959
0.028495855103630743
0.027939476319134678
0.021279633664841778
0.068273602747042569
0.029764775512164002
0.021770725825312472
0.016815741694125023
0.017697539440425399
0.046183923471603383
0.025143673155350717
0.02658384182162209
0.011797532467391049
0.012311833141433026
0.013684243912204975
0.016693731836802908
0.02540907893079529
0.033058600861674586
0.033410547881341186
0.0076670885984792339
0.054495591183127405
0.060585264090611844
0.018108344533999371
0.04097761180173904
0.01661358562907899
0.029472072516356241
0.034623061984717665
0.011589296184098425
0.016076857078780121
0.033151070798323572
0.024074062886346073
0.034510768668128647
0.027517581265097679
0.051919708946752019
0.027311896792794159
0.0080497751844873667
0.032702245827228318
0.032561176113586367
0.010024601825396497
0.012696973174826187
0.010577316902633116
0.048849433655023262
0.034544680136162777
0.043814295391886034
0.028871856771861399
0.019221811785865746
0.038136387588178562
0.054387579260712166
0.052618494648522571
0.01268157229435566
0.031932107920145197
0.0066480758048092954
0.027022292940468623
0.036161219493350716
0.03254341796031418
0.034619521477901469
0.020983094356651813
0.022978577511974702
0.042687598337130067
0.044864296429664233
0.029599954016368415
0.033277805402470849
0.025668936105528953
0.010148714673336615
0.023353491102220514
