0.032349685031153326
0.0043149798366835333
0.0188897361129883
0.0094856595162215607
0.024279605182666569
0.019746952696460169
0.013641734288637176
0.027658033867077544
0.0037068578951990499
0.016254402772127759
0.035017911320451789
0.020674458005442133
0.034525917685682167
0.015110414896936184
0.017503238840776671
0.0084234412499959062
0.027735448759772532
0.015432184916985017
0.031740515961687699
0.016665058103075371
0.022953710142286584
0.038938680313616719
0.028418792557890697
0.032450283117431963
0.02090040156367293
0.010641725816404421
0.015812574453051915
0.0101892239081979
0.017329097617701336
0.0069310379782359386
0.027819012241333336
0.020573915994244393
0.027593572901439566
0.012812215269715948
0.016743250563209643
0.030980795055654414
0.026641103609461345
0.013980674321874062
0.021730653645840831
0.010796883827996642
0.015883519612041316
0.018240277574177996
0.0177667834811281
0.021318459873623536
0.019836824617870695
0.016632046246204006
0.033355398438073863
0.0064676552010808144
0.019069054932381077
0.022119546648007603
0.0072106626639924561
0.022800091043083857
0.0045445476895827862
0.018554775372870182
0.012243430473452532
0.0050939766784732412
0.013206614900334026
0.017092120732320356
0.0045171530971109238
0.010981941773598382
0.0024431737420175566
0.036120651385993609
0.018881435294299392
0.015472338315043809
0.015182679063390152
0.027232418827441467
0.034551521345129968
0.016492340457656518
0.015364233131452892
0.025339081222538185
0.038055738752003056
0.033048724126783904
0.025420091916884047
0.038417760117766937
0.029311701323899115
0.020221123273239765
0.0078619770283375728
0.027463940786163096
0.026469665437986987
0.038439776475156943
0.0072869699293612389
0.021566394811749951
0.0076918775997361225
0.034909316262634243
0.012934384505314049
0.021195530682294881
0.017665815871701102
0.0065021216735287454
0.015380959792659892
0.035664763552455778
0.022568243703971015
0.010476822302158724
0.035403488289119669
0.041113971008627861
0.015252408348334728
0.034914858533458187
0.0202874582092471
0.017334068008903608
0.014555553472902973
0.0084403401668252231
0.032627249628194847
0.040902402927649351
0.010397116801472173
0.0099932455028694852
0.030477446075768494
0.022810171947361683
0.035927331229370287
0.0039856487209318711
0.0078940078569269909
0.035434632269775161
0.013721978681135333
0.050827085198441188
0.024241510393214875
0.030161183535809967
0.0041064021167488904
0.021466615669932188
0.024355570085135579
0.033479543598075992
0.013284321556650549
0.018414573347784464
0.01734675150324699
0.016373098385941004
0.045557538646240466
0.0067172116701498486
0.023886841826777187
0.026149087957808039
0.01968559083628323
0.015058445589865984
0.026001811617084654
0.018813895667285779
0.015998885993407094
0.03365691519699484
0.017935517983651939
0.01678936908912387
0.033340202059552224
0.015302181952880212
0.036543292568025944
0.0062030099999579912
0.012348634818449057
0.033180017751812028
0.015760614571554858
0.0083617403504040993
0.0093986211198030401
0.029151463620875083
0.0061046986152575146
0.010212103912949112
0.015873152199794977
0.039341869552671972
0.024709486140678118
0.033027743783681361
0.024560367816772712
0.030819168587005379
0.0081797650343957799
0.017219655660429208
0.026452513354868007
0.024170068525621799
0.0039954936050851835
0.014446739002634469
0.014816352802135774
0.012685045866504851
0.0080113518681447261
0.0039024465428009036
0.0089496752410358274
0.028037912096213608
0.023553512377126565
0.022161134102425747
0.029715406526895142
0.021749568085381782
0.033030669940364452
0.026748728373769518
0.020154645740854907
0.0091285538111202293
0.011707044837762352
0.0063447330076452559
0.011890538719685706
0.029543095214776081
0.041196588260447899
0.028243574957029335
0.028811820130287102
0.02401535265397662
0.015767503425553487
0.007558131565762541
0.03889399535640238
0.023488175619936789
0.0065658745995703467
0.009041106157629264
0.040948809892960111
0.030425212386071578
0.019857415069234562
0.013310856628588807
0.019161042142385183
0.01930202190538062
0.008063265661323097
0.025446030990832511
0.017595903050711275
0.011485321948118958
0.023000530087720131
0.0029914901886454468
0.019326190281103529
0.024269049374263996
0.032769789781680728
0.037466861616708744
