0.01995145991268216
0.017615840826116166
0.03321407571078424
0.014292011583944025
0.0082444872940057798
0.016550480415272611
0.011715016729888571
0.021477316091854586
0.011070666019562948
0.016718482068203269
0.0092528208314208524
0.0093865027465748572
0.0029460284901100648
0.017748645834434338
0.0033536940236416997
0.01288605545676753
0.0095692243280867187
0.0078579510775977288
0.027240597956474294
0.0034030938032847662
0.019005548957231361
0.020305633001398482
0.049285152052003386
0.039040991587115617
0.015756582288652624
0.032874405298699082
0.020367370846411829
0.021350239972763526
0.026411196742439743
0.0080683634414245621
0.027190594987421438
0.018222261600845818
0.017262757875515043
0.031017517488929877
0.0074890503457277499
0.014292024646275341
0.015701268013821039
0.025353462111541564
0.019849875483219849
0.024453011046850853
0.024509464506476064
0.040042977203320333
0.025961911579963665
0.043826376753649067
0.016359998581531886
0.008275937045535935
0.022834939169748682
0.023109443844494926
0.014601427032055761
0.025049603568419447
0.0063278262054258395
0.04582136578660409
0.014922724909589269
0.017325209119336691
0.017913070679890009
0.012936832369007811
0.016929327965130123
0.015125626451721377
0.021374147606705373
0.036706153758737474
0.025456714747791837
0.024593807599175666
0.024743942764485684
0.0096670723746242054
0.02219495701099199
0.016481863641667649
0.018315014003068886
0.014000909621409865
0.0382801973351155
0.008236325972050455
0.029966509191484851
0.020167598179350245
0.024034389251826108
0.014743929772181403
0.018550548392385381
0.016395666136135439
0.023068358181940911
0.019993026862680487
0.027495370621010404
0.035230776324386447
0.032074587687722027
0.031260725759187986
0.011713208361608088
0.011355134193286417
0.039309153128987667
0.0095606747227329394
0.0086847017417767975
0.010043899968703075
0.016764951912050435
0.026440121375165514
0.023087837724423653
0.011129982527778822
0.004605788747406663
0.022811874143376331
0.023625585340204272
0.015764055749777628
0.0071601609205768392
0.019799827741508166
0.014315737640191985
0.019725719841173033
0.023426293948318758
0.040979799244448896
0.016471293424156128
0.005886944037419739
0.015077251775089699
0.026255129465624496
0.013556026933940653
0.040570886480858152
0.01117745844104814
0.0026246635174576424
0.03268374271700545
0.038191207048432617
0.0096017956077855387
0.01433201477404575
0.023443395495499762
0.032226992411491323
0.009519149786414851
0.0063990520475208212
0.018350224284150941
0.041675085340008702
0.019668215151720778
0.024175031114585677
0.054284877673887136
0.0059530001520661565
0.012523869658812151
0.035930921117536672
0.035569540159703823
0.050865778213411539
0.025194152407722561
0.016746624581277316
0.042281980490360992
0.018035453143301492
0.050366940998279985
0.026521893555759801
0.028180348529714232
0.031257084376157297
0.028939538147299014
0.019659363133157994
0.044920845710297738
0.017898340121509676
0.021796348977292511
0.010638942227104485
0.019075003876751408
0.0032250095031289877
0.0086942824628732877
0.0073152356185022258
0.026548978249606451
0.0059348717214842408
0.018104403598281731
0.011215699010778324
0.012596251299580476
0.03174683441892942
0.033230906233908987
0.00084760215080661376
0.030530655207632297
0.012112722170040826
0.013059183970966609
0.024655068982209705
0.023868646545333421
0.01534685818782537
0.026429185668862036
0.015195646907870244
0.013645430986741841
0.023709763004979918
0.0097783874251372478
0.013475946776807199
0.024611149543332253
0.027908764838476503
0.023063229391034508
0.010541073916325729
0.01711843976220731
0.040006840189759946
0.021287622652586751
0.0064959788964802784
0.026420578785479171
0.026910203500573868
0.039785454857824719
0.043620572183801165
0.01283054843145055
0.04235124465078615
0.014764356447093299
0.022591466448278131
0.0047443285619911584
0.035932597394182544
0.031660693460259848
0.017235511823564288
0.0064022748075331908
0.024655336087383142
0.03277875784385266
0.020239753564478349
0.012986356820816761
0.023275137122480107
0.016635885393792529
0.025941441851117901
0.0085503224555674787
0.024992192227902481
0.018745358550682562
0.014972738062043254
0.043405680992286727
0.028280841920503744
0.021641011625760573
0.041278582305866264
