0.98174042842136822
0.9819064293551959
0.98289028529060563
0.98321594297149173
0.98387764747427708
0.97903030501526078
0.98091943164061257
0.98390727456711835
0.982009504974239
0.98166776952877222
0.98231084738100027
0.98087994132700296
0.98471109363274512
0.98553220282952236
0.98176330449181326
0.98286485454229455
0.97728441458985638
0.98282316195589858
0.98210575564233249
0.98316462177086672
0.9813784227816037
0.98112027076543118
0.97811592633887889
0.98642744400499704
0.98457908226813207
0.98210764795402128
0.9851077010765017
0.98255548095437506
0.98285041896242953
0.98614860246183211
0.9865227261727858
0.97779639742901714
0.98421709284200753
0.9842323390837886
0.98266392205743502
0.97616590481754784
0.98442193843959236
0.98171825765675247
0.98427762483946757
0.98248181339514351
0.98069816667314824
0.98144103044491271
0.98033454519136654
0.9806842764272361
0.97654999375067586
0.97818086370975554
0.98087763463658872
0.98330066607761202
0.97992527956665632
0.98696215740949567
0.98470165100724161
0.98304646806380991
0.98452749506761916
0.98345464910260616
0.97848274217778419
0.98149670989710569
0.98398001814032166
0.98194910384488243
0.97103073055353539
0.97193750189367389
0.9827185108692813
0.97427489209192353
0.98398601346883197
0.98531803071363244
0.98226426167914749
0.98285188252538846
0.98580616390026654
0.98184312154883024
0.98506817737200658
0.98488969609318577
0.98281200450266826
0.9834654531020286
0.9808505565103669
0.97692725579904693
0.98589660690774739
0.98105395497906878
0.97792482999553021
0.98666752272886515
0.98544151004930403
0.98123801045312764
0.98555549049482361
0.98813490910140556
0.98508269945651428
0.98348578198376635
0.98543212557309001
0.98395687194479931
0.98007664739898903
0.98142917163449439
0.98347533364015227
0.98483808265509054
0.98444713143295726
0.97988166808725341
0.98596212852545995
0.98177626156877906
0.98521854651969487
0.98326790782327733
0.98744752837357963
0.98255934861695049
0.9843481161113935
0.97889705556613271
0.98295694755402274
0.98139839246908744
0.98326940394280249
0.98126891072432987
0.97586875336534895
0.98244436680016956
0.97964897519996652
0.98298371973440246
0.98404306772645489
0.98385559809330436
0.98221986374011527
0.98729268072346299
0.97750528330815212
0.98382382351564823
0.98461762492262173
0.97964090673827797
0.98527828082942559
0.98339293504669933
0.98193506631984517
0.98246858550463312
0.98604733056649563
0.98478571472095677
0.98363100043462193
0.98384201902469204
0.98371302553969742
0.98297571483275703
0.97964272978949862
0.98188745415012768
0.98116474760499606
0.98109665127228718
0.98313548690467456
0.97929882908602806
0.97708233949331447
0.98128879876602937
0.98046058671442482
0.98293080911028985
0.98564417782140967
0.98382159945060954
0.9844573219859496
0.98069987758447508
0.98113518216497275
0.98268215550829596
0.98515777193405363
0.98666427855599326
0.9835554748805091
0.98260246836382625
0.98123719356508687
0.97922852767344315
0.97943889324506472
0.98403029482508131
0.98451883765032178
0.98016797856523163
0.98155708207566406
0.9779335749228355
0.98370733075278838
0.98611983826808691
0.98473091612675612
0.98237448813150852
0.98500561280624221
0.98492077551297585
0.97893742026263464
0.97890235383691349
0.98245843017299206
0.98525078270470734
0.98647046637838387
0.98300589289782558
0.98434205372550077
0.98326649689408563
0.98376672005629495
0.98396852516097089
0.98246030666502771
0.98201507527668519
0.98352144849094292
0.98689141814624182
0.98604411865234221
0.98039332041607619
0.98156051714693549
0.97620414988057003
0.97906844908270674
0.9775914121159085
0.97915318522231509
0.98389150701101191
0.98084318656541492
0.96947715212762531
0.97628002601745911
0.98278624818034654
0.98326529441463828
0.9791066716416762
0.98208813120029204
0.98312130667596376
0.97925800343620995
0.9838745946759645
0.98330544264664954
0.98257182231448581
0.97603182879535877
0.98469030726562556
0.98178370468526421
0.98098978557259109
0.97873041984356723
0.98000214676331932
0.98170226131892335
0.98153680947714406
