0.97788950945257824
0.97968283338851303
0.97974637628781003
0.97948374067350152
0.98227822592335878
0.9807375212830618
0.97996516002815004
0.98095835284043797
0.98235921205578736
0.9833419019893086
0.98664010249087608
0.98669698366137237
0.97968160098030233
0.98529095171217251
0.98288076585651341
0.97958548390176869
0.98487968314865215
0.97981404591422561
0.98329032666302396
0.97899877208240838
0.97877007287430673
0.97917669061617485
0.97616669161889014
0.97544025144956714
0.98085325612336094
0.98116784009648528
0.97726438976782148
0.98054233260670398
0.97625248088675609
0.9819315685917166
0.98119297240444336
0.98348857727220518
0.98270082383705926
0.98265491817577089
0.98412845308940999
0.98204544696446905
0.97957242300957104
0.98401970451467258
0.98539950558392186
0.98370796132826033
0.9803379524452136
0.98328756924917948
0.98360502193724353
0.98138371371804645
0.9822801956623316
0.98589000286391815
0.98291533691545008
0.98146233960556106
0.9844179494488956
0.98395364844765965
0.98393090184270049
0.97790449073194741
0.9779176621898451
0.98128871136005325
0.98244995264763757
0.98430444377344561
0.98282241635354695
0.98266975933500678
0.98439914137843421
0.98006000884368571
0.98445291064133855
0.98360192427233262
0.98194088264558754
0.98425439185668318
0.9781640795384382
0.9833150667121997
0.98002585299634615
0.98298441603565778
0.98490719968768492
0.98624478190244935
0.98113552185683439
0.98381412194626328
0.98650204724048662
0.98108231032620186
0.97880328902536307
0.98313434782732101
0.98237225936726802
0.97971544332118776
0.97672840577402709
0.98268143051878554
0.98196645793779458
0.98530678048415954
0.98301720117094071
0.98058351015811207
0.98207318536303811
0.98531126162722316
0.98476603038986987
0.98492972387155475
0.98718023197470084
0.98492453771378041
0.98261721652606582
0.98469729736885003
0.98136111504307566
0.98085309799788256
0.97876456888119767
0.98436736377994749
0.98304312301763175
0.98022275337075726
0.97732977965327095
0.98295925546998675
0.97891374864913761
0.98384518718048675
0.98217683203459616
0.98053332913133806
0.97828700233292865
0.9792292543102975
0.9786507157695058
0.98194510649041655
0.986354079432331
0.98438341820144182
0.98372606902406001
0.9824973544814144
0.98306925655436417
0.98843447344479773
0.98084708848024438
0.97755466919690626
0.97761146551836886
0.97999248563261843
0.9788909524799122
0.98598943345368983
0.98323604537240528
0.97923665092513112
0.98097627776154983
0.97546420993882055
0.97905438174747395
0.98226926973344286
0.97887488548411594
0.97804164758081946
0.97899025530739259
0.97957207557231218
0.97835871218611137
0.98120186204384163
0.98127478824354419
0.98371550168120891
0.98127947236923685
0.98202942939279136
0.98332798062833493
0.97952403403269295
0.98045182155845934
0.98451934787375917
0.98273049701675463
0.98321483171297763
0.98321222583473922
0.98281588621454186
0.9847858817011429
0.98003417794538328
0.97977585798208844
0.98192911349030554
0.98522001916197632
0.98108589495563858
0.9791470962847999
0.98371214762131909
0.98437026102452407
0.98155245904200428
0.98222164971795423
0.9839502100790285
0.97998655386415745
0.98250986041833666
0.9792052375305087
0.9821109219730132
0.97945725295471231
0.98167377023144631
0.98391130532268356
0.98340999683776176
0.98000913603944151
0.98417027390794076
0.97745566046141319
0.97367073034336948
0.9770481830972455
0.97462111415496711
0.98194252533663795
0.98306496619871808
0.98366879367541937
0.9832146488772977
0.98002864283296698
0.98017674634131868
0.97786745966865918
0.98268382645771502
0.98041996652581787
0.98099988140898842
0.98041916869191659
0.98098682458092845
0.97934767794796096
0.98059678632299552
0.97969313748543241
0.9814893970590991
0.98107533685991055
0.98056899631116146
0.98216875127223635
0.98501899431110929
0.98337961852022848
0.98263474017183583
0.98471092361468959
0.98353757270014364
0.98270955129313597
0.98173838779134737
0.98397878423509566
0.98544329052688218
0.97890974244289874
0.98325487659061528
0.98511239607227397
0.98464877711847365
