0.36389947395865069
0.2537197574676876
0.40203085183391468
0.29074850963618798
0.25055896613451734
0.25429247079182299
0.189422805145184
0.14754551977752858
0.13550572236725192
0.24366495150404963
0.39687511532790859
0.37149072184925802
0.43262868052914
0.45960864343874336
0.42544543189395617
0.18387312843964379
0.25438670146825215
0.31270544160464425
0.35235366116330008
0.42767572078059252
0.37887963575157813
0.34937954251648501
0.4537209197089499
0.54151942247010076
0.54954521837888137
0.57806480956430795
0.58312580870161934
0.44577641817793967
0.33393327242453058
0.2583539300811617
0.26393627474596648
0.37155508087182609
0.21661064503501748
0.26500604781359632
0.2991086859465088
0.27599771170584286
0.26120511604415603
0.38478705734506935
0.54860344202160172
0.45519628620556229
0.40943483420375337
0.24199982428775682
0.14505607840993157
0.1520153611834982
0.25577733455713442
0.22029718239879104
0.14239380144311412
0.24637984321526407
0.19914284100250831
0.20143972858376782
0.15829174073819857
0.26798355746162494
0.36385937083692743
0.3366264620999686
0.2638478765892453
0.36238358869469939
0.32379640899520651
0.37430990581869694
0.27944482561975703
0.37791001784572675
0.4385715151082295
0.45486057001654406
0.5219464437396385
0.42669908654220284
0.28491271498117693
0.35529314860152245
0.45542925602338274
0.3744468289339008
0.33395813379121331
0.23212717127844684
0.1745692472074708
0.3083055136625934
0.33407761244161699
0.27460447668109644
0.27893007079472432
0.37495769123168321
0.37504916250545584
0.28938287312677119
0.37488458915429818
0.28616707796059759
0.23728512521304024
0.19180950267030289
0.33241847489022502
0.36430665906954773
0.32170421287885564
0.45924562013446002
0.48374386599434144
0.56188240871482809
0.46885677659323954
0.30845384589917407
0.37310895867291144
0.29052017687120191
0.38843360439215613
0.48247434001853917
0.43616329099921763
0.24153572177969554
0.20483507730387032
0.27709063655635968
0.33357679404308765
0.46707361978195316
0.44701244532106155
0.37536569246352114
0.41041632727286476
0.39823777749287531
0.47490518486677163
0.52346133863041933
0.5519223890002416
0.48977065869509195
0.56767191185711907
0.64710570362819153
0.53755307240217876
0.47344560956296777
0.41783719044845052
0.40379179723930542
0.32238037016262494
0.39269989918502296
0.22559249956949157
0.34320526354847847
0.3290745587444856
0.38662341457060379
0.39417143041229552
0.41014164112288265
0.31224625490472901
0.42184112797791296
0.45997259054480993
0.52388395810061505
0.57451427960235335
0.59211052699718314
0.54432617899718005
0.51327256221228046
0.4999235886983639
0.5049655758780951
0.49786680360332464
0.48382322587821647
0.46022139803055578
0.44575861695962948
0.421509647073809
0.45815148446107257
0.40164750193829196
0.44851159490179848
0.54603433210096286
0.45412759358931587
0.46495457887219815
0.48363399188014106
0.28043649069490978
0.29144017721362914
0.32774761204828157
0.37156886196156608
0.32851956241507052
0.25183661452968642
0.22278044426271376
0.24592778012300753
0.18693290360729917
0.24595111750374721
0.14762340142574085
0.15061390572316527
0.1410266234850287
0.15728294697813422
0.13283242026633862
0.30756533010520859
0.31009652466022364
0.49500106258322363
0.39023257003042483
0.31916465739498989
0.42531567924444774
0.3908907103771328
0.39797167423756602
0.38396547639816009
0.41568590756506263
0.30467005869941799
0.24571924053787778
0.19344739808643804
0.34674884533055678
0.33624629657550281
0.34374218163850379
0.31736753699870862
0.25608170512233508
0.37016912765733179
0.29446664344461726
0.30031665355500664
0.27032001742561529
0.20642892400718135
0.21766736486799715
0.19224565761383847
0.37553606020914715
0.40235187970664554
0.42654858150979114
0.41561443547910837
0.24276019365449991
0.30544629833191156
0.36817823844362119
0.58633085772861837
0.53845375371911197
0.55784319789011794
0.53697084130572026
0.51648435102315104
0.48627440582961168
0.52811395118450954
0.56837970579432573
0.49838202573592033
0.50784883867165176
0.59563486349468431
