0.014112064705870762
0.018081092709053618
0.010637462159676725
0.025404676535292294
0.033395325692424427
0.027980753568348962
0.021370947503564539
0.0060420080272240492
0.017323306609443975
0.015953999581853246
0.020809733117994472
0.023793838748832938
0.018326133489708372
0.011511216227185808
0.0064772526873751882
0.010106134577368513
0.025249572241063598
0.032579765588009423
0.043421107732594881
0.013985406426757318
0.016143174504542186
0.013747218378179757
0.023328839955268695
0.0318291784415798
0.022628581887249023
0.017762013292192382
0.020649702153995083
0.021652934371450654
0.0061754427719959443
0.02408163516507868
0.021111256689315232
0.018070100700253017
0.015795533705819223
0.017832769586715723
0.0027337652783292698
0.017241222826279087
0.0022431128209411603
0.016299282536579075
0.020117330012450686
0.0046362000529529155
0.0081787679265611611
0.022394385473736459
0.0056974052616448091
0.028013053257715984
0.026652551944577562
0.025038280335794826
0.03843780716970327
0.0079039574495960319
0.0060555010030808078
0.015038273738480885
0.028320915428427421
0.0017992328628777816
0.015511759728981929
0.012390946989572764
0.0063067927472395154
0.035618457639575975
0.032634972265406445
0.016541497447535383
0.013812411766920293
0.01885847768497808
0.0095950364298038257
0.0090171546656223657
0.012155738170980918
0.033929991451644076
0.018994187282498715
0.010819854498387264
0.020406472459820382
0.014820006292038041
0.027335994642221889
0.016541888779908486
0.042855820524323039
0.015610082214698404
0.023644386687213446
0.0119312693032394
0.019772910505072256
0.02732856577642925
0.018964899217972231
0.013181903562597597
0.021364598960150426
0.0070677766150459079
0.014020787416198112
0.025278229393819043
0.013508300612464386
0.014945060257290059
0.012011007815247388
0.011844382765963933
0.028995507900390446
0.027613185920291824
0.0046386729289202618
0.0064160127798663152
0.0010033448303850127
0.0092561656165033417
0.014211736620963296
0.019741862415683497
0.018706970226530707
0.01615696457446655
0.026738841942367024
0.01055156571921154
0.019449559870754241
0.0096074250436468094
0.02543386748814307
0.01301209341498661
0.0059531855347730615
0.010921719667233402
0.019274819118402203
0.016512447129502193
0.03421451144991329
0.020216964966256114
0.0080237829216448647
0.015580028831197428
0.03125568688345999
0.0088833812749914004
0.012070963841508861
0.018119770768761277
0.020384155278085632
0.029511246458487982
0.024251079730104218
0.0082307064783976834
0.020037773103456984
0.006851400620504336
0.035577919566411757
0.013167631402789898
0.006284386187112607
0.015218774915107753
0.021093874418510499
0.012929751982149374
0.02572444048645172
0.026397014133038018
0.012782458538735646
0.011855877992854277
0.0055602801956561284
0.012107064536220217
0.026308100349483055
0.008046509865601353
0.0092850418833909862
0.024361968967356925
0.014623343790906304
0.011564387203913633
0.020990045042966778
0.032372206826423361
0.023571145484563127
0.01626786722604728
0.033835074537637386
0.028559593495483596
0.0034638506289414554
0.019799558245922052
0.025691074926591971
0.0062468080396381369
0.017492021307337263
0.021433742089296572
0.026579024836997513
0.021678861306476126
0.01867512669005857
0.032173898198617781
0.0034555869482777932
0.014892215252122984
0.024281187631004831
0.0091589589516896577
0.0092419510582537438
0.023132802299787415
0.0093328066782118781
0.0095677814227848792
0.0106752425050768
0.026229711580445198
0.016848860017349098
0.01338003109189082
0.016050328722247938
0.0036891077183468951
0.015864990078316061
0.0043804353293959916
0.022657697717778744
0.031749191116301707
0.010530153213687702
0.04709201533361438
0.022118868564533663
0.016128833685261933
0.017252402316937636
0.010502511435830772
0.018611916389451713
0.01104951357308361
0.022158178077942712
0.026178126628705948
0.018638710724723336
0.025192903758835736
0.013339492576033276
0.018441981362617519
0.012060961252188359
0.01008504940844534
0.014113203836105401
0.033318847571148211
0.020250474561385502
0.0082074272826534612
0.012034099994114365
0.026640246632074316
0.018935447174123061
0.020442741312546458
0.0084762265757708424
0.011389000332518967
0.015948734862331965
0.0084779216924391904
0.0076339543617140182
0.015425915380362891
