0.97930092025115234
0.98402288502539337
0.98620285118480355
0.98451402517579734
0.98402945426419219
0.98714681629693246
0.98819922575309294
0.98961233200086018
0.98793007038274261
0.98878014452976648
0.98960608416622375
0.98552697257570021
0.98216321420618879
0.97894805085132475
0.98303693460986341
0.98014409306958539
0.98423079535422053
0.98085073812999268
0.98755616339354479
0.98392240314905621
0.98112473985809445
0.97868846816906629
0.97925199959367581
0.97480587294559251
0.97635851752006753
0.97818221052807319
0.97626584077884027
0.97534795515472306
0.96940731816972425
0.96457980665783449
0.97688907589534524
0.97726066839575798
0.97539785019573655
0.98164426609065658
0.97803922273408461
0.97803563469259769
0.97752178090430208
0.98013528766509106
0.98301557126395755
0.98280494669631291
0.98087715724727831
0.98277705786624048
0.97994281511318115
0.98045068589738982
0.98316840903533564
0.98351719837991891
0.98155173914788696
0.982022686718933
0.98351186341503427
0.98142543141336591
0.97654143531421067
0.97523801430866819
0.97670080329515629
0.97844073171876589
0.98363592694823454
0.9825361847154459
0.98276207568165064
0.98103920765685682
0.97843519526851042
0.97964583407140893
0.98787768519122687
0.99063164276865356
0.98803381288887271
0.98682498541848496
0.98139300120984674
0.97866481630982771
0.9838956942390048
0.98641365386753999
0.98976651519620173
0.98790320366616091
0.98922958973296715
0.98480175865770569
0.98715668640193588
0.98582467333526802
0.98624926550237058
0.98440591374450348
0.98219664094602399
0.98763376849927909
0.98448498209307722
0.98502782367834751
0.98853948206311726
0.98836632406528357
0.99221161505334055
0.99116512296445058
0.98810822230505824
0.98752933575803503
0.9897354077121544
0.98974818074770954
0.99128180345660633
0.99056807704050198
0.99019427845312491
0.98617883495931036
0.98227222659411417
0.98217149666072034
0.98199561369390043
0.9832212400956426
0.97985284299099806
0.98380203630941798
0.98672963926759438
0.98300716672600541
0.98806106564293017
0.98351704359384717
0.98125891284892552
0.98006922939929175
0.97545514591577287
0.97851096391902825
0.97756390491626577
0.9786718059481555
0.97987883256585429
0.97775450053348889
0.98117012513631818
0.97942174087587552
0.98541489045983188
0.98742291493961398
0.99113575704781764
0.99155060055917965
0.99114726450614277
0.99034568986698779
0.98771350450335393
0.98837839271633032
0.98868055923770193
0.98937473468018933
0.9903474266562271
0.98797484249801515
0.98799481867663608
0.98431867465655409
0.9792390346158244
0.97818060797115236
0.98273726652133975
0.98205980306258389
0.9765260315184443
0.9791760784471415
0.97695843462505749
0.9837283583934513
0.98512461249122241
0.98211713259148026
0.97801527035211167
0.97537454261722412
0.97806952675697634
0.9793434342908901
0.97879946543672391
0.98017107515585356
0.98007742974286405
0.98237269671978189
0.98651242709290088
0.98900292577275051
0.99036397368071627
0.98204661149116501
0.98236701716825525
0.98209982820648334
0.98187919892991782
0.97713485760553376
0.98338615184165923
0.98381208771516004
0.97709146264427316
0.97878360335594417
0.97308512468401798
0.97419099891088268
0.97230082490832237
0.96910547423657301
0.97497989761483062
0.97922630439442326
0.98215519453284339
0.98604181057145979
0.98189011231634038
0.98581524993850123
0.98801043451251325
0.98395575772523913
0.98539516788210957
0.98443899957220582
0.98429097423475975
0.98550659691572651
0.98705556124165639
0.98763290247642199
0.98536112891991245
0.98445954485396181
0.98317686537766047
0.98569267938234773
0.98369587101005551
0.98683254026565947
0.98573546254002131
0.98199886693243321
0.98324702626107663
0.98149522649921506
0.98099985359141662
0.98190784872064796
0.9839945739110959
0.98439757033575803
0.98096654242689718
0.97981224222558327
0.98190663139116829
0.98249719835099525
0.98167917410956262
0.98301705116168991
0.98157282307721183
0.98183372589370344
0.97961594706125965
0.98504681525001725
0.98075390120456141
0.97959659264187704
0.97902657565156692
0.98608471508751117
