0.96812531352154474
0.9687141889891473
0.96206297928862561
0.95888922752035732
0.95865718450697524
0.95268308512701771
0.96028793350777719
0.96383127618252251
0.96873071500522911
0.95362462568142536
0.94243215006349812
0.94026100391617973
0.94517153449218716
0.95154781250502085
0.95008782085035692
0.94742298707861172
0.9581854255880754
0.9630377271066467
0.97614265513609388
0.97592702310748802
0.97825372879518924
0.98238597293127949
0.97847155285011944
0.97869415615081057
0.97454716575833311
0.97582386223797479
0.9672107983311955
0.96791168980862374
0.96952380375958536
0.9589187687109515
0.96145590394424818
0.96454006741055021
0.96450228183590669
0.97272005603247025
0.97309600087243009
0.96861634942932084
0.96208301547886022
0.96002787950415236
0.96009564466316089
0.95925264418496137
0.95843995507989033
0.96015028808667624
0.97553269358244343
0.97726048378849584
0.97555179526655067
0.9793621174186522
0.9845161622657469
0.98235970974163955
0.98161509965663096
0.98723186722352352
0.98428482855137167
0.97723948589909504
0.96978361377763622
0.97006270812626483
0.96835178462782046
0.96499573205032396
0.97067529886764803
0.97020792048390614
0.96619680359193583
0.96552727840690222
0.9667639501915003
0.96795759507968815
0.96717761308373373
0.97425625895330126
0.97333789690349448
0.97791870295082195
0.97582380121122614
0.97378416846253524
0.9720603950943254
0.97238278732794736
0.97092672593407148
0.97697645580435055
0.97804316393583257
0.97810476526871959
0.97892494951906917
0.98468425292654516
0.98635614720677645
0.9862751140705065
0.98266177967643809
0.98291081457810869
0.9838936070034181
0.98011746188038384
0.97815395955777895
0.97275375690250876
0.97439390666398296
0.96503604901911899
0.96096863403582355
0.96149888989315979
0.95256833014996423
0.96103965223476984
0.95318076913744698
0.95868020393405007
0.96093816846819946
0.96760604245968052
0.97602386289563803
0.97539201993241231
0.97393230979803092
0.9828243727001218
0.97931886425089476
0.98086640233669919
0.98030124049627498
0.97763848559159361
0.97954145427221617
0.98255188325322751
0.98151498478953414
0.97691925617306596
0.97504142319841824
0.97933370034432821
0.97558482803971103
0.97945464708404328
0.97559628200830761
0.97240077104684941
0.9817012944222494
0.97837008595259956
0.96983498060275464
0.96675411763185048
0.96440918965214051
0.96328772368477922
0.964100129975483
0.97377100560056162
0.97430356787439554
0.97294703623332468
0.9763800840327036
0.96475345056439743
0.96997666078208666
0.9676308303190323
0.97000244891212106
0.96781572527997151
0.9678914335965707
0.96369990110922243
0.9583833865767234
0.9644102162531647
0.96455755704814705
0.96672766273286925
0.96843989653695706
0.97489673337320526
0.97866249573569553
0.97537253036134319
0.97831157842833505
0.98227263346880478
0.9786624481689572
0.97625343197008352
0.97309790478527403
0.98159653902145794
0.9899301779375923
0.9894574034402458
0.98890048157925337
0.98135443500132991
0.97936492500161432
0.97826119545928991
0.9873946493209812
0.98574825286816947
0.983605991750514
0.98455813714444462
0.9868330293435843
0.98961249728518685
0.99074169311520677
0.98947718508880655
0.98904651065479698
0.98910211375515322
0.98954612535785991
0.98976339711881234
0.98911940273541243
0.98800027715943395
0.98367213474856463
0.98692358976519645
0.99045619882390501
0.98990602330408328
0.98638746160411039
0.98283067305220562
0.98511901479837038
0.98449110259037853
0.98539016989729089
0.98573646770777246
0.98453149582294974
0.9872674256281837
0.98735503152819393
0.98741068980100599
0.98778406308166888
0.98872328364027062
0.98949770989573138
0.98880626038665931
0.98575592869500783
0.98727807172346149
0.98746464600953832
0.98494828786696742
0.98440569337880046
0.97926025120286231
0.97508850038085659
0.97405936007472527
0.97804256937364653
0.97402591845808473
0.97117101065445754
0.96931455312524384
0.97321802279716718
0.97211722505647891
0.97447768216720154
0.97362090827104619
0.97168504591410443
0.97231691949513754
0.97712155532173406
0.97862732156620846
