0.98524710954208727
0.97656939401968323
0.98201529058009318
0.9824004999450936
0.98209013959285696
0.98424723719222396
0.97937186673601684
0.97560871046334074
0.97165575590883635
0.9689968940265633
0.97287174148001354
0.96943654060312323
0.97547842128318485
0.97119765696816662
0.9695494216314986
0.97132222290164194
0.96922242574833273
0.96719978452397393
0.96253328341922328
0.961721032303265
0.96069600075022765
0.96455889509319059
0.96594707955634407
0.96679549913302532
0.96655818257515946
0.96089404616884122
0.96187649627099669
0.963046478531979
0.97297398959108983
0.97060851190743858
0.97517633353955491
0.97622032287936877
0.97186686746182271
0.97217612818586452
0.96428268785158489
0.96500499305468757
0.96068795413566499
0.9655501543866486
0.96645119380408395
0.96534067186061323
0.96900156525056103
0.9784291916670278
0.97955749396911462
0.9848626141676633
0.98705490324445277
0.98578773552847176
0.98611068292571002
0.98495616598263125
0.9855413022409244
0.98915522629780872
0.9882643297960324
0.98577676576587736
0.98767077091903777
0.9863559457067107
0.98596413896076374
0.98182062480978449
0.98257540757274109
0.98022730937554559
0.97680168503958198
0.97541274706368564
0.9756096110646304
0.97708852399275303
0.97234435385248441
0.97456303511656495
0.97079076873769399
0.96688703754845151
0.96786381869813942
0.96146084121002651
0.9601578390634733
0.95897218666163775
0.96800801044390583
0.96782248945594507
0.96203294702229292
0.96449416460673343
0.96284735189704307
0.96568521387795936
0.9633638965034661
0.95581974417679616
0.95817872648684355
0.95328664518198614
0.9457272773715294
0.94971071368413085
0.95145087447923016
0.95341059817546259
0.95222955496439676
0.94950479490734507
0.94462777829630484
0.95731016344481079
0.97211242882687332
0.97601175215291036
0.97751519890567551
0.97029653918729153
0.96644833918971795
0.97372101167628344
0.9768144489592544
0.97716978664722298
0.97966142490022134
0.97981321165657542
0.98006682949520862
0.98105994301229849
0.98238642436458734
0.97998246425868962
0.98152039814170666
0.98356818097909049
0.98737272577951096
0.9858383847929546
0.98387837758421126
0.98671502916314402
0.9847179647058204
0.98450216960818759
0.9854628860078738
0.98356617465585072
0.9820474725591134
0.9824657656214576
0.98373015288817334
0.9774367873804144
0.96862751705211558
0.96573578285507278
0.96404896872036361
0.96734532317425936
0.96682784087212226
0.96056595651575305
0.96657768867972971
0.97380203757374684
0.96842279631336703
0.95813135318505338
0.95134089968433289
0.94754110365690958
0.95010065673876742
0.95518542430048314
0.95873321191123062
0.95090451948642818
0.95725176456426342
0.96076800498490167
0.96234598226379187
0.96579161418586179
0.97325004512276858
0.9734932470275216
0.96856510869568391
0.9708513914530883
0.96741791226690421
0.96937099727225495
0.96567510143306334
0.97050918954864351
0.9690771499582248
0.96741128800758291
0.95814452177278908
0.9661344646669946
0.96418995002626684
0.96109602646831127
0.96817316627847194
0.96178470299894347
0.96941974270048792
0.96923284005188881
0.98299396583637233
0.98653293748426196
0.98612991873198708
0.98867284473122419
0.98723387273978047
0.98530925910936573
0.98074827247665985
0.9853039952221242
0.98459488453127519
0.97811163611811358
0.98046534605491209
0.97756303595141825
0.97702794430853068
0.9708696238682325
0.96754824241935999
0.9686276014244849
0.9752185643580219
0.96893803135596712
0.96142383694247213
0.97454990938001629
0.97678378110691522
0.97819040876999197
0.98023211632222396
0.98196361913825558
0.98095599901878827
0.98377145904073016
0.98432388755644928
0.98434660520728334
0.98277333678877177
0.98400403859662955
0.98392538714469857
0.98858903705861545
0.98496106496427105
0.98727730030190197
0.98880806248195519
0.98564374789864917
0.98470705410996817
0.98223666029162626
0.9803408777920064
0.97377528243916389
0.9751186407077429
0.97912201904599183
0.98398442366284078
0.98543503535824772
0.98473330205209697
0.98519185114386765
0.98702662457579637
0.98423381543472677
