0.6424701110865122
0.68591535953865246
0.70872358681983127
0.72336965741772374
0.73642374368140739
0.65927885560435595
0.66701534356894032
0.78013373299549549
0.72963931170743723
0.69360903703266019
0.71414271280244535
0.71569493950214502
0.70648186741036756
0.7035449824319352
0.72272574371201448
0.7136588246986777
0.74606937572311305
0.70717868104600223
0.65810558297938027
0.62702870215236017
0.68597753503390846
0.75134241898922516
0.74946829299101791
0.74258317953057518
0.707195732554323
0.71278062218914773
0.67836762461553568
0.63081759806874915
0.66501193781666079
0.61804641419278539
0.67668363359991457
0.67324604290398515
0.69527679398240072
0.70574588805960625
0.70061381537964618
0.70129806860415878
0.72520944081981698
0.7533736387471327
0.70718125251597264
0.73505784672154617
0.71484562296758181
0.72070499981709546
0.68932975255905726
0.68043047390069999
0.73093089484209628
0.69268844866935486
0.70917822456640478
0.71439529235016563
0.73921885094678219
0.72045636165745763
0.67079474753218016
0.70516383510510272
0.56624211911319744
0.49364386029345092
0.567639434094799
0.63122848806472553
0.6453631497525546
0.66909059250988867
0.65675900827060951
0.65642957178443806
0.65522891628322311
0.68749883279978985
0.64902825682228371
0.65228054397785407
0.70905015198917154
0.72710004331970501
0.76089360434428399
0.72777487929297913
0.63669122992541805
0.64868167986758252
0.68747742588685934
0.69679012910740035
0.70545352488271817
0.70752011019543137
0.71047921334232922
0.7187151547089522
0.69909681854544403
0.73004857187279115
0.72959699294336944
0.7429949987583343
0.67001530687138422
0.68274787041409735
0.68825682577271607
0.66716877031748445
0.65524745729518441
0.66996853163868186
0.70038723441709261
0.63498233692046957
0.6634474767352958
0.64847798000870438
0.56885730234372323
0.48459874625292576
0.54311313009317941
0.62902086656218892
0.58007429733174243
0.55029599970860787
0.43184894777532479
0.43266742077437309
0.50151505103311189
0.5045301263452201
0.63230801277158999
0.73556364278240238
0.74600109964515138
0.74899425746036996
0.72254529825823843
0.65235898241186918
0.68333932078693649
0.7418033905202468
0.72729403496205625
0.6542981162822713
0.67176132377301423
0.5997761533626863
0.6068834609350835
0.68363141710269648
0.69279977618954902
0.69965240168485121
0.73883687797869657
0.75276178304439523
0.70272384539923238
0.65116655668831869
0.56743393280441068
0.55374583640517661
0.58957413006773907
0.55090074047092707
0.58780890194561386
0.70666133533726616
0.76564688126973035
0.75659106009779031
0.72943116689392307
0.74776908261347874
0.7371791986731594
0.72835389505088954
0.73948179123460878
0.75300744856067403
0.71617701386526067
0.75444275340890299
0.73286315284776782
0.75394040332200707
0.70506062024978666
0.73088545830436613
0.74130462290655752
0.58323136993566937
0.54142612252004518
0.57040692910146873
0.60833085609084159
0.66579306994901777
0.69228315950531494
0.78024951803796139
0.73229447079174337
0.70776701548068233
0.71973053740505055
0.65979970660017195
0.6734569962977216
0.67833583012886078
0.7109932136060928
0.71477188675383263
0.7347852830979138
0.72627714421069101
0.73310826295191411
0.76208008447277109
0.75276847138578595
0.75826909345749582
0.72987935564814999
0.71027945375536827
0.70844498176407344
0.67249354543850337
0.64874907079074451
0.65008148876401561
0.63234056812660078
0.59463390718326425
0.68299925349267565
0.73289198796434196
0.72449609802359694
0.65086067321999341
0.64898713002227781
0.70808352380520923
0.74521312540967777
0.68515905985427039
0.70737967951299918
0.61713271616400012
0.63026894373460307
0.64198842674847145
0.57089125089032233
0.60517088134076102
0.71118449901030911
0.64190001353377624
0.66732928132533553
0.70297848371991334
0.63104922396559937
0.60849769151248645
0.71769711845868589
0.67844863847847559
0.70882489480473543
0.70336412964786477
0.67480542407317146
0.6895523069016023
0.66167121895865888
0.63321401221269846
0.69211404618007955
0.71379876855573532
0.66826830620333089
0.62860906319079979
