0.034852160582258575
0.038352446044249373
0.029612354456195873
0.037582460058413758
0.018121450207489093
0.052675918585952067
0.011373812395244768
0.021994365431286394
0.035591319480642376
0.028606652301609754
0.016309845123967
0.024563483131833912
0.021474406939435167
0.026044689040578037
0.0191089082976721
0.017944821392848344
0.017167923479671287
0.0042571464596965203
0.010520431049291651
0.036372529838727741
0.017051328351685706
0.0050558648498051657
0.0083111957291360783
0.017742394521375465
0.04015457940957589
0.026169003551318678
0.012081835962376242
0.024181297652372268
0.041608351833315571
0.029575963708347423
0.0079714391238866426
0.04002327879499553
0.029292218474904871
0.0051795434341345269
0.0080152485381311585
0.05583170430980261
0.023253861303943756
0.026752087053376634
0.015784503971855535
0.011703850208241067
0.0077514277501643135
0.040559568171401716
0.0067055898099336068
0.0097755209125560145
0.0040646615274714118
0.01851691776413443
0.01602265972908341
0.017761095397314949
0.01306427507303265
0.017541726200145793
0.015103987969631394
0.054417221678665896
0.037403696605911266
0.022270947809113477
0.01093254501510604
0.03713905542774959
0.015530078271397628
0.018581221682667983
0.025595109886872816
0.023662597606595229
0.020768411247580072
0.027185153561750084
0.032291680681588809
0.010435200473664847
0.025628527437874402
0.011406589424147139
0.035400138485702497
0.018166241368497701
0.044006338697452373
0.020614703757054379
0.011579507847808909
0.020945145006452431
0.026592912290383384
0.011232926606212687
0.027026461052513367
0.016419291443135423
0.038086819162698959
0.015593659692459601
0.01921235198677284
0.034600266478348067
0.019475062053835999
0.0070615372132139358
0.025640024931012789
0.039402838605252129
0.018215817916929437
0.02928404764740293
0.007447229200583474
0.0050698620631604982
0.02124469342832782
0.026131417683886785
0.016358580615278406
0.0086946401715119973
0.01016267953472845
0.032054128530074923
0.012401721350391824
0.012410609633821948
0.020553246570579053
0.0077370628184844871
0.0054902034366179605
0.035127922341438016
0.0045926153088337767
0.01140248334791547
0.02505047957434307
0.011697207636399046
0.037682387584479421
0.010114086804004252
0.0068765458073180774
0.012671790379427747
0.023987456736982632
0.057772140066626461
0.016040680980293352
0.018880098450551403
0.029390604426715226
0.011574425347791661
0.03576858408833606
0.028626989853321488
0.038351211653510464
0.031126428854043441
0.004377391989853055
0.016773087392679357
0.020601047131391124
0.020205976929081784
0.0028339398021999616
0.029050042681847479
0.027069171613332079
0.018646639363005764
0.028219133547381939
0.0097668513870335667
0.023287297057408046
0.014978117794626641
0.023227070104161997
0.030363376445267865
0.0071034523703232752
0.030947562647455858
0.051131635296009496
0.019153591152147334
0.016770832286848805
0.0085987222341493749
0.025167987602184895
0.01386189143588013
0.025822966210859357
0.019703298045305316
0.016603732570654818
0.018254501234945233
0.0259990207634988
0.014478239939498224
0.016695049636143548
0.030913408619334462
0.03415876237880882
0.025362119395645106
0.023998028052984215
0.036091808476140581
0.013176245571043934
0.021141658637006663
0.022533313739048259
0.0096474701956260466
0.025842516542982537
0.027042111560080174
0.026562790563158516
0.011070304333533332
0.025754996381442082
0.027957017475568915
0.029319509168015578
0.020540603713963729
0.052975882484154559
0.026127254791374496
0.0042464686277282398
0.024555794123405746
0.02778273238124937
0.024655287636557409
0.023975863431567254
0.0031287965117956515
0.018790243226237142
0.0080877062946809637
0.0043781928242962792
0.010600912434103747
0.015722167056859731
0.029681362606021795
0.012978842478946843
0.028516444954092994
0.0074108600500592293
0.03234679069093932
0.05658988797615392
0.040966048283475547
0.022568981307811091
0.023637944309871785
0.036475667218576535
0.027642464330676221
0.0088547070222780872
0.035846029507420045
0.015733671813526882
0.042749669069795299
0.032625393007862762
0.010985370137861687
0.053715591728605822
0.017735496066769801
0.048966495531946083
0.031545171245458296
0.03566032188599752
0.034085002278984769
0.015937705361796048
0.023105836257650364
