0.01156496932590963
0.0080932302685891352
0.0074023514046345469
0.031642475514006431
0.024540806239193955
0.06187448184490095
0.016406268992788374
0.014358584587385145
0.0063926115177221745
0.020026870920067347
0.039395193308178228
0.012107561478803283
0.024043204558930657
0.023037610283008679
0.010843374279617835
0.0191567869487861
0.017035702418220836
0.025967003736470422
0.0078906578871951252
0.023433618658062594
0.039677083022591833
0.023090554455278803
0.031035520060338679
0.0034708170561934598
0.034058785127835681
0.031230496650315853
0.019930470176850994
0.020226120519048024
0.014570213037813551
0.031917379412101141
0.016758619667059823
0.016572826019273804
0.040991808109620421
0.023104214053150447
0.011856281045592611
0.021317829132414739
0.038379524162027862
0.018680726873234743
0.019570129276906184
0.018552158730521077
0.02579279599145699
0.034291892047219906
0.029367405435943815
0.043415533171992975
0.031985140420018716
0.020646351428129046
0.021727925202209595
0.019265327069617533
0.013568874681966147
0.02829154240215348
0.013383428365331688
0.030089401221178043
0.0073923594347493956
0.011487627535691675
0.031500035639595934
0.008685823019635476
0.023158743841402398
0.011646044236078958
0.0066064263619160625
0.028842587882436602
0.006714060486767595
0.028425660194901069
0.016562747247805664
0.022776531436958635
0.011127407054902134
0.022806037264603445
0.029062119924570959
0.022671214823004163
0.017946254436747928
0.034869151547320988
0.024259627049612664
0.034159412252390622
0.03649543757096927
0.011319335071573058
0.028447164766194011
0.020789304557450244
0.0046469677074010528
0.025517374473059361
0.018601510386925715
0.022090269056867302
0.0078509797276548384
0.035664320383360759
0.015851258362428275
0.041013050268682065
0.017723113653448679
0.012507353022586912
0.012777045512691846
0.023732552160456936
0.011485026555251091
0.015348045558954188
0.014544082813860966
0.014551525285503446
0.032785822451519758
0.030101789391481577
0.0013407670375039059
0.035639759349858885
0.023778878495397504
0.014936218840089617
0.020651117538214976
0.013365513983906289
0.0050415952308437905
0.00946975078135677
0.022056918767423321
0.015477268697029738
0.056253210233379258
0.047369058746711164
0.020653503799441392
0.040491102999304786
0.032272478513879307
0.015611714274748043
0.030009717940092513
0.03264398683187452
0.030333780707454096
0.010933562273449665
0.037495559672494898
0.019398553318101738
0.044378921190690285
0.0059238150909059319
0.016364022833586372
0.037079016476943789
0.051512747529515096
0.0038600441354780337
0.0093485912696785797
0.018273650082639488
0.0036959101531102967
0.0067303278099544641
0.01186424213043584
0.0084434928548801341
0.036571477060904731
0.029763688352612148
0.021170018333424991
0.024240968053679045
0.018622123140586082
0.019219727820094196
0.01043057546940261
0.018052378061015239
0.029249163260301872
0.031061210426331365
0.026803866711624814
0.0095536333081001172
0.019122850223106991
0.012365228287654855
0.041260817845942641
0.00099405599372582231
0.014618440008894076
0.017669888868515476
0.0098101242263282928
0.02447136760060881
0.01860815567996096
0.022307137368012799
0.051654916911844186
0.036147935113624595
0.013871940530975367
0.024318711838316624
0.015349375811810128
0.037636120797081889
0.017131519514862994
0.042835262244517433
0.022359492192378955
0.043693173572583621
0.031552098898888679
0.02846417493727485
0.037276356133379346
0.0063737674961569174
0.03495947306707177
0.028366028722825114
0.02908510310815696
0.014349732943657366
0.031153641547010016
0.032615904183084146
0.024525239123006755
0.011846981583808709
0.038454306749615488
0.015750074589589044
0.015228381603664671
0.012268696329223153
0.046958098586884808
0.023818657568883208
0.019265406976363208
0.035837375230579685
0.028622833225808955
0.016447801761302887
0.03306900219432516
0.026057275167256422
0.022722014089265292
0.016954754155643806
0.024911741414599096
0.024674884088308115
0.037156047836020001
0.024443308515605656
0.022177846717720561
0.037593183702599897
0.015162204864217257
0.02555506759822225
0.046803980182225861
0.010772588878948367
0.037523912758981315
0.017824780991601025
0.013455173684454824
0.030363703832337285
0.02377088104527976
0.0032240387280264302
