0.035501766374863325
0.016058029518960945
0.0082615987422976263
0.049335617576327012
0.035597756021407072
0.039920524639690813
0.011921914164038715
0.030779043928536594
0.0264894950475155
0.029277499638490273
0.01573021945302476
0.035288412157558138
0.017167090380166335
0.044927789505225101
0.0031999680018481532
0.020378323070280424
0.034286702880685825
0.028714802982697584
0.0065492004365246652
0.023371735571945419
0.01098872998092067
0.038485145872594946
0.013360750657398428
0.0068484045353756091
0.013407931270171241
0.035391240256013402
0.021657779344235739
0.004166717155294087
0.009349347953301718
0.002955647650667846
0.012363826597290288
0.035090567217948329
0.01678369161015076
0.021242179865377506
0.035783549635839462
0.012165159436360241
0.016307713529763755
0.023817445825796774
0.038383558868256049
0.026803994748449321
0.024029926685222972
0.020931796872351784
0.01826227714269283
0.021999232379829509
0.013644699307603812
0.018404628698603862
0.0071619620767308682
0.023913628343685472
0.019866603560866201
0.0084128997509521335
0.025660885726412491
0.032691288053302951
0.012854133275191663
0.047877726103366262
0.01599763936808966
0.017537929331442034
0.010336804435944737
0.043583031214374859
0.025003779461320628
0.013381712149882567
0.055903703700575562
0.028999069633344175
0.02441163216423901
0.032524822430457526
0.019487281430565107
0.030317301056544847
0.011735624889374168
0.032167793244662311
0.037771200841261419
0.023611225127578593
0.024199052227895399
0.0083316809914391783
0.012127996078887301
0.0090343591274948173
0.011861065139621449
0.010694025003561376
0.037034214538942636
0.02401424468296845
0.02667215244615926
0.016502998317855233
0.017755443730233456
0.043129754409261041
0.027096847952450955
0.027304790456901054
0.010637482499343199
0.031947963697611048
0.023055136055795761
0.023830217636884459
0.037687935709647041
0.045268466776397592
0.01818154633231641
0.00069664347412351762
0.013746273515538589
0.022663040614323976
0.078844817826933852
0.0075222616851217047
0.017317786066253008
0.013848670586610316
0.019258037863902636
0.027876964034377359
0.017021249584512892
0.030896730218301124
0.030297807918637537
0.024195017102329203
0.039231390677374897
0.018965281711105238
0.01376863495436738
0.031213917822944678
0.0080969028422175696
0.017346847076250865
0.034165620797749117
0.025698931424164871
0.042680842893414554
0.015987154183356434
0.026573460592469646
0.023648643299511735
0.0089433189292251088
0.014488535712399959
0.018786082643327949
0.01129444938904532
0.0097038053587103767
0.012657700832453983
0.043425439769321644
0.021359197382763415
0.021793982188335944
0.03388544059609281
0.0088094540175280116
0.018988531232816457
0.011346450612220641
0.017978530478123724
0.039858600322875651
0.015479441637042736
0.04074725274618482
0.015107041721986233
0.028803834172886091
0.041963254930058917
0.023863470190672687
0.011553715777374182
0.0087412265152020038
0.009521575579814456
0.018243417680704695
0.028159056508000015
0.041988974226671735
0.033708688188803959
0.039183515600227439
0.019599175155268343
0.019353138444554947
0.010825435000935715
0.022655503906240042
0.038232773223864799
0.008401460990054949
0.011343201741880323
0.017505664052631108
0.030596961495729779
0.0078428120696004619
0.026413883843511093
0.026988691001466582
0.02040767148803644
0.055303525916769743
0.015847706485825896
0.023812920872824512
0.047470270970294819
0.040583885126934081
0.026647711509952692
0.02842889352433927
0.028899284971108427
0.031352210517103296
0.03521147053759955
0.010184009153480578
0.013495247519631845
0.037291962841233872
0.01121954604022308
0.014661039340070634
0.018970951986321444
0.026342981551307747
0.02772602159349595
0.013840175236368414
0.019662665804862124
0.025133725658913433
0.021409880862554555
0.011723948637943666
0.024879085995879062
0.0085860043352079442
0.020464800793557072
0.014374241742853691
0.021354875643386034
0.0070563884796618955
0.022766067043345335
0.024077792451597305
0.01307321641866529
0.0035912241099206733
0.023515831072720324
0.021095583043212088
0.035740063465130437
0.014665098459192123
0.011795494731134342
0.0052846529475823918
0.0085850534930470741
0.029961893570152647
0.012113482184118386
0.018452518568337576
0.024743216072270514
