0.036165882938256157
0.013316725020293657
0.0044994902863679329
0.022187641310351575
0.016684711174370776
0.036931744569879577
0.044640444272139597
0.047444252033395085
0.059610638957891704
0.037019341037497613
0.022129850195012738
0.015591160694999922
0.011535921197165249
0.024042852180384874
0.05143053419439355
0.017402574155505671
0.03243960996618616
0.020212438924518249
0.023228668632403256
0.032616152754721246
0.024226130448535846
0.005909793600461395
0.032178113320329077
0.023698623923551574
0.022266125907180828
0.030714977611916095
0.039763002760467563
0.00915541406252556
0.020407506280712941
0.021999601191739722
0.008520891029642895
0.043289616946243503
0.012968236894103851
0.049568066872680026
0.011271578601483669
0.01255588855157746
0.051633839539612224
0.0015197136085108398
0.0073321758849859203
0.013778667911721394
0.029789004090861201
0.028729326289605204
0.016072498172134391
0.010416293585610274
0.0200764282542501
0.032503906244729451
0.015054424372491904
0.015548799823006658
0.023038250336026283
0.022233347434692925
0.029492828856881141
0.021219534871053117
0.021876565511322936
0.0090375872681048124
0.019254271210579876
0.025132093206751221
0.011317126121830124
0.026601510208531007
0.051481698347860885
0.017768270239683515
0.015154095370840497
0.021867380878180773
0.02834424749879183
0.012230304823842441
0.024815676856780912
0.018033776978775746
0.032754559688607597
0.0063089411120726821
0.0040284573853573693
0.041415699765073657
0.0061486119530809224
0.036126625068742875
0.031069947750258526
0.033464146458571924
0.012105540565796996
0.014193314187999902
0.038898125774628395
0.034767145884658804
0.018420918939043792
0.029668882095683208
0.034289936345790861
0.032247127014049547
0.029292079789965626
0.01593370127347131
0.0098912557945102144
0.073058113030848665
0.014484611477396023
0.014454779294924634
0.0076974889361421245
0.017849257904342591
0.036581870467932959
0.018565958902021482
0.034937648542458351
0.019028663940487977
0.049559042249452817
0.022714424549826674
0.018174681587697267
0.024098575013229467
0.0059259798644418511
0.0066663811764389493
0.024009612016454868
0.0071479833421696356
0.043656901740983876
0.03968455570053895
0.0079431426998185211
0.0095756602363952763
0.046144693011519022
0.018599375698401515
0.023280582528108495
0.015778494930683142
0.0083963707536847398
0.0059567895050868236
0.033076631872487758
0.034384446834767705
0.0042750334548355912
0.037098611428905429
0.028190287144935045
0.019734379422621219
0.022605280777070358
0.030291018905464775
0.035827253288164052
0.03016651779604514
0.027035341834243765
0.0093253445592812838
0.014185018552745794
0.023554657506741024
0.012937391607350279
0.0068842554424031017
0.025287816553156799
0.031130318702498171
0.03755989614983795
0.033618325266661114
0.014321003699988278
0.005966335458899419
0.037607036851294504
0.010102662461151241
0.031205985976321297
0.0031486959177469253
0.0087060611932733029
0.030737605797022029
0.026372643711304045
0.040529990219109212
0.024711644850785575
0.024710871083553673
0.041089493417594006
0.040116375795045386
0.021877175575688065
0.020487589235647398
0.018820459843406325
0.030180338281599529
0.0049762420129652023
0.026396657690773279
0.031380613755874032
0.033305563471293542
0.027839267578443204
0.034615214952722746
0.012111370216218338
0.019379096800605483
0.019672259279342866
0.040752070015806351
0.027823324182254871
0.021863453524579392
0.014831036251638931
0.06540141502005424
0.0020031172619264246
0.0054227125297519668
0.0040259296539659744
0.029137879644935621
0.0076174466568300009
0.044260750976380353
0.016952214081094631
0.0088280341832717626
0.0097570463026585164
0.019061839448084254
0.0048546703467158099
0.025544204405025746
0.017015977284508526
0.039670790613923756
0.0044344954655561016
0.018167197704060181
0.028185738539390257
0.026281109472076222
0.012131366345080576
0.023868506094174288
0.024427563698322108
0.049513381745898456
0.025868591517232642
0.019218609922575566
0.046942039466914047
0.038260175757194086
0.024071126520916898
0.037763557245675504
0.048513430066431135
0.020537517594607826
0.019447000016427123
0.028459226147567355
0.013403685901948664
0.047564092393382572
0.024577600252710077
0.037369857876099789
0.0097358945625861462
0.022661025008451914
