0.0082453614563986234
0.0080453677775104235
0.015508328563691881
0.022713288541441334
0.016353871631623041
0.020963772608174547
0.01792440825021558
0.025818463963911846
0.035474889967715459
0.019929878113176466
0.040739278806491967
0.028676749882216645
0.0034352665446707085
0.0039845692692869568
0.016511546896162486
0.02060620373443035
0.02922304709947118
0.027433795861028037
0.018621428684708799
0.022204496444921638
0.0058966189904638405
0.017909752147164875
0.028222824917532131
0.028189873798529028
0.045629644981964548
0.01317405373030456
0.026051696026522755
0.042951448783973396
0.020964592026220065
0.034331231199785775
0.05094568118063094
0.034702786565408449
0.0072091493976013587
0.022908626488235592
0.026045062671873447
0.034397239786928546
0.0212536652477541
0.013796395910345439
0.021109899443812641
0.010612692081869931
0.034282482312054482
0.026438796898352511
0.047613239754958486
0.014889949701471642
0.022962012552810895
0.016350302394019564
0.0029761034968737851
0.021377967251928563
0.01875703857326845
0.015161100788108521
0.010230263414283798
0.01957664373833911
0.036006166617566698
0.003153906539364734
0.029451514097059608
0.049287275858649539
0.0041056144805819489
0.021433033317701047
0.041431260835525126
0.039212726076830288
0.049386233299922748
0.022773444412915435
0.024286468218754572
0.018906690682818833
0.027126035399922973
0.025524707271467977
0.024214643409302333
0.030611004694759057
0.015505903033415728
0.022181249567153311
0.028591534269584783
0.027232261082099116
0.029522218639455224
0.025391292730171815
0.030370443234013913
0.032583753498723285
0.011162232372174712
0.025891818319249273
0.021207208097045939
0.011806879863187717
0.0080441389717474873
0.014747361163302254
0.027097045498574168
0.013970728477484274
0.021873038518277717
0.040253026213987284
0.010389555566011845
0.018815635384703457
0.023705967513810981
0.036035499130214671
0.0088879727988368951
0.018013600679616406
0.027184289800246043
0.029495059628541934
0.015913726077964607
0.015644807146908132
0.038403761879677957
0.023419357012334097
0.022559354540493678
0.0076666743242449894
0.01333721206938767
0.028760830312072799
0.022230112595131059
0.026645092998772459
0.060760271283805754
0.0065459706804288894
0.010277783082021969
0.021765447395793499
0.035245684359857275
0.0039955397504445617
0.019896701809746602
0.040089144087060213
0.0041471167815977684
0.006053485781651451
0.033251340727269277
0.028511531272242194
0.016700791790835796
0.018695984918305025
0.014287502536985148
0.024137251498423978
0.032978607652209231
0.0047844673488814174
0.027878133169691979
0.010257594072848542
0.011392619791781711
0.048450403256233697
0.01753407265644075
0.046351464497370043
0.056162343392488205
0.0091318934114486428
0.0048156515602872669
0.035786053402101128
0.0060335252672239796
0.0058125284530056833
0.017964511724553361
0.017405269408300311
0.024567094478154559
0.02355672493067059
0.024884377490565036
0.037930725689539674
0.0093984457695826529
0.024214574330504009
0.0045882476545281992
0.053265870932340371
0.036376983319957694
0.011131804498631154
0.022181996103307431
0.033966875082800579
0.025634271480817799
0.015636527476366159
0.011089360686876942
0.022599297915781486
0.012432894720005968
0.04802904318253387
0.014089048154255292
0.025538494786561401
0.012282950304730948
0.024430843299134187
0.044407821862185538
0.040618250337207049
0.042970518469730809
0.019214458783878934
0.0099063237882087568
0.011610465645010056
0.026342132808189849
0.040460066770601016
0.024064019435877045
0.014215356145519156
0.017215787545111903
0.02557940277518703
0.027665183741578534
0.032294690958382485
0.010787714900204397
0.062859465663422889
0.0096238109335659138
0.027085134461009391
0.021679761518071324
0.0095795587691613615
0.0076179767300187315
0.0099221439188129472
0.027187146061014401
0.015775948800307926
0.010243097905112995
0.022011747234043234
0.032626909974023142
0.0010179814755742326
0.024060498577036123
0.048016504699199783
0.029671710380966377
0.011442924749539191
0.0094199829748157216
0.034884448131319218
0.034829610329007304
0.017075213479863464
0.026613099502445062
0.041966160820515866
0.0042625192318005833
0.031758428223645135
0.016128200415521748
0.039379104972947804
0.038919287700541823
0.0329689904784485
