0.022805420209597548
0.030218253684614584
0.024738938897928761
0.025135142530907748
0.027956297054521597
0.015462826814568327
0.042266944009272951
0.030361007699855926
0.028651287762088709
0.034262583328932873
0.008484803707672418
0.037157006930952301
0.011429173367731894
0.011632613376016602
0.021407679862504213
0.015749399448782675
0.016630836452702025
0.02505484411876124
0.0076832746271394648
0.036199302082857522
0.0062871954168096699
0.022568261517147581
0.032694366919394452
0.014395327020623119
0.025257576556035954
0.016022579817452077
0.021482738526015441
0.021872784394738772
0.021000551774009862
0.016915498618638093
0.013445536186159573
0.023872618828853377
0.010705060466591067
0.019557692381325709
0.02680444309622116
0.031335272179645754
0.0058137100269495855
0.042674548418373599
0.0081990283663914056
0.018794440759149069
0.036519483852770276
0.015366829525410134
0.040493255123821986
0.052244430126233803
0.014528056066106186
0.014673973148083927
0.0073259886277873623
0.018511562374199212
0.021726475404134103
0.031414762791903375
0.0089557116991798667
0.028125073575697532
0.018930600616837295
0.014108706740984574
0.027910218699842036
0.015211602499680057
0.017045280953621574
0.014262192371552202
0.019118978869906426
0.01038077565241032
0.0063567892263839991
0.0096689692699146856
0.022228043121948982
0.02208881013697557
0.021513009378956782
0.028947286172572473
0.0062925739212717014
0.024224825056920828
0.0215979618525628
0.0066224583116474894
0.023731630387306347
0.023961077512784149
0.038311464972324669
0.013598422952412819
0.016641055713309105
0.011378753239981488
0.021973972579767465
0.030206721629582767
0.0080930436632792868
0.025208091564106617
0.0095470041348427251
0.014560956464786463
0.05777676366276345
0.017788621985638905
0.010909633728592643
0.015469750690567862
0.025946222970287924
0.033058630300926442
0.0091452096123883879
0.0034599530208312152
0.012065408753116433
0.010905444939594056
0.020051708426156147
0.032663488093939187
0.028993785595299526
0.019876499824030953
0.041268787554403608
0.020413406393325138
0.019669798412349195
0.0064404669849033773
0.0032368004461748126
0.030832586407069575
0.029111750776459593
0.018804260403202752
0.033176604418406794
0.0038111143329712274
0.013219920343595468
0.019026504311493959
0.013894208180149591
0.014093394498763279
0.024851210517931398
0.0069192501554913959
0.0094986000322551233
0.012658201228225396
0.01125723582304379
0.025015165770429372
0.02858585069201117
0.022549246665265182
0.034394462240868007
0.009935688105055478
0.0032724407057797269
0.025592128406345133
0.011707543474421407
0.035149361211231293
0.030209950845293779
0.014271688199079176
0.012586895638300245
0.013806802831750722
0.009936882636963006
0.0088054085453810587
0.0077335117215557763
0.020749932236263667
0.0111496513300716
0.010460668306978702
0.01429675237237841
0.014271062786820249
0.0056536767148938783
0.019736287920484718
0.027062098869450175
0.02372292356904598
0.024037693955474195
0.029363703160850605
0.037628292882833571
0.042847194824545284
0.0073445814479315219
0.0070810049313839041
0.020372980592204635
0.013927158557843567
0.038456263193229569
0.021450312286289939
0.024068553981518203
0.031361668168050992
0.025539839139061021
0.023548255086156732
0.019699067662951132
0.020537377735116772
0.009499524720063943
0.005030267631372912
0.012668676449884174
0.028456166879964735
0.037644552632852053
0.024955307535995279
0.0078350582351210622
0.019496970046119833
0.016636532595549675
0.024707358267921035
0.032987934055718426
0.023337986792702981
0.019702155901579484
0.017655932591146558
0.01463509108327371
0.0087362685484941617
0.04999794552527527
0.010489417646865666
0.031502216176242784
0.0068290279539043545
0.016225882161356349
0.016533350250484798
0.029338366716444027
0.0065995749329977706
0.0090904859394499785
0.021552962962917088
0.040131197086473766
0.018573010597765997
0.040496280224678043
0.017214326685959475
0.021354546921872934
0.041225692431178809
0.023389851317485135
0.0033207432351838261
0.0066225839956086151
0.019416847553123506
0.0091036597334079004
0.0029641505280494111
0.00780493321866009
0.033542984549082007
0.019311491708811031
0.028101292171672222
0.0085756953521321528
0.016807719055703635
0.020268673200343274
0.029659976508951538
