0.019201860965881598
0.039888616179494296
0.0078132004264506779
0.037215753480021443
0.038974267600967026
0.011527697930602765
0.019449496796144678
0.036271911238538547
0.046540032208278286
0.017249380073820975
0.030466492103445753
0.02043295070189758
0.0186695404265209
0.0079369376360499989
0.056050844369385448
0.021070406540623844
0.034048961777855713
0.020806100668850348
0.027366589010571714
0.0096476598854854465
0.006844698412012201
0.038353471977163565
0.020902678543044582
0.017964983174054924
0.015363639059857992
0.017281268414785823
0.0030596350210696944
0.0062250281169202665
0.0072392313291370332
0.025953380966153343
0.024996913886503731
0.018745271142906843
0.017624947634883179
0.024775665285664508
0.015908603143280329
0.026828745521618458
0.036452717664988019
0.044116440021975949
0.038171989102187304
0.01999382629296987
0.016644135222471414
0.032074258497283278
0.014242629644286181
0.024978474852472721
0.038256474113654328
0.0083221755266780217
0.030580125006441809
0.035852182731997452
0.0096888921696086407
0.017904566446353878
0.016707874674123643
0.0040889679994812311
0.025987984166004716
0.018727218427376964
0.013316161135711812
0.021774558890341675
0.0098222259406725125
0.012922636008526726
0.042499366882190102
0.020981597596786385
0.042249617877696537
0.0095666008673256017
0.018874934629672841
0.024464036708131156
0.003310263771070522
0.028727940390412605
0.009090634423608324
0.015942654406881206
0.034557584352578177
0.007625491727621031
0.01642395495696632
0.025103977572205703
0.01925978486187576
0.015935380727404785
0.034101275981722114
0.020470928881742328
0.0089831741683592432
0.0082444736388310198
0.015118933577514086
0.030393205381758253
0.013152231736833137
0.022320222030683002
0.017403215741291632
0.029070618363424085
0.012492686732108148
0.023719820635244571
0.010144587655956081
0.0089077722498145748
0.019256832967390992
0.02028577823879282
0.024977399592916904
0.0069536977787722481
0.015886711402913541
0.015418291152715353
0.015513297968461003
0.02334030222276488
0.017105903177220261
0.0058598648290680982
0.03544014736776558
0.02763832947578436
0.029724319948211814
0.0043649506560788694
0.021512232961852572
0.02722799079045906
0.012422634975738889
0.01609363171570628
0.008657293850238135
0.017893333665645071
0.009166023403372206
0.019816506102377267
0.052299295949389826
0.011310542761345816
0.020270281816196053
0.017936510367169024
0.036211114509717875
0.010938315374685431
0.018635272021583382
0.019049974364436305
0.019600332166799468
0.011130892550512963
0.014861798419651098
0.0091305770768952983
0.012018042742158494
0.017055016116697307
0.03444147787843499
0.0064072678058130954
0.019685155750638381
0.023108500950834745
0.01176391141668928
0.014372071856797543
0.027109543357233735
0.003636489594744411
0.040058431342265582
0.0081976617777161018
0.013314630267120594
0.024447520882763769
0.018876828434588926
0.025917701991664276
0.023296686595521768
0.016729612863397143
0.015006314877837776
0.0044318662704075163
0.0048116794702536859
0.022061902064185498
0.035822509165955703
0.039866442769883652
0.046676242985161875
0.01575135571488695
0.0031334262952762452
0.038417815781589246
0.011114959482892926
0.011862478482372478
0.011130003666335306
0.023846726235482403
0.020183364116815299
0.037080785684964514
0.01814610900559261
0.019381932771519617
0.020758941168898506
0.025263917654984536
0.0020910222222024597
0.027333851099184844
0.013400198808830774
0.018271415257405575
0.018015458843359936
0.013666070126438834
0.01682257393043626
0.01013224112129504
0.021355975008190777
0.026606828025927058
0.030415706511032606
0.013509252444958948
0.013307211312192199
0.020647565377238438
0.021152696849528873
0.011483692624226539
0.030195364001592673
0.0060871734613811021
0.022212412825953227
0.025534941756014531
0.0248413578312877
0.0046311837092141714
0.037483150268349953
0.010638728871773806
0.0048613376977566566
0.033334379668255962
0.020354387117586161
0.0081854969880134042
0.020328080190371845
0.036640407827641372
0.019671056527466466
0.0087919515741688159
0.0057967937350852147
0.027159239555771545
0.02251938669534688
0.0074870782150948841
0.027652146457431023
0.030429691811475059
0.02373832831286941
0.021602630811943028
0.025230869781644939
0.0028203903046491109
