0.0042410314475932864
0.0080987565447924927
0.004481292339813819
0.013062788454674009
0.0091411380991020807
0.0083040329720485834
0.0098715436751671479
0.010523979346952959
0.0029058058023835958
0.019985614873565809
0.0033268473588590319
0.0036136162834230342
0.0073364426010685286
0.0062691579888050023
0.0025053332190212501
0.0067024647734849185
0.0025044465364241759
0.010501516415801141
0.0080822095093460375
0.0032090069626892863
0.0093050271040658848
0.002874902604758727
0.014965263560300165
0.0072465761388237383
0.0080297051813500581
0.0055301325688106454
0.0073628255379801413
0.0026235736260785121
0.0028374477020199629
0.011638856706063103
0.0080725430928842209
0.0035013533610622504
0.0052181973379866707
0.0073473534372666578
0.002501701369141717
0.0067708832012102768
0.0032546041167249478
0.00031611377799565604
0.006012328333215038
0.010280980594438376
0.0070351703228895427
0.0052670329906433005
0.017040091571262374
0.011203673289700627
0.0061664444354202538
0.0078021424947275139
0.008152856987302318
0.0061030748618143178
0.01069926940053091
0.011269153402833514
0.0082025227937729747
0.00082739480810395903
0.0034270042944937297
0.0039904483258683399
0.0073230698099446207
0.0022050044499558911
0.0051791051733237389
0.0050357758344645861
0.010908458562040082
0.0092404820011529245
0.0058034206097772384
0.0092562549720075354
0.011992189316628959
0.014764564183774526
0.0018270569063984911
0.011082610640367294
0.010426572185716108
0.0046475454420174594
0.014548904599400132
0.001649147091962768
0.015615590623187781
0.006117939872792898
0.0065810306377785972
0.0081420438725256124
0.0022866679429664936
0.002106632172280719
0.0068788710898070576
0.0032499232858441613
0.010914970481917953
0.010572289085516643
0.0055229822239807377
0.0015684992606120897
0.0092324070686328544
0.0099471900305047479
0.006736871497319637
0.0072855422941479437
0.0031287396832467575
0.0049053589269688596
0.0054739725380336416
0.0032079103940032589
0.0034655537057190692
0.0056127581314410037
0.0058436066318112833
0.0075227410589386078
0.0078883375905685997
0.012175465732269351
0.012806806294470455
0.006929223981579016
0.0090612667873476022
0.0069143767722606789
0.011874188847668084
0.0051891177787470114
0.017363013671890175
0.009321872553536564
0.013521878499667269
0.0055303025013106414
0.0054051420008078294
0.006227672368369316
0.0066247846314726327
0.0038387699503230023
0.011609004082145498
0.0022714845687938192
0.011672243926621825
0.0098926250557251835
0.0017965250249426209
0.010940782897393727
0.0059268592197239721
0.0064859182699834282
0.011925687787828796
0.0027430497462395732
0.015694804501287064
0.01295891177369397
0.0066869274886865631
0.010741028040290868
0.0055896662897105777
0.00376310792170789
0.00344230653163959
0.012210140736488262
0.010717509668859468
0.0073326462070010022
0.011528987696726733
0.00073402244177472485
0.011250901780823918
0.00071493425169479692
0.01128676733076125
0.0081517737874228936
0.0082517577016217106
0.0033608042640628638
0.010398273506026188
0.0035689039658042981
0.0018217203280491998
0.0046728989056794359
0.0090606256165280102
0.0039861561286633025
0.0060632182672517576
0.0091306535810144248
0.0033208781260022379
0.0034597214446225079
0.0056208507315739049
0.011173878838180988
0.0056127625263011349
0.011169224341678193
0.0020542346856068016
0.014803467618403827
0.001772773727989187
0.0081703623993178189
0.004573712804997695
0.0026010124909653289
0.0052858644083513514
0.0094665119331776796
0.0062531172012339807
0.0054404941229896633
0.012397082040170091
0.004422486075231275
0.013719848903970195
0.0066791897863054438
0.013384549375618279
0.0071505862140399494
0.010740995488305477
0.0091251151274153505
0.0070889755113781863
0.0049412680974069059
0.004825707493853971
0.0018619122240520329
0.00025083980014814109
0.0093563273055822845
0.011285873938911469
0.0053866397378682877
0.0097391365639976947
0.010134691984434067
0.0034253346598584426
0.0039543502924201156
0.0065230834095105191
0.0080196639070571705
0.0063204544070364077
0.0085843830486429865
0.0086368517234907682
0.0060413489887664838
0.0052869512386731904
0.010213174355431195
0.0059418662121782538
0.020951079856958179
0.003972370633661083
0.0044549223078707342
0.0097821346558522159
0.0094637722898289652
0.0038161019586287971
0.011533516258026148
0.0073861706508886
0.0049020432416318309
0.0072107498958966457
0.0061666349120743985
