0.011451411379097326
0.011810462348243568
0.0050423505148862596
0.010084240348318866
0.0052765191908151496
0.0075077747585181979
0.0053077369278872423
0.0054781581218542215
0.012304860177561683
0.0095197829167106632
0.016830773850213247
0.006739312984013035
0.0088756792344518564
0.010287842099301538
0.006629916054333689
0.0082660468444456358
0.0079052519920700132
0.0053377686255387993
0.01468162905492176
0.016439571021582142
0.011477846308389012
0.011386742490836077
0.0023259123709061021
0.0019562692182565453
0.0055739570638593137
0.0045947840589743638
0.024918215520091741
0.016122441489180073
0.0075300019524544935
0.01898807363465501
0.0048843389069333333
0.0073428067990459304
0.010593105689610234
0.012457630916077175
0.015403762017308918
0.014305712325780586
0.013668790931226943
0.015962016291010635
0.0052184821801605054
0.012285490643744833
0.013448263885260086
0.0076579529389963234
0.0052297631815308148
0.010104843752886259
0.015801997042243464
0.0031024675912976109
0.007852625263136976
0.0094087693835952987
0.016374807764187344
0.012006886038624756
0.0061224887709488028
0.013945828706104472
0.0035246381535648514
0.011981871114191229
0.0085802922531790539
0.010279546993837834
0.011710070068628923
0.015844246978244363
0.0076435457343063413
0.0037374571022832648
0.012224637531444368
0.011817912991519944
0.017183888392570193
0.0047779129878947569
0.014754075947975842
0.020051905478740532
0.0070422103524517008
0.0060920004799518467
0.016074681995060302
0.009855816383624939
0.0024637618454137942
0.012423413173099087
0.0061613298264588624
0.019823075082626481
0.00072688143033028938
0.0027052537647749408
0.007141031816566357
0.0043628828261037013
0.0093372644643091272
0.0080859185239564244
0.0076285224922898204
0.014289582469048894
0.012472401332235518
0.019875758428232786
0.0098577376194170611
0.016822397918712081
0.0084867938899414637
0.0042083166690017266
0.02404433341264842
0.017908079303076804
0.022806508404901938
0.023415560992370524
0.011179407061537449
0.016048106677219277
0.0094231235576734528
0.013822264622724222
0.011572360840962557
0.012609529663131714
0.0056245607421265284
0.012507885416611349
0.0051929999884028789
0.011696652220134997
0.010479109110779304
0.0098565771151324887
0.0035380549384491557
0.0056656582459904681
0.016238584822038094
0.0068063519522457445
0.013328942357562889
0.0099380639924989949
0.0088641186381808092
0.0085593602528875809
0.010770001535423436
0.015086338989188531
0.0098833752282721475
0.0087852702287259839
0.0080166320972417937
0.0052674702923702684
0.0085175989720332398
0.0016307292237394801
0.0076171210582416486
0.010146284111950381
0.0090208479960487854
0.0061206938551953737
0.013840085350950323
0.005894616460510916
0.0062297592483187333
0.0048219152889110023
0.018215084084653801
0.011487850758340634
0.0045877393596852325
0.010729513043496883
0.0086995679743268484
0.011863443792008335
0.016177172079685709
0.0063002796297596557
0.0093422456278963277
0.010146757146702174
0.0056638016898662409
0.0085960685921167186
0.0066601175057291705
0.0078098076252517299
0.017649351033972624
0.0030895751349246589
0.0097572994610688017
0.01056958617388592
0.0055883865417643026
0.012300392099261117
0.0047401500525006317
0.0051355574674434917
0.017104200382191188
0.011367254067870473
0.0041489394207391353
0.013988767535662854
0.020416281692315921
0.011277901693875761
0.01074284466591866
0.0063539948941455093
0.0043608209192973228
0.010864549759759768
0.0096691574069001588
0.0049900297700459098
0.01273009457935749
0.017489230747105934
0.012237011046033962
0.015639765351218995
0.010567223463185857
0.0038047710734079626
0.0096513102343464344
0.010645074568713081
0.01017802238943104
0.0080244084920430506
0.0072520385683474209
0.0025097070495069609
0.0039717218092199585
0.017792291939422476
0.014328270391651894
0.0098713330292784975
0.013398722391352355
0.001409592029499372
0.0067089534878781174
0.011613879134033868
0.0041898373214909572
0.0047546409949724621
0.0030257903311535091
0.0097204756681822813
0.011816765594246867
0.0070942852681791495
0.012680721527902155
0.0039015311011658025
0.0073449573244593318
0.018970875989440996
0.011230173342227198
0.0086181059710902525
0.0047000396769831445
0.010091579689235365
0.0070029700850973977
0.020003201396160783
0.0077825766608439172
0.012957387448962094
0.0064789560243778375
0.0068813618414086692
