0.0058890999202802548
0.013013052865570441
0.0027771303118384032
0.0021601251265173393
0.0074794840685390813
0.0082205487154264293
0.0052448851977577645
0.008998991650407422
0.015451260876803759
0.0073193386057313478
0.0043212660890574964
0.0089846136839776391
0.0153837605985363
0.015501494703599137
0.01155237868938502
0.021452878261544302
0.006127624228582043
0.0079807098148389714
0.0076047518019662259
0.0047456105580613956
0.019355883302403103
0.0078464190824853574
0.0064807651151609523
0.011733742906119823
0.0077778406314616072
0.0084991937863013421
0.0087371496543949718
0.0060309835579405125
0.021014139088081009
0.0081491706219303101
0.019424390873535074
0.014451087762208045
0.009136406955052797
0.014605929912216545
0.0011792973976206063
0.011835660635859627
0.0062148256433239395
0.020247432119356971
0.0090492520355944014
0.0059132030606067242
0.020102521409558677
0.015112395274131144
0.014407040905483526
0.013654822688827268
0.012658881901406349
0.0095175726800526116
0.0091759750348745055
0.015164744492159465
0.0077121402656579116
0.0077653479031121412
0.01154687260720768
0.01809971592588119
0.0044688303977049662
0.0023500572416329355
0.011980089294906992
0.0069337730166704158
0.0056518926359101478
0.0073601398741143251
0.012304670596564872
0.0046521406973916678
0.0098694065343491195
0.0067870448906767709
0.011413199079945114
0.0051903394540434569
0.0094538339553447755
0.0031270773222705404
0.0075519802809348568
0.0094107799649909632
0.0073706842785415949
0.011200906436299752
0.0083199407362553376
0.0059654854576453144
0.0092313072148120824
0.0088996561083258471
0.0036128954231709406
0.0038768179436411174
0.011747763524465771
0.003634108369054128
0.0051411552690474272
0.0039831834551674631
0.011354929740200279
0.012910827306008855
0.010965276810048353
0.005869071249147294
0.015150371534915762
0.005743051260861806
0.0080849625733111982
0.0097678593975044116
0.0052044694438845279
0.010906983541498626
0.016312175000265147
0.0073967540470966575
0.0086211231176886085
0.016950561809298555
0.0057047962622633836
0.0029247940441693332
0.010166554207815651
0.010534298458933708
0.012765670653914691
0.0070379911985963134
0.006940812692227856
0.0066507973892821742
0.01192087091793393
0.010872677297412552
0.0071194971758984406
0.016869076617737584
0.013083827557907716
0.01515623987960758
0.0064691156841873831
0.0056438959146321577
0.0098387406150370876
0.01136404506209137
0.0063218531449518445
0.0066634406213650355
0.025592922225036265
0.011322764961280337
0.0067568386444611314
0.0067956568217151792
0.009605786938428014
0.0087512986802070359
0.0095693766305257767
0.021847196206768924
0.0072565031416111821
0.015505759975924393
0.0032115870746221354
0.0081359329617386057
0.016070885179344838
0.012756287112231958
0.0052220042977777882
0.015688550726392525
0.010469601945937729
0.011834556993399381
0.004600487208678691
0.0075043316168256855
0.019924965492325118
0.012205490309839997
0.010162571318234585
0.011603203834087427
0.004758107208460924
0.0029257568026055105
0.010309060319679835
0.0078833987627347363
0.019245919038719798
0.011220360397038703
0.017586223550886321
0.0052974650452711092
0.017089227006165223
0.011583482597621228
0.0077221702386193582
0.0056349731977875612
0.0052422961116957763
0.00095143106330605547
0.011298494442347885
0.016363386268351359
0.016324710211432999
0.0049798841090163302
0.012648459280025948
0.0084430888877037851
0.010730861575567185
0.011938437560682115
0.0059024824628986332
0.02319863050848461
0.0041451475434887688
0.010234605790143998
0.0043104979949299873
0.0078574208793786311
0.014460444567571064
0.0090171917816616546
0.0024251377456722396
0.0094809497325264881
0.022982905886098127
0.0012400011597894314
0.012486865527785159
0.0092770783188674075
0.011135473297460705
0.0071661397260443585
0.0035272233394488114
0.013401546431193007
0.0055216353440005819
0.027503078199745502
0.0064675836373104898
0.014213412941568642
0.010905440405793143
0.014870652332106623
0.001499306717883472
0.0016553667176132823
0.00040985923992685491
0.0083898292910832891
0.0073006751697437186
0.019904192163517406
0.0058381293923524535
0.027491225040198627
0.0054370813440895388
0.014312044115565576
0.0083298677604312279
0.0026559305362339409
0.010929164167511739
0.0056896281075626944
0.0087965250317630726
0.0086281240327929498
0.0061055789695275368
0.010140846240243953
