0.0453249280680805
0.013116998181902853
0.006550625727674661
0.029121301528649102
0.029915686193466427
0.017049508090399262
0.023267115761594695
0.012275007956616259
0.0097947536452238516
0.03083219883984039
0.032916354667632021
0.033258231323420241
0.027386798783945388
0.035641130048368878
0.020639416617233404
0.031061265537002336
0.022164882798167383
0.020252589929970127
0.036284037460496431
0.012744795090636014
0.035880425352617137
0.031724795558068453
0.010865020955980111
0.036461570924732026
0.0084095344120026297
0.046361879336255074
0.011322374009070886
0.011942837701954477
0.014465082397833891
0.054786322548580305
0.020649673286551522
0.026289050647025174
0.017099078425552257
0.021854514214633677
0.02520204874343062
0.026026771304484116
0.030262492891209282
0.026005192996869375
0.0099439320028400172
0.0035834560170412044
0.022893432427578308
0.0080111892068928953
0.05464132471748754
0.01484726486819791
0.013858414627609283
0.016254297600733266
0.026497310687335122
0.030635382820357781
0.029964111679089484
0.0036236243500815416
0.026083436647182105
0.0098900162117935737
0.038311566160844981
0.021450146911538071
0.025282733464620486
0.03033348367181634
0.028775202089351241
0.021214620380090157
0.030448035538852683
0.0095233398698326421
0.024969773163500672
0.028470118159404392
0.035437323036763752
0.038214558714758942
0.016236350771204066
0.019833324902882133
0.028938744744162141
0.010839493915009841
0.030528147366744401
0.038557322184342505
0.018231604196217083
0.037248819086401791
0.040655460836672236
0.018870596877667439
0.041975607129501165
0.016908083847736097
0.024371280931561004
0.024542574319954678
0.015349847188748674
0.019744556049984749
0.020204643990037678
0.044277037024376832
0.019321218597501764
0.010619075475143494
0.016430129183188025
0.033048021849836469
0.01851069760071811
0.0097380929060756176
0.017316422939673674
0.017241012490891224
0.022137538803844455
0.0078882484441183415
0.051382899658661704
0.013242036094683475
0.010566258544094239
0.024498740796994666
0.018659389196084054
0.038942513189949783
0.0052772141284108112
0.038308538821964118
0.023588464230057924
0.019969176388376163
0.012822186182497277
0.044186293273699051
0.025471994465450124
0.044671107837274605
0.022287107310795386
0.010211942890256034
0.0040830274142433154
0.0047152499760019367
0.025085390511177159
0.024207422084287934
0.013307681623326441
0.034255380821062872
0.023578462055353008
0.018568542643001857
0.016110965888686098
0.01138304062315401
0.037124884651564834
0.015963112108419275
0.012448440494508255
0.014158087827299565
0.03475274945651903
0.016852620825177807
0.022935799722335573
0.029240018410482405
0.012591020857569891
0.0072613880329555486
0.0043206585207133524
0.015180293462911262
0.022523661910415122
0.021373959477355972
0.016114757825831265
0.040196183756955189
0.0054399341173416186
0.050761839223110283
0.02712755485728495
0.019353141758191153
0.0063138671085318163
0.025716234658944827
0.025501322934521391
0.03326197328907797
0.011234096674201012
0.0087677791481864352
0.016271955533113371
0.032323456893820136
0.016471879268118064
0.026127594829460931
0.026981590480563346
0.010345884211375545
0.020053967067456883
0.042057178591120181
0.0046274470189042963
0.052949021113708999
0.048888478867058237
0.020966059369116066
0.016860471398183714
0.037782171882640006
0.055598637140677296
0.032558838758684587
0.025876312496349904
0.028697105266141117
0.018520664592628553
0.015812185533407633
0.031385024171830214
0.016458730836473198
0.05019492545029261
0.025140969078749999
0.014759361191089677
0.014076081582472696
0.030425826159614585
0.020756689451769696
0.012332918416304251
0.018810355459582113
0.018896892392936245
0.016384276268371495
0.019733342203984761
0.0030734508722408431
0.022921523031773978
0.020217790272586616
0.029635120547855647
0.018336639833505877
0.047439928264036937
0.026098464159602996
0.019730548941020675
0.050385320051643021
0.021296567899034408
0.011303322189910587
0.015356088960888145
0.008668116214513695
0.022877765809011869
0.037003398095780626
0.053816164067369103
0.013421477298859898
0.028194848809755226
0.029720198388088981
0.018410466961809348
0.023364050800180901
0.018318254112876832
0.0031407256836654403
0.033629572023970392
0.023486341431403462
