0.015194099914256496
0.0032257523219515732
0.015569911484073525
0.018628771419612222
0.040671234789292007
0.027990574566251477
0.013358581355648456
0.032534218485839907
0.017353970879083441
0.025435004646140409
0.026813209064502089
0.037824853142125699
0.034947150194766102
0.031159775532717964
0.013369627792588224
0.022515535553670654
0.020383445191633934
0.040058522418235078
0.034985342616402036
0.036067711278492759
0.024097504092888196
0.011577359160548195
0.0081248806556637066
0.034934330490967926
0.051043230654332528
0.021080549353523752
0.03783342479045184
0.026338751349400218
0.020496264364003241
0.021178990980816697
0.017865779941164582
0.010189375995088257
0.01276732840727241
0.013494598648300183
0.037750815910860977
0.014580298589808513
0.025094347790738655
0.017090128686085178
0.027567579795925175
0.040687097245143244
0.0087730356004418388
0.031661859484984824
0.0066529646025937292
0.027834197404923815
0.013650055201679742
0.019065996230825371
0.00905140233447152
0.02088663902377999
0.029173797088946987
0.017384064750392697
0.02887500845049628
0.022392578263973388
0.015184880606394552
0.01326702339303773
0.010044348137333275
0.008937704848271999
0.01296931254036764
0.013308935059819652
0.015769377537989373
0.019372058997978846
0.039682338451362993
0.047462337318854061
0.03689685263963937
0.025369757734160316
0.035123875864727566
0.024603301378858491
0.042307917777589361
0.024609118680233182
0.018893885316508176
0.0231845056595925
0.02561312274792172
0.012830466515621034
0.007372670796932458
0.016153886858238365
0.031382831295102921
0.025739880965945823
0.032091442207796625
0.0107328616677095
0.013863255305880333
0.0044507724845409494
0.024654850066463094
0.014642289058018678
0.015732466906893297
0.016589877965751249
0.038533552425396293
0.04575725069181634
0.014540204399650853
0.011605630898328868
0.054472608769579323
0.024723905089472205
0.011675061249390897
0.043789253067316555
0.013228892023370931
0.017302457167368019
0.021322220163257025
0.025272377263158067
0.026827713010979391
0.0043777557374398337
0.0342207626278212
0.034615494599470061
0.0088808433182102735
0.03976349182502234
0.027472152822433
0.014599125438107182
0.013308672827027851
0.035574094162849526
0.031580617089732241
0.0071997466563709367
0.023046800403861766
0.027156177170328574
0.012413752537160472
0.028512993249786654
0.021218109584688706
0.020862889770682569
0.027126113203607524
0.01767512463527153
0.008453484886759682
0.032067213434404163
0.0027728724351113896
0.029815761085718314
0.012116893938463762
0.0074532120612234715
0.022693571456784536
0.012719439437320979
0.015511782506774822
0.0089107085508054948
0.012970571313199753
0.026042411657450578
0.02233417365215392
0.023001037652075437
0.019677436681073156
0.019673666894480711
0.015442868717542997
0.012443050916939136
0.030411119353124776
0.024223317057814331
0.0095032526123851203
0.035132566217696649
0.030796939823513409
0.023747893005319116
0.028389027134532126
0.0086992023957293291
0.018828929348245812
0.024951237668712174
0.029935891043674067
0.027403291839350002
0.038024851108000822
0.048822221846241201
0.016910475263460137
0.010217115888206771
0.030268282126000089
0.016912815750683478
0.024196476753042886
0.014009312951380092
0.019876000125721764
0.028454363395824623
0.029253655347948469
0.0010087743846545292
0.024905770020290693
0.01283868882326206
0.027348066880803733
0.059044473646704648
0.019046898727981453
0.0066126919673270123
0.025294276930809413
0.041741824810405961
0.03517347510957558
0.0085703025994403794
0.0050801690555112283
0.056980363762518346
0.014831209972014361
0.023368918376720123
0.027854104290869278
0.023787339441377679
0.025792339333912975
0.029310184451574014
0.042935333368549419
0.019421037096941235
0.024281502571609659
0.0094344878344262192
0.039588951960106089
0.020577782315968421
0.027711936270792183
0.037584589512334135
0.029665190392192387
0.055834017700347911
0.051216329077708844
0.015166100410095796
0.036096824175237269
0.0054047972372017385
0.049500770539123301
0.025055318990876575
0.019314671902208619
0.029881087723871078
0.011449292053903271
0.025140917335399894
0.022531891629161416
0.038273665308891494
0.05944187480039801
0.024446898144619814
0.011379121153343916
0.01936143857388771
