0.017444467504872066
0.050894993760219165
0.0069391915665421439
0.021683834726947501
0.044932842204480287
0.012158283908473524
0.045188252988137188
0.049198349597627117
0.032127668041485459
0.0031336106674455357
0.023725012568969136
0.012649666986432665
0.071014759219249407
0.03588592562128607
0.021858277368348108
0.046332611659741237
0.026059737850871612
0.051492123430980224
0.030884494145994205
0.015084738856991227
0.0060643981531476659
0.036204691794489499
0.013113788997962174
0.024326674137573837
0.015117389994964439
0.044528406855257947
0.023291485177859624
0.026021134638620488
0.024497172982031825
0.0072290644832235787
0.0073494133191449639
0.011170196217610937
0.012191759878826539
0.028275162829504701
0.021346473751176223
0.004980712011276275
0.034230629645294101
0.047158921304657223
0.027568667147202724
0.0048379843162336053
0.03612198304002192
0.02899292142489223
0.029662281188942166
0.0053046191052638948
0.027793004514386925
0.05561224727497318
0.024186544668400183
0.021190865307161872
0.017379939525207735
0.018000075793024782
0.042938928969425229
0.001470301333543231
0.047407177507731865
0.017952131907171549
0.014993631661223014
0.024560160966035097
0.041611464661376663
0.011501208425530082
0.041058171765092376
0.024869615793749914
0.036160819358246797
0.022471608519141043
0.044844447488653794
0.036642303241688219
0.018294176290549521
0.027320438646136921
0.021535673236424299
0.030580068258209039
0.030044839289978285
0.0085786103016201928
0.034456778517321672
0.043926238820698446
0.022126774991988663
0.014552176634125138
0.0072138336079611478
0.041242167767233537
0.032517083101802971
0.025351958669216614
0.034629668585044147
0.014152642431591105
0.013322731506190618
0.028070251058221033
0.0059869961331715914
0.0098810807225585082
0.02225525207233163
0.011110615298872858
0.036860169486703752
0.025636815171012451
0.01630803875335398
0.029187586582751304
0.022175078165059925
0.029528774829392979
0.034393205854713983
0.023982237951638029
0.011124660911722992
0.011637298854219958
0.019054943343020769
0.014399797392889539
0.0399207515768948
0.017407148601652496
0.025988907114692841
0.048589678637884041
0.014098550560528021
0.034023909636468772
0.0048126451198959828
0.02206342234157015
0.047368142564284461
0.02850950624722088
0.02596587097967322
0.013594880238843341
0.049818058473868533
0.013040227134241409
0.034524228152923116
0.025960380965141285
0.027505855112548088
0.0071504758254838513
0.028221072231484123
0.020053695595091445
0.041826195369205094
0.028357252188682548
0.040950312369764548
0.021711867431239946
0.008290573419744424
0.022544309848419843
0.027838373441884522
0.01729059381027297
0.017911355289171767
0.01777360432680088
0.022327987149612632
0.05152842266203516
0.056018856279477378
0.017680003645914696
0.043071361941085629
0.016610124335218166
0.021323590008370141
0.01032360013493271
0.042602725679403736
0.032955271771415107
0.033329849610973794
0.028946613089670406
0.017923191059202957
0.024310716110263551
0.025736414626743902
0.024791857692920059
0.036679348061595222
0.0040920235208073983
0.01020039888108736
0.028832937459516352
0.026726361650351783
0.016705124725889441
0.036804604177862077
0.0093897680513812115
0.012147593236131727
0.023268563999182257
0.025084285210054267
0.0076430854747849448
0.010234549859868937
0.023808419076122949
0.022950146035847222
0.0048007032562775425
0.012602044492188212
0.041304855205026234
0.022581346382622845
0.032263977751231625
0.011787415016816577
0.020704474882057709
0.022444478392213779
0.014841879177845265
0.0061848925378288361
0.036913847651623428
0.021295940374507251
0.034528457065371138
0.022116424620726025
0.042820445635570893
0.018867213741689936
0.035529370623712642
0.012548250022181949
0.042160398750027521
0.023490392681763256
0.024748079981767621
0.023779150172526554
0.010538029706908413
0.0078848728912127644
0.048928233258086436
0.033222213592686275
0.010987788856515357
0.017115336906042482
0.036674200249505205
0.0024403105091894677
0.010525692698493488
0.024746245730433707
0.023465503612546797
0.027626057111269014
0.0055816790386866962
0.010847120469026729
0.027325152619868259
0.015016726355907489
0.025144983174972033
0.045421785594179205
0.014336726200482189
0.012711364212468242
0.019383127526149201
