0.009435614009195523
0.0050869243721433331
0.03868938999928262
0.039387435127761224
0.041235932160885273
0.025027023835308273
0.016426339868899253
0.0035531726325520865
0.053961055895876187
0.039455256198695367
0.018323679932816219
0.050641978485881228
0.024911275350170559
0.018013070153239771
0.0076610427935419655
0.02074182001288348
0.026592311239652801
0.024956657930537945
0.026835968048118723
0.017150468708500895
0.017762036068976358
0.036797780086219499
0.018023743833786587
0.014189130065918251
0.023639312101950995
0.028847632728601004
0.034373873933469537
0.030952661076501048
0.01452194281718092
0.022181721618916475
0.024555491167601171
0.031806012320687173
0.027098439829393181
0.030362452904373893
0.018131490779705717
0.02025818458848902
0.03769496545246219
0.012175377972747642
0.020570114281386945
0.012091901782566647
0.031742743329223444
0.016130206195147115
0.027202661850918294
0.0064769764166377102
0.0085071620499693346
0.02694561371855533
0.010680295331410395
0.04025337989453262
0.024041776605529936
0.036332593497956638
0.0090676111274585903
0.010521839432764808
0.014111923802746855
0.017115164972192412
0.033991268536719625
0.026895714739216058
0.011910342708283349
0.027928953583151422
0.011506554000424603
0.013204733103033068
0.057390046449973448
0.012218373523465923
0.033516784194054475
0.031208441463766255
0.022983830548086431
0.03021761691573804
0.028149592842991733
0.020578545031600087
0.0064878312875686914
0.032683031797858503
0.019702298627276352
0.042629002457801872
0.037177636320449778
0.019738386785601039
0.023047772548924952
0.010782181024952564
0.019166976411702119
0.036073519943424892
0.043296526325605253
0.025365698259646432
0.029050546253262512
0.032727218885800574
0.039378793748415512
0.0197537752244859
0.024845396340982366
0.017691610668823597
0.041153574836006492
0.0089101013639142669
0.018125796271954191
0.02846152563080773
0.039649967498491832
0.0095765973672110889
0.033830179555138534
0.013768739627162754
0.019639882447659705
0.0036250549367660987
0.037997332465815978
0.023785505322747421
0.045252926255712728
0.051708823266485168
0.035666319627607114
0.04750484340322806
0.022410410746023891
0.020834806613996944
0.037244875926991099
0.0010908291287542215
0.04434578139309997
0.020873584021338518
0.030073420864953307
0.014056890352297749
0.041575623415084945
0.047131313983323986
0.014728344463880477
0.023796155468830221
0.0092937966349213898
0.034221101414303269
0.03423516822400776
0.029055492886155901
0.02189684598609578
0.014388070699356022
0.022039976462316431
0.011580886057309758
0.026024961708564092
0.024713354059141622
0.021936917153596837
0.040729104802537504
0.020208213339177591
0.01899376732964889
0.01792530310284628
0.014267750928429941
0.02645894486494486
0.049160900682376593
0.023206954516379139
0.020287818375379092
0.0097852251282909246
0.0099280869410138493
0.037922860798165557
0.033784580934303574
0.034899185734553688
0.016694317561273857
0.025474695714695513
0.022384007274488887
0.0076685823757602078
0.023224553383393399
0.025467179223810199
0.029997763350109001
0.0076520056287648682
0.022185778499230799
0.018804790008615822
0.049794827606645976
0.0096740666360183268
0.03785137193383447
0.03327710346224045
0.020692518118219795
0.038906806208285301
0.0075756262492210538
0.02456427698814085
0.012317032069890235
0.041277128662870519
0.012418324496693131
0.044518384317965558
0.067382940047125001
0.03845487990264615
0.023477320261462258
0.027682037291884745
0.022059689216297761
0.015005494818946398
0.021831478838454821
0.017900900834166782
0.047338195925864385
0.0077051970794998577
0.014294525344489871
0.045638325587379618
0.026482064931374158
0.043984018992162463
0.062119550204767608
0.039300669391727022
0.022385882407364867
0.033721547044024983
0.022698020833921057
0.0041028707320743055
0.026608520295619689
0.010864665969434721
0.014677732772759362
0.030928017600383117
0.031793703773612431
0.019167259199987036
0.041901787475557714
0.043842593921844128
0.019578217877166758
0.026317901681761718
0.025669343895943265
0.029215814968479407
0.044099349296655294
0.04221361822696984
0.007533374539469298
0.026048083411856056
0.016836236148786786
0.019578284530826488
0.0068613543246915706
0.017401506176508933
0.025967597557057631
