0.79331749636907267
0.80886973495231185
0.7959510520738059
0.80341151574927061
0.78859403812195694
0.83462157956097005
0.83083186901593431
0.79667505725796695
0.82099324560206288
0.78996221505843456
0.81189885269997464
0.82653920836587191
0.79043983226828374
0.81140884864654372
0.824634415739249
0.82421312403644453
0.8410652405979846
0.83996815112481593
0.81753045747374442
0.82079967537100629
0.81543557096728314
0.83765089422135119
0.83867890455001448
0.80220811316041529
0.80833827224490484
0.80177926709820735
0.81981269868289275
0.82911799809899178
0.81299996152685583
0.83965610182466921
0.77638493453881607
0.81561865057599692
0.81584696017786762
0.8160645565783714
0.81257305692750459
0.78863497679406636
0.81027616186996476
0.83010194485638378
0.77829511468080981
0.81217509871275106
0.8254870188832325
0.82793408819474856
0.79262461007822915
0.81012264733865313
0.79210401410369569
0.79292289679687211
0.78806528867994652
0.79935565354747051
0.7936166780846553
0.82339557519052953
0.82199056876402299
0.79759089187573196
0.77831996541840165
0.84136087570180607
0.78709383351730899
0.81675656424347232
0.82699003568057128
0.80051196497453159
0.78302730758034012
0.77916434933530865
0.82173138672931378
0.81301750884457347
0.84062733229752296
0.81623009894741827
0.81460708478168209
0.80689820437764459
0.7989976148916611
0.77631805965206246
0.83567152243897003
0.78289755187803611
0.81290294608689928
0.80944435352453958
0.81084503665800356
0.81797508595456936
0.77974928297390567
0.82481304701356262
0.83878504373770191
0.80851310425516187
0.77582269680939864
0.80900236049776053
0.79960192681555542
0.80930194534946875
0.83674007609022982
0.79694818850577431
0.82365834026681217
0.8260449870700951
0.81141356286197197
0.8242588633544321
0.8040255323783958
0.79807572237078717
0.81321075076336002
0.79100942218098591
0.78746501791151824
0.83122705906727246
0.82555211737520962
0.82416738464416317
0.83041371995827451
0.8030674134953707
0.80653933915074405
0.76219963732412344
0.76662967109266367
0.7543384226031371
0.8060450137173627
0.80722389117434512
0.83275521050994861
0.83746488887673609
0.82249001334760452
0.82694422785651633
0.81125962828669196
0.7878912063673319
0.80457621091370013
0.8011454260426113
0.83245317404754859
0.79698694393347636
0.82574454220175475
0.83299809270507952
0.81070193186109107
0.85261947155335671
0.81503657925280981
0.79128412950500993
0.75445051224118487
0.76807852812107158
0.79556115579113729
0.75798337963616269
0.7999335449242051
0.79474906559410574
0.77202050013338586
0.80700747612189916
0.81561581636980773
0.80830598893065209
0.82418321691583218
0.79417008017124535
0.79810466882184072
0.80023480570610128
0.79453723992791503
0.79871969534359488
0.84219789653171861
0.79163287157054474
0.74921681210680902
0.77997146192760214
0.81993348785889242
0.80360934080178636
0.83424973827993554
0.79217864205531752
0.80606087493920253
0.78991577386984291
0.81627894414492763
0.80378306150303735
0.80974292470438536
0.79822403015753018
0.80191870614206029
0.81066737017467572
0.8265308222976121
0.79249644784768569
0.79357648003876891
0.78558310482474669
0.80051516159483327
0.76530803109111412
0.81248779216084499
0.80810502275246476
0.83290784164436238
0.74955524792986905
0.80709999040413327
0.8136848123781889
0.81123423071133172
0.79693127940085584
0.79619176299888839
0.81315937883463063
0.79985686482777962
0.83714278045086032
0.82661824839542808
0.81892410100171353
0.83787367031129256
0.81159506424984251
0.78860734682385891
0.79943695443797924
0.80164750746347746
0.81302093202631287
0.78520357890985482
0.74914018095937263
0.78872780621532002
0.82904739001205019
0.83002423872607745
0.78654038739001619
0.77965732448048952
0.82416424376326158
0.80553481850472641
0.78804175514199493
0.84485155981593962
0.83393905132456159
0.81436004254094452
0.77556392978583333
0.79348837687756291
0.78077791416201037
0.82979293297235457
0.77955052194803187
0.82806172596767003
0.82201549741371338
0.82139886004216833
0.84567236405022084
0.79885269734555653
0.83230186502034398
