0.00032426313637300597
0.010936047619109985
0.011194783834350193
0.0037989423059211912
0.016182805026174925
0.0056782383268392548
0.022687419909039205
0.0091559616285152631
0.003853124566514239
0.015436510528656671
0.0044660110415963824
0.0070503665436399627
0.015267834097608238
0.022179113813474698
0.007385620896561149
0.0038242855779180079
0.022370054711774615
0.0048765807098572938
0.019894202966187192
0.0098237118242778081
0.008171970670394036
0.011350002652842419
0.0072661890736089325
0.012451498825628432
0.012915017625294163
0.021540675569666167
0.0093275694725548208
0.015534980310293123
0.010656818104612692
0.006465427937821476
0.011837985301267603
0.0076400636546469858
0.016735890376062195
0.0051684242464059725
0.0050201091184296845
0.010723703512634087
0.0056680168718846111
0.0074611940965047564
0.011231772519813176
0.0021283331499067793
0.0061206069152866596
0.0035003754587653625
0.0014177644407858605
0.010423737504451705
0.0052516685908710623
0.018906230590740689
0.011139850790492236
0.011215787921021797
0.0042985631380113055
0.011828693137680295
0.0072117044247697187
0.030222259470361026
0.0019255819275667107
0.019946201857545458
0.017441735973138518
0.0048384465693755013
0.012143125842520199
0.020582628921515959
0.0040704017791830223
0.010145079207736033
0.016959077565897346
0.0044113099587133634
0.0056420343903745875
0.017457594251127851
0.012508880384928752
0.0046671474716878433
0.0065267050123835584
0.0097438109523387672
0.018459905552033411
0.015555672830960886
0.014607452703976904
0.02817663399242409
0.0060905579073396087
0.013897432701577069
0.024954511048963176
0.018124429064158232
0.016905157030879057
0.0060959931237260677
0.013274170326397831
0.014391254203182123
0.0062977824866689985
0.011981542603652808
0.019780762224678367
0.018632608693969675
0.0072350770893753816
0.0053847402842029015
0.020656566422935681
0.0053282349964078159
0.0052988688571999117
0.0055110157355790241
0.012492367979926824
0.01061697948715758
0.012273453795510963
0.0094111549240064301
0.013436899651726357
0.0092729313721162873
0.0078898224106695759
0.02115549698766029
0.015828834404547729
0.0088046207531677547
0.019056871724380156
0.0061601022030710641
0.007640844712498953
0.012817226631759708
0.0059606035545059473
0.015754248838022105
0.0057768207644063787
0.012284620777808161
0.014517652057858293
0.0054233185808886175
0.01979520168996958
0.015784057157841265
0.0083153757359370369
0.010662948966219644
0.014986446496567645
0.0042202449277204497
0.0029686006406987957
0.016622895872617709
0.0042509466875416384
0.010442987899403013
0.0078572070422403828
0.015789755660528954
0.0081501196712028944
0.0074266252622363811
0.0089008052277636095
0.0082101252096211056
0.016777568635061076
0.005243518600133547
0.017257396046369333
0.0033058426718843592
0.014381248278995201
0.00787047158221847
0.014259181794111354
0.016640831096421747
0.013709811870516375
0.013795295437943013
0.0099275907724083248
0.014086350383443028
0.016841235833269526
0.0033517520255766527
0.0090837237002579594
0.014268544193422583
0.0083744401222406589
0.0010789527269996118
0.004248179295130947
0.0047544363586187986
0.0094212264034113195
0.017128414957625411
0.013917653886555552
0.012943504398899861
0.0017940198462400539
0.008462629985239405
0.0026779141051344133
0.018102493139930956
0.015301901700913707
0.026309876734248151
0.013345473717196646
0.01046309869969805
0.0092946796802961234
0.0081640931279651028
0.032229491110530903
0.013960932902628485
0.0080273843287001923
0.020143766089391568
0.012881372660424537
0.021274144324028701
0.0087496946763512759
0.014956982257008936
0.01960399815330887
0.010204251764312371
0.0069988628719957185
0.0025800619309319824
0.0034600960341234417
0.010087052764456971
0.0091027685296435502
0.0070109280092139608
0.006395365262795551
0.00099040807470612748
0.01197789242816453
0.0065805829300022572
0.0072288668223973165
0.004819524730337677
0.013165541282464641
0.022049110646325209
0.026501137618159899
0.0016693552505620333
0.0076522073777369522
0.0045310314663225383
0.003365094374912126
0.0049058075669625957
0.017515240266191875
0.010474618733555567
0.013045021378442847
0.015163839115494874
0.0061188356826138929
0.015882074845219953
0.015812663648964036
0.012231445159162248
0.011003448650451232
0.0030540538461691683
0.023102234560286029
0.015984848797611778
