0.024685729972974812
0.020134764839644319
0.037656141345151842
0.0072857851344605186
0.0087220125787344956
0.0065761644104844032
0.032513181195447702
0.033892759756749123
0.02310838466748032
0.020291738998020382
0.024195599417667534
0.023550266046233462
0.015383382936531787
0.018315760488996326
0.028401570677692337
0.019840456061696873
0.025048847211758464
0.018221277046321017
0.020243861157464727
0.0016087569028518875
0.011870910306046339
0.011528223118542284
0.023902823052640083
0.01570891401868053
0.017485231179234083
0.028198015193371732
0.015499718007736569
0.029539080967786308
0.017043163815625453
0.025092593921449344
0.0070060883346692521
0.013977852535177152
0.0026423393270943486
0.018129876780190301
0.037939542498767145
0.017425823776904222
0.029218962976686236
0.016770817438428339
0.015341526354561803
0.016674444232161998
0.018686683668249295
0.0024060211501131705
0.021992231029197198
0.017785611823916938
0.014052442923315846
0.016383118367639869
0.023582485175478323
0.012597117068150216
0.018559071590710789
0.02143467663736515
0.042133183918650431
0.017031071022461094
0.0021814553002626651
0.014205365207428154
0.016664954818512913
0.029988072448015018
0.021104514868267043
0.015833787070440617
0.01708859622367815
0.011744638863605002
0.0028937648969770847
0.024605821770459096
0.01746989396142579
0.024726004082332918
0.008158883498580077
0.024848820190208995
0.022170556403363049
0.033334327041952147
0.019217469438817969
0.019733351791054961
0.031280242482846783
0.034682892897748237
0.019377436284844698
0.013397026996986916
0.0065457894806549835
0.02672680359953886
0.0079366383097638805
0.022670849219185291
0.029936721979513966
0.018956057683393458
0.025862030093506135
0.005392439730567568
0.0077797314831813333
0.035606307606226219
0.01739497755976566
0.0077457911640703104
0.01014676414620257
0.031258596111395753
0.008280863790712769
0.030817788492846606
0.028073262428247606
0.022766139434247951
0.012414526177548357
0.034636280874380816
0.036156685053014163
0.0063889234186669478
0.01659084923917822
0.021154838155481727
0.023177579338577906
0.032392910470869382
0.018571455591122152
0.014797962905671242
0.058967668192620476
0.032851493384524311
0.023615121723817245
0.020344894820359286
0.01989403989969795
0.013183107386486103
0.023033799167155582
0.010614673457828601
0.026965609453870418
0.022617198286078485
0.024091221922147639
0.0064093197772419116
0.0087413430655327636
0.0103636416690459
0.012052545744234837
0.0063852463398981641
0.022812371701550829
0.019502280735943473
0.019112482042776501
0.0044822733591901301
0.016350852803080466
0.016247704758099737
0.020672296612455076
0.0031569845467013724
0.023331350976782385
0.024652998484227813
0.0073888710241971616
0.024233440624050345
0.013332116245019232
0.05129013226412478
0.020628330909688904
0.0044912802729711702
0.016247546433224735
0.011110625692503848
0.010093713394294485
0.026538152519791389
0.025923754106644908
0.022411034907011896
0.013409797842547486
0.03308120699406588
0.037044093976132585
0.011691278640163996
0.0066283718698234503
0.019836605777875455
0.018480467053426989
0.030139724993739889
0.0082908987912040238
0.015645322459920643
0.0072765914943670289
0.025155494088965783
0.020817674252602222
0.024264322756544762
0.014028200371057566
0.019087764139286416
0.018539820271311236
0.0074097194809776305
0.025690271748113436
0.038931044686640125
0.0078532432038816869
0.018413821247320005
0.020516669108199593
0.007174885387771556
0.040967734421479822
0.022826411714241098
0.021505564904833439
0.014959109203370602
0.018833884010397407
0.03611287064904576
0.012825916921710118
0.015954082512179737
0.015128442142869417
0.0069127116188215177
0.021750970113293768
0.0048225304916983862
0.034203140061632623
0.034440438791637142
0.017369080023594007
0.031721344771147179
0.005998336639356356
0.01784297317939321
0.017799847477237941
0.015056946517146862
0.011540042452409246
0.0069675269070244208
0.018219330816811829
0.021125458193918843
0.017517013365249502
0.018876222827585748
0.011854069566565017
0.015793606325243795
0.023983959502989257
0.039485529014065726
0.011967647619781552
0.011614443712272342
0.0037898974758425875
0.017082317153540503
0.020823345205289261
0.021190443562576381
0.019411432304840902
0.025729052004912639
