0.0072462151018434836
0.036618526154153175
0.038253340617939842
0.011114236975524964
0.047038927761544627
0.023565442999505144
0.021992110282293875
0.024929149665161826
0.011510926455386587
0.024117194102750886
0.019474474246441741
0.0048036626282291373
0.0016614237843237637
0.03044815621194567
0.021694501671759261
0.064368067724064656
0.052795206899186813
0.047764783529233905
0.049627225223776786
0.03352341682375249
0.044093015505405314
0.031954148264785862
0.041355523579058757
0.058622498944496226
0.039287721588690476
0.043916500749254121
0.037971920163071417
0.031707542016457202
0.054381280632083223
0.024961660001124375
0.040991819425090691
0.048724681354050559
0.021186101326164396
0.056500507162337239
0.018880281168407405
0.045437907358051935
0.015087504672934595
0.044699298809893422
0.019077251285203933
0.076263220478560698
0.025808830497494193
0.006614074211670937
0.017123399140798471
0.041112360382575111
0.013850436393830441
0.013686195728857698
0.016099626621749658
0.060571754574807644
0.041961823925429145
0.061710750799034007
0.059126843146159874
0.015223915120367122
0.0058741836020977135
0.032210802399762109
0.047854599236555509
0.020217654729591007
0.038382617654487847
0.0054413889217528677
0.020316717780733809
0.018457161861895208
0.019721532600178952
0.019492608041100971
0.011071056282702543
0.049853754892001834
0.0096932356771155855
0.077764780049230681
0.024571536164545722
0.049986057563295321
0.041786537687368813
0.036030421659535225
0.034320439331872885
0.026315164509653471
0.023035464140569704
0.01310929465501961
0.017986511508459424
0.050254807322494086
0.046925523104287332
0.028386101899158338
0.023012824632806465
0.039382500459882015
0.03941907126316687
0.013322929859455424
0.047690696746136303
0.046817895833885619
0.014358544755961487
0.015175617050815647
0.035263930069815784
0.034534559096603641
0.020673708093133892
0.016618060879283861
0.067936084232749175
0.03172933484361367
0.024349460145826767
0.065565588690660606
0.015353368257026819
0.027902744909823352
0.011884999681747303
0.046769789139562784
0.032894293877138346
0.022178704376415392
0.021295579812612205
0.045018264792168146
0.055737354805903902
0.043152726416109413
0.049776857542775541
0.044988844997982773
0.01710228380924974
0.030486727536275533
0.032188411594732978
0.02488057672282656
0.017194551743936894
0.04223912356391113
0.035837419780626545
0.045034207712308386
0.041358325823048631
0.011608370625403435
0.022170314815094086
0.07898366387852522
0.01444246683839929
0.0071987357654521118
0.03082671656640041
0.025364592044925759
0.044891427315067969
0.051953582681944457
0.029253654636951888
0.039981819650676896
0.02725359941968843
0.0523441852533384
0.041588474705971323
0.056383217247969741
0.033995931065879219
0.014863826396231407
0.024544906145167342
0.027507401198389226
0.029706506022507417
0.036874586174218363
0.039632888074405327
0.041149343366932135
0.019547591835886367
0.031855574024305729
0.0098246779256868314
0.041227939567146821
0.050136496031847902
0.010117192253792723
0.02454833355646718
0.047164488980751464
0.037055199732760329
0.020303331178508098
0.02986483472616323
0.0059341330576428439
0.043567263432015051
0.013921337713099642
0.02822922096455327
0.076621804097903534
0.018674908787689268
0.061535583197730157
0.04419299870139784
0.062223295751503933
0.038451655959289475
0.051087877273552004
0.05089956689742571
0.018489314737329236
0.072247007580702016
0.053299623930242353
0.030888943333964428
0.033782397786452194
0.012105518242580743
0.03622200420274805
0.067511518925664607
0.050769055017764894
0.041693340334076852
0.043657165974441907
0.034829362217807185
0.021203652231685952
0.037965728175778868
0.028019809174765264
0.059986789921671918
0.022087839228905094
0.056361030297647996
0.014224526380640205
0.031012408454036435
0.041632363952852428
0.044101981231459995
0.038178002370191047
0.019910983420854442
0.037139642588350709
0.063129598415438762
0.040022315418104241
0.015468527831067086
0.029352614561955131
0.044947805623121652
0.061371457584643054
0.026377947758662743
0.033956787516433704
0.030262770893423892
0.076906659899096508
0.039339382550432581
0.024373115719572163
0.023826800386717813
0.015168156563633852
0.029088750263548718
0.027651828111291119
