0.013607775381646186
0.016481126248992929
0.024762205019738755
0.026343157209795385
0.02551860581150173
0.020836027055385772
0.03317757033288158
0.056384211554408467
0.02797968321733316
0.067454734850014644
0.067131572325241959
0.051237525492571274
0.053290000228685817
0.054769216657131817
0.046433300061853901
0.010306741686091254
0.025636752338187865
0.057556633338744258
0.029187887089098696
0.04107049391597898
0.044185933841670098
0.019740060486608452
0.0061319317076517013
0.03250368295888411
0.017563796232765921
0.0058341312984269084
0.042427130035528018
0.053039196945012017
0.047047000155549974
0.035231170174443216
0.049939263093637408
0.043518938407855146
0.051887744224728749
0.022664226023785608
0.0015551136341194723
0.048326790688409484
0.051831565378722404
0.021696683835513771
0.006790762996217811
0.035958205980222924
0.020544475118609417
0.07221973020841771
0.011703914793597524
0.018970925810239642
0.037588751810644902
0.049655432613992731
0.075985519088185863
0.011890923163881071
0.045398755540841447
0.023232987906051713
0.031738269662218425
0.01989681240064799
0.037534959773142015
0.021519013765513646
0.038018366101400004
0.018222318572159554
0.028974334107674703
0.039774055398545179
0.069872735861913143
0.0081508675518243562
0.0090623052032718851
0.046603780868720468
0.032828981820538151
0.022052179196278877
0.031172553046424002
0.044503395291442788
0.029040787492350704
0.041258674289098858
0.022512523968378731
0.075022402048194492
0.041847271978324323
0.024050040821476121
0.039258379975348
0.034660854213381422
0.0080566684375347353
0.03134384327757922
0.033726099373816106
0.05251991673190292
0.051785415616844646
0.0066978720836088157
0.054621224584429542
0.026567476268534437
0.027849504266325965
0.018012864204498834
0.021903622149429938
0.012753435629428156
0.027854348235539849
0.038552759634531315
0.0215901526505194
0.034808237711590334
0.067083988047132753
0.020449650902190104
0.025812937818805448
0.020244823843256047
0.020451862199369279
0.025952083611000893
0.030389165672827078
0.013987828201820788
0.018428650822232714
0.05091453776318916
0.015758485089621275
0.039633006189959769
0.080677758919424469
0.044367218624454266
0.021126449976026772
0.038250054271716384
0.05862848353657054
0.054189974036063855
0.011579589566797749
0.011858120951686929
0.02675340621918202
0.021168493586077065
0.030854658965212962
0.033214314834717693
0.007085125260727511
0.027177064405464555
0.02022897147641204
0.0046633670162318074
0.028085995921145423
0.009211119965463567
0.042038123186268081
0.054343267586091301
0.024508524580988289
0.031368362594302354
0.0012242459151956195
0.037597832397047566
0.051393901314856494
0.037423314836679517
0.015823096787176871
0.02731055141190154
0.0097403165456602051
0.033615926607240637
0.045922635680268858
0.016469255830211877
0.026192395782173129
0.010529444428056986
0.023882796917142044
0.069736974624348774
0.03857808499674216
0.053099715208754214
0.01048209170928629
0.0085751759691875488
0.010396016907800707
0.0084764483697088097
0.018811092076250844
0.032748318031363167
0.023203339547820539
0.050937978248712476
0.026321687682043148
0.033198699458438681
0.041672321404742904
0.051620288117732283
0.0016208012704319529
0.0071676220092859221
0.042625218710747023
0.015951901944136104
0.037957142201886097
0.03371469106328151
0.042381150103729233
0.056972953204898168
0.020329752363544836
0.046725757912212236
0.029877175827796768
0.0092191252833444034
0.051776080856624121
0.03489984429919088
0.036024340853643949
0.033477068734172395
0.047396011497850062
0.026439259661573546
0.049188995798804119
0.01756120364468856
0.052090887710556366
0.022171819072057248
0.043585099326601609
0.0069873751963540212
0.031941873619602691
0.025613441879996781
0.017967269015947737
0.070187336894185118
0.021258786255911322
0.028435472684843626
0.077488327718810604
0.010121936060246941
0.020558125172437488
0.025153497575064559
0.01527752532746403
0.015434950061301243
0.028757381072608248
0.02967912221392038
0.014098261507045609
0.0067723486503319837
0.011519628686964122
0.049910154364179615
0.032152170641825774
0.026726868946494453
0.028590173929770542
0.053825401201873908
0.020812504401981794
0.0442775029777231
0.028983490197104826
0.019603499384124218
