0.01538718069180633
0.010276342991444622
0.012606457380660081
0.013937999155828782
0.0099960864928136835
0.0090824412717911696
0.0053563816828717595
0.0033938978461460234
0.0031392306648835131
0.007576866389600004
0.01619500308411484
0.0071887900280250966
0.01396153271420417
0.010009562146837177
0.014892567849263152
0.010278144976790728
0.0098560280601296922
0.0067503930889049055
0.0086238502773171525
0.015420179384248141
0.0093978199796187559
0.013635479321452577
0.014768122852216469
0.0088580774154856535
0.0042324419055698474
0.0054614854960361664
0.015464599305834999
0.0066266101532250019
0.0067674918124383731
0.0041490988900201682
0.0048360512089648967
0.0061543687902676208
0.010720572483490454
0.0073985203531050673
0.0051334396602589439
0.010391947504042882
0.0049928099583129515
0.012650875570726278
0.0063584146099641484
0.017534566517316066
0.0094190908734929513
0.005446394203216031
0.0063476214246618043
0.0064559409167525787
0.019743897246861861
0.012410517042409201
0.01096117070990469
0.00858281571940076
0.012814277668377633
0.0062846088568253577
0.0041087008416892433
0.011549669330410009
0.016073604296807216
0.003105370401023599
0.0057010480826828651
0.0051673255147688659
0.0029736610904859502
0.015366500199906992
0.010041329191131753
0.003547918904163002
0.0081908278144374787
0.019968216816724654
0.0034126292940309558
0.011800814873661589
0.0076504080215025281
0.0069710826095712121
0.025183932936207687
0.0080646366024078667
0.0048795138932373429
0.0085001975635126802
0.0029952684485163345
0.0010443745179414877
0.0052400817908815761
0.00042157890741482631
0.0030306529685982493
0.0067050585156158467
0.0049158298711820302
0.0069209304837341635
0.0078717787060836649
0.0093380495135331112
0.011895132052615687
0.0037888171564227288
0.012182254362217934
0.0090143397175201853
0.012151111842890026
0.0097748477116958773
0.0055532762942490958
0.0021010323833825476
0.013616083767320477
0.014434595566453127
0.00310874963303375
0.010113072349518129
0.015172435611190579
0.0065025689528941302
0.011952143722625923
0.014307741074360439
0.0096298034112703729
0.015694739728873891
0.015236676413149739
0.0067535475756317579
0.012053683603684752
0.0072216606475369793
0.01506732374245302
0.01082596213245726
0.01485081944510987
0.012957124899110665
0.015597992316655691
0.0041741916418812485
0.0059100214291900356
0.017826602158090385
0.0079314858726003863
0.013556445327403464
0.0098310904282071631
0.011451781344935715
0.0042692487739426207
0.0097354078727370664
0.011497336795265385
0.013710001576439416
0.010015430822312229
0.01240314251913862
0.012311079598403237
0.013500930446100479
0.0041819994562556327
0.0075688718631970187
0.007349570322236711
0.0090901789708556398
0.0048297772943141507
0.0085497130711084408
0.011677909547884273
0.0052747019329723293
0.011851645572933184
0.019119070908375519
0.016764405048505741
0.0099523382440718303
0.0083843776484264793
0.0059668812567026143
0.0049009350507889854
0.010216980234670109
0.008587171870395682
0.013261671176865329
0.008690552889558667
0.0028512596096615913
0.0059236601717828751
0.009224658155858689
0.015937259239944532
0.0021412282002540102
0.018842798768128669
0.012186236763367641
0.0031792911893406888
0.0055817502114820054
0.0062489733934556913
0.013040000451183968
0.0053382068350638721
0.01414722447232784
0.0054038420747458526
0.0094540305042037625
0.013557952373317547
0.0049693948623334497
0.017245492288133324
0.0048613726920431182
0.015195695123613871
0.008165211460541711
0.016878170568023175
0.0031820459271878834
0.0081961674543361198
0.0090981371587508623
0.010096706439620368
0.0027391652851426517
0.0018363637501323854
0.0098381101713711991
0.011913240216262739
0.01376829380777455
0.0034107948840367739
0.0027020039749220863
0.002496726684335742
0.02245195964574561
0.0048148889752590808
0.012815167295114378
0.0058960896426289537
0.00574199066383286
0.0013319393421068085
0.0059509765144311827
0.012388939372774986
0.02049177733124817
0.0060946055736519648
0.0042124608760010047
0.014173700781333181
0.010025665728229266
0.0054193704512007822
0.001166569772434771
0.01101150810554069
0.0050467272804248795
0.0095090687032292568
0.0065651145025248199
0.0063838081547199655
0.0025226318508399788
0.011390722053027189
0.011281974012329844
0.0084213466774181334
0.014147444361194533
0.0085925825570614053
0.012545205377526902
