0.86024035661478704
0.85358655287796159
0.86511387891167724
0.85423404717702855
0.85670036442556885
0.8533055953001013
0.84919423606474298
0.85216331526487687
0.86348735792780873
0.8615446542452917
0.86201422330964139
0.85632114679830573
0.85885377268986496
0.85127916406638915
0.85330052899786157
0.86076680895035018
0.85240930231717849
0.86570953642206738
0.86136388929415741
0.83958424024228662
0.85446654491006158
0.8504627783917954
0.84972208601197696
0.86336925384279639
0.85824887858905574
0.86173279531782743
0.86813597781846963
0.85306310149720777
0.84730148677736938
0.87107499199659522
0.85883447403583058
0.85520021797371104
0.85291563641225254
0.84916275529617902
0.85789789636485025
0.85519961792045429
0.85760312926517612
0.85498776342051164
0.84852881067605956
0.83796442251775427
0.86223574612537512
0.8533633799590018
0.86295337758492796
0.85689193497523219
0.8667348499790698
0.84840649792101241
0.86702055378750653
0.85310031375782691
0.85005205637016423
0.86703128697999132
0.85986374242159469
0.85535546533664564
0.8697964858787709
0.85822440925401255
0.85746525010720653
0.83142102830082387
0.85545631160586166
0.86117075199977844
0.84143215075518885
0.86235229957831327
0.86029213758536449
0.8629675079756387
0.84609814324399513
0.86381231448133156
0.8500270298363255
0.8564121094000029
0.86905966596647621
0.84718998365514664
0.86317207936091234
0.85080842769859888
0.83926089376761981
0.8399928604505269
0.83165011151187862
0.85822536903996194
0.84925871029998679
0.85699306091842919
0.86291110109824232
0.8547833693742094
0.84545448180975891
0.8628490733717542
0.84485771071260285
0.85022407205703354
0.84997974443469959
0.85507885789042526
0.85329777046900324
0.85106522978405685
0.8524831102165461
0.85593304021247896
0.86463786809064569
0.86495430339439405
0.84984100888093472
0.8644104804191225
0.85469837463922438
0.84920950391811689
0.85468039993957023
0.84994190621020149
0.83929805652291423
0.85334439965091713
0.85210841702381845
0.86012006796187479
0.86558999676328074
0.85725810683696524
0.84998569007007141
0.86500938414372353
0.84823254230079326
0.86091615809699051
0.86786595966356417
0.86232307970720046
0.86199803680758347
0.85292666000425643
0.86648262195308479
0.85593261979763124
0.86938145555440616
0.85837674019775956
0.85396763696824496
0.85847794922866394
0.85544696866084846
0.85458843483646707
0.86015787829924051
0.85385397405738694
0.83378001266641222
0.8392307987401022
0.84325609634930265
0.85747412387587973
0.83822242423611371
0.83701687756800025
0.85882568625823885
0.84673610176105574
0.84920870101745749
0.83951637395693579
0.85052027383276607
0.86809491846459963
0.86197866984473692
0.83606818033298591
0.86123305023239882
0.86231524130859694
0.85279810568416847
0.85900160934790959
0.83691882252284444
0.83579114025221546
0.85709118576191712
0.861785387052736
0.8502924347380082
0.84964009191776413
0.86553156196102088
0.85517347310582836
0.85124688710938223
0.85125040424189524
0.85745814002496101
0.85147123916528666
0.86142105909732458
0.85749267211675384
0.86344571248425972
0.86251940496689661
0.8514386886685964
0.85249058605188344
0.85554708106967681
0.86248448804311717
0.86041552616156969
0.8533258696575815
0.86140133845131384
0.86050362614329234
0.85147950476327805
0.86052632675083707
0.84687343996986975
0.85318080797237428
0.85895182533536962
0.85807655156507667
0.86018577961202602
0.87705992217460904
0.85248096544852381
0.85805188329637605
0.85768101003116881
0.84534453934134712
0.85248626835250485
0.84186741637069495
0.85352377997952456
0.85383500163760995
0.8535510417706943
0.86405743937152513
0.8612681958019871
0.84888582151397429
0.85560012733892288
0.86666976557395692
0.85850241187216403
0.85589394151464893
0.85758431106482691
0.83058929240774304
0.85127195050395477
0.86267552071070808
0.85496305998269184
0.86605152938205499
0.84668496896279422
0.85218659019527843
0.85744521644037452
0.87111839792168266
0.86117910393624364
0.86399128320622753
0.87205867847770613
0.85640413978877994
0.85329741783258428
0.85909843038429368
