0.79102864142646678
0.80541106911381577
0.80506127330758803
0.80520002515563716
0.81190436075634875
0.80548314361954132
0.78334324568102576
0.79381130751906148
0.81466209936365008
0.81962531865199684
0.80154204341934698
0.81732654225547097
0.80362830537495866
0.77883278348095153
0.79430962718501885
0.81585725025203759
0.78339948498364886
0.82644800022496956
0.81945118872945977
0.79646113421490861
0.794359749555551
0.79502646753194017
0.78381566525528779
0.79277566635253471
0.79741387405401121
0.79073500736024127
0.80208855346480001
0.79154975686498896
0.76566326775042792
0.77976462822118042
0.79849316111266899
0.79390239584539668
0.78759813675626111
0.80130822613123487
0.80279908182088622
0.81361530328134524
0.80201179553777247
0.80785616341101918
0.81035192137979595
0.81953849488406671
0.79756592497855527
0.79853972539566553
0.76614566736551881
0.79705515249373626
0.79218736596361616
0.77440423859687646
0.79176058694180473
0.77776665478564377
0.79408851578970463
0.77542542634406142
0.78336771700057128
0.79363899149585471
0.78493359264890428
0.80285718047952126
0.80545202829400298
0.77553211372659514
0.77776192302923797
0.79222127671612563
0.78652237154298421
0.82550007410962589
0.8065019001385314
0.7898352706017171
0.78011426305047593
0.79209508643332627
0.79401224463616615
0.80259840251829762
0.79992181138427787
0.81307200394879564
0.78756523150187374
0.82037639740954593
0.80218883953959197
0.79568013748301036
0.81697045701285254
0.82658538125360892
0.81053029391405318
0.8014864990479319
0.79716204358684495
0.79286932246340436
0.79630755421549382
0.80093353706027448
0.76918496298837691
0.79780658235526469
0.79125893370952072
0.81068274775918903
0.82318432764121641
0.8082418231807672
0.82098666320622415
0.80086266205807255
0.79998690639941361
0.79387667288440755
0.80838774639703859
0.77316763374479025
0.78510363428391794
0.77807357308159319
0.79632132840981928
0.80344201517527436
0.81094448001301034
0.79945988570100834
0.80716936851177967
0.79835997950453652
0.78660792501427845
0.80067629861950051
0.78701730457764441
0.78940173832941463
0.79600607487286512
0.79764210320135143
0.76189327779906468
0.7809180502897104
0.7929564982883357
0.77361699878184764
0.77653011810263406
0.77162438872897854
0.80817982716575765
0.80073071833501408
0.80492693870076237
0.79377213274991398
0.78237001780133897
0.77171897174972015
0.7849916093265481
0.79706876592311293
0.78961297526289198
0.80445594008985644
0.81781222365291351
0.80661461906993115
0.79714181316132504
0.77711221075705472
0.78432617845209796
0.80732407275437323
0.79799498004786473
0.79468613794157561
0.80155559444584923
0.81090072941410551
0.79838536229885715
0.80210766162662683
0.80252245376365339
0.80986369258374291
0.78793755359195639
0.79979926951786706
0.80043773286944242
0.80577062291285095
0.80609223966072507
0.82110053660270388
0.78147607729319779
0.81003909646481154
0.80593579686138217
0.7912892477425304
0.7824122673785342
0.79491372807838623
0.81458180573105543
0.80814266516601263
0.78101849559327141
0.81119144208684435
0.78916472887459832
0.81000042622524737
0.78493289522394916
0.81382977404863033
0.79694018651665577
0.79324254986403442
0.80237584315419941
0.78750344485115797
0.80005088519139789
0.792831903473452
0.77767828058770316
0.79969576577661428
0.81138473353608298
0.80592669797680361
0.79428521829072074
0.80100251245434473
0.78156886077710708
0.80591918177903699
0.80475123529661174
0.8217906275848269
0.76182953108432971
0.77874493934605182
0.79883620235813724
0.79076908874973295
0.80102574096311197
0.81894202563596463
0.79462226801853086
0.79994132932187045
0.79758716097967819
0.78947386822035248
0.80615789490583123
0.81828468839986324
0.81803303074292422
0.80530765168176632
0.80659994770820675
0.8007912545157666
0.78336822887183621
0.81608559528162417
0.81090108780317349
0.79334521013902259
0.79208633596047395
0.77449251534111141
0.79224742766200817
0.78043000186614242
0.81941410141078097
0.77417866900200538
0.79017254963022709
0.81717616477329746
0.79755753180938327
0.79518302207491653
