0.0007470859487139289
0.014181975167337392
0.0085584579926953012
0.0088573956277858915
0.013450556488042546
0.0068202712669928403
0.011691176481186383
0.0037309628718162958
0.011942530906665172
0.01237525572405215
0.010960081196825858
0.0052717596163386182
0.011945330010801019
0.011090529461371373
0.0067620998691840717
0.0081787441491140353
0.0025729583602028378
0.001577232424920545
0.0089034926594023338
0.0010843230950180083
0.013859205213403667
0.019564903933158517
0.0034619223048384835
0.0063398997254901597
0.018725582344219706
0.018398770946445792
0.014653608784898279
0.015964583096037432
0.01114995517942461
0.0025768675900056776
0.01371252207402269
0.0057251561232814861
0.0049651921543749401
0.012887925607540306
0.0034430122514050535
0.0086140263499615479
0.020260875461842243
0.01850487464579709
0.0098722525442417088
0.017114529315314892
0.0051892528569868141
0.012452437800521502
0.004732949971982453
0.014117526820265845
0.015582706721135165
0.0071040460039159155
0.0095101789339019048
0.010793831367082467
0.010796262408213464
0.015406952869591191
0.0050449920111901303
0.0089806071753533376
0.0081010772826328147
0.014121156773935167
0.012845257376997179
0.013379177334566582
0.0086885374854486462
0.0133190797996212
0.011756924559120819
0.016598083203621463
0.0052954194251183901
0.0097145357491546045
0.0054232531748319617
0.0089063084259430932
0.012268172749462705
0.016174365249152032
0.011508905667102224
0.0051137908531371217
0.0047340229368696297
0.006296644774474348
0.0078687910682282876
0.0064900838369705005
0.015442360165448317
0.0036453529997614175
0.0098136172596339586
0.011965542302479723
0.0047435526026509325
0.011907084733052587
0.019261569576920705
0.0098573806705175467
0.013817459204489088
0.0039723288660316967
0.0064450767845569187
0.0093344357993402679
0.0064863386211961391
0.0092554023966348077
0.02169541903042153
0.015423306414700924
0.0036414438436249657
0.0076950448419760937
0.014599577905772354
0.00369799958032307
0.012219006039315042
0.009878258898348426
0.0055791617815587257
0.015387826672655137
0.002731290381344011
0.003504990212757032
0.0081321361132415809
0.020555054897011673
0.011286267798700372
0.016211381032722814
0.013709729319562169
0.003024588449073661
0.016636923131852881
0.015325203602585415
0.012114353020643611
0.0094351385785077235
0.0097874456530113157
0.005177111585203128
0.018159474215047114
0.0023122305003422808
0.0040276723652351246
0.00057951391072403181
0.0010719746858637187
0.011645756225412163
0.0092694250694370876
0.0057896443852030292
0.017076277529520529
0.021043006326233828
0.015228535030707525
0.010217915990799719
0.016451681918861649
0.004757241757153894
0.029191751945660979
0.0073111081659851165
0.0017189902957760999
0.0047978990238741852
0.0050305411434810928
0.0096281142151605353
0.0027053761286286388
0.0083607953750262382
0.013112476480897041
0.026046029089637313
0.018450173775729811
0.0045256498644277591
0.0073278706701747683
0.0045912569197449783
0.016211619340039753
0.007674820730720117
0.011032608335142819
0.0050615132778894139
0.013753775952486978
0.0096478901839343444
0.018598197158407423
0.0030043776358744177
0.014619396604666159
0.0064142687564356701
0.011776870229238144
0.0053158435708853449
0.0081719865964316723
0.014350546298128371
0.014720903760551388
0.015406992889314165
0.0037439049931758763
0.0051891718937358182
0.0038657526929138466
0.014995271262503345
0.0061906679445352525
0.0132861444552951
0.013470009613884395
0.0064708666054516129
0.0070365729263509062
0.0086411024445931257
0.0094993953581479756
0.012928268396275523
0.0070700198049961369
0.0044243044123109081
0.0068363893965117566
0.0084826807935505025
0.004643853549555205
0.011256159897438278
0.0098142035727273209
0.0081918234187269273
0.0035421320622872352
0.010039676774027647
0.0053317519122198674
0.0088308850987035489
0.002487412971761012
0.0093537687139016792
0.0093812431860888328
0.0026225763960400698
0.014229343530784916
0.0064613441734261111
0.010333448244949908
0.0071330253534751488
0.0086521879200041289
0.014213647741335376
0.0090063179164469927
0.0098356962104851047
0.0051716694372222058
0.011803922549184082
0.024116314017767711
0.025088240159020527
0.0030861111244717141
0.0033481884382536176
0.011361336206877532
0.01515347496838553
0.0025079534737977665
0.006896899714206494
0.0051470032743286716
0.0049570046442153895
