0.081193778079136358
0.15019266601956396
0.0088500472941209479
0.01665810370212889
0.16245503568281189
0.09707194313195619
0.038014012602201622
0.094682212646943625
0.048914977238177323
0.036459611093327786
0.0069638259242503636
0.04579531105416617
0.03838025311941632
0.058723922726580009
0.047774147291950522
0.084874152655106769
0.063912197492488013
0.072813367595290737
0.091521350077623465
0.11477808928443335
0.0680870402290885
0.042548706821515139
0.033475073831826761
0.066308963310852551
0.091116101443917713
0.019251791228774039
0.025530520321479438
0.052066517182503137
0.058804846107342691
0.051470505393017348
0.11782808441384877
0.12931467895690243
0.066492982261678366
0.040550999655057832
0.094067426195494422
0.066264507487211965
0.045270355481736059
0.034638823614296828
0.070348406659238097
0.086128950734569165
0.20905535856568366
0.0061086022713836129
0.012458523816506868
0.064356065697038292
0.067271346575410951
0.060619595212900626
0.088382437254933277
0.076281328786025504
0.074978541842388766
0.13031246193102755
0.09370639391957937
0.10171006697321365
0.06064931637295045
0.13784997161602663
0.049328510775001909
0.046523701580881698
0.081929791788325712
0.10305705329251154
0.055996650839635072
0.048581136899518589
0.018935959157140577
0.026078935232924726
0.066038257752508683
0.071799566178621974
0.043652640212930589
0.10298339931069728
0.077063472014427842
0.083817557404685536
0.104776544750794
0.18079064920975418
0.038804858232404475
0.035906746605778972
0.070338939089237301
0.013733481501452023
0.1129026774888237
0.047798718762916387
0.036074346362225361
0.081300302872689439
0.033545150954011171
0.096331775737328609
0.069523725082515614
0.062789498907382654
0.099495893384382472
0.093724377772905501
0.084131765933169775
0.0080756155631634165
0.047424753956631899
0.066501171701453032
0.11665679465773308
0.12759823807631496
0.11351329884041785
0.14349783291907361
0.1281027821513632
0.084637181523501456
0.13134176124857994
0.058856155311447417
0.12915777529445144
0.18396711746585148
0.10435306236235785
0.10557387278626819
0.14847820294669759
0.097821842285041233
0.090531107544757253
0.0975079422533464
0.043944031079644855
0.071053726419006133
0.11031154162180512
0.074845028388014559
0.041648055355778778
0.078996182766170014
0.01099491795138291
0.081438346663220987
0.045115273196696108
0.11089517216463249
0.015526408538607015
0.056824954301088873
0.065029450878002562
0.085187896138004635
0.087882927441602546
0.077242934694254556
0.098278021514955988
0.038365030460721962
0.13078336381613473
0.0044327672925072838
0.073548246484427884
0.080534131861131827
0.081059249531422323
0.054055017895628839
0.045820266819790498
0.047358656515033112
0.08316799000869321
0.095396660178928644
0.043987380107607922
0.045784395454627133
0.046263766943054889
0.034880309906977207
0.049099721245731857
0.01946951667716899
0.029154406196460696
0.063424328506573896
0.045829280976975181
0.20921748982691774
0.10916890581442178
0.040153818051190983
0.069619850065412645
0.063293683657684216
0.086961695761666846
0.07632120225976044
0.10397149172986182
0.048431434049284815
0.068046896419312233
0.034241694640364459
0.075742022322539432
0.089801167388975311
0.036828316549104193
0.050055977457055437
0.16799407817639356
0.016942763002320917
0.05416917026738572
0.080687473733864284
0.12880564985938806
0.054283171289952838
0.097354818620697614
0.086483929694942979
0.031781901658047
0.095896385939311476
0.050443975627008059
0.040967477341322181
0.083478448563545027
0.14475181640005938
0.11470781294214694
0.049400559723153645
0.030038277016093205
0.14227619419809373
0.063534112346100985
0.076995590400595365
0.045199860188863322
0.06187110062386636
0.060318894660018135
0.13861789715835651
0.024391817021432134
0.037060074353969741
0.05920782771146392
0.090684359530410263
0.029067140943965383
0.063261016221626373
0.039991561175797455
0.090924137037909747
0.040163584636853968
0.03549951795401781
0.067926527983816723
0.1039346786388388
0.020317555539614861
0.010019937528433824
0.076738697093525196
0.066241601078850909
0.1558327341719547
0.079317645048338506
0.046706844641613759
0.11299605370000393
0.064719767631378003
0.10013166188479175
