0.08656415742549875
0.11924659698350719
0.056497718108598334
0.10354762350142323
0.016156727058875307
0.10169603676894362
0.15562191318300261
0.20260059765514918
0.10979197514619012
0.063162574034375585
0.022759635000360587
0.023191840254622981
0.097563879772602169
0.004136340793777297
0.04243677430963911
0.068980134016363881
0.053902689394975445
0.064701471344240868
0.090942856896856661
0.072722625400722718
0.053849434503044025
0.11954587663476332
0.095228783737075676
0.050953786303664143
0.1061728799193294
0.080215700582988769
0.0087195154003542209
0.1355737781777453
0.094767639983148022
0.099149984266585153
0.069370003228130875
0.18376724636809247
0.067324049934066321
0.090282658085926823
0.03428428554677726
0.067546845098971575
0.037417249944021375
0.054449221857333654
0.058384069686259858
0.088197336675731347
0.042916021178952136
0.064864547445117632
0.091835423043003003
0.082993125023595321
0.064937511959594699
0.075197605269874485
0.097667475597670847
0.12878093625667
0.084795117302129436
0.094254179509534047
0.065783004857254107
0.093855641900176479
0.13766417974315015
0.076487033837840654
0.085542680498682563
0.088016026267795547
0.10527341830368896
0.11116001045061225
0.093545674375691529
0.028178354845636265
0.069696176859203998
0.028073784506360812
0.043424310795094449
0.1422824464321272
0.063232706070061442
0.039769269461202066
0.10014941935712642
0.012474794630023699
0.050073376116346768
0.08892746977363411
0.0515014474652572
0.048431295486696502
0.075698020358356682
0.092716321682230471
0.1240124541368582
0.074544607397963286
0.13630770867774822
0.070396008001464644
0.052980855020269113
0.095068468697503336
0.079203076373834141
0.072421072720903382
0.038133949383557825
0.029528768986275527
0.042080894708684521
0.1186013855297436
0.12763381800044502
0.038454788956811328
0.077172822017206655
0.01614746424639598
0.057188042403903364
0.035455167133779796
0.04378086970710833
0.0923568020243732
0.10522391659949452
0.1022773931114303
0.047207823887153673
0.086872535908095683
0.077955122868333421
0.21674696082329106
0.02618510730177295
0.12057964504001313
0.050078475447732043
0.10443273086219017
0.062097279005889329
0.13167605806977192
0.084797829038198297
0.087581507636364256
0.073840085650091494
0.16494445664506049
0.085819233172259396
0.11515273237743449
0.11112962509462647
0.12681339174130341
0.039439640438739432
0.1154626012375774
0.071700194612701815
0.12823624909022824
0.028211596572940333
0.098499087247915118
0.075049830380469501
0.10171078101090424
0.03625257279124041
0.1259909828169864
0.041383034652096563
0.061905651426956747
0.10465723695616046
0.15087999744889696
0.13723949243965233
0.074015095967731662
0.041142286100707776
0.017574712599208099
0.074276172733403742
0.10665536680873797
0.013854928450919997
0.07046990790833825
0.059415953541055867
0.034844530801214399
0.1109275045823394
0.01315042727690794
0.1333904572916825
0.051394482049345248
0.066562737157986454
0.14104593190998793
0.044774757084260937
0.047954694934928793
0.09420240551838488
0.054270089939745775
0.022563103034288046
0.046021645474793905
0.032111020933627617
0.028183015665582924
0.059275551051310611
0.11913794230402583
0.16373217553790048
0.092748515896931297
0.13013325097227185
0.10169680633782159
0.053974608060111777
0.0934088944711884
0.06047275851602623
0.084381175608420317
0.051043909286662775
0.093350497989461947
0.10740810666300976
0.07118763718399379
0.065263214085165125
0.029272360161998402
0.055199389866240942
0.086857576010190077
0.098425200802220031
0.038961704297396066
0.070834783031511472
0.093927048337270183
0.15109190335579786
0.086634216946926287
0.040489011612650387
0.053749566873918769
0.057504418028064372
0.045003427690542913
0.13333025927096187
0.12646277970112424
0.079542477611308657
0.030716922755876116
0.0056079787030453307
0.04406795339817509
0.028346056886121952
0.035478825564449326
0.15920187277916378
0.05041771611867156
0.098045205656810658
0.12914613043076587
0.05584542759283613
0.15852617550370121
0.024598945165640339
0.12296655153081403
0.10051979397288099
0.044812044470060326
0.089273858472935855
0.10367511462391286
0.16702102018149101
0.088045607858646235
