0.01673873538317424
0.019426500468599825
0.012281417101128327
0.020955863602297838
0.017609998825745255
0.020253552806350255
0.011395961222679104
0.012153283058766338
0.01328106512656854
0.0085552785787165238
0.020052373917773578
0.0051425370590469843
0.0052467781568453333
0.035275610642546792
0.0071018622374395355
0.003907600224459103
0.011228636334098862
0.015264164248481413
0.0092063416858126374
0.0057349539878171901
0.0061165863052477076
0.01762440616143687
0.015989372177212764
0.0066481030639609666
0.0066843447681398669
0.027404102746078539
0.0092086569656058236
0.016410217318601029
0.012014600094478438
0.018347954496123517
0.02662996824781776
0.016435498418267618
0.018771390429925587
0.027018343978976372
0.024798165819675654
0.018199342961129128
0.0074564463866828041
0.0087374921360318103
0.012287319230302627
0.04093951035419479
0.014186934981779559
0.017233267819467917
0.013145032209525672
0.0093860907057705563
0.0032491498058096419
0.013345993588460028
0.020847698966114537
0.013358852866273016
0.0089210685348681106
0.010623566576282679
0.020762255906206829
0.0045520942425199707
0.0066049515375023364
0.011296341480926465
0.0024529536933665655
0.013949505172583879
0.0068141948168016419
0.023671682804019253
0.014315611781423161
0.01484571332047108
0.016747870243408482
0.01526978583898622
0.0106657743710779
0.02139865578766826
0.024236720183644565
0.011378492863499956
0.016963644021073154
0.019631152271412079
0.022611566097869761
0.024609642654685685
0.010148902465087775
0.011386778439637014
0.021418261064936946
0.0091616656118891238
0.0045812562270811921
0.010074037240306234
0.012879635006696482
0.011059906773103761
0.020138994489471401
0.0021631883287845533
0.0075389883544251775
0.012711860492185801
0.0033024429177717246
0.0048343747830080115
0.0095910366675529823
0.007390895149254363
0.037592039466498674
0.014644879586329871
0.013967614666801277
0.015022686873142881
0.028643933873767739
0.015180108008256848
0.022976130472961785
0.022910225417796155
0.0022306192541311862
0.0090228418401028642
0.018446218729778686
0.0098706269144943053
0.0096082085275860964
0.020460204541060189
0.013305249353103038
0.021440458675581867
0.012876996584938702
0.014795094569266193
0.02623556185424096
0.0067818273967949786
0.017466675644600638
0.013854244740417987
0.011022329747232757
0.0046540147549566256
0.010396741694570699
0.014646946078121061
0.017813840617711952
0.025867454022186057
0.01122970809762229
0.0095737726530352521
0.0095584991771155998
0.0099701823999593618
0.0081349993852296541
0.01426506333398337
0.0069279902361052016
0.0022283514598425581
0.013418883970198798
0.017344670863730455
0.018094929706238775
0.0062950632889910022
0.012483016277755589
0.0093070635462731248
0.0086218072233010326
0.016620010993702753
0.012306511915671666
0.020768706031218619
0.018445526708900251
0.018818265763723838
0.012159595620520448
0.0084141584705890188
0.0040962406928143607
0.024439448843349487
0.02048276102073544
0.0049869120617858729
0.0053058225689577854
0.0056307085450384015
0.012786989662670998
0.014117257104766275
0.0064916936337883297
0.01583849553174372
0.0020820964111862082
0.0070983440916659842
0.0089787110532319071
0.019023938267039787
0.0094976129127317347
0.026552074415036264
0.014193179040185605
0.013284802045636064
0.0059180246105474303
0.01795965925218047
0.014279195119505875
0.01926070813697936
0.015944007544964958
0.011727868988878518
0.017497967951654637
0.0055809090438331873
0.0056609275746240771
0.016039938319291808
0.017492416793334045
0.016281810770003385
0.024565610479028263
0.0095996388406269402
0.011286549562244471
0.013342450021828172
0.01990292077362129
0.018528463015912103
0.0054529768836080982
0.019213934469595028
0.019567923760485197
0.0090108311868670951
0.010691193988005219
0.017263064097948828
0.01034767061622175
0.010527041833740964
0.0022477284814846439
0.017670837546684841
0.019590916556659052
0.014756235153909161
0.031109932737598944
0.0066089399069951234
0.019181116570739828
0.016606239381643795
0.014545742677719752
0.01085127996932014
0.0063049893283415002
0.0094428636102126609
0.011759082082451348
0.013289109125143677
0.014893816523447756
0.023572373181520976
0.0097131593552496447
0.021432017870019662
0.021995667210258849
0.0050228648557556696
0.011318878979383547
0.012386068599229827
