0.0098530117946459845
0.0091601112193150595
0.015893325596178155
0.0056364028684766391
0.016814611779614536
0.012466587906752268
0.010357977249784172
0.0022155826903384416
0.0046079880669730421
0.013797199669936254
0.009203389089651853
0.010803098403289359
0.0047794119875715912
0.0045999383190515218
0.0088038080076391825
0.011532615180996259
0.0067554703892003321
0.022233748459491783
0.013041310321592952
0.016083077544110525
0.0089596041215592569
0.015212695502068616
0.0015771852117592601
0.0056509545321436717
0.0078298512194958786
0.01337222390657053
0.0038859705979941172
0.0035322764029453442
0.005751277861346115
0.0059472379520877534
0.0076494834127349117
0.012967952113561344
0.0098102153846469989
0.0035304349148152364
0.0071157277164943756
0.0066586834112015115
0.0044834449976106595
0.0054803816841727292
0.0011573479799926165
0.020201709998282264
0.010479989272013263
0.0028328898897485911
0.01014793647318934
0.0091897158964473064
0.0028540739703727266
0.0080749736711975047
0.0093003067054559449
0.014406860445547742
0.0042122774800730555
0.012140481458237437
0.0028503538821544753
0.0059520881844011388
0.0094402960806563244
0.0050513289245576031
0.0043231390753075164
0.016940679532808711
0.0098934563969694557
0.0042140682774073597
0.0051276201147772158
0.0038189637712685736
0.0016006901034059187
0.0077732293668953852
0.002169256769429194
0.012944431825627545
0.0086684013420356264
0.014674768443718419
0.0019853536594139779
0.013271790261048388
0.0063469613875713551
0.008958482261776755
0.012172182864840987
0.0028218098836960172
0.006907035589387045
0.0033302083096279317
0.0061044032162347866
0.008983161357046696
0.02139980399751434
0.010737716205314687
0.0042860625907102179
0.0016048067344962425
0.0029441112636193491
0.011023093146051646
0.0063319837102627377
0.015171426658290001
0.011955865069547636
0.0094416422687881238
0.0064052897569166576
0.0048807928149296334
0.019903303071930164
0.0069653409725226679
0.0007174469815893319
0.021927648969114623
0.014997326931833706
0.010202718746439935
0.012034009974564618
0.0032462631496579354
0.0025680609061598282
0.0029307857262002288
0.010247087687617028
0.0074819685100755593
0.013195932186348935
0.010450272806976198
0.010536429483573039
0.0045399396161539471
0.0077284488974276415
0.0064102423963079058
0.0093508162095082264
0.0024350742111314792
0.0040954081642120806
0.0079835265539146653
0.0012635673343668074
0.010582476879984268
0.010576420145442357
0.0060679974324768238
0.0090799706459937443
0.0050436280477093483
0.010800056467920927
0.0067063515295001756
0.0060905687182235112
0.0035104108844469357
0.011108667554236833
0.0073483974649927678
0.00423066221219872
0.0078135595367008221
0.010548861416117545
0.0095411877001055721
0.0046215031070416142
0.0052405452293127451
0.023223798535024303
0.0012072002459505727
0.0046050807395519389
0.011773099526230204
0.013045445915777679
0.0041181905439754245
0.0026232269906484602
0.016233756795326688
0.0093163535604795181
0.0063467332041404661
0.0027415027862437717
0.019926570069007526
0.0066902379598927373
0.0040024152750355226
0.0020062084452861927
0.0072143563514695027
0.015768593109118254
0.0035732786024851217
0.0021422251629391593
0.014228965711970055
0.016860973436693908
0.0052277496310747925
0.0036033910360066036
0.0094202963397408256
0.0022041584183571947
0.0072116378574769713
0.010400159836012262
0.0030138013204926576
0.0086756024014169025
0.0094257708467229591
0.01389675619719701
0.00665956021801066
0.0073221694083123803
0.0069843479115491514
0.010568868290648056
0.0077247300313881013
0.0033145353152088035
0.0080969775424903859
0.010081493036354233
0.010420476984607043
0.003610256029532328
0.013519264056517001
0.0037228644318170133
0.0075461363120543617
0.021104066517447114
0.0060198797140803163
0.0074387868366366326
0.011449595793747073
0.0052755463222842035
0.0076091818427858875
0.0050440148144158953
0.0070896045130569262
0.011529298728205944
0.0057001572534906338
0.0083134371974053142
0.0044387189058622155
0.0071615633183004773
0.018407993545930174
0.0020185069149511003
0.017640347108457442
0.013075405554018699
0.0027015294993189181
0.0036913608438624928
0.0059972890700369071
0.010840878338227925
0.0045380670283585809
0.01251194929254648
0.0085890079068709126
0.0061532597880941953
0.0069818708775627302
0.010267136580255578
0.015680814080834795
0.0074874350356842062
0.0089405565861796956
