0.46938676610691787
0.39226275995951987
0.40153838999592678
0.38979614216350805
0.38930534558970548
0.36620525997516212
0.33627746511014051
0.25218073375557931
0.22180541624731173
0.35062023153048977
0.30325896303620797
0.1321520369404251
0.23393852911947402
0.29379286733904958
0.41831339269302387
0.38765228625725962
0.35698786305270441
0.22232077649903662
0.10576121002722352
0.13608894872636265
0.15840073050344186
0.42252909098234553
0.39586656285515853
0.38982690782307911
0.40493264987126815
0.30348340677301522
0.32607196263702315
0.29921574892712255
0.41114728679619317
0.4224000355690673
0.49909342982536087
0.54773730135682897
0.50868380103016764
0.57837018288347641
0.45787131648140755
0.50062853866416512
0.46233682781969754
0.51773721345685875
0.47150563764153752
0.52255418873073656
0.48128919341640181
0.46010434248552667
0.47083673368191592
0.45625458196543994
0.27419355794507105
0.4435558515608074
0.39394718496968995
0.49068131731665038
0.42894727842660291
0.41392942600883376
0.3232882511538433
0.22103222391064198
0.20538676586499333
0.36554119628577669
0.3893323020983408
0.16367728842001125
0.28756545898535113
0.34659852605834263
0.37286360356077186
0.38296483020340416
0.38387082928935456
0.38427717435567244
0.28968522105856281
0.36471046150980163
0.37761244815184108
0.51588580901015602
0.44657280595110221
0.34554973846790132
0.23170057178758585
0.22421484294028676
0.21605729190609974
0.13795102555782152
0.13243138578382746
0.19877428874275313
0.10454805022947319
0.075868461298635378
0.26085139047199091
0.30003182457939481
0.30941608491193634
0.39395883904596124
0.40662495990158998
0.40762311945295981
0.36236164970098972
0.5129364476080982
0.40924097239168294
0.30241785420483852
0.17605539821137978
0.30146687884117207
0.29322074035535417
0.1888032497439962
0.07007127505475047
0.19335884510484125
0.28847005505524248
0.39076268109680429
0.44709119086671573
0.4908707604688527
0.41103083867273027
0.41407766089321141
0.43403602871831876
0.50209893178533871
0.39094101136406589
0.28136934478627584
0.23781677940074689
0.16301376686420932
0.28264701618010729
0.023162480525278733
0.17072056331093619
0.17248833351957205
0.17966845962935973
0.24418662442807643
0.40304054567968689
0.4113608405939469
0.39603435918044005
0.4351925126557768
0.43947234651540912
0.32632810222710085
0.32793136236766779
0.40563085275556826
0.45161465473448853
0.39151237924587468
0.56054476182687363
0.49821591044217417
0.41316999535113658
0.47741812322687355
0.5392071859953399
0.33097370008215288
0.32981080544699132
0.52035598376858105
0.33337569230414549
0.30345562112171842
0.43300695071172607
0.32580845787752816
0.31367156548670899
0.37547501007941425
0.28804591047733097
0.34070843228807657
0.46371689354182954
0.52945549038100381
0.43327958668749694
0.51176967424685382
0.51032275593943677
0.48855008303685193
0.49791393978467324
0.40917609520620302
0.34028451177245683
0.43949545232501341
0.28068350716169732
0.27239784256287641
0.19561519201865427
0.22237184778762248
0.31073104023254589
0.27668710203221242
0.37365988790799293
0.50753937178008801
0.38898093299452957
0.35622149047033924
0.46892952322140863
0.51398036966109839
0.5574641946222012
0.47218080572833981
0.4067783593233627
0.39659035848192492
0.19707843572782502
0.35100266061736723
0.45145170028392317
0.43000197794024103
0.23743672490856527
0.28866239227403678
0.55311769940142064
0.46874845306847446
0.48360711456188521
0.44979702418579354
0.37782337289627399
0.40548849071909854
0.46662569927265801
0.46988819605849491
0.56602296995039736
0.43802723921323328
0.49914968378546715
0.48876062339909676
0.34235519002074422
0.42661025202611691
0.41153889524803672
0.39123041664089669
0.3664303498772275
0.35496375664559399
0.41635026982467926
0.45492646621970506
0.51975261393196193
0.35322830480682854
0.25269804952925645
0.13853189183155656
0.12086729241653756
0.17631816842627673
0.04558857167766741
0.1729980901944749
0.17337390062027372
0.19580377428051365
0.28078331585156679
0.3243464794739862
0.27082623264468447
0.21172830420142838
