0.43350293616588448
0.28953992168148152
0.44197856954098391
0.46357847420190373
0.32842036199014196
0.29350833463283288
0.30951185012058591
0.39718166756447271
0.35742128081605157
0.39092162420167081
0.47609325860460394
0.36840279184818425
0.34492596814404103
0.48092461820384624
0.51884399027822048
0.34459289614255689
0.45293688312489994
0.50558839775648146
0.5973894336318476
0.56906502602132847
0.58262162840730414
0.61373000322171345
0.55454301742679923
0.56420196790228749
0.52227119290506152
0.54551271577032179
0.4644354433011777
0.40898335070686509
0.36864478616162333
0.36955094006524214
0.33835841194876287
0.44154159944932425
0.50982696514725168
0.40517264821105214
0.43512800074320446
0.52271969833330967
0.50831917999977239
0.46820685732642076
0.39173413292832832
0.20556238734366994
0.22713126992301366
0.2186095106476279
0.25883353883102789
0.33252366179476367
0.21846474238787167
0.29525302753072186
0.12251686561732202
0.11362124591684429
0.1128937999284122
0.14569245547259418
0.35873769054317484
0.4449583589708721
0.5390302799479374
0.43630503184262304
0.27181823119769094
0.32130550598486929
0.27394167556167248
0.31285104401448993
0.23523966900140733
0.28796308286644895
0.26530547565962198
0.39712174855853544
0.56839977343190073
0.49220824348623443
0.54555956927965343
0.41383169622491084
0.41453659370679685
0.38616417512674822
0.39261344176927476
0.45260279137403647
0.47624766650484518
0.39462282446451535
0.29415401085475751
0.34936252417403602
0.48663304933337403
0.46371389592034251
0.34893780672046892
0.36491653672606134
0.49581072899327006
0.54048731221018576
0.46308234304694373
0.50644993231028146
0.49721157147733902
0.4660967169122413
0.46975849901997374
0.31767823718359639
0.32624324639416163
0.44312569625095188
0.47196608822227065
0.49079460871523856
0.47806209217659607
0.55671908359917688
0.43652034618353819
0.50375491676884232
0.41474828845313372
0.42606025863372088
0.51593587685850062
0.43288767237904918
0.39954576909296768
0.47743087272799883
0.42672733267951185
0.41603401490672931
0.38635598679130179
0.44488267804760151
0.44274649245537129
0.45967577475716215
0.46638043785584277
0.61758300356029183
0.48868536190005185
0.48104018893665973
0.48235582666209564
0.37175481931177035
0.34065989338987851
0.29195016329051243
0.36433838041269651
0.32704982610281769
0.188423294284399
0.14694789067135075
0.2567674453171338
0.40214039637400334
0.3801399270009086
0.25656803149084373
0.40722505521330959
0.33890497507214051
0.32721440815436142
0.22941303550197015
0.1654782729220729
0.12060649099905844
0.27457973224024618
0.36900789934135642
0.34774341137168191
0.25725431913641156
0.43047326025079147
0.43775693832477769
0.46358834982220998
0.45949057800166898
0.36913190820410513
0.37464260351042122
0.25483211881877399
0.46776659678639743
0.51722381973313314
0.21361169878368064
0.29560392448630551
0.26730322628623282
0.28505177948995469
0.25553369758627997
0.33961936538510151
0.43024114794184831
0.22344601824605251
0.18838735959745617
0.24525719030170059
0.25729270476448329
0.22422654448047363
0.057549284455578692
0.069234829359927502
0.059465034758640102
0.22090858315549713
0.30344325827250629
0.34817260838716901
0.45393231159924324
0.50743815013264759
0.40803129142875894
0.30109046685366325
0.28997473072286006
0.29220193435220471
0.34746869326443253
0.4029423659089002
0.38183860076080001
0.42099290445042709
0.44319296350722509
0.45460126798706157
0.45886663346994078
0.40575852332034634
0.52505703955803928
0.54949151118406658
0.49941796494042701
0.42372740136065451
0.42234139560534439
0.51233861604855535
0.54476042480683062
0.51953203772658674
0.4042402172949297
0.34853309066079169
0.37122654347246703
0.40521496890870118
0.44728092286882282
0.43770681167023162
0.52198274048223103
0.51601939466143409
0.60003662724573892
0.58578996366228797
0.48821397600598193
0.46687820591272727
0.43224898556251057
0.44024046152634794
0.46993667308578757
0.49583325609358042
0.51455752503251007
0.39283422750832542
0.32815914800100371
0.27815917806362778
0.11108902844356981
