0.016119445688099032
0.011443353381916536
0.004819610117537728
0.0026565415385397125
0.012133793650054955
0.0065850652705921608
0.012980645500605886
0.00068297364213474611
0.012086451546814812
0.0083778984668280258
0.0064948370361390039
0.014890819709097034
0.0092114800745205349
0.024850514173681882
0.012857144872582649
0.0071108958691236653
0.0029524129005330012
0.006531805221982212
0.0085033282136275125
0.0099052120292708514
0.0048262030389455875
0.0097288544742683454
0.018449292665191727
0.0080257257241512486
0.013718835064939842
0.0033732817872482476
0.017370854189839888
0.0039070727358248578
0.014206566988505165
0.0030285987764789588
0.0076507092441464612
0.013105929472024129
0.0097642619143331107
0.015494312174892388
0.018944768337542321
0.002180858877862321
0.0057393240851780275
0.011808822002382433
0.016522279787733466
0.0045609163928204098
0.0051723209488547944
0.0039486330293505558
0.0054537353365763522
0.011165984636532272
0.015286792864485071
0.012232375597642609
0.022055453035811478
0.0064600935772024283
0.018996895579093367
0.014685161299682418
0.0055196201205908284
0.0068005424685279627
0.022404178915370571
0.0033187816414894391
0.01318735098447503
0.011996463995372245
0.018217258868132937
0.008381236328625679
0.011796160784263172
0.014426858415576812
0.027280772013539376
0.020410603875388279
0.010184228150027211
0.0099516600913470317
0.015747121228214332
0.0046534752789630877
0.020329997819851418
0.0037173987691365073
0.012933133640298598
0.01040980070359997
0.016456963468661375
0.020854787261698621
0.016948321564181485
0.019068034151136389
0.0031847109136616185
0.012353224286800269
0.0057766341013338902
0.014551241029774002
0.004204294463961037
0.0074151377282813428
0.012118281057393305
0.016115624993570193
0.013590388440156208
0.010978503119266238
0.0044472033216549581
0.006525070781758552
0.017744052557262007
0.010003979052643002
0.0070013407652780614
0.0068786593978623304
0.0067249606318077054
0.017126157070038082
0.0036417679873629641
0.0083555429989607306
0.0074788341305512393
0.01948796646652174
0.0083099863054389572
0.01068529034795046
0.024166730895898148
0.011292556941810869
0.010899196332691366
0.0015902206388932402
0.0047409308097338121
0.0069390893236278544
0.012705289887812618
0.015062686303092944
0.0063865885568672748
0.020478016295634151
0.0063627837122824842
0.009676585953813913
0.027870125941502764
0.0039551852552773348
0.013110858050492672
0.01162670818222156
0.0071488460127937933
0.011647867258138702
0.0088031156520431801
0.010066028358848754
0.01397127971460246
0.005228771942252161
0.016862241427897062
0.0090974085633672673
0.0099609067144064561
0.00495681823451667
0.014108788686926561
0.01170306128337025
0.0031752685076806928
0.012739432085776839
0.017520289421502269
0.0099097506825244104
0.01689583236781304
0.0045377043049730677
0.0045383813490248101
0.015504167033781407
0.014216285399595975
0.0047622357898556211
0.014130999130908794
0.021993368217461669
0.0088174132267292999
0.0084465730123337544
0.0091353047300047358
0.017724688832097615
0.018245145043699479
0.0094030446512020499
0.00216639288133511
0.010011906806406517
0.0066786871524323662
0.0085494843838246348
0.0028662641076255975
0.0084869114469443199
0.0045028864415959527
0.0057079103484643087
0.018653387426144773
0.01010373415002149
0.0021371258107314062
0.0034885716527310968
0.012324677318776992
0.0034832367407005849
0.0098420920409256086
0.010450144837501162
0.0091034177484075121
0.0077331107971029918
0.010191010201348291
0.016754391891087354
0.012167508250660342
0.010496191151325064
0.0064739713555795227
0.0016459082347478782
0.010800075108026698
0.014879100161443254
0.012952186722750636
0.0134001263241106
0.0061104863849834566
0.01104732799925656
0.015438496484656164
0.0037970213010977772
0.014083251863701884
0.0032857344566346123
0.0089641503974217298
0.01568699756949846
0.0087804775206000631
0.015478276026697184
0.0070661860561973449
0.0094247558659351915
0.012044602177707395
0.012828849179149815
0.0043409998578440075
0.0068924355382806741
0.016524371362814323
0.013125581873314515
0.0039446922128046364
0.010742054654112812
0.013135432132612191
0.018068425797833375
0.017601913986966741
0.0069070072903513044
0.0071608240662552934
0.027863392496259728
0.0094452353887697002
0.0065166797733242146
0.016445152787742952
0.010554058240002155
