0.0065775609478793606
0.0067410559495341242
0.0037249905987842102
0.010405513989765941
0.00663625079706934
0.02024734941020229
0.0058276272444636673
0.0075273352936387344
0.024491879532018625
0.013735356080448834
0.0019110806327787867
0.0093001353153176203
0.0083133882753953087
0.018056906674169405
0.009260256869452952
0.0099760371347355197
0.0074598352076484754
0.0038004491818447476
0.0078032374144998392
0.010659300640326998
0.021488498418476738
0.015512795139779571
0.0083927955321236106
0.016655627223033782
0.018981797542929158
0.01529539160645272
0.015039621094208984
0.0087551607606001659
0.020381260511559546
0.019386496164382101
0.0085235243472725642
0.018206257590941431
0.016400305146085523
0.0027993825576748971
0.021142061356915841
0.0042024040742723798
0.017463459292702616
0.0068012707478840966
0.016120934824080117
0.013716068449851401
0.0033026477284273398
0.007587356548705692
0.0090901749955905366
0.015374217497564596
0.0139583524579286
0.0047243949849983804
0.0023154355770088099
0.0057609920849921161
0.010841373417692124
0.013182523775857533
0.014174574056379697
0.017357551259761173
0.0094822678049419958
0.0081931158940813358
0.014227992490917704
0.023536106829987778
0.028054150194198241
0.0041028690293429902
0.015192780580066453
0.013635457879181441
0.0063674450280158095
0.014052497693766602
0.012607238162150642
0.0047851214059942719
0.01614842133880719
0.0093236056439910831
0.008102328412330953
0.01889280484203721
0.019937993728635334
0.0042898922314917858
0.013368645162127553
0.0075327740410999957
0.023550842035364346
0.010192472172064846
0.015898198686111777
0.011793945205584699
0.0086574952304238218
0.023450011726878363
0.014505199941959096
0.015261885269008501
0.016759771994809068
0.0059680644199003223
0.01827917448286611
0.017891172398050208
0.013433454356626824
0.002184275144263427
0.01896553714494233
0.0090995673764545891
0.0097733329396000948
0.0043261934418422597
0.00069365969165981016
0.0097532605997131573
0.0083293664156275527
0.0047890468473864517
0.012259975702771247
0.017077834030063632
0.019038443642962529
0.015299759349882071
0.010060549574876404
0.0040946666338101774
0.0065774151525575236
0.01344317299604896
0.0051404424698013752
0.0048404044153845605
0.019358212461261775
0.0036457226265377168
0.02349722358951074
0.016587985473672323
0.016434944214898578
0.030906599107694367
0.0049463856126912087
0.0075961758323156723
0.0023243452538250623
0.0057135845056753886
0.0049170749900582615
0.014987346456759813
0.0017237476400806945
0.011787642949485092
0.015573789841306151
0.0029639736530151662
0.0084252711808207436
0.0039421310704163244
0.014942302750408646
0.0034850615116132485
0.010267693633466973
0.010307550458018311
0.0070871089470300342
0.0057493088125567795
0.01009728916132608
0.018737803223433352
0.023378538123268726
0.01954572630464365
0.012431290403976693
0.0082378930351749407
0.013673739566294212
0.0120900211504507
0.0068814062329736522
0.003916923745461774
0.0049516060107254308
0.013905850390908574
0.0097065304515897306
0.017417476366235869
0.019485482474681345
0.008270947513558646
0.012925800708979304
0.020570855858771549
0.0079532036936504139
0.010714518702062012
0.016769765483564934
0.0094686517232067634
0.012609402913733855
0.011275303500509138
0.0135070030740948
0.0071542100876149026
0.010944634900220785
0.0094429779223509907
0.018963827510691391
0.0087941096335810535
0.0030828924369512381
0.0069385574037694221
0.021049788872426093
0.0023203285594433354
0.017968060349224976
0.013419864905630801
0.0031204806294813036
0.015522792099281235
0.010032876286576163
0.012633083035450091
0.0069543734803798616
0.0065720781159643148
0.0090880221874307596
0.01248477164194374
0.01660108001127129
0.0068558077116161326
0.014625418695015557
0.012121828046621787
0.016338891879673537
0.011458672457600357
0.0081903830867389969
0.0075393639997279327
0.010023804598163096
0.018919546255738537
0.025397020596250156
0.017194034892174047
0.0050275091246793557
0.0086397678651992313
0.016925002289844185
0.0080535070657717645
0.016217077284813409
0.0040961952238964053
0.01491467726815375
0.008858368830073949
0.014974328680401751
0.0046247390434732477
0.020554954881748955
0.006052167309727444
0.014039348618537693
0.019949059633144722
0.01220268633083756
0.0093569001002837115
0.018805526507063734
0.017945414533235296
