0.017025565379411314
0.014236990002022431
0.018423193503532144
0.012090361841147486
0.0073694983793054529
0.0040580188788945926
0.015369929342606533
0.01146100631650288
0.0031955363864403946
0.01242919364962051
0.014105873758807331
0.0077892715673724949
0.027368560386668243
0.0036002385764687395
0.0045087243691146698
0.0076627320497804361
0.00045779284276430956
0.0052126065781864257
0.017448392010398023
0.0091081630059218193
0.0016353944964892584
0.008642922704968645
0.0046969041382244137
0.0072244483594615036
0.002639261831814036
0.016027852950172818
0.0096326615670199386
0.0054177309269845438
0.00099487847848379733
0.0044433418281559778
0.0082054918865710931
0.0054021760457127477
0.010009814267261311
0.013069449414810764
0.0082530967645082984
0.01384953146309641
0.009941317597651567
0.012128479746226715
0.0063221565265087843
0.0075992964307748387
0.0064940945229528396
0.014436396191489051
0.0087966904238617801
0.012020234055496057
0.018524307256198493
0.028661751589557621
0.0070910891700919181
0.016131737957842191
0.011587004275468441
0.018923240584436441
0.008226900547260052
0.0076111513327263448
0.0034843812450734602
0.017091573081647094
0.0093964841314931845
0.02411813193535569
0.014597724551632919
0.0047860933471989414
0.0025315146646091155
0.010096479724505471
0.0098199807219778133
0.0069985397880077569
0.022836807547929491
0.015940351781213058
0.007693103538474729
0.013681538805900702
0.01490550140759934
0.002940088463908465
0.0084334588440247368
0.0093625264887052563
0.0059152726272927066
0.0058138736203001565
0.0053734214068600445
0.0091125706440529902
0.013554338136754314
0.003503187746579053
0.01702443285787944
0.0081292691676114505
0.0081906095574495463
0.01497472206818074
0.01349856603265912
0.0037115817823735095
0.0051383635509964967
0.01237297023983849
0.015201547195134521
0.014916392800196219
0.010430449972285996
0.0041055924485503981
0.014926520381546389
0.0077073274355589378
0.020807541267119666
0.0075682352768701184
0.0043613975551605516
0.0062500720028349352
0.0047356047334832013
0.003816421939691375
0.0049090190558813722
0.0023905005217678154
0.0040174391683257859
0.0085289670842286763
0.023799980650760787
0.013822500145355148
0.0060612797845874672
0.011535363614913941
0.0022437366900860387
0.012083060979383685
0.015241708741632682
0.013886119369918968
0.012172631914832562
0.017403945735409862
0.0054806704500504682
0.0066755279453946971
0.012790936643270042
0.012152562064450157
0.011315287248875988
0.011163519585965722
0.0014917986032236528
0.000582437492275526
0.0055510771247119992
0.02612470672866021
0.0059717211781043908
0.011179793210350215
0.02658398392562647
0.0099339848848665549
0.011619543768579571
0.014940788960349541
0.013926101811303724
0.0079232041097465969
0.011396867909750355
0.0097040149772761649
0.00874151962688576
0.011418538730280365
0.0068947520089540481
0.0083753355199048946
0.012708488562848059
0.018570202656703758
0.0075752012939043637
0.009634360639084313
0.0098912909737745268
0.0033975460687084569
0.0085277864123429522
0.0040391868371789218
0.0029108493797288366
0.006028401573556337
0.005898903915184185
0.0090507934003862152
0.0076547634449268204
0.0097714221845908202
0.020353004613045747
0.0088585267565557835
0.0086853769480682193
0.0055023036975199602
0.0081876378509593457
0.0087829903244034339
0.016522474101101914
0.0017718055839322049
0.020110821156663749
0.0035543218688447189
0.01289689242847499
0.023265611933545167
0.0047388355112385509
0.0094276388507036641
0.0023197913292119445
0.0083911657224397702
0.0032805557423330285
0.015190392767779561
0.015831772263230896
0.0083929259584420799
0.012688227344554154
0.0053590007337718064
0.013923920563699631
0.011879670888509622
0.0077805581191276001
0.011638818149682264
0.012187915408201048
0.0099953697411109196
0.0075220520145858017
0.026389478590709867
0.0040533555496710368
0.0050854985587277194
0.011991015529984
0.0091501525588330197
0.022781323841394908
0.0033047358647584901
0.0053504393713732354
0.0097150967695581007
0.010866798345845547
0.014741002782790041
0.014835473387447546
0.014903098858284841
0.0065779296981341422
0.010310545237447627
0.0062883804976668111
0.014635627206157189
0.013823595510038228
0.018913196416552557
0.0082661234104606639
0.0073535901392986587
0.014863752999898235
0.011489657434939366
0.016836661176778893
0.012399150994718881
