0.022532188621065045
0.038653718512912452
0.030654277142262158
0.032133687351849405
0.042588290716493851
0.043768436143973251
0.025615700281688265
0.0055933578593599488
0.020468258346551083
0.053413458756906257
0.024749654115354718
0.020800157804563648
0.076321636324671496
0.042685033576702051
0.071336501861503407
0.048649861909801008
0.047082951831530176
0.032143949909781033
0.010557837386501435
0.07870817940756733
0.05164438320308111
0.016758793007891858
0.046309863828091123
0.019832411352295833
0.089513934776781337
0.026923015863026235
0.043875976818975163
0.090526810837658636
0.032972280875069634
0.035274501765211533
0.059289488423425456
0.035530679941493025
0.020062489294736509
0.053368948144311625
0.0024551808865759311
0.036685538491322375
0.069474587048357433
0.046750164336427369
0.039824916946514272
0.055197222071317269
0.015733860424578226
0.049703198635286397
0.080695051564370943
0.028142050591673753
0.014779826431870475
0.050951899444716509
0.035990065565065579
0.015536908985861764
0.043940511397375231
0.058809348027428904
0.036494247451384951
0.036139857194198328
0.03850313441566991
0.027235598955800189
0.072125142650690172
0.011398609271946336
0.0046482135199059499
0.059472416004131806
0.04702495496352832
0.012865511912521685
0.047409452844380556
0.024991908854740161
0.055247407815792016
0.022549343568961516
0.030036924269520232
0.007320672799145958
0.0033767315057304089
0.023799852630578686
0.038315978655585822
0.016711178364200358
0.031652089871577069
0.013580386038991801
0.02022439363120878
0.017636228310912737
0.016781526448297238
0.054543117258091314
0.045269944172972129
0.063502495469765857
0.021928388563690539
0.054020450668712798
0.0068454206241652235
0.048084878813827815
0.056962818509353585
0.044710821437992584
0.057047550555850278
0.030582739935147613
0.035278985924069271
0.043470862059038114
0.033409472939137333
0.048819506473525065
0.02870463434747117
0.057175332641546298
0.010455763020843847
0.057704855168395242
0.03269797386767679
0.052994555114164059
0.027665923513108773
0.078804784182867071
0.049150594992000404
0.042045893298046116
0.03355551210429774
0.021757550120783131
0.043196590198087755
0.030546025016260768
0.016880003461927792
0.0087589289385080846
0.026863280059397941
0.0044614776666969079
0.032427983164637797
0.062543487836164327
0.038492705621394389
0.028114452229473268
0.016156224957856621
0.040170787337868656
0.029641746431197612
0.016431428869580392
0.054728317734111145
0.0097506023777717988
0.02593058986582247
0.030028940855731968
0.023022330113860207
0.023049938903597206
0.036242003789174075
0.048168612486231839
0.011541711169488824
0.06225646697615124
0.019210457044068534
0.029692548477190332
0.036439679920252085
0.0093954763713850701
0.019667628541211686
0.03677483586354819
0.026408281825593152
0.014110080851823609
0.02138605354989814
0.039123721484689164
0.039011431650561097
0.026037443568909278
0.060008059508140865
0.033855768638380211
0.04838588426005249
0.056299219587410174
0.021278622266020179
0.01252377096395851
0.024504743794659351
0.039283917947202068
0.065872580282731907
0.030322824003079982
0.050316934431959739
0.041010274435030858
0.035897041178276363
0.024005635918040034
0.027011036859750495
0.0025882265424149432
0.072511417234053327
0.049550581438551726
0.016544307300647761
0.026125376846484777
0.044449050493933891
0.034441669826635164
0.057970807480076686
0.016850384401234285
0.042499019912262133
0.10153762134995321
0.031605369738108062
0.025369506097879659
0.030121896457317707
0.053753735780122817
0.028230918380543833
0.023527732191166918
0.015601642598296734
0.042063733129151695
0.023187043925049874
0.019016069941826499
0.036762093330975264
0.036768787878330454
0.023110211102701086
0.019324967209211869
0.04208054254148736
0.022556300036499648
0.036475743579492931
0.012560111081577931
0.022174639783515356
0.029929919599936489
0.055438682727460838
0.018609162514115034
0.028928773871009155
0.020754989252058029
0.040497738659860054
0.0086646121626968841
0.054407925468983424
0.030966261232588138
0.061896683828981981
0.03119558332439834
0.017258168422735344
0.071592821171978571
0.020711549741250213
0.018005728927912162
0.032545688494466353
0.068336447822797936
0.026755965730005903
0.046716351945965878
