0.01168963858762666
0.0067831657625102388
0.0077703833581416332
0.008799973728545853
0.0084828404290033781
0.0068464333464850367
0.020825661296633127
0.0038639123584353154
0.005074457724598018
0.004566104188034591
0.0050677841936743939
0.010838006976719293
0.0039680702837265082
0.0084579165097698212
0.012333276403811825
0.016160275365792006
0.009178677587775767
0.014448151924564227
0.011472560748420657
0.013482678172615658
0.01297941545871456
0.0082652702987318655
0.00066091426642152706
0.014450898983146632
0.0075813495271885353
0.013909401129702442
0.0040950504004978279
0.0064335372559279945
0.013059415072161479
0.0054019814577890655
0.014184868114143717
0.010098915238529335
0.02416544913491598
0.0095824580069640442
0.0078346343326082396
0.0037083024559022666
0.01277898761649426
0.018694722717716231
0.0065218714706039215
0.012771525239550338
0.011139747384006624
0.017550497999458466
0.018521068984398821
0.01776580110405691
0.019800655896298199
0.010606381492956216
0.013945551202134063
0.007946799818017769
0.020406177737307588
0.014041310464142674
0.0097155411913260395
0.012532501709065731
0.0092468291008084621
0.0043225601336853549
0.0040937561521904508
0.015142266311550379
0.010587678194479335
0.011521565185685936
0.014724837344228225
0.010725534524759507
0.020694836880343435
0.012176458491989318
0.0086675745956383016
0.022952427983710326
0.0068983152905340945
0.034403004296478308
0.014122196494424109
0.024147599496172061
0.0063681192504207425
0.0085413925993220244
0.003157005896999133
0.0062596790251387554
0.010040006229034717
0.020679246366895963
0.0083607673335986538
0.0063001475354028435
0.0037034561622355544
0.013286469214926837
0.011047261011197069
0.0136826151825314
0.0060861903014242623
0.0061125592646540453
0.014490389341839849
0.0073169849724256334
0.0025419593278794526
0.0056829842427409075
0.012759048323418827
0.012981325901316251
0.016019504283469037
0.0073451448119307107
0.018608471743094532
0.014025630317117125
0.011033040180451495
0.01734585592107242
0.0069296469773976839
0.0054789261399488514
0.012456994313838364
0.014661144618811557
0.010986504276378756
0.021779582565948009
0.012934764890284701
0.0088114915615202394
0.011528960740601415
0.016969102685130147
0.0043076152799298838
0.019737443576039918
0.0081434126927521725
0.011665330935837494
0.0038404160489005552
0.0095132238084192477
0.0088091916297361461
0.0012864370283897466
0.016565309901613718
0.010547459767567227
0.0086128913757960255
0.0026318558344340282
0.014086815000449711
0.015526738245152426
0.019864136027348184
0.0064708412094161222
0.028334927667116289
0.0069699460904195558
0.0034738103130117427
0.009254882296554974
0.0061378957846899857
0.026670963821918546
0.0017952364947069624
0.01947821545661322
0.019165110664433049
0.0016720862133977987
0.009803913835112088
0.018370279300038851
0.0073728244004185924
0.01118092894926555
0.014749523970745105
0.0091616381272113055
0.015484705915353399
0.012583199479780833
0.012877600908853931
0.0039638270497497864
0.012498700813068425
0.0092277674273236604
0.012029312977077123
0.0056009159676239781
0.0039189240096420032
0.023265314844814509
0.0036767862653895654
0.013470979409413294
0.0070525619388923499
0.013934683986648155
0.0051397823293459211
0.010866619386950513
0.013434884826568601
0.0063679710404837241
0.015092526685064285
0.005730881383957334
0.0025280547637623798
0.012531171868695609
0.0071433469326022386
0.007309388127816333
0.021052693705107206
0.032215267551769199
0.021491038658148751
0.02030358418812207
0.0027247844121540358
0.0085326333233283671
0.013867071132591844
0.019623222788109913
0.0067034902710319619
0.0030186875855244041
0.0032887997432016888
0.0032018390359737463
0.0099619619877418381
0.012312782769629306
0.0067963195437465325
0.0035277897826818914
0.016537059345280745
0.0073097198851501026
0.0024916607823667722
0.006118885881025651
0.0026601038873207724
0.000874771902679166
0.0068041229341756831
0.019118908564742729
0.01796458085922403
0.0062088902638107171
0.0060561117721516936
0.010883940144046882
0.023169274165592498
0.0043835981123001829
0.0027241170566699455
0.006199668768089678
0.009595362145743469
0.005585296051717501
0.0030011380835982351
0.016032221411355674
0.0071610461964943944
0.014629888272063459
0.02106535541978832
0.0015371108852807328
0.024315656919495408
0.024540593154746073
