0.0052433164355608873
0.0068713270874448751
0.01341142526365427
0.021395185824952426
0.0018428733247213523
0.0117142144810857
0.0021956093820174691
0.018004294393638421
0.01388648340353579
0.0018811033237933774
0.0072819534407751281
0.014044659336549331
0.01263695826526604
0.019315809621946213
0.013077579173477256
0.015417067706476944
0.025703184353481488
0.010168913095901535
0.009193816255968915
0.023851952974085069
0.010586974019666354
0.020949935494506244
0.010220401153077034
0.015670999891302034
0.005283665813306194
0.021413699345659089
0.0096043524364156831
0.019905392272547385
0.015398834739559174
0.012070497927096767
0.03241799901340435
0.011276375875120008
0.0079582379319365279
0.020468688339506592
0.025517811667250628
0.0077653901857329503
0.0017389362095740623
0.008214361200386381
0.0062398899764506974
0.018552018670740633
0.0077253230415153312
0.020142048147080593
0.0054584977985596798
0.0072095287620903272
0.0037627397147101073
0.011223971367488872
0.0061781547365665239
0.0037445044962576717
0.0054966969861008881
0.0067228025501455168
0.016604491872450371
0.0060492219251978546
0.020548818724733967
0.0034122055419455216
0.027928468412325706
0.0061633625370367618
0.015039272357627465
0.017032594144703369
0.026692167316381493
0.021457070301498134
0.007522345188844197
0.021039186629386648
0.0018616046139215974
0.017323684105309236
0.023816210569839801
0.011296901065156795
0.0026848533797755158
0.013370508114197906
0.021371044086363051
0.020771397861503751
0.017983436109603252
0.0050846178821412798
0.015900103553908519
0.023282921388663669
0.015577961407594714
0.011633018200928213
0.0058027959718122803
0.0085067749943417547
0.0074888383596297854
0.022653282264886734
0.012012491900154219
0.016759999858790144
0.01230932846231811
0.015653067229826376
0.0080884902115587395
0.015072064128024202
0.012162166900930966
0.0182984404656917
0.011360362385082352
0.0016430307683585753
0.015622876328484291
0.0042912788621268152
0.0048040221465690128
0.013539910095389553
0.012592867272470373
0.0054886169008851252
0.022764854331133233
0.0049323410096987434
0.013942975411905766
0.006152428177144344
0.0039115143223361825
0.011299312802334776
0.011130268334866562
0.013917957838608927
0.0074923499546404914
0.0033708927243042588
0.010517208699370614
0.015619696238017341
0.0081469334058111523
0.0099022830929069508
0.011259312965735454
0.013430479551598417
0.033781142652565557
0.009128764901531139
0.011003811394135454
0.0037762467036339341
0.0077584387711156656
0.022632742817398719
0.031803340968392421
0.012821447407650746
0.011201187478553466
0.023153433918707684
0.0057951554840062047
0.01315445459448299
0.024178162322675546
0.011292024081375649
0.017728172433174903
0.0095451563816004014
0.006200999477718714
0.019750926771500917
0.014811480042775599
0.0049292794781075734
0.0057892567451310962
0.0068007080315000508
0.0040777537421729654
0.02348023438438793
0.0099716405442632911
0.023418243893188469
0.019321129437424926
0.016463583296183738
0.0096882472488753497
0.0042905517736226938
0.016369072839803472
0.026416135944349682
0.0081849444673137133
0.024128838445729963
0.011240084202905719
0.013728206048939501
0.014185429678592602
0.015608627022068883
0.016764909157671981
0.0067046678015471725
0.019949306386507052
0.0078148335379861628
0.02397471122632585
0.015322553982085627
0.011069392021701398
0.010843872892393892
0.031622177445177792
0.023930844947686568
0.011388689373005911
0.020059813985627652
0.0060606605964759587
0.013789688003759182
0.010282152354737763
0.010000318028571126
0.014791940988023274
0.011503789569612417
0.017290742334984649
0.0034526217457289585
0.013581296885330149
0.0093691462642694085
0.010423779930334756
0.0079719394784653376
0.029609854618718668
0.01893976152024212
0.013689869692034878
0.015233331236835242
0.026872207726541624
0.0049031921162426689
0.011872252858849089
0.022292320761178208
0.015983050231777603
0.0073577858505019808
0.028508107997411561
0.0069323308801138
0.030672301055443794
0.0055188284161608887
0.0086093137210702716
0.0074569261823732415
0.019079883125256582
0.0045234315952670722
0.01078591431230126
0.014302337138731093
0.0078708604062771876
0.0079111969080408011
0.0095468462768251959
0.037059579553046167
0.013844288006883847
0.0025933791112734764
0.0094249992760569116
0.0092050518610246306
