0.017937716637737633
0.023615836011010527
0.010818482662531931
0.0031076641822253065
0.011111795180411069
0.0087982044191719302
0.017831621578995052
0.006855399771642459
0.0060483771533780704
0.015928556830174238
0.0039150331477224671
0.025285820938513635
0.023658112257075838
0.0084961502191868831
0.0300313619355549
0.013710719423440801
0.028173975487625649
0.0029323730484234057
0.013841889578573201
0.015369644737382268
0.015092966594142256
0.011043123174576095
0.0018072629168758968
0.011403960097446568
0.0067130704557959043
0.013293677166532843
0.017161111002701502
0.0094801070952911272
0.0068573291836561525
0.011981021864697454
0.0077179268678338577
0.014727485692942452
0.0035280343623040333
0.015030470478132583
0.020778611990525015
0.007022943931435115
0.008354536769915287
0.024670205555979575
0.0096945279527873053
0.022759954761472162
0.014686647526575752
0.027712660764841985
0.0058247581783151953
0.011171154197687112
0.014368036996208462
0.014251298199133348
0.0051689166161891561
0.029926888353756131
0.0094198177299759898
0.0076447847190380157
0.019601579645317325
0.022505117451833447
0.020017489791344895
0.020094975077310784
0.0096324792658234251
0.0051440196905130735
0.014967981356735063
0.014877350790990894
0.0061975314115307106
0.0054515933018302962
0.0094919793762133515
0.0051820768838737223
0.027151406783051529
0.016720636698946991
0.0014189348389816894
0.0078342911471659307
0.012399855536180495
0.016749325655662298
0.019503852849682823
0.0039845860995033327
0.0077443734938271603
0.016317555572235565
0.02389684619100731
0.01919442665903939
0.015457812994162944
0.0068487781345569383
0.012892150534676738
0.012008576860705045
0.013120427741133161
0.016717989768398531
0.021202430823016625
0.022306041935698715
0.020331142960432858
0.010808235236574712
0.010719400501483674
0.029210289634139398
0.0070022505096074446
0.014358423914823858
0.016090685827534663
0.014052086420134087
0.003906398332264735
0.021207283741479437
0.020578424443272118
0.011832709347281116
0.010550020545826698
0.022594783674997516
0.0068262733377242053
0.012809438417360418
0.021440471871632418
0.0071813523724661285
0.017766511534168274
0.014605156655810121
0.0031243193499740692
0.033371628389220233
0.018741339979698939
0.020458092818009053
0.01832701819809324
0.014785126068373077
0.003993853000393865
0.0094758199349042772
0.017946780250847456
0.010338095917884618
0.012206775794289266
0.014812091593546649
0.019241303765109078
0.021206478246185999
0.010381937190476436
0.0018336371728236314
0.0012976281309132699
0.024413005040487934
0.0093884514237408141
0.015690497105377097
0.00324586075962712
0.011470857286083574
0.0053560350708941242
0.0053213024232464405
0.015053274938708412
0.019006698267362239
0.0087789890018328404
0.027011511158830211
0.013615376812448636
0.0041403229790814349
0.01072340941922875
0.030553246633615774
0.0087725201149367396
0.014231012569519313
0.0072792217516144302
0.0091312800831152442
0.013953424595522124
0.017584301628253123
0.0090764025893592306
0.019755018793350218
0.0051376317195622554
0.010231035605388291
0.011572166703593931
0.020044923834052757
0.022275265830335386
0.010552896138765689
0.0023421166514829206
0.0030546023469568881
0.024041177656667578
0.010083054398459886
0.011614621154716549
0.012360413798963556
0.0076065433588023259
0.011280401713635145
0.012273542489575767
0.01665850724093202
0.029952314761736751
0.0085521229164930903
0.021311007125132956
0.02046175855593893
0.023844465099446221
0.0082104457554733699
0.0062769013198799807
0.020158046965699901
0.024001069369028131
0.009519593743157341
0.028244986154084693
0.033800453789249396
0.013516020451824463
0.020112460280128201
0.0025398044037826524
0.014063122885723136
0.0057168675506174722
0.01042465846835839
0.016785819019399375
0.0042176663477399888
0.0069803829105245839
0.027097996130638121
0.034284560220469419
0.0053836447495819589
0.0080662075730370073
0.011077600712282417
0.015370725740062298
0.021711888807007605
0.019121438519706928
0.013328549418340442
0.012520339554599431
0.011544236950776495
0.013468821470881671
0.022876272884076211
0.013505059272106556
0.0065289076852627168
0.022887149388848987
0.015204705340432743
0.018539699433742146
0.0044011317321554907
0.016697691059590732
0.0089269419249144791
0.019295599630760669
0.014689203308631552
