0.016595240796360374
0.0048793418806601799
0.0025798748134987668
0.015640343987469153
0.014267834509289732
0.02083170719614982
0.030548260093338702
0.010093834515441286
0.013006507293222551
0.018858909555771446
0.0017725446317137356
0.031519558960980514
0.018921364792428827
0.016130536353293101
0.015792036122833027
0.013776873366543783
0.0253235269961079
0.020526012165212198
0.017634062922639877
0.021384835316327115
0.017251246692782045
0.017944960088450597
0.026174411440479342
0.01663718309199946
0.011201292321954069
0.014887382454112041
0.019470565568610088
0.018050571287587025
0.016658706328926895
0.028041054610400851
0.003037146504683882
0.023511749457359007
0.018798712240973077
0.02211917607774725
0.020327026133121043
0.014178884956006391
0.023268222662688291
0.01540571463894827
0.019304344506639533
0.0017358553653140302
0.014417673331366525
0.011906829244156831
0.017736471194060948
0.017425808796186711
0.015124315551075235
0.015514362799837641
0.021924105880168937
0.0078759396258813435
0.037129248014737659
0.026360912389089369
0.016372699878337893
0.019057233872004847
0.043016307859570814
0.0059845580611750685
0.015523660246930434
0.027333360573773398
0.017465530252141592
0.016569971024581475
0.029969180520594788
0.018754242383371336
0.0069896841092200379
0.017195902466533314
0.0095005762317048829
0.013129293371813516
0.01760804342990414
0.031151840084424592
0.0085941597165850366
0.018683206817304072
0.010122864026248523
0.012133897443082716
0.017587835571605034
0.013271819229418339
0.018456796279513563
0.0084425121735056015
0.010735788075009889
0.012339056935717695
0.012503311337094617
0.015328349894020842
0.037396706173392212
0.017631406477891267
0.0042164478020902995
0.014924066039842251
0.0087515245709762178
0.0056410606358002291
0.0064638261547899497
0.015128030569707181
0.0070306287963098381
0.020919104995802532
0.016155875466151631
0.011462561895435196
0.010869432120885907
0.019500372012861537
0.01179541391280753
0.018839075900805229
0.03306879294981608
0.015879599904494557
0.013270356879531294
0.021153451790500963
0.0036496154839185399
0.0092307537446534652
0.027313889721631162
0.013418111281658049
0.0065821283815390864
0.011749582936741205
0.017758645792453408
0.012939775359582711
0.0090998462924893869
0.022282294683281283
0.033340847064745646
0.017902269759863167
0.011423399038264767
0.019263153636302276
0.021777098529250655
0.020859511552388729
0.0048962443260774716
0.01215632120232683
0.017129663749791114
0.0084062690785868081
0.014577967907087451
0.011471050122279685
0.03059941893253558
0.016695615605104925
0.014964259061358219
0.017667083858979336
0.037633067549338865
0.011653755030791231
0.031326959969774887
0.012178834404466968
0.0057237385817155229
0.018854693926745533
0.020420051433928936
0.013673319262363148
0.010468785971890006
0.011957218179668641
0.0091597676282762532
0.032443451140746225
0.026271167707930917
0.0049190693675213032
0.018610463578884528
0.01015036159650518
0.0054480077698810811
0.010051434372675293
0.013641025355314982
0.0067775738002520012
0.023010918998476241
0.0070879607355660698
0.0063100276874459901
0.007848939303203151
0.029076767747383127
0.010676544340133874
0.020981066037346171
0.020727794938465625
0.012891352465384535
0.0098951925765974301
0.024879607755343307
0.015888515790590328
0.018304801330112721
0.024990566989378096
0.0077216024860772376
0.0073942537298876841
0.013621634557230812
0.020717366897106553
0.024164595254342489
0.032369070798044318
0.012840550020171213
0.025813343073808705
0.0051819011020105658
0.0046087317071924535
0.0072742893524335387
0.0012658636235263665
0.010760556984230436
0.013630533310292185
0.0036662686324803228
0.016152484178439078
0.018034229075773123
0.0061690316981706022
0.017994012769903839
0.0088745410409966485
0.020499701724830007
0.020614070953989889
0.034528935701539025
0.020004675701550262
0.0084250526722408348
0.0068415082711383328
0.018323409930804554
0.0062421265013619803
0.0037253827007989945
0.014610665334036883
0.011302996292541445
0.02543686975941593
0.033214136610821766
0.024138365987516321
0.0059849904092064846
0.026392954829594219
0.02183898875998088
0.0085106623691959104
0.020995937136195162
0.001534018472593593
0.017937490090574073
0.0093298417646231167
0.004387795543580454
0.042989623006355539
