0.015508490012523069
0.0015423433068445251
0.0068004088250170408
0.013317482563513403
0.0097411746129844306
0.0070918580219481364
0.0081376760696335211
0.015610582490551726
0.013388574657879215
0.010009593146267377
0.012787685147906245
0.0034980869487152059
0.011420522219228414
0.0033944938793564017
0.0054052036383250967
0.010939785484842623
0.004392542543917923
0.0051768015603724082
0.0058015702369823303
0.0056236993480698588
0.011666425931417479
0.010060071388586722
0.011788329454187962
0.0018165511924062604
0.010092878730320569
0.0026791830010633798
0.0021735546312274361
0.0029722488109174949
0.0053493819137586515
0.0077907029221364367
0.0087869415215975563
0.0034171001849723171
0.010961780593566199
0.0037915751780920313
0.0046830123111927004
0.0015768733056834932
0.00089464110991080426
0.014319911000446266
0.0066651841504510199
0.010143206703491964
0.01667948482210126
0.010744422937413699
0.0052563501182263895
0.0037626152988087373
0.009817573017559254
0.0093775362004154348
0.0021334542483833867
0.010836703658194521
0.010319028083352529
0.0025918013150071722
0.0048658234091768201
0.011458105188323176
0.0055897240860248104
0.0061034409142806268
0.0094279696775427021
0.0081957693206618706
0.01742055935567545
0.0082277607431312638
0.011535672237838131
0.0061470833457157271
0.0053483068602692141
0.004258433790617246
0.0086929950301223302
0.0075464884148467642
0.0078696386578659943
0.010952375867002493
0.008614698624710735
0.011263857655273877
0.011994028015837275
0.022113334617714878
0.011528367049402551
0.0061381434893504477
0.00839144719506431
0.010736255972650812
0.008066505720481492
0.015090796631791742
0.0070375261511354441
0.0095158014977645873
0.0056157233517464189
0.0029413300814019753
0.0011041142260604256
0.014015427941566494
0.0069884895239126603
0.011655847886155155
0.0037081118743804162
0.010067442966020246
0.0049789975191195266
0.012494674934875561
0.0082312682396325481
0.0047552041382416402
0.0049646599658056921
0.0098460259021103669
0.0051518638192975565
0.0037424398576594896
0.013844090195319039
0.00821615663577158
0.019177227315320837
0.0051538881851480502
0.0059799128687427917
0.0020373886098362017
0.0042169751486068495
0.0030199687567703162
0.0078552262385836666
0.0099481209113467632
0.0043202136422225814
0.01207072773732714
0.0035834718693509991
0.0071491306601925422
0.0037475887347742185
0.014105830359241912
0.012601813206311553
0.0080178524431825399
0.0038975787098610637
0.013132678452391482
0.0099012155963591128
0.011367799772720639
0.0062852893491739913
0.0054033961376851961
0.011410785649268208
0.015978884527243411
0.0096628727403757705
0.013993286633484592
0.012045014494541531
0.0039477649251344112
0.0037911423958114556
0.010402668574976699
0.0072652747861821753
0.010753062775958746
0.0021730610878646214
0.012843501926730248
0.0090397339322307087
0.0028943877677578894
0.018940727666561068
0.0083988739726185528
0.011820352832507781
0.0042396740453174188
0.01010007701369769
0.005334177282285202
0.012883018718961158
0.0061438045501484686
0.012871631093473845
0.012842101514137219
0.0082896078309043723
0.0074374813486902261
0.013068419734930933
0.01144712370596724
0.0079356759007843374
0.0040669163566893138
0.012122063842505604
0.0021992244787019705
0.010107872941926175
0.019735720582749965
0.0020530602819323093
0.0002019962376690356
0.0078826291769535685
0.0015468386012803376
0.014926677141864176
0.013537841601982821
0.0055347153774154894
0.022033022307477865
0.009650638316302862
0.0051001256820312688
0.0020297749595270032
0.0093840718187917314
0.0043035203856769053
0.011484556919438314
0.0073384791961033308
0.0058685409965163852
0.0051993223260567174
0.0077923500090164802
0.0037863346696341079
0.0047131480551844112
0.002759923936420384
0.0079908653738085238
0.010493386668498139
0.0029191207826710173
0.010953700921911698
0.01475977971995443
0.003740730504489663
0.0050904283696792405
0.020483505809866461
0.012516110433960745
0.0087346823680011891
0.0099688183718309367
0.0083949899690023803
0.0076633364091567603
0.0051607837668435023
0.0033983398622390499
0.014662649075279201
0.0075959042133075484
0.015950752792992941
0.0027900658535721322
0.0050450927806318831
0.010361817305127906
0.017753580837295019
0.014469317530999129
0.0062323369760891988
0.0081462316099836264
0.024400186222165714
0.00077824418097609716
0.005541887897395301
0.0054959613947496919
