0.028405605551393848
0.0086299076812923221
0.017326702322176046
0.0094070056844963185
0.018293289710819779
0.013690637254989131
0.014531483380650433
0.037350984738255044
0.031644712766211149
0.0065000657268673304
0.016681722864864235
0.010537475666318744
0.033254264041005809
0.030685141516654944
0.027385356943852798
0.018243473119718585
0.012689700329770091
0.014167193602712992
0.010756321373114663
0.025058768105131919
0.021836127113019712
0.014939590789139735
0.033107922360265184
0.019766164772800836
0.036245197618957573
0.018271578102043329
0.029929650430801293
0.010542233683627601
0.012558443270000783
0.022482744736780743
0.024253294060432723
0.022417622462211882
0.032551161504162797
0.022786440635692028
0.020992298579236329
0.030997725769550784
0.02878401498083798
0.007005053421541875
0.039327988147420619
0.025741590006164369
0.025999285576924113
0.035488041882628316
0.0054363086719969381
0.047391174479859514
0.013324027315071636
0.015403013621689731
0.0097675535878969637
0.022342703627862615
0.014971705049872323
0.022575129866488991
0.011862374378978352
0.003893017216102725
0.015658282402480725
0.021895018817621615
0.0091305577543460571
0.022982626014149323
0.0031714102718111634
0.012681123363560863
0.011954961456837436
0.011817662614475881
0.037327315205705078
0.020482466655384828
0.029343577279419362
0.034064629371223232
0.025903343143638409
0.032583725680348938
0.026633776503879693
0.036466605740057008
0.0030509069328868289
0.031078033016059884
0.0027784965202144957
0.021011697490380021
0.025048439582968474
0.016485751987249331
0.023084728212266203
0.024523979928658311
0.055039695624577258
0.033869509585094146
0.0082613832510244397
0.017853941579758673
0.012473157319851196
0.0050813019863572414
0.010804907417928885
0.02374599516322878
0.020585574519083792
0.0065871684467462529
0.015768099411860186
0.018867448341890924
0.0068907240662265884
0.010327492103155143
0.012826607185951897
0.0023394144249636421
0.014542291946202516
0.036473220303782312
0.024935110667330482
0.026925406651322568
0.018963220795520194
0.046771557532477609
0.017355284479682515
0.03939079679722509
0.013655233841101663
0.048911038288668288
0.0057244395520420219
0.022135460639115898
0.041231011832088001
0.017470076874197306
0.013889102704345286
0.042941227334353113
0.020654679297023956
0.037189304599889839
0.0055537572486920794
0.0081943236819745496
0.0023536733272535126
0.021716400520537481
0.015287485415626875
0.018610085417677991
0.028900729066408105
0.029509233329855382
0.028240351116420752
0.0041886917141723936
0.022112452472060146
0.0039447292688942889
0.0046919337760044314
0.043228670208012694
0.060693647276776078
0.012678797719019782
0.025761333013902297
0.023536979626671398
0.013463161340134613
0.018797337313597923
0.0080823670631432459
0.016642479161330673
0.020958346869221021
0.024377218224343519
0.011199088393570283
0.0061657682239822358
0.0083136229421337561
0.01339314504855684
0.040347388913343746
0.042271205335290128
0.022269928465439872
0.014341817152722869
0.015374527391186232
0.041431843827108621
0.04553425788821093
0.029620464525327916
0.011117817674829358
0.029693618845917001
0.017964408249153411
0.0034683484207541295
0.038516195704997043
0.022422134484065191
0.034454774067448284
0.017054120887048701
0.036873274667238248
0.03604419311822641
0.0098459319114087528
0.039846788493517894
0.0053891225977295738
0.029651210027345856
0.012115230184833544
0.0095311449961057657
0.010518743111273727
0.011609284192551942
0.036635823094436734
0.017928968113004703
0.039039183698207483
0.03799909728336489
0.027933795237482368
0.010438346798214385
0.024961418549143986
0.032854720594674529
0.0058031819060370606
0.019653541874281723
0.015866567756729906
0.03393804981817905
0.033788083510253177
0.014726737097760791
0.010888420192854917
0.022731280885750351
0.016639816001721416
0.017293702750436978
0.0086120711801381377
0.011933040156946689
0.012081508904025984
0.01410782676494402
0.023810751135003919
0.016186336145682899
0.010255959981765836
0.031205016913597353
0.01838263327944252
0.022916717986970359
0.0031166698835934765
0.03069505115862466
0.023492066698744884
0.022024105090561942
0.0032419736445109489
0.038436744847307087
0.020142311560719536
0.031924497614213142
0.012024679952423491
0.030358116805170664
