0.036128704613110657
0.0022445729035418232
0.019882163713327083
0.0036961775023210265
0.026243248877760403
0.0044178068896319712
0.0068338778109494364
0.030295613014965101
0.042390169320175974
0.0072346023834149011
0.03607606902128855
0.0033789884455253782
0.005587200614970732
0.029998887720894693
0.013441322357986918
0.010442097284102763
0.033594439868241212
0.013582720410397882
0.020536766432787942
0.012804349743086424
0.0086025939688810955
0.027602217765745382
0.019878109880103922
0.02739573407009718
0.012734664057187439
0.048361235425309304
0.0038896512223116665
0.028277802957482469
0.022820467155347805
0.03389172501408088
0.014624178926469422
0.0047498923934289746
0.020355387547940328
0.013110404165826305
0.038622737177767479
0.015461932211681977
0.031446887912335957
0.015211502774123357
0.024849472435820912
0.0093445219962078191
0.021553641616140727
0.01765465779232701
0.020823506894102048
0.024494307479477954
0.004236620927946735
0.0076740546640985102
0.011650839061326466
0.037015734232326361
0.006565475539051238
0.031257345444926192
0.029345341445143631
0.018236807880581764
0.035714840056383687
0.016731707444982851
0.015815756306779189
0.0084289821090282636
0.017462397171278465
0.02809850610360708
0.040428665577253109
0.01720708666656616
0.023926674518999155
0.015347577511562285
0.014731949490528549
0.031206855422325146
0.015454477578686454
0.035727960969524797
0.017541057730454539
0.01585704059062764
0.011912591864938815
0.034105188456185855
0.024211054012781057
0.037269883461023431
0.017802404677476014
0.027684929092896413
0.022082953292649934
0.031088184529639646
0.010345908637597606
0.031515096089773868
0.028982871245870748
0.02454608826523242
0.01237623385199268
0.019230954268151548
0.012608092626359309
0.014642460153541726
0.019654160851258339
0.018748280899256949
0.0095338922823500483
0.025908571115033273
0.031331879955121524
0.02994720911879107
0.0029185962452371811
0.024307607673393704
0.0067874435494464543
0.033040811226914171
0.0036479697490416512
0.026644993177991932
0.0050572643654675058
0.026566018167172946
0.014421957324925242
0.024908593411345929
0.01966803921261186
0.017408626793890068
0.037142784340141358
0.054013685361885888
0.024133845155416559
0.020045184437287079
0.005097503083049364
0.009650964677323794
0.02239022312275606
0.015748964716183689
0.021844856699618068
0.010955479527166063
0.037720167263110976
0.03233524548429418
0.02143089917525047
0.029146535371599044
0.025507983757144581
0.029406003047326421
0.010682303217385921
0.025775401093054009
0.060075045095466843
0.03747331530109891
0.035805703498648485
0.04137526994387121
0.02535955096836361
0.0057576727651634137
0.027436048248384186
0.016452954297148516
0.025003224741733221
0.015038000142602957
0.012323940604335511
0.031851053041428899
0.051360577842244251
0.030706949349927477
0.040896099643340116
0.02606742168168949
0.014166902162804342
0.019832284939144788
0.026704065857367832
0.039147959519485409
0.0088276350220027541
0.027149464881835811
0.036089085252948745
0.028745224347581217
0.016877790959079698
0.023817961824744157
0.019847116442613274
0.026559333930528468
0.017304803809494652
0.023883453225780411
0.0047057750752786754
0.042462639387780721
0.025324576260510559
0.036693918612895053
0.0071432394617394228
0.017805600947551105
0.0061891325106738886
0.011658478846995765
0.032721529581923745
0.021957952948944308
0.005124429371448691
0.027438915362706959
0.0020897065115401394
0.006649195703781384
0.035201385826652581
0.043886503556977235
0.0087386427814729536
0.029309876391595345
0.014127758329147189
0.0037020364080798027
0.013457530466108158
0.0047619525450700306
0.025618349005343186
0.03223589326888595
0.035676480083408721
0.025413185414386183
0.030368009424833222
0.034750265090688633
0.027300536426372691
0.0027704104453341017
0.0064203031272177264
0.020445846822790922
0.01527387943365654
0.027509111809699768
0.017894622551154361
0.01680644676339945
0.035497558515551982
0.0361738864431888
0.0089345114044356942
0.015998234389568815
0.010297678157254372
0.043311289867357966
0.017068807607814568
0.01559711901350205
0.0015421261436220114
0.027669858013101612
0.033024465569057609
0.011426808681789512
0.014234967998249982
0.0060067553402484656
0.025329209290498911
0.01706292397428516
