0.011940758699056942
0.015918515115846407
0.025658027618458777
0.023757292711013317
0.0094955457186941643
0.0071589714837923249
0.014531777006492443
0.0044024916757104985
0.012289495648629691
0.012493820443666783
0.0087738666798867614
0.017096133907909868
0.012988041572017264
0.0048549915091375588
0.01945115626955627
0.015108684728290907
0.0072622462736932954
0.0061422348320784781
0.0038553399952964006
0.012453508436010443
0.014020976287094254
0.0089058723032755145
0.0039835759707760807
0.011405910239864052
0.014826775311831557
0.016531812327994149
0.013054388178570145
0.0097592674528863728
0.019285609942717989
0.024797676144288901
0.013247529087427637
0.020850907109257376
0.0019584862402352546
0.0085482385129761508
0.017942282616941627
0.0094316643913647871
0.0054679679172881046
0.0050045449166780231
0.027017753295452265
0.015464857131522911
0.0049999338782614876
0.0052424873387686491
0.0080561943298458321
0.0080967200267932169
0.0063223198379628604
0.012024397160318428
0.012895905379481497
0.0056471480496270371
0.015296822608925448
0.004504160124770327
0.019530841633335128
0.019466671477975768
0.018500835634657747
0.0038607830620631806
0.0070549427759618944
0.012173363653782267
0.0042061841033880134
0.0044727387556518479
0.0092936904976981746
0.0094427060836998564
0.018717503478131295
0.0052314775278354759
0.0055510841183903778
0.0080797303009846229
0.010457954397233326
0.0030082437081693533
0.0055924190083551668
0.013413560682162404
0.0033021601409718277
0.0066241827169621877
0.0066682586683689937
0.010074093859371769
0.01213553342770609
0.0173968416924162
0.0075321650842001498
0.0065348234930813019
0.005167923623099889
0.0046863816676231381
0.0093227944826818031
0.016874700897322698
0.024623063084288771
0.01190220510594546
0.014678557826237297
0.0054063904522157653
0.015047770004193521
0.011325979369674824
0.011035593544371353
0.0080746580828025324
0.0081779625790201083
0.011650257085621854
0.009797778532350674
0.011374497590399053
0.0064505384523382246
0.0064275238204733335
0.010412466883522421
0.0062669255190806001
0.0021558555835490536
0.014044024426306971
0.0062418728917761589
0.0081040616554359911
0.010653014688203725
0.0035025169718580049
0.0050590769773303564
0.011789140670972243
0.0039180205731930255
0.0074868432357251789
0.016565909948376822
0.0078153031231360786
0.015053319529358877
0.009696160530071456
0.0075558943562131602
0.011420403535006608
0.0064086713248623648
0.017814735848523569
0.011451007683738914
0.0031600129263622172
0.010289292450252138
0.0064789845930305675
0.0044870678304454528
0.011726621418927066
0.015338151429235228
0.018605907075339548
0.014288558850787253
0.012234868475629688
0.0038417895901372203
0.01145343369274115
0.014287534168577568
0.011647736068128786
0.0059428223934021402
0.022162006794276538
0.0027522535809094326
0.010337294097071681
0.0034762612649488112
0.007372264022614948
0.017094148719948327
0.013277912989149505
0.0078135695901207468
0.013852179150236212
0.025732826355893156
0.0021608502005078275
0.017020904930860063
0.016396270497536662
0.0044854769423263458
0.0028474155652250159
0.013011667483015899
0.00806150611681772
0.0064701578270654758
0.0082509411238219608
0.0084182370257421431
0.011150915002640005
0.0064947072015707685
0.0097151189717252593
0.0084203114733222978
0.0078132073978011106
0.0074607917005357609
0.0059588710612757641
0.017560632129917767
0.010800174171861606
0.0080294627161166879
0.016070194840726235
0.010343404246068942
0.00087583008121470355
0.019559916831822698
0.018837839777449444
0.011700929066958021
0.015058328622198374
0.010491093629050775
0.0059665559250910152
0.015113192352566803
0.010010118626767107
0.0097367366389851731
0.0098922978339030087
0.0062184311007528496
0.0099634459837001383
0.015313013491029441
0.0040302717436224069
0.010724216675491503
0.013348937004528402
0.0066651810610027932
0.011092882244698119
0.0098042916949016151
0.023187089325512479
0.0062665599796682316
0.013968805047557563
0.0088900398803968897
0.010388569206632921
0.017663040652809745
0.0090636464701609396
0.0035080553588876127
0.020902947325261052
0.014313961142549026
0.0096129700149411856
0.011624029966440512
0.010502741906403486
0.01188107886745603
0.013598137400905286
0.0084654466553092476
0.0059258670644753752
0.0079579595840320247
0.0099795542595775555
0.013358689770168238
0.0141077650183522
