0.0081141336310967746
0.003635630823866485
0.0068312582296376325
0.0038240437377365603
0.0061412681049358491
0.012061063867924184
0.0041745143053889553
0.014133438675663478
0.023646731492586205
0.010589575216673986
0.016763500001128483
0.010130274049528583
0.023577605798391618
0.0192549307407699
0.010242171677994261
0.015599866672912351
0.0054411040365420762
0.0084759010167480778
0.0058790612049934715
0.012066662713204338
0.0093237548017893659
0.014375223499839388
0.0072979566071421061
0.0025684081684728094
0.015428968472872295
0.019483324380441553
0.011384141179393599
0.011029416372732881
0.007544657113027738
0.0035364749680623898
0.01221063240710785
0.0079290544046106866
0.012691259866362003
0.019048679820903844
0.020066102131579507
0.014429465822003372
0.021382966389332687
0.025211310103123771
0.007373638529523904
0.0083426352720989069
0.0044385393455919917
0.010161954231426568
0.013839141664430498
0.024032933048133639
0.017268929675813439
0.02235677029380749
0.0047805939696114351
0.0045709143652453337
0.01657608860487212
0.017291947168822451
0.0030657252876860343
0.0042035394793774813
0.026435793743532821
0.0032877491715340144
0.0038304631594906035
0.011519557573043321
0.016407425669511769
0.0076980153608140565
0.0047081853513958084
0.015438191353634867
0.0098608029139811634
0.014174461270798792
0.020699659357299945
0.0085447893914881463
0.01391243110293139
0.018391497283856272
0.002015429378203717
0.0083697706510313732
0.0069279808874596737
0.0037705505092382337
0.0068584447683506314
0.010543717281028616
0.016379103994267979
0.0019002291325050812
0.0094948513374182846
0.0059260979875225585
0.015741391227998548
0.0054647460142387468
0.01754327680194865
0.0089763836162510737
0.007420583217949769
0.0076337263895773916
0.015985432757592719
0.011774816411977833
0.016438418862755967
0.0068188049536128401
0.010699453647594068
0.0070329606633815307
0.0075321378605844687
0.010630731628400714
0.018603876113876767
0.004029001488439439
0.015260707161943988
0.012764647689485112
0.0092127038226217615
0.0098819525325798772
0.019274232775824757
0.00526020455327813
0.012179618627593088
0.0076154316008146877
0.0071960899207689933
0.02122894311521745
0.013365459093866088
0.0038827186678260877
0.013258496810991657
0.0073912925849987854
0.010113582512830066
0.0060541962982533391
0.011291746521739551
0.004194579165883533
0.0049327416572254573
0.0023296235662787516
0.0053798664398955146
0.0023211582680364037
0.0013020434517344442
0.012980269760938181
0.020636932421995963
0.016680252229354028
0.0045568529720615668
0.01172409317442354
0.0068616659762385044
0.0052667816448072257
0.0053845687732888984
0.0042136291098287355
0.010042736465490462
0.020912450398978523
0.011233283601033893
0.013515944643855866
0.0037680953419037392
0.0070117781392667047
0.0035041816434685969
0.0071184698451826648
0.0066345717932233799
0.015324652789334568
0.019852393841559183
0.011181650569728937
0.018138106528600866
0.0036698814341490581
0.012496228476883085
0.03350429191652083
0.016136794382400427
0.0031885774701970928
0.011709312477958584
0.0037909276786028856
0.013162930596720298
0.017403632147028426
0.015365719954220551
0.013064472418760402
0.014401026359712559
0.0057462441302124486
0.010337730858775826
0.0093444472779955715
0.0090287171644651918
0.017173974178371586
0.0111688539105837
0.0059914334423611937
0.012058625314441813
0.0086972855109414028
0.0065110640704252902
0.0081320857745262425
0.0066890934890258017
0.0079786713679855081
0.017378463180813854
0.012831716316201617
0.025046240743349109
0.014565036895783603
0.0067056837523981139
0.008379389353042636
0.0098566586688741634
0.0041337768436017358
0.0085878768174830894
0.0075358760375502116
0.0086514208874102147
0.013427635435972548
0.0092642501927458834
0.012520650885805038
0.011796516209194698
0.0055636991044527703
0.024211732727428409
0.013538368257819389
0.016283040765618033
0.0073684062630510663
0.007501147526925483
0.0073268315842125549
0.0037170939321083392
0.018058358553687325
0.020635546664072999
0.014788796951738589
0.0092066209735872408
0.005396887967560474
0.011444397805951327
0.0083569579238556343
0.010875222006311741
0.003827085495735242
0.0079712235981188942
0.0031955007911544085
0.0067860995822390533
0.010680317890312208
0.0063989256627683452
0.005863622553036219
0.0033418371434803125
0.00642163303716902
