0.0057353378277313289
0.0052828380349603911
0.01600796209499027
0.01632073284252071
0.011841814515515501
0.0091289852283842812
0.022998794030132639
0.015497496227128612
0.0076905776643889975
0.0082731605803403833
0.012592663285611762
0.00696653108303554
0.0059948181857560814
0.016216569348972441
0.005594809972221634
0.018169291931575512
0.012362847213819307
0.010518945181061988
0.014152951909521396
0.0087709694179587509
0.0068845354722959782
0.011774622115147154
0.0052915991591686636
0.0051096158974771122
0.011254480555642474
0.0065167284956080566
0.0096713383876294978
0.014712527717494431
0.013314918251476298
0.01099879501639091
0.010048394765818716
0.0092688643206075127
0.0087250994763676329
0.0060868935518785762
0.012432476575799682
0.0086136472633880287
0.012076554274892176
0.00035278312913010566
0.0068405170100866363
0.023063307184372141
0.0090984323965488164
0.015799308995998053
0.015234228572999485
0.014141528445914851
0.0063420743594649245
0.008952053247722495
0.010351396921558372
0.014969483361517138
0.020010161507778679
0.015729684782097211
0.013343069680463346
0.0016387653039070041
0.014957883623856052
0.013114077896086733
0.001971395974751539
0.0061262694632011928
0.004289531094667438
0.018687702683916823
0.005400948721770246
0.0056260174197701775
0.0033046781943040981
0.008817515040094594
0.0044696649071985081
0.009863163383580344
0.0057885683477630822
0.008280815093243344
0.0045441735182639893
0.012501406051204969
0.0034543288516569359
0.012253394992435518
0.016801414554602202
0.015421477165709647
0.012126378515773771
0.0054308469742071755
0.022429306259290883
0.021423619809104514
0.016211263809286173
0.016597781478988889
0.0077529963653220086
0.011197185641392897
0.01884207846651843
0.0086240571263945954
0.014666727557314164
0.0084983925753819231
0.0085943181206044571
0.01923868930049627
0.015990991648251799
0.015933174427265481
0.012322886099419743
0.0048384609361010683
0.0090712586540183677
0.008315047872464865
0.011273725296081854
0.012468736529027314
0.013457750155642633
0.0084786200007185616
0.011144250949864813
0.0035022201367102615
0.010670248842607505
0.0038445042188786373
0.010403190021796738
0.010880301940191696
0.010361883110423268
0.021212174571151019
0.0050759576982822643
0.010686873262927601
0.0097938071079857938
0.012027074890363525
0.0069679539126973689
0.0074375232572077609
0.015191145763406768
0.0019559541352996614
0.0086577141349555593
0.0080477113401036041
0.011328433805476488
0.0087624329837311735
0.022812110896093554
0.001987663600923774
0.011514622060132242
0.0095296947093890423
0.01712070958568811
0.012720077203427889
0.018437771227267318
0.01639810193124791
0.0082395357873565628
0.0060550242352580639
0.0089776340511689891
0.016463705787865868
0.0039718069238840643
0.011859307309701498
0.0188549692606623
0.012250156524952397
0.0043336515335047569
0.0026846676223771663
0.017035829063027173
0.016153034309578925
0.003403678791258333
0.0034868732782490286
0.021275115818008266
0.0080077743459999202
0.0058049439305936715
0.0026266612742507525
0.0030498223482727689
0.013567418126559452
0.0042743621049208761
0.0040478411016535406
0.0061026393931662782
0.014259814207341478
0.0063102469886795794
0.0083622378248715754
0.0081926530522264483
0.0045930550870369952
0.0015309831181573286
0.001400540711304153
0.016099340034291351
0.022119846332860498
0.011657987077568387
0.011350008358736089
0.01069629063327587
0.012543872489765375
0.020733453107918822
0.015943546822277211
0.012871912472414399
0.013873803743035037
0.0066027991212054523
0.013953235221479184
0.0061404419296719037
0.0096334299412453618
0.020506095246711993
0.017233113628958026
0.017657346268573557
0.0075777398924631017
0.004480278567602889
0.007311673846138839
0.0074127743902340998
0.020563172356258163
0.019749060070429977
0.0013974220747852908
0.016898836802341423
0.017020886831815855
0.013677618130293933
0.024593868366938988
0.0075427586436243484
0.0049970552328861871
0.011983006792736936
0.0060502412772694284
0.0069167072457377507
0.0055730571526855137
0.0027031114303640116
0.01225196284622348
0.0068145020754582092
0.008937713801537777
0.0058778519701441706
0.0021147652455720746
0.026689454747811425
0.0036328582396234002
0.0085334021129905343
0.0063791263986139055
0.021893742812292515
0.012824417020589523
0.010803236856956314
0.012116487799236046
