0.97988958430973339
0.98095308119628333
0.9809213323469701
0.97725196954400706
0.97222101872511979
0.97320206823552557
0.97092884845591454
0.96828864965483608
0.96012463796189773
0.9659929468875782
0.97573300437090416
0.97916393900450927
0.9777548549817292
0.97098500472452265
0.9701558345796607
0.97271652627312377
0.97291189384345411
0.96967466131375979
0.96692805232940671
0.96675852957679931
0.9714277244805074
0.9749901837326751
0.98073694165265424
0.98248413430813719
0.98410197084361983
0.98010693551370209
0.97740694486138058
0.97864475874544332
0.97109376060126296
0.97006355054803617
0.96755868028660186
0.9648957474463572
0.96774311885095499
0.96368564539224666
0.9709117504869037
0.96728321309268706
0.98143141801296607
0.9741190055419171
0.98002287806196742
0.97365363864337784
0.97440094574110858
0.96666151313972604
0.96330872841684123
0.95754966419257737
0.95454009963134279
0.95141013843603484
0.95334753740269795
0.96929955836459913
0.97441664523723959
0.96268380146466348
0.97080471333256102
0.96671549748979479
0.97572825015104903
0.98302275718208665
0.9837672682637616
0.98518235774682339
0.98180497988502047
0.98567248392347961
0.98282410749508098
0.98563524860425866
0.98435896813480728
0.98257590664635397
0.97929116665992999
0.97990886337653671
0.97200474933905456
0.97597067404381799
0.97618919619458577
0.97289320303673865
0.98084172642044565
0.98199883854724668
0.98160478498609138
0.98075934426057798
0.9796813672664354
0.97616916762609229
0.96905237402558697
0.96732052049370454
0.96241852555305973
0.96240681493074931
0.96684858141392827
0.97195264435363771
0.96477086562709657
0.96450297144350039
0.97635440641229965
0.98030934875079545
0.98082751839718818
0.98886458248737596
0.98596552537690418
0.98182668189412292
0.98272222610053772
0.97812263426573909
0.97770025456966081
0.98505616712812638
0.97820752624784979
0.98551723162321703
0.98238561015666082
0.97798779310484829
0.98263378420905478
0.98644377748346712
0.98031864157245474
0.97642897250199912
0.97487910899612029
0.96478099523297167
0.96542744422546578
0.96843010030182464
0.96406941216841346
0.96053376467041063
0.95727011898835723
0.95974199399087612
0.9610451126364008
0.97034225121222784
0.96001317944674858
0.96597721506863754
0.96811723923519022
0.98555161731965668
0.9836446834978414
0.97745838894496206
0.97535515353697655
0.97195641137318567
0.96323427499472414
0.9503075257948248
0.95313348725044911
0.95287417017743303
0.95945965438260916
0.96182180378654769
0.96470651631221283
0.96297307049652781
0.96605018578834911
0.96531337635175651
0.96142342731663355
0.95022571071849926
0.9569417164249604
0.949387539669863
0.94990262057786468
0.95965394590975317
0.95532478380494734
0.97808406655573354
0.97251568499382146
0.98117739742316756
0.97761995903701038
0.97824201710157932
0.97431764926584963
0.97249400217321857
0.96660944866890619
0.96594601991362494
0.96853411778214693
0.97481076762376695
0.97319451663892897
0.97053796310059703
0.96360145101270944
0.95499951830650653
0.95676588640549121
0.95264091531840955
0.94558936424045104
0.93875646963498416
0.93658357522591429
0.94157199941103642
0.95070297252673941
0.94331892343406831
0.94698862367417713
0.93431567240433999
0.96233869711417841
0.96730290712758149
0.9674187745061259
0.96482107761523095
0.97098228845879908
0.97000342087512204
0.96157367584250397
0.95494559778497301
0.95158858881357
0.9538418722976495
0.95828694333248376
0.96837840253420893
0.96642907057353178
0.9611030890991239
0.95187048475890701
0.9594069805102281
0.95660178763784365
0.95858214797230656
0.95717357187954399
0.95931103346128477
0.95953715345700852
0.96083522242565855
0.95898759849733339
0.96713674906740188
0.96845152392223532
0.97360997438170382
0.98000368548008765
0.97323833572113427
0.97038033670017854
0.97049151495679886
0.96767209931003562
0.97050943455742644
0.97132931572035386
0.97080611259260741
0.96967515075481725
0.96468872083696411
0.97206827470648538
0.97074427226248794
0.97548635264930494
0.98106087978918943
0.98151566225838138
0.97463973715871
