0.0033810412827216625
0.0071239380745930659
0.012912951140729212
0.0016437328620356813
0.011287939602200484
0.0025327939107780239
0.01110154927740966
0.0047214925000539391
0.012706841556784563
0.011737656196148661
0.0051232120151625806
0.0080388400687926888
0.017387855259483453
0.01516288063705962
0.0050117912761718066
0.011014161169743795
0.0063725435581457575
0.012124321268259882
0.014703374349558557
0.0079824341543568329
0.0097057915061864886
0.0080499971843242257
0.014089718921663484
0.0092405310408234347
0.016566169326783814
0.014197933735248244
0.010063661771601357
0.0063242588910572741
0.0088295921162092426
0.013528080684743059
0.014900437910169671
0.0096605827000963446
0.015972563630343342
0.0089937346653031925
0.012660278240704179
0.0053891103766172226
0.0083752713092466787
0.01250489795733834
0.017521927776582659
0.0051289805492720636
0.0072295730591948951
0.022174286844825364
0.0085182572424274839
0.014227368317688721
0.0048873828319974917
0.0099229742024636997
0.010570468645062609
0.011435376357719492
0.012230837188886142
0.0039014831806308452
0.0021390616986248583
0.006468287132801006
0.0053280228837590407
0.0020365244952742483
0.011443553322779311
0.011899182526976176
0.011856031399637703
0.0079269454848916784
0.012933855414418155
0.0034334475620319015
0.011285481666393786
0.0032208215176005059
0.010512052778412089
0.0017380199344857806
0.015672000669084377
0.011710196726852523
0.015132838569956352
0.010402541156238785
0.0144090614823944
0.0080749541177090947
0.021228315290532238
0.0096986591576839892
0.0063824942847866203
0.0075753845019982313
0.016837239539461212
0.014520381878718862
0.010206389369150174
0.010648645617931522
0.014360077642656455
0.006395715383314661
0.0078662577707508813
0.01232695966152028
0.0083397519704144201
0.01279068393601946
0.0063712836982729197
0.0026862357249343447
0.0037244827026728287
0.0022687632650667962
0.012448723901043528
0.015345351897243202
0.0055628121132524034
0.016127330894703161
0.0055204933623595092
0.0023446569284851617
0.005758676241626696
0.0036306171838223072
0.0089164960595754395
0.01776250236638852
0.020781273014229801
0.0038436882129405442
0.013747309064508162
0.011932196237189649
0.0061003550992501992
0.013559676485891318
0.0091211684454273884
0.0024827930064435472
0.0049497401525011482
0.0060523994661808179
0.018264186066706895
0.0099632510829534265
0.004311678885593531
0.013167081035300865
0.0014288790291560234
0.010343756062449305
0.0085219923695178511
0.0060024872044711309
0.01295860042366917
0.0058825607601674587
0.0046424857596526143
0.010043187437846088
0.018218707253473274
0.0078249331393863107
0.0080444681565036546
0.0074576879223176608
0.0055159246164570418
0.0080207599735858132
0.0045689942442243992
0.011827641818433201
0.0104003430748784
0.0029600254891084549
0.013886498119359955
0.0046816341870264573
0.0016673994358114184
0.009297821499869614
0.01232092772794801
0.0048507634123212441
0.0053754882407009178
0.014779356803117386
0.0068569113019690004
0.010767934444435436
0.0064718532318243874
0.0038371226933987357
0.014269127172195552
0.0082667769205152074
0.0071766039708830564
0.0069664888376256571
0.013605601621330279
0.0064142667050082793
0.01243438774433505
0.0033092561899195367
0.0048411079963832839
0.0096998939476036841
0.0072935716748167992
0.01069248675234237
0.0087306393397414712
0.0086812839210806785
0.0080226669397780431
0.012767823921568963
0.0072332475859537932
0.01178935583432897
0.013021087078164404
0.01226370872759149
0.0058335800256607249
0.0025690169659177116
0.0028517936983660126
0.015984148128181743
0.0079413272222735483
0.0024217222859692763
0.011091575696147609
0.015175029054948204
0.012931536687326033
0.0017338412052690618
0.0078327042079527273
0.0069937032638025809
0.0086234895007288766
0.0035139668060261285
0.003262769383006286
0.0040254350449440198
0.010219220250800111
0.017909791782667942
0.005196585009788029
0.0088121355546462443
0.010110660992701298
0.013071037757541176
0.0069633790725726142
0.012152202702231669
0.010104055115475892
0.015414738832063367
0.0053543434775311372
0.0077646376323117425
0.0044176957332331948
0.0081726697791633437
0.00735361394271757
0.011252277102939046
0.0072312116821665849
0.0017538349422254336
0.0052896717609520012
0.016130051467631131
0.0067418093655322421
0.0044625561523633922
0.012032707413425645
0.012206292276459812
