0.0072105269840581337
0.019764947068421031
0.0064004173942213451
0.0060506950685335114
0.0035710984970703046
0.0095123675693247513
0.010470968604629483
0.0070455636866491181
0.0070236965523939095
0.0077392321293324939
0.0062328531324926835
0.0099875530968476702
0.004277272188529059
0.0046166886931335418
0.0099432249973505273
0.00077008237722664841
0.015402330562704538
0.0074470278181920663
0.0083984832726711929
0.005990738751705472
0.0088929197030453589
0.0095706684630130229
0.003529343783149585
0.0035674460733867964
0.0028816807150239482
0.0083140877495242946
0.010514303002777045
0.009365698035313395
0.0052956966675427319
0.0089845996840145163
0.0022752287269953669
0.0087311342957390094
0.0089956363866902783
0.0068648933437543266
0.0053523412020766124
0.013744196630240417
0.0055805385644101214
0.0066355675376270204
0.008501411879437681
0.012627723132229644
0.0044074341026175551
0.012705161996573485
0.0056161873799855768
0.0078193947696611095
0.010016630909718766
0.011301961522224728
0.018125964658006283
0.00098553124985739171
0.0036893856997127442
0.0031030250747318112
0.014841312672156751
0.0087026482447634789
0.0090324809419611105
0.0047623882096766738
0.0091453207224938115
0.0098249538829845856
0.012786102454087386
0.006177988352262625
0.0037223444022788845
0.01167407256050665
0.0075341426778618367
0.0070761959843794299
0.0027579394009342598
0.011695063164734289
0.0042505353922614297
0.0071086455327636399
0.0065947776288131357
0.009413001454365898
0.013512876880276706
0.0031649447399112302
0.010830658614193937
0.0097392298967362706
0.0096034163353522564
0.0096327447089143859
0.018951233325941407
0.01409442690651524
0.0049780258655768763
0.0074413579274671439
0.0076700803125873849
0.0094555086320511107
0.0071629524208259559
0.0048963775306501327
0.010662064423307804
0.0083533050969434273
0.0036267397398525038
0.011405415296435491
0.012190698746415974
0.013655296002232172
0.0098011923717511423
0.011502031867482427
0.011540735601539287
0.0023336033210614969
0.0082158209875326602
0.013957951959919375
0.01249596506774559
0.013343216827261093
0.0024503274593186317
0.0098450742204478792
0.01909633694554743
0.0067910658331362863
0.009309770533226536
0.016781830076963516
0.0035185066493902302
0.012520192392220906
0.010884512389259025
0.0072219409480190951
0.0064263498774938411
0.0015541659641040437
0.0011461997790639799
0.0030110040551417586
0.01434590174121398
0.0076358059954538234
0.0056535219841537488
0.0080403910284570709
0.015218551476393831
0.0066265365249622305
0.0043905391316489918
0.001636254720087011
0.0057248756784183787
0.0066320937073913785
0.0069153153615181722
0.012412074603367124
0.0043677600799400295
0.0070657789121404005
0.011570210692554603
0.0010334976986664645
0.014321632493921412
0.0093319096442953178
0.013238867295269217
0.0084097446207439166
0.0097655876400658415
0.0095709042500820244
0.014139070412240752
0.0074496588336621043
0.0067960121894464418
0.0087666588832138129
0.0014588815160653263
0.0076696823732072131
0.0044764941483449077
0.0018573020551055242
0.002138786663394576
0.019994767988397513
0.013648546158305748
0.0025051999973215318
0.012028688238254348
0.0041358657654375483
0.0043466790759607455
0.0087862296748962426
0.0090082327630994566
0.0056770883688044569
0.014897311264987704
0.0073955161484678443
0.006038385090609894
0.010225182811814983
0.0099073740228649149
0.017433349844443835
0.0055248698450131081
0.018826562187735971
0.0067257586694623485
0.011828222883664089
0.006061882644214373
0.0028807396881456795
0.0041077721338640197
0.0047733842530080263
0.0046128887845459715
0.003157534231515447
0.011180816888759243
0.014656777122800776
0.0049301038768350802
0.008948937105674468
0.0073226162107329386
0.0079062852098920368
0.01116398712562848
0.0034170477691726222
0.0024401149422508743
0.011863282317709936
0.0063163071284929075
0.006697399946723504
0.009988583760726347
0.0039764939896188333
0.0087806609673001922
0.0082882635484662591
0.0097033345722904226
0.016750993307137366
0.01155048764938362
0.019682808023332676
0.0052484562510471218
0.010030652197098859
0.0025180269571691942
0.013598730126510005
0.0080788031835394864
0.012393814655683535
0.008131420975455916
0.0026531625878432868
0.012920690460474419
0.014053562240700569
0.013782411207854658
0.0098672039734841455
0.0099598629230130496
0.0091554536462464253
0.0040172189640779107
0.0035485821138049253
