0.010834914485664921
0.010508984828913909
0.0059094520777139923
0.0019090758621254744
0.013168941257742019
0.0077206726102328994
0.0077396167080118101
0.0059619378693354722
0.015607414234232017
0.0073248734168401093
0.013946877735213139
0.0041414302983253182
0.006747133774211312
0.0026347995142631826
0.011003462291340513
0.011322810183514618
0.0094594968663398536
0.00097615609913520238
0.0084150918396879576
0.010682126517391536
0.0095813622608220354
0.0092268932422006882
0.0092703870846581691
0.002151024394799376
0.0075164181488617324
0.0062573977081569485
0.0071968063388851136
0.0095228308891015748
0.0053221646340683099
0.010369583684945866
0.0071492260007000883
0.0051096786416374293
0.0053150052913905231
0.0027682090775191012
0.0052855917462131599
0.0086788576869666831
0.0049072640133777171
0.0087621936949783836
0.0049327605872185216
0.011386839342136364
0.010583536791014855
0.0070038553538864096
0.0050137679784908575
0.0085608705740703849
0.0035409949488415691
0.0078197170456367864
0.0027921795032591814
0.0063183046557581894
0.0094347372586127774
0.0015933855305037439
0.0079757577190122733
0.010753069484911344
0.0044530577413916311
0.0033964582423405003
0.010100732869653984
0.006045428560302441
0.0067279106993673211
0.0093778932341467055
0.0096541746254139582
0.013264343584954501
0.0086333382170197606
0.014603820646183133
0.015043003543738992
0.0075792051301907188
0.0065205315411957961
0.0017710994877323345
0.0022215886075989122
0.0071940390014173152
0.0091956725273643156
0.003190778255757692
0.0087949775955741289
0.0019156649413300403
0.0073564178679755557
0.010150214335367906
0.0065383358682406679
0.0062056345752861102
0.0038187059609146828
0.010215827272304008
0.0032920962264639054
0.006061008027067943
0.0075446456201311496
0.0093558848452633334
0.0079130106297292217
0.0062152737256878608
0.0038383250238048843
0.0037044680407752506
0.0045914141702562052
0.015520774642807371
0.018096010105121855
0.017572992766576513
0.012837127957825947
0.0096308595428340298
0.011996885780888769
0.009959473647135713
0.0078211426107480699
0.0050013741298260946
0.011284906190766943
0.0096471939103278948
0.0035454287141984233
0.0035711625600254467
0.01242411717298028
0.011641923911319633
0.0077207490362764652
0.0072859629899779312
0.0072117997506217476
0.01395317099473258
0.0032037682544220599
0.01178883535415534
0.0068403800720188736
0.0045335717369992161
0.0064812993974210599
0.0039029882131907663
0.017868747902383453
0.0097710940684463572
0.0068935816669194313
0.0096197921135750784
0.0092200778493789926
0.0048321401811748689
0.010733777320122706
0.00094903391257497647
0.008393696235640619
0.006560666292085602
0.0041838084007170392
0.011099034478034247
0.018264598315820953
0.0019341812907682902
0.0076692238067744304
0.0061900656762580095
0.0011804271065911215
0.0097081366500141701
0.012442790955498858
0.0053218080041501558
0.0060279377233533075
0.0092586251220304304
0.0066826718122416492
0.0043514010310560262
0.0047839154203144505
0.0077574814952794825
0.0075661095422380302
0.01323183005788693
0.007394345308539909
0.0041437459841463806
0.0050103379614942142
0.0084434551833021555
0.0059630402913197636
0.0076955352693656503
0.0088576867215629709
0.0065237530090770813
0.01209204690474969
0.010216491645746137
0.010610820358209578
0.0065049954589575382
0.010474795848521828
0.013934231536778722
0.0036659372955895834
0.0084732979900953957
0.0059813408082988878
0.0029631553539363532
0.0029602481153840239
0.0085404318802263339
0.0007401541144311497
0.018752006741092061
0.010894144319016934
0.0026105543200387465
0.0094835791455802655
0.008273259244971673
0.0086999455679283855
0.012819276879313002
0.0040562992200278243
0.0044257217249530191
0.0092243250591515901
0.0080258540123320475
0.002690737383093382
0.015088164933366411
0.0073501224168956974
0.01637694325529707
0.0040756409917490181
0.0058225478423368955
0.0058982719152850058
0.0064241989776428277
0.0035483254620840387
0.0016166894271492235
0.012783745945961579
0.010393901816120528
0.0057874787428619408
0.011154223190302081
0.0097610104104854396
0.010292428772934716
0.017516189851441592
0.0075192288086875069
0.012157014995970781
0.015438013195920983
0.0058948730113363079
0.0059367232958626361
0.0059170461126997172
0.0062893140831410399
0.0046487237049096242
0.0039068340280804361
0.012264496102597552
0.0030512262460900869
0.013618685784496837
0.012012769163360715
