0.54579855624597551
0.6035889126317352
0.65633673265740888
0.63061769046361682
0.6374886458510709
0.61105499009893283
0.59975520658201442
0.54197610086813131
0.62184224987587866
0.56383294409199991
0.56437046370159261
0.47276777201312742
0.37743340626729471
0.2971166200646253
0.44863385986714011
0.51997353785587919
0.51465091942861707
0.55505513995964972
0.54082082164088363
0.51442602273163096
0.43918743567579188
0.46285302610892876
0.51387955617521441
0.46744431955531246
0.52531760062830957
0.59046657176964834
0.51760897335445299
0.4739071418199971
0.41910025968824466
0.48547821181717776
0.48625598450387553
0.55208250799645242
0.49865789300031693
0.54155657022854653
0.51559492053955958
0.60118558313461201
0.57942751881740773
0.49500264107603981
0.47094741605309726
0.55131085393025148
0.48962363122814179
0.456406608723886
0.51966177416028925
0.4259767749691179
0.38689234449469639
0.27433221739643104
0.27599832111305406
0.30651089909579887
0.45086133560966202
0.59201362371588584
0.53806150115075113
0.46528389255382685
0.49832042855346187
0.53766666147145936
0.59266582018936498
0.53202284551898638
0.51956496054273238
0.50286006265311767
0.50131183704207383
0.54752486002600109
0.56761454390934141
0.48940575290918892
0.49726081165540814
0.45298719347649141
0.2840784394959095
0.34866227910683334
0.34442797443130546
0.4452593891492887
0.42469760364491943
0.50830856625452259
0.4039156710666344
0.46471414462731431
0.41039678462299145
0.31523064614602286
0.25547334268284394
0.50676355599427858
0.47231797205745313
0.48268214797112585
0.51276352921261514
0.50464960123658997
0.42851056364547147
0.34614739498563718
0.35722243634083339
0.41864943795023857
0.40433758283008386
0.48552767899066462
0.55174206488112809
0.54618911024989525
0.57724456979848504
0.56262053293351699
0.55501551329311483
0.56331493961182655
0.59932793660494299
0.63726065419641886
0.54707632841216003
0.57107180812373048
0.60509163275780609
0.5680231802207758
0.51099326653137322
0.51952316197770587
0.55088011956779626
0.55259261638599999
0.60184658871112973
0.57660950190213578
0.52905419440843859
0.46615706060360784
0.37441809776155366
0.53090243748908772
0.51993611148767571
0.62434119078664796
0.64769077501152617
0.62318966749498239
0.49724175604177673
0.55208069889726386
0.58792801995988131
0.60610973652894329
0.53816505840095008
0.44867378503486288
0.49823455537625211
0.33497020955074175
0.50508357611448051
0.5506106578675023
0.55124930217031687
0.56890606605974769
0.45318241116966707
0.43398739622177812
0.39385763944454066
0.38825346779918291
0.3080895426453793
0.25515726446480258
0.20057463911416068
0.16301185256674566
0.2328198133613891
0.51978026662641241
0.5280325521819057
0.50172331230430678
0.54660351464417567
0.6628851701431403
0.70323659104855896
0.71002210217723638
0.56927403553950984
0.54021331089173219
0.52602177132663075
0.59361803787524425
0.6654021291232245
0.61252768314823947
0.55231955564352131
0.46826547330678658
0.4048393006201802
0.50057617233764007
0.55600757369424092
0.54373600995227422
0.51611568114423279
0.56127067051489743
0.54391375704927147
0.55510844856722918
0.45906253614890546
0.4264459274744194
0.6573188785950409
0.57762126892203403
0.65235886843645841
0.57963766740569278
0.62161666447844999
0.61597180213378011
0.53196427910137323
0.49096196434815353
0.41323595957916442
0.44740669034735642
0.45495915107324819
0.40811313633691848
0.26417230702845834
0.2595620159190456
0.16370306707111568
0.2261417982394302
0.24304027001731171
0.31557832655359297
0.25721788451329136
0.31234286643952686
0.22069138496796412
0.25261971986127446
0.3736260301609251
0.35245437236946886
0.33255827889362899
0.39337870006288905
0.34040255334678621
0.24898417721141192
0.19999318987637768
0.14280373340641875
0.042426476816724117
0.052516157633610339
0.14009238728796378
0.034723099693110812
0.2841651941909546
0.26217758082837367
0.39107254811813658
0.31701561600173594
0.36203346522016877
0.41828883572585041
0.48316126614108212
0.52925337945233564
0.52394805677386291
0.60525594151846873
