0.022155876930441427
0.050338810386557263
0.026597102087160509
0.047357527029663671
0.059337198311613763
0.082405752330023396
0.063873796020804618
0.0074512707751582712
0.084365991435997864
0.12090018183550645
0.15093855840022147
0.094168646099177036
0.03256657920856116
0.066233684727228459
0.096464259406775194
0.064775868447261062
0.057043075541410755
0.054287493298603502
0.038128784105299941
0.040149632888124828
0.057169962873893095
0.029167254424066615
0.030278454094397
0.071777992434802304
0.01307498791606653
0.080067095367425942
0.078207323128664047
0.049513980512528477
0.034190598523147459
0.072141352430834818
0.035287547096505383
0.05312746853883564
0.11390872404472589
0.062259769462211907
0.040164165590951616
0.057946550270795281
0.088469707245994636
0.05330781840485007
0.11332042786359248
0.094528561953181836
0.014961484922785378
0.057922605272126712
0.055722109094488083
0.11916624889309821
0.10788049074194705
0.085513780360266231
0.039604808784526692
0.074833771168765037
0.024994282306894443
0.10625086141207364
0.014820388540227552
0.028544398368105642
0.047499757212889474
0.03129879316727735
0.048801944277920069
0.11174217643948516
0.071003021751044976
0.053557343560925015
0.087873144460187777
0.13403184675423546
0.036320168124718111
0.045908084525639659
0.084784504569838673
0.050505339875186149
0.013985136009925498
0.038131024362592504
0.090267669124198105
0.041007554130299446
0.077285292210822518
0.08053214267582666
0.071652427969698854
0.033336462531477859
0.022717634352156301
0.011270523587966871
0.048950893675842641
0.024483563124278518
0.052316515365605575
0.087151214062045818
0.03994308044495589
0.061708311512015238
0.048438705294011349
0.059525274251980467
0.12008198164471291
0.11961191727900942
0.021447593624652442
0.087488085535778845
0.060956424606090048
0.13340792172300173
0.078214107288174697
0.044141429698609347
0.075622246577746105
0.024294380540316421
0.13806273171107289
0.080263333084948069
0.14495792397506035
0.095133063915615226
0.046118619983805509
0.11394738109743949
0.069682483344433319
0.094918250433605772
0.018063279345336462
0.022832306088313561
0.047520902427900344
0.071339608406010585
0.022943271159923208
0.0586415265863902
0.018726472748631338
0.1507453441945539
0.082761969989432332
0.0044835727514458976
0.015920118830088533
0.028683909392185663
0.07626728147476769
0.049781296475738715
0.10597817044678205
0.026613410604703708
0.091934071372864551
0.029486311519749234
0.14313753183568431
0.022788597996975517
0.046065603087722548
0.070671822102583826
0.076115145507110918
0.030084567905533252
0.092475330356326088
0.024807503510622751
0.080502423049348584
0.019826722219214745
0.053007653442996766
0.10336463994120568
0.056668982367729451
0.062055607465438853
0.084204151405161104
0.055749638970168082
0.01736604686919568
0.086812412459475838
0.034218854335506865
0.067207522948625684
0.059247788291891063
0.11562179306685816
0.071158463556632856
0.052889273188793808
0.053182579674029312
0.021061217321895486
0.085749895370093351
0.059152589425964935
0.041726915248486991
0.042066642945753518
0.024104784285343354
0.089270834108612834
0.043865310099445332
0.033428509049984637
0.022828097142182559
0.050964528283400271
0.034995094036825297
0.036093163202971151
0.070635462721615708
0.042685401748081053
0.032116143713163813
0.011852708253570631
0.066587727161233401
0.08090051411133542
0.055996667804915523
0.046491849048675711
0.087829284430960664
0.061360315283136506
0.038023434059396968
0.072999618700664112
0.078927677057900797
0.044871486052503746
0.070519559365990719
0.051667526642752135
0.022899478800041534
0.077902652572907238
0.0922525635275738
0.063167797664444927
0.044882455635667472
0.085565742385101298
0.018567194056711853
0.097839750469523229
0.0955021491107019
0.077971402510437188
0.10919688705027175
0.039285859522972706
0.086113842596192869
0.064727252141242614
0.051831075242233411
0.096532642055349505
0.034313858343510154
0.043654556586164378
0.067780686357805833
0.054065224450073668
0.055185996453003011
0.055029035021827002
0.12140435980383081
0.022070030660563733
0.075554984292779362
0.089263380586753968
0.074177121706091878
0.040337162693528134
0.020913397109708392
0.015541845500258167
