0.074312779000433191
0.058985278142966967
0.079135649187108373
0.10878583501850844
0.01732660025204965
0.02589890976293855
0.064454141905484444
0.04644361309374561
0.13733985760784073
0.1398937860604092
0.13733870878020107
0.089547095550599642
0.052851026759915633
0.030596073902122954
0.034320353913418124
0.10678074406609919
0.068548026720284844
0.03405777493394966
0.069001853133020694
0.094486809400035496
0.12026250206620939
0.065860372568627493
0.066848981748963338
0.068256333992508383
0.067401087510713401
0.061672095339671572
0.09166359931965129
0.11768392593905931
0.041661473240191656
0.10705676314512307
0.080468514786708176
0.011815541006366634
0.052745435154909474
0.094319003015817651
0.048870033547207495
0.080476043914445503
0.084071326439729657
0.028884902162755549
0.047899869902954154
0.0437007753781498
0.056136604077269746
0.047458124987341255
0.10810098839442775
0.023933126691880857
0.093544831663116779
0.098727648983147995
0.078245538905170622
0.038722028548002635
0.029640602898449754
0.080513291084187824
0.045485969259478447
0.031522320215348745
0.035869451566246782
0.084766094140209775
0.017606228023621627
0.073099738221877694
0.086101192678831359
0.059618706160210894
0.04477310817002992
0.040936667880549824
0.013863815998205613
0.12831687594715546
0.058069084196984637
0.052956515712853584
0.059046936359922121
0.081831140951715953
0.049101444641415339
0.034733688348807634
0.09177710022425932
0.017047051240682409
0.036979075087938386
0.085988691890927407
0.026183043808458352
0.070236736190516583
0.031642826848752532
0.10872741239921804
0.071964036960521408
0.11126230285961318
0.12344074556780285
0.025903772115864632
0.074025064814811664
0.09125217477509924
0.15206430912946423
0.060864837279690276
0.043624588845859423
0.13006384396365034
0.043540155487893827
0.044723022731262052
0.085389480424191755
0.12771727234973668
0.074971251303883657
0.02177851321412792
0.035717353921403044
0.044057296836972799
0.079327362743823973
0.083606894892327643
0.071358286710229119
0.021803743201645857
0.038591215690237712
0.057502771268984038
0.03787249599809582
0.086456576328453716
0.036907675615320733
0.050721447265077713
0.073056531430787011
0.053863158027294085
0.12349927022699618
0.079710518995526711
0.045686412958887479
0.053881896307447073
0.07750456414924857
0.022033109926615873
0.015162631531962184
0.074140869244746582
0.069573248899160278
0.022089662703984912
0.076919170698760864
0.074650943637070685
0.12330877412250035
0.082769265985810081
0.027779061011482021
0.109938682940844
0.034991716814744715
0.11730596957074273
0.11397624842582926
0.1380671851972004
0.068132132121745251
0.11604991372407165
0.10873090635435224
0.040550127959422207
0.1157721641829848
0.12250507497021955
0.091063572566012815
0.053613017891572495
0.086535299314126221
0.0099315043902706342
0.089154771788552717
0.055757145267841514
0.073694158144343908
0.060796687595226141
0.034495953876336333
0.040039787846363764
0.067134820265439876
0.083077124464896707
0.080382320755912381
0.023287615543605075
0.018677743141711518
0.079232930070355562
0.03852076177548721
0.076217598835321865
0.061490156172765306
0.071299406090241685
0.082731667292997413
0.025814553248006966
0.032452546596436753
0.09843749360140977
0.089405491668409831
0.057021917966786295
0.020126108029769618
0.095798712564166819
0.08007548346152174
0.061123760375321044
0.051160298193359287
0.027473987299916271
0.071953117306961689
0.041589522071590133
0.014431062813730048
0.089014646234132508
0.083400162982013054
0.060359636938875784
0.025685953218934438
0.056384759168563954
0.01420617574383699
0.098969035419482418
0.040916796082655769
0.12099861160550712
0.10151438563941255
0.011794809716128465
0.044254681577955778
0.058907881411108899
0.017932015995009289
0.08723327986022307
0.037426413322976221
0.075301028180925808
0.067966296724164474
0.11044313196590877
0.075290357505057248
0.032276869906827675
0.068159661085490514
0.05643845028871447
0.0211413703875513
0.074251380874067449
0.056990390833636925
0.087050221564214159
0.067337199005447171
0.045309404602907485
0.018402745972536948
0.068615187651066403
0.04864137797435969
0.098025897238950235
0.063709820630807379
0.095093734098534041
