0.022573582745207686
0.025787887795002334
0.032633123252557614
0.018407518501006487
0.01149706642132498
0.0042765495359587359
0.027771528829771169
0.021718795888188813
0.011165818598041216
0.013410302950483032
0.0081889252087430382
0.0094062628356705105
0.0057799892511601033
0.022008205011622976
0.027686686400372213
0.013849435496749794
0.0071133504860885089
0.0099285497546921266
0.012634612864167099
0.0061735023868878221
0.027301057845556597
0.0085075891307796938
0.018107103507695795
0.034980499175454122
0.0086811388548343801
0.019318810841736232
0.019657481600207943
0.014385063693592059
0.025488636939817639
0.010401186015815611
0.020724041956088672
0.02020002381520955
0.0048472534008914851
0.013089142491855924
0.013466198518676118
0.0081724122429293333
0.039812929000430479
0.023235243552961662
0.02723863400516895
0.0090700726670724496
0.0061302224627546326
0.0041601135628863964
0.012230091643236081
0.028440389530494811
0.020981283525811582
0.02113539555980333
0.0054671470015560455
0.031028144760746938
0.012393671296956699
0.019484117561853899
0.024307289134530882
0.0065088391263554441
0.024067774276962842
0.013473028274736445
0.01176871847442037
0.022036325239405238
0.034573478459839622
0.017924193853721706
0.033947103329913401
0.0045747611626596211
0.035454321947627258
0.026525232316987741
0.030939053609350353
0.013696429529366725
0.022566762341668642
0.011102094895169624
0.038683888837200336
0.018237917048871875
0.014750470631207062
0.020706336736421291
0.015537021496991908
0.013662322519295738
0.0017446408865119383
0.0071855678570275318
0.033626234326664069
0.019966740708175366
0.0039869132625002359
0.031479825103885917
0.021752379098664249
0.023442184239446971
0.045729109369276995
0.015175997813676668
0.038600686654976832
0.019932101787580887
0.015196923041492522
0.016503516022215236
0.013570433508126577
0.039503751232996265
0.019172056514533929
0.011038233427151996
0.0065556303769309498
0.020014334364686259
0.029807476293765709
0.02205466853970918
0.013970971039253592
0.01257233405791333
0.012965475045497952
0.040069712383558331
0.014251318168626157
0.012423214224503558
0.019101282198242558
0.014700631321163988
0.021806052192901638
0.023179295765860627
0.033852013014911864
0.018532371804574
0.01938289386919111
0.014071965887625581
0.016358896046659091
0.0052833166384613885
0.025028037335315886
0.027522287553502604
0.011946677177176863
0.023825570106891219
0.022737281173537315
0.01972178379321593
0.028322067596901014
0.010711896506131822
0.01131066186439603
0.016898339684962908
0.028632964914428502
0.013337357672094321
0.022170970711149086
0.022836703196862439
0.0053875359048929641
0.015019899148368624
0.029596637644665639
0.0070602818202467506
0.031660793244072859
0.022500023582991035
0.041564512906266025
0.0041585603393166568
0.026495673190422581
0.012635946742323665
0.024628897729540602
0.01510277183474782
0.013586452787070042
0.0085970877038116598
0.017587495845966052
0.0068332865721619125
0.011483832075793293
0.022467505950519655
0.014901075693076004
0.021049607706706053
0.013577804742928391
0.0051275958359312569
0.025557373121244648
0.0085306216422792094
0.026794364145797951
0.022254819354296813
0.010489305022286356
0.027832239791025167
0.0134993067362388
0.029439308656963644
0.029013056322907987
0.025713855440236993
0.02917897915168657
0.024233230249665741
0.013582761003009041
0.027771232015720959
0.008568728815219584
0.014482282157704397
0.010684816107544268
0.031221467240320686
0.0338905803560604
0.029668600894348064
0.020035056729106871
0.019932611056173853
0.011556015055043226
0.019183191824339318
0.031753171599297747
0.0087468124086966508
0.022288180353502541
0.032289204217524639
0.021615299847587616
0.0081751844989942681
0.020554356905019645
0.02474603811417523
0.021012825429643004
0.0024016924962282416
0.023913097891322992
0.0085939591579667438
0.022264382397856698
0.023704767603538068
0.029002685165321437
0.014940707320278487
0.019299114436093421
0.015992056942453394
0.020586465905171086
0.013197990841913783
0.023287661400311684
0.0094490531643835213
0.010621888982816539
0.006659210006795863
0.0097014910163210292
0.0077011284046998663
0.016376654244514486
0.030821514276299804
0.014661070182493054
0.017497077844957874
0.01163711344600033
0.014745125984811707
