0.51468896827883415
0.53017231361985173
0.56527518082666484
0.5170145682792352
0.52900391503865551
0.53982637142891743
0.47556165014001467
0.57195984916740739
0.48537906088860561
0.42225712999676618
0.46139687468624141
0.41723366705078913
0.47891530114461883
0.41592294506507305
0.54597604339067962
0.48131072193641816
0.48843077045492828
0.4551875886366899
0.37885828898539303
0.36190614988277997
0.48762707449993353
0.49614630035010909
0.41164447263829651
0.37723945027624556
0.40156758315488422
0.40163313963563629
0.3376482409179844
0.31586042252848806
0.26281857339995979
0.24829928121990918
0.43747537860097407
0.4427011639216698
0.37366937500826591
0.21582403220392427
0.25674417561154877
0.064081779185302251
0.084055960682393432
0.13791234375143818
0.30373051743796614
0.15732358031776897
0.32627406463413572
0.31589147042683263
0.3618615275538925
0.55346010368743537
0.50590695684880238
0.45895086104918914
0.52946966210037094
0.49612860985251916
0.4999419290828746
0.43034414163838114
0.50735430456524677
0.53286400129530564
0.37418787261338121
0.23174169185203683
0.44215262950771989
0.41997905498382959
0.51138547174966109
0.47124057805129776
0.50264552297698706
0.43411531784099139
0.45048646600638481
0.52087131723583924
0.45274635224487492
0.52417552572523796
0.45667394339718792
0.56365064951055732
0.54430913991672436
0.51981612839030278
0.49818249465298292
0.49881307740083913
0.48213034842143487
0.47106028473410111
0.41609543501638102
0.28697541253258146
0.40709806739603493
0.44698635644568208
0.51590559317431117
0.51096139552266717
0.4908773592091123
0.51380125859995529
0.52825311146215925
0.49657156357084947
0.48009564833980412
0.50817704778323081
0.50216016213716896
0.48565737928085501
0.56427999197260237
0.48854487117764622
0.48673307355457063
0.4139527798583485
0.36043397542186123
0.41558585196619341
0.43557091820139315
0.37883901158430178
0.51231853912160585
0.52768236000750357
0.49851311283761363
0.43954472259152572
0.36215259447475712
0.42681387124370174
0.305482917444303
0.10134067538225364
0.31074461805675896
0.24275090708343072
0.37025310188460292
0.46380164927822171
0.46191594760403032
0.42227966248092114
0.49344464434893004
0.54237226944556427
0.49203363902167546
0.49717537908169745
0.51955140235064345
0.5165703731668243
0.4635053084784187
0.46205048821936445
0.42044556741259698
0.47969498131112015
0.525173553173371
0.48374808061361207
0.56433887667682825
0.47978093123046156
0.43171124114087606
0.48321165989474868
0.4367121311499827
0.52554189121103168
0.35499986073927037
0.30877759077848482
0.20944578784047804
0.22604543799815105
0.44860298856046638
0.43084131826623351
0.15956011724837624
0.4505457155180308
0.34972026181282251
0.28465328653637084
0.37554583275797293
0.4307110157816792
0.46862879510531907
0.55278718253932302
0.52324010923851749
0.52295954550212997
0.46610370119382444
0.46172929071795699
0.42141483336944907
0.54833949928768233
0.5052249160285277
0.4922405206358324
0.53797640988700346
0.47442231595358664
0.5154480389393794
0.44653720113614159
0.4980232971423591
0.42302229017226772
0.36933617778893296
0.49502991784858152
0.43603921063502504
0.34922668905278292
0.20405513356483618
0.39405844800618556
0.3644411825359869
0.43292067026430764
0.46319033469928972
0.51320934588606815
0.54116062349411964
0.54676132403974465
0.42514624977328114
0.5243000547020098
0.4776668986494565
0.46297133059065182
0.54276177592323238
0.48117289790106044
0.55698810133250909
0.46630872784227834
0.3352271459019876
0.40159155748519693
0.48327339800231928
0.47154460052897268
0.46457526500312718
0.35883693139388212
0.28507591222780887
0.42090901925323865
0.45757770075837129
0.42806735772049775
0.45995109274411838
0.50625148745024562
0.5220719295956634
0.4997596458241847
0.5408168598939731
0.54630989901979032
0.60005950415371623
0.57758422575184309
0.57812382293186804
0.58612530608653168
0.49475599354714445
0.4683828893385274
0.44776169619166839
0.51159690449440831
0.52291651252842519
0.61551349678714706
0.55036165851140895
0.62881943065003199
