0.5758199275189364
0.55151670336225866
0.47833489501928234
0.58330572074107978
0.54184516116145476
0.45472279811530508
0.4581647302262023
0.4050494937916857
0.46352234692353811
0.47341042044975445
0.42536348538647273
0.54262659422960868
0.41918829958624115
0.42634926155827502
0.40092962770934737
0.41876232125611085
0.4366669052232845
0.42758037773461899
0.51720994818473764
0.51860186352106441
0.3635290398489669
0.42437128136620766
0.46999250281123134
0.5442732078760899
0.5516356456699526
0.58099942759251488
0.50056163139610244
0.50722704325297163
0.51483281398945679
0.45867662646275165
0.49589886085101287
0.38474998618781026
0.57541885043825669
0.40893407937835213
0.38739578633320776
0.32562279852116671
0.38396004673138201
0.42572267969121236
0.4111676124049265
0.35614001523495803
0.42281487988788269
0.46230727756446494
0.58640695488831152
0.48818581399525124
0.48396316346057694
0.36886248694055557
0.32448261386112981
0.4695893625178329
0.47202740994200115
0.28004274630823073
0.24557077265287486
0.42547579647476702
0.53007109585151091
0.45326844341536365
0.53660043057457174
0.48568287809861349
0.36485304877872099
0.44416871368943306
0.44780488804201124
0.28067143500278191
0.41590005847987155
0.42881463286396648
0.31054294320802783
0.29971226583792576
0.3087489642340368
0.33065098096221968
0.36433748933691651
0.49371684383604625
0.4973076241049269
0.48365571479093994
0.56047925638640939
0.47669624888724649
0.46979996334339114
0.41419784868978315
0.48023739520188657
0.60707610409102297
0.48214499961456536
0.34441572950485655
0.49011129014324817
0.48320020030427524
0.41208395588094515
0.50238384417693371
0.48456478389275914
0.36304310744605905
0.38675124325887911
0.21151717098465131
0.2715640348019927
0.37465022756788369
0.38897532117552625
0.38059660410993251
0.52598082920884437
0.45476391499769375
0.44169084513160251
0.34083689651878102
0.28084161775836297
0.29841788856131946
0.40203454620284879
0.42244733267577572
0.42994750940693793
0.39571308342332218
0.49820609110907438
0.4046272878916875
0.47761716340903526
0.46855248245693809
0.45595766978620678
0.51456236163833569
0.45920427750364745
0.48049558746050786
0.37730376391262854
0.32148721392562873
0.18559279547176855
0.37563999899787009
0.39730575765759346
0.52258469549550168
0.6086338575171627
0.57893471658403028
0.58466064762453074
0.55291974798898491
0.49551990936181178
0.51141177493596968
0.52882313228038635
0.54819879609192323
0.47146054880286115
0.50457244131730239
0.44445535848104512
0.44012517765772263
0.53004137140491359
0.53789494057062037
0.56488399868194394
0.54637963104145748
0.54548629944038474
0.40365571100177799
0.43965874106500696
0.5083501965911823
0.55543040656638965
0.4976324296144517
0.37992066185950613
0.28039741254463491
0.38370858879150527
0.30833691541050118
0.35419049099878908
0.51133104500476756
0.40933998419466394
0.48464805049319071
0.45097288148791254
0.43309120888458019
0.54263609143656977
0.49576450894738344
0.48894144079393825
0.46771212006145002
0.56640351685397561
0.49431683529260201
0.45812631206029986
0.44241330735020801
0.57093021163426394
0.52941494612296691
0.42565097611284869
0.55723378181380656
0.5778095414891945
0.54460936292534223
0.56926759977501418
0.59001258081986863
0.56830829842887909
0.54335848720461799
0.57051344232883661
0.50246119491273589
0.47468728401202309
0.41665157637009109
0.4286300766220531
0.45173103956470734
0.4769504346210755
0.51334786050420234
0.43691209883295573
0.56847872541162958
0.50379280921347247
0.52284958561917871
0.44740451289062588
0.46596507387187541
0.47814995487396383
0.52608164707473559
0.49892913050075954
0.48008105863385292
0.46358087096410278
0.49269366611240717
0.39127458589781161
0.52597044600539389
0.44159293582576026
0.46220023007395017
0.57760173194998665
0.43300106369516111
0.60400248578264171
0.46851788225224722
0.32466212701427533
0.48528067200448205
0.40897894402483981
0.22632672609502147
0.43462914657805624
0.30871164535177725
0.26872898914130994
0.41720256734151623
0.47235716329364513
0.36949642687653506
