0.0050280945026680152
0.0052083197944041114
0.014178073339344366
0.018242437750420549
0.0024407097420051337
0.0079585996515215054
0.0097548630029497783
0.0077801603467296046
0.0040135451327680096
0.010695826674627514
0.0013328509365853961
0.0044076132379361381
0.0098629729207474776
0.0032768675324087067
0.0056250964041613038
0.0091478223978751355
0.0096338059765324561
0.0044586841021009979
0.0027921906044749267
0.011285832340821506
0.0072066981999896456
0.013394033279393418
0.00082173597181055854
0.006553483765390041
0.013157979035362562
0.008661100144841536
0.0040947792398528136
0.0097256896915577616
0.01299107437827836
0.011287787458458466
0.013470560712840205
0.0032279111754638765
0.0031951953862423624
0.002182516489234114
0.0028691727404440096
0.0056151292143966419
0.002821877367998962
0.004374771682199372
0.0071608007313489729
0.0044630086744282069
0.004510514666855682
0.013780338644235869
0.0045628701100404187
0.003817462724449099
0.0073263464324381635
0.0013683655727582595
0.0038225392161908961
0.0088767541109690869
0.0042079496315245201
0.0041173401155096059
0.0049944637313754994
0.0017573169403173093
0.0052042883493058035
0.007718406890802978
0.010462336892394689
0.0036268253972413789
0.0037589791779070706
0.0051843508128746113
0.0031345831852038282
0.0007540855762844371
0.0088420889310375905
0.001224673022667897
0.0040008660422429848
0.0071004388774253266
0.0050144822088520301
0.012885254883516793
0.0085680737111906921
0.006221348665979399
0.0035793410015191678
0.015403243562602136
0.0052104738373084328
0.016465665082406405
0.013059324077468905
0.0077099041205963706
0.0073819734219724934
0.0087421462537151419
0.0045579387277861734
0.0069124078891967802
0.01157638084772732
0.001248059534049813
0.0028529900928731282
0.0072099677590989298
0.0066619713683691321
0.0083425068603319216
0.0068308311545647021
0.0090512824338557837
0.012331682461099782
0.0051924033263706683
0.0032621508138220103
0.0046680029123363984
0.0097224506982293412
0.012369933285508112
0.00072389300653904933
0.0077735103103046257
0.01146852936697634
0.011075357107323587
0.0044959949950713887
0.0021236743309457828
0.0057540759664785413
0.011939115961831668
0.0030206883988790042
0.007758982924666518
0.0025331184149686892
0.0039772937236895499
0.0079339010352707916
0.0075865355259659428
0.0072949324599493144
0.0043593498187484694
0.019693332524769177
0.0038616209454078298
0.0058552974551180446
0.00072322550954210401
0.007400849375962068
0.00123632741919518
0.0053981347559746299
0.0089219646543577703
0.005686551225315274
0.0079649292692876329
0.0070584232713936058
0.0081035675933530168
0.0060057990702098362
0.0063792006232660584
0.0016870555434387896
0.011074756835470975
0.0037588687996537792
0.0068973604620301407
0.0040470529068399241
0.010989725907686774
0.0081162101128537181
0.0042856540427460453
0.0039507533133952139
0.0086631562048521491
0.0061654778633848202
0.0068956904182659803
0.015071865191004258
0.0074880607614081834
0.0060990789911762391
0.002322358820544425
0.0058074612252611525
0.0091649189055180783
0.0082426453428273202
0.0030639639589330747
0.0029879696831135922
0.0028507682781636887
0.011250593636814155
0.0034248229516628936
0.0083442871095902663
0.0018060321327490227
0.0089759876981993329
0.0091736597116450994
0.0091439637142588411
0.0061860440517550047
0.0017350066688422913
0.0050492910889183302
0.0042823228540524892
0.0027229335333520438
0.0069186401400697251
0.0022700600054669914
0.010752931916148735
0.0050768324317361597
0.013536871369477625
0.0071677829746692656
0.00071168446704969804
0.002686259091698966
0.01012638360312002
0.0027986023626220902
0.006559974644436653
0.0053120232745721098
0.013847861055781377
0.0077537931109571984
0.015487872506625328
0.0076864612377368028
0.0092648160897652841
0.0043538601200733967
0.0023789778864781955
0.0047116342095401718
0.0059036803510900985
0.0090135952100257495
0.006534184639267423
0.0059144686552580058
0.00659816454571767
0.0048790117104467413
0.0042508345941013135
0.0029031573757545173
0.007833487823814253
0.009323850815268037
0.0076760581630111275
0.0043393060088974863
0.0065402169470442674
0.008780747538307522
0.0078460806943541992
0.013361413483205943
0.0030058170622269155
0.0013528313833580802
0.0044357680242059208
0.0029069696968282849
0.0097606368523609245
0.008681086170920907
0.0048536117989144544
0.0010569633415807662
0.011985441105186406
0.006095962822696803
