0.018301266676766549
0.017179492786200061
0.018960282159756855
0.0074569406823917989
0.0079278298986901873
0.0047747358419924354
0.0084609782062227811
0.014306891062675372
0.009158735715113879
0.021168842054124233
0.0090604022021364295
0.0049866038610044024
0.0084470087466390186
0.010796880526758488
0.029140928347659988
0.011206976841362971
0.010027715698359663
0.018033437981104242
0.00622583872827665
0.0065797253401455045
0.013444084237014048
0.023733309414708276
0.0073465433751274643
0.0030087695586361787
0.010864472499476198
0.0084261977046283503
0.0057063212461251952
0.014795196221074442
0.014069702052931978
0.017571259586845193
0.016040583567680233
0.041781052729710492
0.0016510536174628799
0.0062085594170838828
0.0071995725232470876
0.038511154452808123
0.017063278045425154
0.010249996936340723
0.012795752594640528
0.012861311086039617
0.014842146241818011
0.017853567691461802
0.0050419580670216834
0.024193304448099338
0.024275271256858088
0.0073160953923915072
0.035720792736782789
0.013564635537876735
0.02333476480233642
0.013112565789946726
0.013042609556346721
0.011739650734831545
0.015398411713536087
0.00581477991806715
0.026880815104934765
0.021411531918785986
0.021136483374559485
0.010563721544367032
0.016468872342591364
0.0074538219914332803
0.014679776445765154
0.011351241479036637
0.01450555643525455
0.0050374824263351263
0.0092129128507675399
0.004033119874787933
0.014903046167323858
0.0079909999703542747
0.03411223750347446
0.021178427044066587
0.0047997014090123257
0.010336705640607494
0.021743320402610462
0.022214953210562164
0.01337474772184322
0.0072493149992151635
0.011470553560747814
0.015442970156853357
0.017733995871975872
0.0092581346852972958
0.019812743338052496
0.02588289041538604
0.0046802455868118036
0.015757427061107106
0.013801383803471607
0.020167327025340451
0.021198179975028732
0.020259315608135781
0.014174713512859965
0.010927892711526303
0.0087483794861725316
0.019978643303025633
0.011247073495368881
0.016014779131811072
0.008252180687483129
0.016525801047732568
0.016713412740278665
0.018396755625021462
0.012564756128734325
0.027723134028565612
0.028287262167235719
0.017184297598999306
0.0029753440989484111
0.013481524162150128
0.019052710363219996
0.014515772761345726
0.022309561933827812
0.011634312941993512
0.015497689085250319
0.0050678552796966092
0.025637229776943909
0.011865052364185129
0.015408924227070632
0.014115362624744002
0.036253395189748558
0.020648743732094597
0.011589699539586537
0.011503551077379584
0.023826243700543044
0.012588029298916658
0.02244409482138307
0.0065675433492968956
0.0098809684869085226
0.017246163665132253
0.012079649629275366
0.0032127276594618743
0.012875119377234736
0.0019468698991050757
0.009537834589912076
0.0089104375774522494
0.012408303761081534
0.01140047629129962
0.017536991622808088
0.0057052740131814435
0.022879779053272785
0.017449458392733711
0.025552330633378615
0.021595985591007619
0.01652233841691873
0.015008674829703202
0.015096578279132765
0.0071933317476993676
0.0075721389978593411
0.012496317919371596
0.016055862900012603
0.031145828378006987
0.0073340358299716817
0.0017580229587079773
0.0027030634346546728
0.022399134719628819
0.016704262327169636
0.024958955346442178
0.0078559449897806118
0.042397465861530419
0.013826715093922342
0.0021547036756835608
0.029850144400503539
0.0046827126513387177
0.014643449947669827
0.009766425739410849
0.025118497118475608
0.010500694575747753
0.016724011810730854
0.012120006032636478
0.0097394410381551281
0.019033543930037342
0.0055915494798035826
0.018810203083212539
0.010521248469358934
0.0021989897028894018
0.026030469993891105
0.021882059383548192
0.021184290686858235
0.027088149450180624
0.015567805128804011
0.0082160764827188502
0.017319168685219898
0.01571296615230186
0.0087730679121208396
0.008323087958473625
0.018584220098428968
0.0020051498468590906
0.011147114880346073
0.0075593652659866565
0.016924747575406712
0.020554248962030952
0.01112115782106678
0.010901175414950531
0.0051309301230361261
0.038297772858318556
0.021301314090812991
0.010161452410441061
0.0094342888428104749
0.023207031626316797
0.015385038486461593
0.013178505378096611
0.0090217084900971554
0.014711367316893991
0.014727929282888496
0.019546216568347475
0.0059512278818056822
0.011795525234844437
