0.020876253858202912
0.0041348077972928957
0.025007127583345414
0.01353064254712746
0.011853475613484066
0.02410471648729259
0.018248208335135001
0.02405743853714002
0.010778240714012862
0.0078092365970642641
0.010257868775292049
0.020141002201909793
0.013530426488376325
0.028696082205017636
0.0054461371269161826
0.021605933330462738
0.014111083952874696
0.010964980801832265
0.0029490124411183103
0.007273294861691453
0.004668844731769763
0.0025151846016965942
0.015476545063008133
0.0085674159335636518
0.015740537658488766
0.03255100775590819
0.012181162340216675
0.020738081853288348
0.023119122690634562
0.0076985228238187903
0.015400594763249486
0.01751120690697875
0.018870622587727617
0.018526668586242932
0.018231127603431291
0.012605089146955746
0.015601701961126745
0.019134946670052146
0.028840739358415166
0.006776316312375223
0.0043216043805654166
0.019212211948234192
0.028897315612386155
0.011231210920885491
0.016054378849631779
0.015955162350398233
0.014541157073159039
0.026846631039407352
0.0023573776209984388
0.010354625776320583
0.018370283754667663
0.0092226335844673869
0.016998810536444194
0.0092632055817398872
0.0023530688488913793
0.020991478748010529
0.011910282717911138
0.0064853449583429749
0.015910469045799562
0.021061827788754938
0.027570408019485685
0.022028362212022558
0.016467955529166248
0.017245324479176097
0.013897998941546424
0.022477906574772572
0.0063427159002264416
0.021663239091498136
0.017613204495466259
0.024449375658091816
0.026130621456194689
0.024954172162242293
0.028736315739972998
0.0075601657111061269
0.023766205333955417
0.018523588247286862
0.01732833877498079
0.0040305491607741384
0.025310728772248554
0.015940517600469967
0.014007197604315737
0.0078860881573429072
0.01302625109609656
0.0043189126875850629
0.015244534586324814
0.014226694500483224
0.0089836083241304644
0.01772814772225095
0.0084167564581863388
0.016430428465454235
0.023566695380427907
0.0018980548470570609
0.010851720034571065
0.0041380850605394455
0.0077844551711705456
0.01302441805202887
0.002506215045600993
0.024385556657594159
0.0080987972867163065
0.0063844694697885165
0.015726956390011686
0.0045618829143865671
0.02596383486163702
0.0068018045153549218
0.017241224286550883
0.0083680313374364674
0.012250852374207592
0.014577128235626622
0.0069635210602166601
0.0052319529076123375
0.0071384448715719785
0.010932464065309346
0.015611472731626212
0.023395786317750772
0.011542620986051971
0.00503736285398022
0.017224682453059005
0.033026620120714854
0.025920333079673001
0.018696289546520223
0.0087877646456869865
0.013662262558094242
0.00031189264970988873
0.014000585041153205
0.015759213333158769
0.036064813373235437
0.012353594208944376
0.026529614218350008
0.020838529084703111
0.0016078309503284348
0.00707825551617044
0.022953368510661275
0.0071626245519684634
0.024742090713194446
0.011064401998108602
0.015480456051530837
0.019671760111957242
0.0088530024390530825
0.011931851194122114
0.01326430530300758
0.014959995714883266
0.016553691602218607
0.016216280337397793
0.029561090277301586
0.017568171865544935
0.0059791599402048753
0.018113997599202722
0.0076301359045784049
0.01232811534629694
0.023228160766543608
0.015439448226382761
0.017935961571418371
0.03177903933917519
0.0033403951848649679
0.012958124296229856
0.012939940136576476
0.02445966212156047
0.0049013608530790375
0.018120356651258947
0.021660667337989041
0.016044886850359631
0.016626039572488809
0.02004124336905596
0.0079010117809863029
0.016753889769653845
0.0038147540720182699
0.019346983210287719
0.0083538036682210114
0.0094958798595794602
0.022598946712803634
0.022765055048634106
0.011440404691310815
0.021286810209690175
0.013188869657645361
0.0053731047399475061
0.024592991630964723
0.016960947210373205
0.019392758912474169
0.014080565387806099
0.0074001288010980141
0.0073933371496321502
0.013497067468926651
0.015881808833437663
0.0067969920053063742
0.016596576961770883
0.017987517403976781
0.012853297146579594
0.015364791450071264
0.014321768241829061
0.022228491767997634
0.0086949672250852469
0.016440114699545868
0.02311267189421836
0.013696569604056972
0.026807347922494375
0.018091705917065187
0.019197449524489627
0.017813566578731774
0.0095205540006024509
0.022627498729018907
0.0096789722351740444
0.018805854923134663
