0.0072399574663991788
0.0019401749206597082
0.0073664759536469808
0.0089262402894938007
0.0067107811859760374
0.011177401430522552
0.019116333620082561
0.0064163299625415275
0.0051370199292858033
0.0016393816400057056
0.0076886360868027911
0.0068786813289960736
0.0031348091773946512
0.00199752365686879
0.017150832418994746
0.007250814859443842
0.010201128785559137
0.004424030271178719
0.0100320301000607
0.010068915719959106
0.0025009571645480326
0.0022610896718814823
0.014327067954372847
0.0051945524776934307
0.011825086636420856
0.0034127830707754961
0.0032815637786743818
0.0093558153737770561
0.0023424696948474199
0.0074365474719992695
0.0068024877439198704
0.0060384326109317165
0.0067515656326867877
0.0031078706614821833
0.016686594642699396
0.0018239698808902353
0.0086990074313068721
0.010358871957773795
0.0074121859679712587
0.0058443331661758068
0.0079328194527951146
0.0032917216501314648
0.0077570852761399975
0.0062586268578764589
0.0063911028764597616
0.0057164453881301857
0.0044736872967901867
0.0012607059497412886
0.011689272337065557
0.0021413919791084201
0.014237286750247066
0.0068091760939975009
0.0023296694216093333
0.0051056334892269307
0.0073517648287603106
0.0047548828472278731
0.0025243622259613881
0.0047584841961287507
0.01198375460712422
0.0061232476454064948
0.0098999466672378619
0.010064793937819514
0.0070599034113689799
0.011555221864853393
0.0068752055517883621
0.0015891244768661014
0.0032430737269840155
0.0012971941560566223
0.011675579408910803
0.0022690255975068812
0.0037608160475620625
0.0092359021591392233
0.0082217902692028159
0.011729588969285285
0.010707384064322645
0.0067302655870737612
0.0076457714933714218
0.0083903650228769177
0.007318174629317227
0.0027904143671061143
0.0056882521984445008
0.0075103862836194326
0.010710127856657503
0.0066650550853918486
0.0049393076516137625
0.0026847679303607162
0.0025639011954105167
0.010901032491379529
0.00068981814923119763
0.0065604299665207024
0.0010531300098415748
0.008395804454408325
0.0072211461093798952
0.004828797775413062
0.011061827036314628
0.0081234114069840876
0.0087102273434337737
0.0088490953126179658
0.0046813704843788198
0.0059604246864739478
0.0077071063840914809
0.010330469550262886
0.0054914266028226215
0.011664803043590998
0.0057252769918536318
0.0099051362251973626
0.0050402279329119157
0.0040330937944105909
0.0083749600346747465
0.0089375001483677705
0.0088223295298856964
0.01169133250181132
0.0047271666766133327
0.0060392865303265054
0.0045113617855753662
0.00151815868691801
0.01359765241123596
0.0029633320234473876
0.010354721548102653
0.003829103929936184
0.011058010161965474
0.017809574433369932
0.0018976989744355463
0.0064471912722637026
0.0075626194823625341
0.0083195538192378828
0.0063519084236978735
0.017038541721236599
0.0038789037433808499
0.0071833846581354881
0.0020582676233020843
0.0023646958672296809
0.0043365906835938182
0.0032131034363348013
0.0065538273537815595
0.0047601464449190684
0.0018149959667225031
0.0093302330184678421
0.0049118052245470572
0.011775670359838579
0.0096100429076143128
0.0093687600804213504
0.0096706414447553062
0.0081662686826448477
0.0038369608081625793
0.004601910117118203
0.0057151343250536561
0.011348449087755659
0.011235371386132165
0.0052305097393474378
0.00091590742749204728
0.0046955052495836046
0.0073098379150013208
0.0053245309701607981
0.0018500599461053386
0.0044877936648664053
0.0085596889292576771
0.00061099514521699102
0.011274319157726162
0.0073008429479901465
0.0074262529463942576
0.006037765145063604
0.0070430226789635906
0.0034748706938806753
0.0095829857684698351
0.0062288631016919971
0.015536767317479411
0.013638475443414256
0.0046501270535883911
0.0107901667730253
0.004064954162818271
0.0059562146717217629
0.0029145400998849213
0.013362551495518741
0.0024769765219533526
0.0032807473652166253
0.018460860105651202
0.0083671466850945477
0.0039647807436617817
0.012015053104464811
0.0059890659871914024
0.0057111989305995607
0.0084439496333222515
0.0061083958518642614
0.0047343586939121909
0.0073053406761003454
0.0081533071207534422
0.0091763700991541828
0.0042054617444344574
0.0084740473697944105
0.0040208418277792842
0.0086323866936138215
0.0011022995951499284
0.0040948572122258232
0.0078554418304856346
0.013214869398704516
0.0047617637272555514
0.0061851098671614705
0.0033139613923189874
0.0067893811012664559
0.0042174188422895243
0.015391834543709871
