0.0032070595233399239
0.0084874367468250021
0.0040333648597864506
0.0086949392142872776
0.0085692715466693121
0.0090342052262575578
0.0087231571103057598
0.0082622501789126872
0.0077404147287120873
0.010360811312362711
0.0095315617693711319
0.0011704451613636731
0.003500906493909807
0.0072537020440315821
0.0057568592529558052
0.0025448657444095222
0.0042124358829493825
0.007423537438733703
0.0047709160816400186
0.0072741694325156019
0.002917132384161148
0.0061480545824928482
0.0060867538185621949
0.010655061970271239
0.004559383718584312
0.0080904872217378299
0.01232970638821582
0.011532873477104492
0.010163811940836124
0.0052804562713421694
0.010122858440549403
0.0074476286115014419
0.0062801237814459881
0.0097967175719873567
0.013491776567647357
0.002337873902006501
0.0058308273560321684
0.013347378023691745
0.0060523530147354124
0.0052537296291870136
0.0078695230504959874
0.004115658704370387
0.009232030588782341
0.0084488466530838434
0.0054584119312339509
0.011729487747702484
0.0024130921709175262
0.0059278644076220513
0.0038136504855534308
0.0069378228641135157
0.012807817533673863
0.010966492527908865
0.018998456074085852
0.0091811695323511591
0.0074532429901423792
0.0057072115017203174
0.011099993625244406
0.013773473509237778
0.013329837566304497
0.0078824744041250863
0.0046438342195842834
0.013192263414399568
0.0035799479606363226
0.0034701406054851447
0.0037283292988961303
0.0045995401479366005
0.0074554960044207917
0.0061511743905626644
0.0013780249999402433
0.0027019873574375955
0.0066564479627735894
0.010015910129280993
0.0048422451579255539
0.004692901581278254
0.011506809400170915
0.007670183522679834
0.0065920432044690768
0.0010767107213489971
0.0071909628287115598
0.0045200329915605414
0.00058870519574811956
0.0089785527641501814
0.0050686640265649096
0.0056686497422884915
0.0038450648614409061
0.013167151508700818
0.0088193393639427031
0.0015835176109470148
0.0077122020084312327
0.010594291580823301
0.0095587009455392023
0.0022633637639395991
0.003222281969416047
0.0040472979438963483
0.0055600415592202074
0.0067728700712915103
0.0017398967364163601
0.0046571968810807038
0.0078398134290620612
0.008855823171429876
0.0037479548176210828
0.0080358680791630006
0.0060222300688773621
0.0061973268034078146
0.010486277406715032
0.01003461556193273
0.0042832398969256964
0.0097536924896536436
0.0052237338943495496
0.0021867690868147289
0.0076667179788218994
0.0065739336040250918
0.0025909846281426943
0.0031514856176277253
0.0042357234427658859
0.0068566569029921039
0.0020703320352122843
0.0012632923210753723
0.005862319864763905
0.0074135476850604818
0.0086375950444579994
0.0042075828959015982
0.0058758890920302407
0.0099003560456670976
0.0043566562554668009
0.0096730164580013864
0.002770815290293961
0.0016747414146536207
0.0051261665740916663
0.0041521622966596387
0.01295227732804788
0.008327049028489672
0.0048243643199309379
0.0017543585884403552
0.0085091219576958685
0.012042712703813456
0.0061256406828928646
0.0047039732045309392
0.0059549373383999162
0.0031519660344687204
0.0079762565838801987
0.0064053310755528073
0.011803444848447121
0.003259078498021963
0.0044702348206774028
0.010129192851573024
0.0060747610301067475
0.0070604145219054859
0.0040571860686479163
0.0060725504375124511
0.0046733634532190784
0.0056075460898258088
0.0072016760758818847
0.0079447622830163284
0.011674478471971349
0.0043300389928732173
0.0064441523938112378
0.0021130959319427809
0.0077117799774293685
0.0086461007429983194
0.011581695820728218
0.0052222937198862845
0.0053006186416770717
0.0035044597826429861
0.0024490200218042738
0.0070964129214305827
0.0030193584101661131
0.0035368626122290647
0.0050968914001406048
0.015766608284902228
0.0032166242556886048
0.008964330618029568
0.0043790382859927816
0.0020738800072241078
0.005993342477821414
0.0044984944812566739
0.0049687411790529162
0.0074554651687156574
0.010930775245088838
0.0035508258026769649
0.015134064925794095
0.014339168769116787
0.0094851520137250126
0.008952158770228558
0.0056174551809274323
0.0056017614496724349
0.0051807819516076405
0.0029648845811860664
0.0079408419391908576
0.0021148021128172402
0.0072755440241084835
0.006867411334070813
0.0033182001179106009
0.0081492169985454763
0.0080538916098613512
0.0082337748886814246
0.0075934957337459455
0.0061562096641171104
0.0047385382318009869
0.012823042380960438
0.005189186327176497
0.0092436683084428633
