0.0080934892564916028
0.0055545411045511608
0.010166566416984945
0.0045009079475085692
0.0044373387892450043
0.010860058462784644
0.0097197648171990399
0.0056060936450547548
0.0022019707835639608
0.0037587251218010576
0.0067442563774068902
0.0026204829095634917
0.0080726566814453768
0.0063208311571408965
0.0039860726211818336
0.011005894561808106
0.0073173257916148487
0.0046277091716694268
0.0071634609074736674
0.0076913507112485267
0.0079823769493052327
0.0086296514661365203
0.0073174439325531119
0.0025925029433717622
0.0091424361928665078
0.0066414891591744084
0.0055537028603159268
0.006385023556656654
0.0055036787783512287
0.005999255491647198
0.0053152592110585969
0.011821106843404681
0.0039065840186795504
0.009570881760886529
0.0029350811808832823
0.0033221890203389511
0.0026918112802838284
0.012485098543408164
0.0034405739638961601
0.0085604594285765591
0.0020440832848593105
0.0094103831555378444
0.009675418043486636
0.0044533957582619278
0.0070644317428432291
0.0012416729957680523
0.0096705646009779735
0.0062547370927733539
0.0083888083761722455
0.0090684607696407665
0.0030791590134502753
0.010025812185725331
0.0016913733002761238
0.0075950712127198037
0.007698947333410657
0.0067720500087223266
0.006925167850734726
0.00023890726715581508
0.0015020477519172573
0.0076644489880276691
0.006063129041866731
0.0040018025765080466
0.0064698560063579441
0.0072060291548819017
0.0060506006539389713
0.0080746678897335583
0.0051976265273464203
0.0027841885386227102
0.0035637677891677544
0.0075781031993710155
0.010137156481835967
0.0022744234216937652
0.0082067631247852227
0.01175615483176402
0.0073961905711371779
0.0025070012216397257
0.0022548401413963639
0.009958521092924456
0.002392393333381781
0.0024449191030167378
0.0060659653534248332
0.0088079738902260996
0.011977268827303007
0.0050177490785446094
0.0046010288110323073
0.0062674992842648731
0.012370487751457397
0.012610180239781532
0.0088283392843360141
0.0027254611031199095
0.00059668336227165113
0.0022134881473429326
0.0037425127548771035
0.0083075532800229532
0.014754286758061995
0.0042450662699553589
0.0042357048822359716
0.010941755099575106
0.01234180055296312
0.0078554904944961382
0.0059333558866068621
0.0082067336936093895
0.003017021763105374
0.0073002505797512387
0.0032237432313969149
0.0071649654493600194
0.011661900909175817
0.0010631645609620261
0.0024992846391561482
0.0030189665465901725
0.0041883333232583175
0.0041269192564221298
0.0019886342608056956
0.013151815494504612
0.0015491242958302898
0.0019512977582944809
0.0069630486037203076
0.0089334321445420552
0.0071373789209265692
0.010716877896609127
0.0038860122094753289
0.00048326803659661107
0.0051857260524239817
0.0061227046676579962
0.013666517692458944
0.006714179053289083
0.0078676929249931853
0.01022410637630837
0.0024767709634458432
0.0026764706002888341
0.0069751716861760644
0.00075284829786503025
0.017247140554075543
0.0019096050966407854
0.010425836220851459
0.0087815422039694089
0.010572019046462031
0.0019763540178100404
0.010818344041885126
0.0070806814198998277
0.0083057815128401713
0.0051512846959059127
0.0066020819751246322
0.007277425636088096
0.0084251340245845296
0.0072832996625383515
0.0063366442765066828
0.0057008338310574769
0.0013346909059223303
0.0033315765343923465
0.0016144271723692917
0.0027022342155599319
0.0055617610831588723
0.010883447609933899
0.0033255942048785792
0.0050842375201611712
0.003790111962136846
0.0045548995460968399
0.0049178050429687604
0.0051488754330167828
0.0062038375909309702
0.0083638375686657003
0.0028433463004462799
0.0044612409979971276
0.0035030660797220415
0.0055688641267277218
0.011232983122687949
0.011616573779361773
0.0028274908254681186
0.0096284479355983905
0.0087261243215966504
0.0066907223267311591
0.0017345381707894732
0.0051771827533288522
0.010912680019125766
0.0026160918526052616
0.0028424510015353181
0.0072873049564397248
0.01371012181754826
0.0095611571023534268
0.0070274630574635273
0.010124759942274828
0.001532015467064096
0.009109861270786097
0.0056486787301030057
0.0050697623440236648
0.0097344024623893903
0.0070977722425236232
0.010131933488771038
0.0029976946309345285
0.0090775044539161028
0.0044550757409146319
0.012481143618478996
0.01210247010232113
0.0072801481637860673
0.0096009312671125058
0.012599013223505094
0.0093547250348094881
0.0081514120636882598
0.0079062549218637326
0.011722840291567895
0.0021459977466587363
