0.010848707516875819
0.0056597318971156911
0.0070312108086904909
0.011796061214583741
0.0041980596006895221
0.0046388696087260534
0.0028025538454411465
0.006207602652814127
0.014733294428835806
0.0061179498205449663
0.0046493934511166518
0.008024319478811626
0.0055696882403435738
0.010606454123222045
0.0036063009591602944
0.001888832930369557
0.0066013583706383706
0.00640830998906092
0.0054851195974339453
0.0048601636694341798
0.0081441449341437735
0.0058450338335163179
0.011686811807341414
0.012045304046102061
0.005724376498841101
0.0084649914692557591
0.0036406757206937992
0.0076670816047372638
0.0023024860127695999
0.0044127773293012778
0.000378060702848352
0.0092286299845907582
0.0055784111378655117
0.002088956425197058
0.0095924734214146729
0.0038869303816901914
0.007698037759227303
0.0040763312157991883
0.0025755434840842324
0.0085517418021745194
0.0044008184778633929
0.0079401235849248363
0.0021459737626898529
0.0046125809983760578
0.0072671012234587643
0.0048035509082158057
0.0058448459088174115
0.0015921532886836987
0.0043794647136325988
0.0081707399077561443
0.0037383548427179494
0.010388539370372473
0.0031408744948764138
0.010568364029290622
0.0032782673181804894
0.0043977836914003178
0.0047990243672516898
0.0025529796679715981
0.0052207549833473803
0.012256299584346484
0.0016087126467586885
0.012657118713256452
0.0060607043489437403
0.0078131780844265288
0.0053979050517591626
0.004575095542232053
0.004723472996025318
0.0050292725128838591
0.00966334615265841
0.0080311983252419807
0.005374312185247242
0.0095088515823380203
0.0066955776117915249
0.002794871051777348
0.0038496686917616212
0.012232877851354936
0.0055896101804799436
0.0092780041646968736
0.005500141514309359
0.00914424895182607
0.0070533820992630522
0.0050198142160577594
0.0090006715024904711
0.0068387263759273403
0.0089876787772562444
0.01149492952003835
0.0083917794569570003
0.0088705571317208489
0.011482805615323298
0.0066497644766641117
0.0065760329542240764
0.0037432905734740129
0.0096112383789619081
0.0060159090431235419
0.010622564464208171
0.009006532063842514
0.0062612214361772818
0.0020053817324064533
0.0076639211653832364
0.014687094327350091
0.0067932365530049442
0.0086931213240750253
0.0057358116345249026
0.0027041257407322051
0.0082450985345395335
0.00715851740216936
0.0063140048809735231
0.0090654702334408612
0.006362867316193733
0.010842656038711915
0.0088763450409741415
0.0041592523798429752
0.0054383620540063892
0.0092750786311612266
0.0051160007077799448
0.0052178967126777082
0.0056933599809491893
0.0092543480501334086
0.0030974901479051409
0.0037175075493986365
0.00017772202074820269
0.0075060133434791173
0.0043839721706950491
0.0055637691449051474
0.0091069222430621537
0.012145352039546376
0.0054963527287816517
0.0015728873221670591
0.010497697009125478
0.0017709603117978144
0.0058612167147434812
0.0048938609462289241
0.0013872600584545355
0.010650633210058826
0.0014651582103446862
0.0033219754234301052
0.009907268751685426
0.012524891042442997
0.0066751096956327704
0.0039284463757787861
0.0039492043552537158
0.010117150155489569
0.0092950029147801493
0.0082433490577104931
0.0063942382139528884
0.010471380381302711
0.00022606133605643163
0.0077534290876582392
0.0094894432112557232
0.0098307119998664733
0.010599767989984674
0.0013398486157115352
0.0069471471739813249
0.0061276620786841389
0.0033674211135159447
0.0094299555003137855
0.0024711523787253583
0.0012237699823650398
0.0050459550735584731
0.0049266245571650807
0.011646261689274245
0.0077321191802028994
0.0061542953224117056
0.0049808960974861609
0.0093492131210270082
0.0065213275448155377
0.0034849843729720564
0.0030645771922951028
0.005354442004824606
0.0045344733935067444
0.0047628914845016046
0.012700282996027391
0.010495800784420662
0.0089959229689403116
0.0077696181913816205
0.0062202143535045112
0.0018067545428716342
0.0085974565102566354
0.0017668913302891773
0.010463713147384708
0.01154338059659908
0.0043445516163786273
0.0046746689600544985
0.0047034148660590764
0.0080758098276359058
0.0065130135212362866
0.0059549944255909591
0.010890774815323561
0.0087298502900200504
0.012013006264861646
0.002645214500545725
0.0076479791000903493
0.009285401794805196
0.0096943518741403854
0.0095084276756434213
0.0054194360780958246
0.0025835041127652749
0.0059421412322129283
0.0064135490169232104
0.010547956643675964
0.0048545667151814412
0.011564569735312844
