0.0088895978534696777
0.012394201921343301
0.01797964144400176
0.019250515690679811
0.0066174660200525011
0.0094948476439296638
0.0078007205319057258
0.0045881021929298953
0.012146124671457006
0.010917018401329113
0.0098302701374659452
0.0072659406295837083
0.0020339447272057169
0.0090615048176174735
0.013351212295128079
0.012226413644212663
0.0090585715247852097
0.0024664645764489678
0.0087838050329821105
0.0079339960172808612
0.006666680120731283
0.0021096978297439023
0.0074262907651184932
0.01022164836134634
0.0099418537961011594
0.0056877035665215689
0.014554491284723893
0.0084433431753312225
0.0059212769721086675
0.015347532763513494
0.0060110306995138987
0.01249401117730645
0.016366514514356001
0.009865423816753132
0.0027940661909098947
0.019136868072068113
0.011791943129546843
0.016127913845331691
0.01131227794374794
0.0033660266192146624
0.018959237982541205
0.02294215954416463
0.015628976838164624
0.010740931190424137
0.014278673944510874
0.0059917383863816297
0.0038430315322595856
0.0068662696192041085
0.0069414289331538679
0.0062532291092053157
0.013275953197009032
0.0087318245485975953
0.0057470656979169369
0.0053263545979277283
0.0050217361577318646
0.0075835072863604429
0.022190241546923881
0.0014488459679635301
0.012511477364208214
0.016830839623989888
0.012970002524761827
0.0046444768677435114
0.019062984014297377
0.027910998908796208
0.0073203069201430169
0.0099578210384690547
0.015395732033163313
0.010186596715164305
0.011397711118544039
0.016506877987881828
0.0078139176219942149
0.0080166708388066717
0.010497958196048242
0.0025675427001286299
0.014350767279754664
0.011132618249695537
0.012787609650067679
0.0082933115872863509
0.011954996264702356
0.013288264573159325
0.0111007036861958
0.012563177237616617
0.022364891310773776
0.0065412095506308492
0.016531205264039076
0.0076972945577977086
0.0087283894727132241
0.017266730831837846
0.00747986997807261
0.011550897334933053
0.0076513860325221877
0.010880174369960589
0.021659346590559979
0.019299842722135224
0.008325100707776938
0.0035238283064854075
0.0059424662764034804
0.01395649096233554
0.0079723125564673172
0.0096623086738240101
0.022370331302769868
0.019780547339626951
0.026883016508174082
0.0089563389216526634
0.0029596255013186212
0.026749620340058008
0.0074061249153223102
0.0043505930014477411
0.0070332764005807619
0.01011519875342588
0.014156661983668715
0.0086478939906949881
0.011341244865154242
0.010873558042886325
0.01013627885993384
0.014816829632592309
0.020500847496328557
0.0059272155053580588
0.0031428287247287127
0.024373273435609147
0.0077497984283903592
0.0054407224163933168
0.015273707557520977
0.015789596714160217
0.0099335005366979236
0.0074900144729445964
0.024529412532993157
0.003507583515786201
0.0095817158199502719
0.0067387517397953295
0.010210381840660948
0.013591112355364161
0.0055819495378318451
0.0098370332590134984
0.011348054435008659
0.01190550734467069
0.017674329713855106
0.010233357012453297
0.014685360920144316
0.014414657836081719
0.012799364739529997
0.012245917249938756
0.011066206385481676
0.0011255822593506761
0.01553097876043856
0.00027870243744401008
0.015283388537761662
0.015306081022346724
0.012236118687480582
0.011100512741561482
0.013562133660312907
0.0063958222501230254
0.012421453184684758
0.033374493641120377
0.011563300249586574
0.0051748687304917548
0.013877938754989315
0.00085029500312623673
0.0048314338544474958
0.012975594873624942
0.0022300032377153504
0.010670348145189849
0.0025867251513874666
0.0027112730138994469
0.017804650118455806
0.0038228864737474364
0.0086433055925823447
0.0079333250490438018
0.020046910072744024
0.012254827550493723
0.018597716786149868
0.018277485082102123
0.0091040599140613226
0.015984227799377318
0.013547073659619688
0.0046652519308262516
0.010503848574266741
0.018619352183978588
0.00060776008119121873
0.0043348309574425883
0.015590627694675695
0.0090699869509121688
0.014809955015467682
0.012574955374559807
0.0045200620805316456
0.0093610469843836905
0.0070943984705844404
0.011703887381051346
0.0016809338086550532
0.0098987727518058295
0.014311775693881723
0.010128967714810644
0.01160799704257531
0.016725849025047729
0.012601446659294838
0.012030472118915328
0.013175684227196321
0.016896406657882626
0.013898424921373709
0.0058983449225229389
0.016230875341603643
0.015009281401582475
