0.013719621482579819
0.0017691819676576453
0.0075036919317724238
0.0050862215503662354
0.018289389580213717
0.0066362300775235214
0.011564586671281367
0.0082169425865229774
0.0064987112978681823
0.0077812989030462973
0.0065335460119413293
0.0040241134337896372
0.0048340945746079131
0.014936330148475388
0.0066370008650895665
0.0043211805852505832
0.010600682344342865
0.013084083821097764
0.020318490895924451
0.0037486989686187555
0.0099798954090130829
0.011211594561534765
0.0036745746656078144
0.01083814371375522
0.0097815428657033691
0.006289448659817092
0.0052123538643971366
0.01213612259513318
0.0061149313990056129
0.012652265800780585
0.004119292504432273
0.021904747980035479
0.011442014239098859
0.016412627657342378
0.0074681491984590533
0.010851793472318799
0.013024285300507652
0.012491799153725724
0.010982612279948331
0.018648139858184219
0.0048182071116744125
0.00743782056143841
0.0085641418100388285
0.0081125192632214068
0.0061665525501541415
0.016179862913678393
0.016987876952516748
0.0084738103558830487
0.0096603156601101463
0.014118588331106423
0.0064686526242602547
0.012431484587597718
0.00958345974085348
0.014560607554420736
0.017302824446580684
0.017752921949797766
0.022464264781994942
0.013849467549721259
0.010694284689952843
0.017458861092422815
0.0087080453135078648
0.017328860006301312
0.021209704281529591
0.005558497592712805
0.0043547001670795997
0.017395786599835844
0.0089392386571884915
0.012698859795662945
0.011600032084055488
0.018034169156396732
0.014371322826442299
0.0027771877829450209
0.016615927919817863
0.011914406997244614
0.012158740658701622
0.0066095500500942999
0.010306824645064631
0.0031305246320522742
0.007615701035915661
0.0053576100083562051
0.021519702048986306
0.0042276113471514058
0.011746391720011131
0.0061800799257501326
0.0071534268667580048
0.010003134663639513
0.0085014832596604518
0.018140885313594313
0.01720642367427452
0.017501842942933651
0.0039357411904487292
0.0024574259338200188
0.00684347960907606
0.014480807245973393
0.016562965332654646
0.020205284609792765
0.014280160338592494
0.015026252487047413
0.017335588861030832
0.0048161978235025426
0.024349916109084713
0.0075119538690501635
0.011241921130432618
0.0030840280611466177
0.014368536383598859
0.0095533592344634218
0.01992187088624732
0.0067364821716726416
0.0033748057279205509
0.0033335484514464549
0.01495296032270872
0.002736509746085422
0.011268815422209037
0.002315338528340751
0.013160816631503569
0.012705079676395094
0.016907749437260672
0.015218540594896893
0.010163972029937284
0.014406395123711844
0.0055676703614047631
0.015511381392544665
0.0018874720785758382
0.006524422653854973
0.024517198880739645
0.0083727548847711206
0.007381896327953167
0.0037921821408917569
0.010831355623163849
0.016158560791364254
0.001278892328004726
0.0099462960152783622
0.018991567556292964
0.012098879601973941
0.014746361503966432
0.016261801313366863
0.016192103587869662
0.014615694586316017
0.016080638255387934
0.0026792227753203914
0.0061171243843163572
0.010772206869697492
0.0060273079066997344
0.013869486564170322
0.0048080740121452231
0.0063971669267547182
0.003221943231606295
0.0062820403428847432
0.0096709435895353992
0.0091609325510356963
0.0047256213666660102
0.013422022195858748
0.012071679302155502
0.0088173944580234066
0.012575592405991882
0.014590836633923829
0.0093339192989579066
0.0135914559191791
0.016190296614628803
0.012412459512319039
0.018333927584568647
0.011683122286678799
0.010532568022360168
0.021399274417858827
0.013554305750821883
0.0051575431037620342
0.018509847377402504
0.013000100133940849
0.0071456675248858081
0.015674058951142423
0.016316123978084889
0.0080089482553664902
0.013731120527113144
0.0077331360616491726
0.010214687113554496
0.0019620600591158418
0.0099826302020769482
0.0042106831941805759
0.014163435185281032
0.012517442902439958
0.021322749530108796
0.0077355013070704772
0.0065104607555611293
0.0097447677740586588
0.0068913480045576852
0.0070217991600089336
0.010642795088171795
0.012734330761227177
0.0098988679505873662
0.00080836432574229577
0.0083745877617740373
0.0084965152679500871
0.011201666175846664
0.010621314415072637
0.0074383049108916032
0.020168685799390376
0.010085042558485496
0.012678182399755586
0.0066384718268128551
0.012201500819789374
0.0077967589356640393
0.01102678624907406
