0.98337609428434614
0.97981709871588318
0.97678798850740234
0.98139044979518464
0.98283248354538
0.98518955198122271
0.98336983241413012
0.98235218714095429
0.97707953312388296
0.9820652676888465
0.98628746074038509
0.97449016883980499
0.98435470883980958
0.98437656097066961
0.98188654082599103
0.9767510315368243
0.97668361331226228
0.97803456503876762
0.98098443471308983
0.97903787381946461
0.97766686909060174
0.97891121990304408
0.97961583122955642
0.97922390368072987
0.98675507002893237
0.98354962412205249
0.98245550501258538
0.98465515750416011
0.98230480368212658
0.98460927845890511
0.98301612465389465
0.97815173732066873
0.97722779929909109
0.97617964813676894
0.97736343150947746
0.97950839052007621
0.98395389050203974
0.98131104909338385
0.98412430173937893
0.98609422233063049
0.98412954475215997
0.98208921442991726
0.98235770852115445
0.98314305723785433
0.98115167792164126
0.978883531004348
0.98549934876020995
0.98481340878549251
0.98606922300278665
0.98256109461212682
0.97998946766927852
0.98495539885358607
0.97604135097394207
0.98787035796033607
0.9858333616242908
0.98055040323527298
0.98572144018545549
0.98240857860947384
0.98144916565933071
0.98056157226139495
0.98086692592373492
0.97776735629310008
0.97735141844731377
0.98209526090831534
0.98508096135278456
0.98264871926264563
0.98382461703606927
0.98641751635776864
0.98284856012190092
0.98183499246003503
0.97901970599422727
0.98505478613977993
0.98334414590776498
0.98019106553187496
0.98379880066386072
0.97349437335293598
0.98412144599373885
0.98491869942250099
0.98089208561656627
0.98247972617667401
0.97918851033023313
0.98180279641242241
0.97747558598090811
0.97707092894495418
0.98011851809058459
0.98282679376379112
0.98099428526563559
0.9781035340395704
0.98443475908886979
0.9823095868569921
0.97801109070748227
0.97806173974820043
0.98329255743128829
0.98614308879796786
0.97559634664423245
0.98145592532913828
0.98278186615086693
0.98199594433376114
0.9775756225725738
0.97884768030545255
0.98564515245963558
0.98677850799934019
0.98551444194917259
0.9839758879529038
0.98293583096594728
0.97952697598941807
0.98023279027043042
0.98447855388619177
0.98154583036094278
0.98447242055343998
0.98556740851147295
0.98342233693036774
0.98309512294433554
0.97441696943861933
0.97901459042526173
0.97746769077929119
0.98717929460719855
0.98447893704866041
0.98576798824889134
0.98529246073367416
0.97350562637139892
0.97879012481272265
0.97967474524426934
0.9791076316472308
0.98534704973454357
0.98293215138597656
0.98273704301365539
0.98004754835737784
0.98048927148355591
0.98433286111444662
0.98580139082389939
0.98442589024281402
0.98402482190888474
0.97801763569043865
0.98613814043555137
0.97846004069753534
0.97520896837847193
0.98065524547109906
0.97881865182068106
0.98446467509992841
0.98439328814632576
0.98767246748245707
0.98029978749954705
0.97681999869057468
0.98116787139018546
0.98408964545129229
0.98936826499924302
0.98472299044513001
0.98145914714772353
0.98488014216418274
0.9855566387227509
0.98349095058036806
0.98115781790548229
0.98091825578032055
0.97833337041224522
0.97910761321587414
0.98430471684083864
0.98108050371015121
0.9765650401403293
0.97662482291780561
0.97816199312342111
0.97253478095794421
0.98561695819892814
0.98088235416494318
0.98728341634167593
0.98191055040115649
0.97561732121652378
0.9822968450533428
0.98423014890398264
0.98700164799282797
0.98732445976912819
0.98289159242881319
0.97941175393560986
0.98189122746523727
0.97900332466024886
0.98399649146946022
0.98356785280780656
0.98294372488343951
0.98649185956817953
0.97996072663983402
0.97917444169625945
0.98111204054332191
0.97763676786347709
0.98161432454069486
0.98237731318618304
0.9843841372892429
0.98351639151294434
0.97805223194638158
0.98248336442246853
0.98208505357567633
0.97822145081292966
0.98487034282778796
0.98337046271424877
0.9788434903269394
0.97285750477329858
0.98004572349582719
0.97789593321404378
0.97640918083624739
0.97723964684929121
0.97483486680554121
0.97618297030559698
0.9835935165405798
