0.5396660580781677
0.51271796253530821
0.6026969903884476
0.63188663867008199
0.48658983808265677
0.53940466148314326
0.61768248937353687
0.61341300269291221
0.52784196889470159
0.49024431256742146
0.66204680958224427
0.55156389765353542
0.60471719486895203
0.49857019887713
0.49856670675215931
0.59115341708715863
0.54328438662026979
0.52146689451303574
0.51104927229709374
0.54044903869789351
0.4803107475474761
0.64377258653347746
0.60524707952288326
0.54130819620909731
0.50375434031547217
0.58732353484667954
0.52783482150924876
0.50428186036032352
0.58492365596338125
0.439129198308988
0.55937460010723372
0.57426135781355392
0.60624447004038551
0.54911724016544583
0.5722566683434932
0.59537037958962169
0.5052200072697608
0.6442781829566907
0.55860095076964789
0.48961953822076304
0.53035501300771437
0.59482447870703126
0.59632579592627533
0.59028196931208488
0.66782792436972538
0.60465957124063552
0.63363877695390813
0.63111684769855947
0.51319999726689458
0.49752153207889482
0.49112096305451308
0.55597629227075629
0.64414836437754086
0.64171614595660986
0.6251009156032189
0.62933531963258671
0.59085648155735282
0.59923279817766295
0.59225121574677109
0.57781237837139554
0.50130601870201064
0.58184514465522352
0.63479961711259336
0.59905014414553859
0.51959699371870438
0.59696065400383658
0.56595823565573622
0.51727395523124753
0.47525158097201836
0.44539605259487475
0.5671881675531516
0.47981708017256886
0.54344794096366511
0.51329302816333888
0.65959202686844387
0.6366313769416283
0.65330568504868425
0.65315004798657328
0.64627330181783149
0.60128689884046704
0.57373647107789816
0.52094103092183075
0.51868559286203653
0.62383456718710295
0.64400310962836838
0.52480386667199819
0.61771368818679351
0.53647163753114369
0.52829134174366033
0.60839177791432364
0.58927484865787672
0.55669692998363041
0.57199010354269375
0.4957578801023636
0.57539387325052826
0.56262076706955255
0.61989473417033225
0.62922467808841731
0.47130186590602691
0.5325778853282187
0.62211153553592191
0.5812885427467579
0.55000790024125867
0.46533409102064277
0.51385113390829606
0.55624047397621457
0.62675501710839743
0.48947582741953327
0.54733712068596319
0.49732118533669212
0.5612120600900371
0.57577545004065611
0.56021016769345933
0.57486032033708911
0.49661093459762129
0.52443574399636506
0.53464252879374585
0.55492908849804579
0.49728616539121967
0.51540248743805661
0.46569525932362077
0.47407479424322085
0.57551583398695583
0.60177704497922591
0.49601666529111615
0.57632757413210922
0.48629695828602398
0.5363940466981445
0.60990675994882226
0.53543617867031357
0.53337111931765668
0.62408363306994175
0.45542556743876639
0.56411779022632313
0.50847421112681912
0.55298958928536091
0.6338910987293086
0.61214915435211015
0.55695202291642953
0.45185346399730658
0.45051096516047573
0.44218887247792826
0.39859197107890232
0.50342423772800471
0.50911500701388435
0.36508809501887385
0.25345104368999632
0.43112521066917042
0.29425507645830484
0.31302688691532554
0.31136320982247889
0.31189083145648894
0.45859740586427583
0.36258212408603196
0.51704661359324411
0.45304583796380549
0.31281471141053407
0.43437888023921783
0.56248418457274552
0.59898187461676844
0.60987086110934974
0.64109755868026552
0.61538668823626175
0.53112813255312363
0.48877083869031723
0.50936717562379352
0.51061905807652352
0.37794616912125889
0.39794552844365744
0.28252290200405727
0.36336245342092377
0.33851939699372624
0.43501785374403684
0.15066153086488951
0.2609010990595742
0.21330110961678506
0.42263438076469984
0.41544047050934785
0.44576086167758427
0.53158932887951471
0.488657349345053
0.57247895672585614
0.64845772922397416
0.62525690639007492
0.64375059345242636
0.61051313233170068
0.63448893739055068
0.57143810169241549
0.63116371120471726
0.56555058979781603
0.63901865443389216
0.67786965754371054
0.66516126402346087
0.63645550513889038
0.67860182994081542
0.61834749183347826
0.68722383163064826
0.65298766867207847
0.68283474247758358
0.64479583302046306
0.6135139582812833
0.65608597963652326
