0.55081668085919289
0.58319820857689575
0.64995138114745732
0.61227205612586288
0.63438672121609685
0.47492147250388828
0.54815055366906418
0.48879534219772924
0.56783708632451713
0.51417910471488304
0.51546088889537245
0.42625560978926541
0.41348893368298512
0.23513389463977408
0.49887628264558287
0.54831439734285992
0.59846003936174963
0.56689537402318602
0.56761670927628705
0.59123084005788085
0.58879199876505306
0.5773525648366532
0.42697314936213066
0.41262127427199369
0.5233573000477707
0.47111828289355756
0.47497903577056916
0.54262468940180331
0.54341263364313375
0.47943002455430495
0.48440485275492601
0.55694696533089938
0.53947191994439525
0.53963455305541896
0.54663108765792179
0.63241389243043289
0.5623040929015457
0.54987442391700392
0.56542374149195684
0.53917706313182323
0.54014552358911927
0.40784555204865969
0.38182666315450237
0.47592867277193113
0.47886294870770113
0.47177947553365296
0.51777958604962471
0.43977768616667939
0.39949782769462061
0.56886281116364779
0.57974755397429512
0.52149125642325889
0.43093934184378202
0.42924136784550848
0.45248940422806549
0.40611244633888416
0.33834471482867196
0.56228045785024761
0.59074058896683823
0.6156505376017094
0.48423948789708871
0.52489057285362006
0.56669197536544591
0.52728955930015631
0.61957505691587456
0.55757179072744878
0.56276923653176325
0.51591492472937772
0.47677502012424156
0.55219463291324467
0.45606474056388852
0.48939550523797526
0.36385405389423575
0.46772514888287786
0.53308021725743227
0.57222777610640374
0.56411221028776548
0.53406947482451339
0.56090709608694123
0.61446567186751699
0.59304139357415131
0.62032245386347973
0.46559656132765675
0.61972175194115064
0.59433784901790576
0.60048987847374402
0.57694892076824522
0.63272306296437464
0.55360281785745225
0.60856311034539456
0.53866606016232355
0.56371068271046154
0.50172030023079439
0.50915393627776129
0.48975082895474126
0.5080581073040662
0.56799451826241576
0.54399969872962528
0.51221891460501257
0.48006721205170599
0.59537888858581944
0.53492101664865854
0.56867692530791314
0.56520378302300778
0.59700155498212915
0.60227726971547857
0.58976584425610878
0.67620151537701634
0.61653892200661153
0.63468802783570044
0.63797845618941851
0.61194665123282299
0.63121333219963649
0.56961822863034783
0.67871394647063388
0.64395230969469308
0.66251184997662504
0.58354700222667799
0.58093759360690589
0.58773829783073106
0.57924361819565162
0.56868402144857577
0.59876473057583834
0.50246234729646844
0.43550393472743198
0.51120895400180921
0.53003779177162491
0.53950456689571946
0.54470576772529433
0.60297616384998265
0.56274402809741519
0.56041352101654551
0.50015693947596485
0.52482417719988872
0.58699073499616272
0.53337717475559332
0.46117898631159354
0.42500007459191885
0.50097358762517097
0.48378517277238747
0.53163829738468626
0.60677609222214479
0.66005189596638636
0.6350675133361543
0.5661743384914335
0.59988599750659011
0.5600203732960447
0.52534931087904668
0.42695228916913763
0.47082677035354953
0.36995902183438711
0.31462093460789198
0.43229540808893802
0.5088663157464649
0.64935859740091562
0.51704809493953263
0.56456824713831066
0.53503681574562767
0.53937181214765328
0.57644040905180838
0.59363045767485667
0.57720050251821942
0.56428062210649177
0.60840763611167725
0.64289121688499906
0.55824327551571473
0.56950375198065428
0.51146836303135723
0.56050341923402702
0.58898193385969877
0.59979682308253934
0.57833363681192984
0.58384168149341054
0.57903329241579982
0.6369157068015554
0.55984476851394394
0.54630793898514551
0.56717165232318789
0.61125561985934784
0.62958204336076062
0.48517143805363766
0.39725563733221581
0.39198432783520887
0.34861169095671546
0.42959329210751668
0.50513562551033786
0.58511224830463526
0.56793428549901837
0.57669692041587595
0.63437307039989754
0.68919099200130118
0.62071564915170374
0.55504350966394334
0.56686209950299782
0.59314408414200803
0.56784937261083801
0.60257060212800384
0.5268939869319913
0.51358696723448682
0.51234741728964728
0.6036067851573822
0.5740316770123336
