0.6251367282491368
0.60534615360711386
0.60665948148182713
0.6732634028328004
0.69079173156811158
0.69555817609296955
0.64756744887624151
0.58524306237964152
0.5885369627698217
0.52058831180649645
0.51849363610361088
0.52398390568170095
0.56642963500886701
0.54254055751204389
0.57255935310504591
0.62331218232995067
0.65113550429528899
0.61506048802590918
0.59012233431031225
0.65590913130063011
0.58478827417080381
0.58600203017185493
0.48926691535667632
0.50933127294038616
0.62342971510022438
0.57276536945345691
0.52076293227380677
0.51215085362599322
0.58131971136364891
0.53546384751321985
0.48839575672456209
0.46116761243720983
0.46631337650518706
0.51133186980908463
0.55629235910680241
0.58281146152001917
0.56426777852959964
0.54836919517626581
0.50353369885157806
0.64319822324209375
0.55100315072815498
0.60939341337579689
0.62869050451099462
0.57987939782704701
0.61086403152184732
0.5696329073227967
0.66631498950463064
0.66375022060158595
0.65336235219546324
0.6936904637569733
0.66264037972434897
0.61404580200416425
0.52785883718764359
0.53188078186548715
0.49988378248523174
0.44100435758994599
0.50546637139963102
0.56810711756746579
0.54791670545539517
0.61382704875227789
0.59186564936180563
0.65286455415053113
0.62227964750375409
0.69314804608201652
0.60244239719505099
0.53214531500076323
0.54107938466638283
0.55465349039962986
0.49313011061472617
0.58494115303204897
0.55957767920882051
0.54680387372369321
0.5279370883704716
0.40851670676918056
0.41229209325355654
0.53732116481011327
0.51228756384873131
0.54615671638049801
0.61821872202217909
0.58551330585196304
0.58446483319384968
0.57046255355263409
0.5259842956290135
0.55257341095307044
0.60762140863170944
0.5637814094795911
0.63693534239155114
0.51890535464558207
0.58818512250852539
0.63679394617009855
0.61856127335368172
0.50906131207963901
0.59586055378274871
0.64784347372004369
0.61435850383875223
0.62196584588132375
0.58521853775315769
0.52778205985423465
0.56306211559366204
0.50171043382377223
0.40937538216455399
0.52484285628304972
0.61426686111546736
0.54981667956434854
0.58491057634122012
0.50670961482121568
0.60141059723752233
0.56122614091201872
0.50967782943102824
0.54930985965034174
0.46663608832067432
0.48509647432683534
0.51705125259078755
0.56923194879668171
0.4887129469963889
0.51127254804070887
0.59848877687860258
0.5377217356504973
0.52032181518570197
0.54423227022085396
0.57268102244096997
0.53767036251241995
0.62175885524349062
0.5916821501925108
0.44244656547051353
0.54814456201969153
0.63684858776583131
0.54940115052442129
0.64390178100851514
0.61138267193926332
0.66561313719610904
0.60422443246574375
0.64464399196444999
0.6017888320073479
0.57058009068528737
0.56386443931326413
0.57375980530126081
0.52379445056482643
0.50448780360266732
0.56749037317440554
0.62779130684899243
0.63289365531525132
0.55147457584727921
0.58459762553814543
0.62395924646638667
0.58541396985958261
0.5596994098662218
0.51093764583161327
0.44626015815062164
0.36181847307702131
0.43243069823754587
0.47310387726545566
0.54458360030188691
0.56272271171904475
0.58252339166613032
0.57790558403751258
0.63670238502061027
0.5415846055274004
0.46791899510433965
0.63724072504972873
0.66069863941220219
0.62349670808022306
0.56848991523466208
0.56369543003929368
0.54577981819945476
0.57792075334748405
0.60442166068510983
0.52116903909760559
0.53155546171378754
0.52725882717700157
0.55913166289235094
0.59487046944307465
0.5794273856934713
0.64906760083272541
0.61004292341037214
0.62848353853627614
0.6297147063155395
0.55153667798719763
0.59832043856402561
0.52144953356712731
0.53856121987494798
0.4638592566155143
0.52139251329325942
0.52544413118088806
0.55215881057667704
0.47511926204782157
0.40680184234732958
0.48170430081427856
0.54466855575518502
0.56361686251807774
0.46197083167933939
0.52748993285432044
0.54910271826829726
0.53417246879006575
0.39318030479302457
0.25614688243423644
0.15935258269136407
0.115833604592329
0.26788497152849045
0.41182430898543665
0.52876130793649412
0.52516951073471307
