0.38665177063213246
0.26739740108209969
0.04373392624773411
0.3305419760033812
0.4645452701628946
0.40572580696833954
0.43278964253459551
0.51168886110062095
0.43877329163390499
0.39426459356271948
0.55823971325452393
0.54698452942782727
0.48097793704331748
0.54011214875914304
0.53684953442325389
0.53934071903739689
0.55763992640986215
0.48123777773887766
0.49446507085020913
0.5080227624501239
0.51288147212558233
0.52065480289418398
0.57487993579503149
0.59338738750065545
0.52325040501751519
0.48947197614214755
0.5371415547228755
0.56828594279273692
0.57997970158413525
0.60348215538653882
0.5655921612065784
0.61860860166296394
0.64041390477773275
0.63853757565970326
0.62749990066129147
0.6110169693365517
0.62297569235336647
0.64848107113346976
0.5755902998720599
0.59807054415905503
0.62859813707379708
0.57655119712699376
0.67457757552637676
0.61279803434455349
0.67510407525002047
0.66385646292095546
0.59487728269735751
0.56117694002471441
0.51140923659079951
0.44757584616974011
0.42823050839951143
0.45113832919582753
0.466374328415261
0.49987800661165649
0.58461230089060967
0.45908620044614196
0.50815083277105511
0.47333516623743271
0.38685440184063519
0.47630667528168275
0.53582396444745028
0.51766994390828192
0.3885324571766286
0.53944484773425017
0.59710106052093614
0.51888987206652193
0.59523104948590033
0.6391662755294939
0.56157635780758008
0.58623967154835011
0.57670853813133949
0.45511798862181008
0.396662335826447
0.54830394879917399
0.55197990182866119
0.66808175034780881
0.6164813736189062
0.57015413472148513
0.59317368865864595
0.55584275071413092
0.61108508953718477
0.57596931617026315
0.49326698435215682
0.46002652956614248
0.5383495686460088
0.46758730263778531
0.49836055753952102
0.54110265876257779
0.62392057707947879
0.58662584858119038
0.65459802906521447
0.59383272221933026
0.57647331471050511
0.56447558749342097
0.61790782916053766
0.54567508305757295
0.55188235808379527
0.65943284669274094
0.63288144600866436
0.5876738971545783
0.40208445210576094
0.57159542440413169
0.55487892433255182
0.60665537452682128
0.49972416796197783
0.49686575900284885
0.52705416927493487
0.47358207774241889
0.50569339310033667
0.62508663454060398
0.57866758777768523
0.59644294098058726
0.59321853967968852
0.54972949125787274
0.56442124023435103
0.58318420689021899
0.57991489933814477
0.58788459009316896
0.59883172917239824
0.59138059247209651
0.60693338404849995
0.65224101325257577
0.58104983869820004
0.59907154173821597
0.60222923593151101
0.58321208721599138
0.65870257176705327
0.58153643033683422
0.34545698179341366
0.45930276175254942
0.4522807199754591
0.34303294761472275
0.44214929307633843
0.52229367794933201
0.36521137253029212
0.26461968520073237
0.522066979559484
0.41606249945332929
0.44792238822695762
0.42286932678586597
0.45338952873268379
0.47476221803671503
0.53394518782096689
0.62095872872615199
0.65649968520375812
0.63356142781847291
0.57357782060280516
0.57092217862267802
0.60678325942334288
0.63961169797475947
0.5544494345970945
0.5733102366272117
0.61070239408587623
0.58587424216266593
0.58628033910107924
0.56115603198511299
0.59925453630994951
0.55839846946784877
0.47404972083911745
0.46817614095492666
0.3808816779064278
0.50744549204420175
0.60077905726414171
0.55303647058759153
0.58870543445051804
0.61352814290877955
0.626664974810765
0.59768819379902283
0.60605572519996453
0.63815594068230286
0.56214486475529113
0.6734383906464676
0.63499899386677783
0.55811121098800431
0.63813651935078464
0.60495275041519436
0.54183800793722492
0.62308413796327178
0.64643296426864483
0.67579971050333987
0.68949511070475955
0.63220299415142756
0.64856619614647248
0.65653756050550938
0.60614658842047442
0.60754698934020646
0.61736663858679208
0.59796514799144307
0.54771004966679437
0.63001031509228822
0.60545055535236869
0.61163970554930136
0.65569980626779911
0.59242418918618234
0.636875842132133
0.64388765970672113
0.64434861956075296
0.59764196367879674
0.67561142118397244
0.61521341471840707
0.52704419736536068
0.64507841226820983
