0.028231592925372917
0.023114626004941394
0.039268474195578558
0.034366006671000753
0.077294221720934045
0.038732142821853499
0.024640140195322065
0.025667039233211592
0.051017873975107708
0.025997967955605245
0.028809171910415217
0.024675490820414106
0.06969316185590102
0.029480815490358973
0.013362659767815388
0.061020497842561708
0.051223525952962687
0.015626085218317591
0.01679309948609746
0.044032438880206443
0.062841758301159706
0.019582451652608662
0.056730401185734462
0.041581247432280206
0.037811678211532695
0.035641635313159593
0.054599269507215054
0.022076862553800775
0.003553380765593854
0.055510946882386808
0.020503655893310633
0.067711191720949221
0.028537971371014853
0.0086103262269015771
0.055470965176769096
0.010748376438096317
0.1233222435063923
0.055365345794533831
0.022521437980647933
0.015690966122646113
0.0052007616295412229
0.03224911835168582
0.042450960658047376
0.011036241711839404
0.029006046821088941
0.019390535196723197
0.042753547502717551
0.014736066729428184
0.020238218320848451
0.0072667764459207794
0.038082890397999829
0.0065241143649128691
0.041676708468901466
0.035892860258262417
0.015805852376560424
0.068471407496066214
0.048578302713746135
0.040480077916417161
0.041176310923193522
0.014447307927590249
0.07885914882686143
0.017321795491498232
0.041086824933614645
0.036030483347449509
0.0056509928621865779
0.01213718647490142
0.055952878229989005
0.055633561711232404
0.062219543497786509
0.046330716166816527
0.028795223533856367
0.021061792861020379
0.043385723392728302
0.0080647099559083245
0.016853497204473961
0.0085300502954299921
0.027866250658391069
0.023429792230572587
0.077930984720488844
0.038039215802450857
0.023522007036919028
0.075991683479131544
0.065595273682528973
0.016586917737443887
0.02161884275605791
0.080124920139955244
0.090649763777895964
0.013646302469352979
0.032910894264040313
0.053901288153513395
0.037055205541418307
0.05375235514998572
0.057882192530464997
0.032679736540659456
0.026387100409062666
0.019807006574649448
0.025244477499440341
0.018825272441287268
0.025822748900241908
0.079035032043171916
0.0096624663507124849
0.041297966897595281
0.008338621990917592
0.043101747336550818
0.072609213368516959
0.0051024684977384353
0.037442596137499541
0.0399641369733027
0.018752000431963282
0.040977258823413749
0.02325729709058464
0.035058126730962424
0.03572226865158281
0.025865656819761058
0.011787361062074451
0.053704433761497611
0.088551316411565356
0.044265714811573681
0.050589387051427508
0.053123267208844853
0.060116773893969501
0.033344909527412578
0.041365368159984352
0.0088371866535884355
0.01667992282528781
0.023273667849284117
0.04858283012673089
0.031615983687508821
0.080883272976486537
0.062011757135426095
0.11158436174648553
0.095109290266914406
0.03906337648575068
0.031567371634633211
0.035467478961960577
0.034492735151911001
0.018885706287026485
0.036206576143372082
0.044925990846740878
0.0052565245065207874
0.032932688684866034
0.047522044249547382
0.0042254589738168228
0.04282240110900068
0.0059487153187551501
0.020031745916711523
0.060294956620282572
0.049717711435367608
0.028558405132155067
0.024888659568870472
0.061562946562918372
0.010428807855317529
0.02696593498237131
0.039473248351128226
0.044834371355147014
0.069146593870590425
0.028343086785523705
0.048669498354252785
0.032956470262766796
0.012277408602970292
0.043780725901396832
0.013412397058971036
0.015538311650485628
0.048432699035080434
0.023355492951748488
0.028404630663518157
0.017192525346309988
0.0093581688091994488
0.045998040001531917
0.046412739486208832
0.026247398648446454
0.018070829935358707
0.03954350392243984
0.077357442645125646
0.053954180603693051
0.021407577263961423
0.045398769055037702
0.043660518576158706
0.05562606635871005
0.067657260794823051
0.014658621156690525
0.023441197750366967
0.051681200563654175
0.03257940716818767
0.028028163848735778
0.034893954606122837
0.033359659756965573
0.0056987657691212378
0.025778725487634428
0.023617168643752101
0.053805241810169616
0.070894230523190424
0.058524018493072434
0.021385518241217503
0.024968069602681827
0.034517939811984533
0.054669950029364686
0.032198847163995577
0.032476639223023844
0.0440907691815072
0.059563457829573632
0.0599019891118188
