0.03173882018029367
0.031166485373889299
0.03647515183997898
0.015992394468440498
0.061332492759660726
0.057656255667727023
0.019269563105689027
0.026207041044832634
0.0067441441429961016
0.063450758255476636
0.02420278589806122
0.031987151124588886
0.032656733512824464
0.026970626985378485
0.01946461025675883
0.0058326907035795121
0.03299995882538765
0.034832964740509648
0.057260797961468199
0.040900939595469719
0.019587830373389317
0.028295683993925073
0.0085043438733936362
0.05629339049161948
0.0047241152162809065
0.016345023051360687
0.059998909826647885
0.058874663375096441
0.027010881580046431
0.057465802147179605
0.024101478214878042
0.06200440366729492
0.083917536172070872
0.014682305150081506
0.036203236064363771
0.022557194038551553
0.031139407903531913
0.053944893366212762
0.029129623407745445
0.070235326228794165
0.031260259596701978
0.016870620776250341
0.011313300242062287
0.026545658658401264
0.033259084553919807
0.018700577003776944
0.029239582834003849
0.096019123317700891
0.027142374602974313
0.027266136180030251
0.052735260460218134
0.027925213370451962
0.033233025531928466
0.019228206418275176
0.054656495438490882
0.045844398887253002
0.034726399239489732
0.027543241865471114
0.031880859953907471
0.0086956086757585677
0.044643608418043303
0.06340903190062458
0.02425944010324842
0.063607239975184304
0.029445369393320167
0.023705824564179682
0.0071752009963034335
0.011939987809068756
0.077239050881770951
0.029141116709150282
0.080298148699651378
0.03995493181349323
0.037040055294504576
0.044582958051295321
0.013680046423021026
0.012705906149783763
0.071876883135559844
0.041774999987437382
0.042156510535132412
0.034314363980786536
0.05657907283427107
0.032454239318826135
0.013920937282843691
0.0170419919049269
0.018391247762889095
0.023709026948745958
0.057844643367177664
0.076635986874511036
0.0097966564342067495
0.061577412671140322
0.066048678107498038
0.077430371428389613
0.049548533074484098
0.010177067930122361
0.071242776005133041
0.024876912482384755
0.073599557438608174
0.020788351374589866
0.063075508746425979
0.053945511052771858
0.075318466687885111
0.099248167901603429
0.070438798112658116
0.015848834515252614
0.040203155183522229
0.038268390350341741
0.032163960182119353
0.032330267066622106
0.021249692923603063
0.012140876863774609
0.044699923983505037
0.019444255886492307
0.015866997035316799
0.051304848470848437
0.05167430787188225
0.041060297497442472
0.043409613645689071
0.021444855156468684
0.023035278490769771
0.058280542784876307
0.082625702129896644
0.03838299165881362
0.052998471782720602
0.029648371696423349
0.060325274761347532
0.0093539819255510446
0.032510395339893694
0.022004864534710657
0.017351398163280889
0.014109154652390623
0.049107606652608604
0.015280376426788722
0.018016530958216204
0.045171775644182337
0.015433043873081842
0.023175200765742147
0.035010397550212992
0.035589617286621342
0.037868912965315395
0.024522720801092201
0.048164200453355448
0.0079135662457336421
0.031217044380856211
0.082879968270539492
0.051444644425888669
0.010997108625081511
0.0077908789034859538
0.047064768738629567
0.041580981051069728
0.040746956873856967
0.075779498387478647
0.066359020111159933
0.017626761309653717
0.054062173649107356
0.0098313991598355625
0.022340890181414757
0.055982937184874945
0.029093567057458733
0.027153684403553049
0.02082993937894358
0.069326642855830622
0.0147132350171367
0.064558195752461009
0.0076564851909348246
0.04173027495699401
0.050601830319253339
0.062097867017551794
0.036026495206037706
0.031954096588080023
0.029598261772911999
0.05677178954116039
0.031347521116799511
0.037422880474668928
0.041235681306882599
0.013200004810251924
0.03192270130954683
0.04191216739881802
0.026130841645292453
0.080569753228374674
0.073779439021982432
0.034360819471945754
0.036637808018747442
0.044423421027789116
0.06680541389670383
0.048446965803034835
0.032029415448203313
0.031211767050816974
0.04849978984733809
0.034083801749514107
0.013793375253637738
0.016817423849820958
0.044892922933292889
0.048086955809378336
0.058461952611468332
0.054891192659953424
0.02384915889474892
0.019934385623124322
0.03455194753801976
0.014146952891748258
0.038200387072486935
0.026142567947695532
0.021251203506727188
