0.066592826250484391
0.0086723553007326398
0.04483180114021719
0.079799914620371407
0.027197578954062569
0.017716161115691423
0.044617038022433261
0.05488198182842139
0.038084953768138516
0.011284518189800545
0.022890923826185967
0.038373818664064696
0.069575763345668173
0.030643722005341503
0.064488052950233743
0.036218599481785269
0.054475645488514704
0.031015645712250663
0.020642788981448362
0.034165104814498977
0.020062661982419634
0.020242078608187511
0.035798974503447233
0.045033013831001389
0.017180019384407736
0.042120888642977264
0.034386376082785393
0.090772413031341176
0.0317613617070472
0.055874002538078976
0.034584766199976816
0.044770073797627562
0.051972014107936192
0.038421896346787145
0.0061143583132618057
0.055048939510523122
0.064734773077640126
0.038812595997245826
0.031980736987160349
0.052364249236215001
0.031382054358170312
0.063261488429279047
0.030615689664334016
0.04920779439890853
0.044445449962134766
0.0097062251785099904
0.010553144548072182
0.031046584451206821
0.0031399363297764213
0.0046626901682055135
0.030236258863843717
0.032968381440174652
0.029566924464536386
0.037264874175896627
0.029585974258509253
0.038155083540727525
0.0053152293398549709
0.059243203337347755
0.019706534363065065
0.018084637891421743
0.026721219306129692
0.051244327632591118
0.041808012862131962
0.048723779347719667
0.013659647524301667
0.0464749453282787
0.042763914582219668
0.022080875961452178
0.019667523664347309
0.031217018819543044
0.06158432807587777
0.077161232163936513
0.014110023802108764
0.020883821744524297
0.057344252293628099
0.076556221075237532
0.033271018237136102
0.0086246638978669608
0.032061666929716667
0.018505601023465622
0.032546750432683375
0.040197216991394676
0.014292570574157127
0.01868667931055637
0.015941711701211
0.021490570442031728
0.045173180497138643
0.017034301033584064
0.053382563235999728
0.023083854979758345
0.032327281214740468
0.019845664680213614
0.054114666997262174
0.037434082463217042
0.038532886438293744
0.020074520608508322
0.030122484524935322
0.04169102913720011
0.051906279117350081
0.031653023272076856
0.046785965767767029
0.062302959018727164
0.069327965665172991
0.034058564191373333
0.060461958699168622
0.065089071133739157
0.072247009478607127
0.051212885190923117
0.019014304945234872
0.030188556470603877
0.030617549950685989
0.04807739352228111
0.052289061179672192
0.020591534474952641
0.028820672214601661
0.042173321409642847
0.01427431957960967
0.058114834810264207
0.032068604509535859
0.041654948423640953
0.042333996829565526
0.077719695692858956
0.038215151857637818
0.023533742067197921
0.026981961371194876
0.02604204077781392
0.0552635446418243
0.087828514556759649
0.060860321202835792
0.016179360037829067
0.039717542675508213
0.07152747146202712
0.036346147874427144
0.079165659656901324
0.042860405005973531
0.050818898022049634
0.045037004407923194
0.042088531023935963
0.019986733341849975
0.041436970908544833
0.028417072230625149
0.035234925939399857
0.042564531149111962
0.018276121555623168
0.022672362385781752
0.023823800901914851
0.0035712290677142652
0.072701468091229834
0.0069731661604977438
0.027172325031717102
0.055891441659047275
0.035822002301790445
0.0097867576522994663
0.039978557066198891
0.037512582457538877
0.082603778123081853
0.02035567337475358
0.026954112675654087
0.042846749838479456
0.024914048197088652
0.053009018030737223
0.046557459201920365
0.025667861084021443
0.032643594797018269
0.052305191882226557
0.051084811160867688
0.046755036388867507
0.020274306007529035
0.019460948883377772
0.015327958815988701
0.04383505195545092
0.031904514354812008
0.031096147305090086
0.044617203606979447
0.052022907283747734
0.033660257051192084
0.035730872118461078
0.038376933230590014
0.048705496912962991
0.045428684309747509
0.099203649379406206
0.025772447705469718
0.032796929092057225
0.016713519664708153
0.037207259086812675
0.023901169541000678
0.055537316374864948
0.031374651206827385
0.023802305794723415
0.054240340256310922
0.010927472769309119
0.066207126235485803
0.047549419428855884
0.048120282786234495
0.02362406558402097
0.025881863749602878
0.073086070552417656
0.030016699892681745
0.040182242985588888
0.054402064548883203
0.039614891787994953
0.016317826314223249
