0.037099055028227558
0.028214706018899648
0.026636085572061236
0.013900702414944789
0.059091481634482912
0.030906450836608985
0.032721775087425332
0.051790278397261809
0.049314457221380094
0.0334393528578074
0.02932860098788102
0.057038200040968545
0.00063450149440557734
0.045779008172831599
0.039041357053733981
0.024965488155482753
0.058224212676334569
0.017020898174362063
0.040115311651382629
0.044347071178123851
0.05063723952016326
0.051441669040732711
0.01045434265296573
0.023037197569051329
0.055431907543412741
0.062429456777270582
0.026821252218648978
0.052354060238972121
0.01615423370025499
0.0096904620045265236
0.034581322391183958
0.03288580147160259
0.050119514867295642
0.041297705320016878
0.053456354827725289
0.029192591325421506
0.019119883574928734
0.070950192272906193
0.0092600082206324152
0.060352717244745412
0.018038558057799782
0.033249786386454427
0.033344602132631664
0.026983463485521116
0.032713995008844816
0.027717607848923902
0.029346626853076558
0.027852461465840458
0.051430683045844236
0.043000420625907615
0.033809943295362861
0.071358333263387114
0.02143006013298298
0.0098103932334814535
0.038972640782483955
0.087085489413112879
0.035352898375866408
0.014806598256431599
0.0063009878351616786
0.048650266660144256
0.020011199285523525
0.074601096321157412
0.021666452996367186
0.042016140422710305
0.033056881474113724
0.027556331476173663
0.025244022784806724
0.028285271209168114
0.0061601927072990415
0.045021641820433889
0.021233812165036489
0.028421177181407315
0.010623240133687746
0.059793480893345685
0.030162759578781482
0.069764502631854727
0.075424396767494087
0.030724987493153257
0.027512020781150733
0.025525766460397403
0.036221038832979266
0.027306934718934719
0.063950252501328159
0.032682522258907769
0.0081825103309684771
0.029471778759741742
0.056136918388747896
0.058586753362220495
0.033953576902947924
0.019348535183257326
0.013198831804773511
0.024432135786976061
0.069749978086410508
0.01742151526576077
0.041887989285714237
0.035871269517751138
0.052970363938725264
0.066457580015197193
0.067408664607201296
0.03109975620868909
0.035095645035696656
0.036609622467384605
0.036348307796431341
0.070082438538362157
0.033733773296110089
0.037126723586687671
0.054342903149002031
0.010228433950366038
0.028614093702178316
0.019772292827336845
0.023323217489255699
0.0045126432487392863
0.028916409917427728
0.036876300661626671
0.043088322479880051
0.017397805519529998
0.039426257811996268
0.035573000008363345
0.031230351447027183
0.040355891120107019
0.063290566188110894
0.0044870312619333099
0.014567698720418914
0.038465125372098764
0.018268256322060392
0.046406020688108243
0.044946495755600863
0.020143799711315382
0.021292248147452401
0.015935612069412772
0.036252046726002338
0.01799529271671451
0.028219666141145985
0.022755204685846787
0.028419387373055445
0.046904120445169818
0.028920645966807323
0.027740882384479512
0.014144162584326785
0.018468022678115655
0.062471441465800547
0.0060115608416970593
0.024773863732609092
0.041377055943256649
0.038146067073843583
0.052303512599211559
0.011447190875953642
0.053508230623163698
0.063474516649475482
0.026410377624462994
0.040775762540750118
0.054252373704169993
0.013118528414761242
0.022057452669867611
0.037827490890700595
0.0095738094229220038
0.039658066891956549
0.029254797998473379
0.061284882289590906
0.046683174314842361
0.087924607207005873
0.043200776096493025
0.040564250056426485
0.033033813199482662
0.063909810898059041
0.055479407051667304
0.05387389637958221
0.011550047188302317
0.035981433801799696
0.021191202021942038
0.051931369408456787
0.02468567698319743
0.065044657225903177
0.020929255192232838
0.062773171808350639
0.067128853854742057
0.018295222060967439
0.072977902099867778
0.020375242114679004
0.032251325406117484
0.077087832820672414
0.0074837317385482022
0.013635106910547574
0.027651551554847151
0.024193877476192702
0.060583513614963475
0.038569586792259136
0.033048512799321923
0.035061373736090452
0.012730169665145192
0.016153533446675798
0.032654385091879193
0.022751348148610517
0.020712082780923541
0.06021396438176331
0.061704674766976511
0.06618749756436268
0.023577223776484208
0.051088950821833574
0.028353055782554263
0.050694083553495077
0.080343162384667002
