0.043920292170460458
0.038792635524713695
0.016468607251399949
0.018023815320069886
0.012472503824985902
0.034227910965139205
0.015662798610861336
0.014103560001403389
0.008615255008763336
0.067952228411352331
0.026710939457353044
0.010157981568179928
0.062521552406431161
0.056222715492566071
0.061826296338242111
0.046612060811733393
0.030954842009062081
0.051390483076333419
0.047603241769216514
0.010164326935794336
0.03792071853853627
0.015635098217969833
0.04227996832611218
0.036838312322638712
0.06912918959863458
0.020564518147301317
0.015115803650221488
0.0021503865412237067
0.049937077363192875
0.057949064493934756
0.056179658987985534
0.024222147561731237
0.014927389838074881
0.061387301263398988
0.047659684759869959
0.028079153761187844
0.018833683001204669
0.0068423275313132187
0.035915281205220119
0.029147339163873357
0.067918707013018456
0.014829211233172606
0.012227305630204726
0.025068688997586103
0.020112234728768268
0.037114498181719739
0.030510722100923648
0.049000269240996049
0.029423672487108556
0.01014396735842988
0.065469110659493707
0.037573939085543885
0.026585495822803996
0.020819198223157306
0.073344042668682871
0.04802954260191012
0.048262584978149642
0.055081751223984336
0.082343926702894116
0.002566275726651147
0.03558973274169247
0.025747409636582202
0.009689126447704248
0.032289600746275481
0.0064662660652052969
0.062834749130833839
0.048021429955465579
0.01437273036294308
0.059801304666120839
0.053658744882805039
0.010289282534656755
0.0017569919759526458
0.0035087726446325139
0.0066131645251443398
0.036074504098881861
0.053956527460509815
0.020352186407476248
0.022104933136764499
0.010859824546883223
0.042653284778829861
0.030726102776689787
0.074231634461258578
0.072839363540159283
0.040896486498231306
0.0097867574146879958
0.01552584712324827
0.045098545167858939
0.043212989288403496
0.025867113212691029
0.034916758616230309
0.029192044474759211
0.0090351308531875629
0.032226112790684824
0.020994142553586941
0.038229216933859632
0.024309567078862594
0.021319855197297014
0.033282197366798542
0.037415814993519321
0.013557886205955286
0.025112506012063069
0.034023379949546344
0.068771405430226307
0.043724090814710806
0.037065330548803746
0.023006706621321621
0.0047614525483303258
0.051267806217078167
0.051714881662216501
0.057341448948870277
0.015081671133295399
0.013895958502085639
0.029899785806287292
0.088444679079241098
0.010836221551859669
0.050615458333381637
0.01594245974043219
0.040357179973217923
0.062514984886818323
0.062706608629098923
0.027802601275231289
0.055844956054989521
0.054812596992449218
0.030775390345926881
0.020564051826574052
0.094561686784563614
0.046071881787937009
0.013387735231025551
0.042188929229631848
0.0415152790036252
0.055308616526039689
0.020600417463100783
0.072456758975989438
0.04692219761166333
0.032506001342270892
0.020751413684011122
0.028108353429429977
0.038860306409785224
0.055148326163259882
0.03070274671626147
0.041929364999708722
0.025969079246931391
0.07307109347964616
0.062613582925433328
0.046126365762479242
0.043491968314917362
0.041815085277802165
0.0135107287222369
0.099210335323876395
0.01736807095525706
0.055246795244364308
0.048525988138913734
0.073204419574990867
0.029258283955631952
0.041817437715668697
0.050968651387753874
0.045931677238688136
0.024039080911825342
0.075903749864332903
0.0152064311051317
0.070024454516780688
0.033706819547200083
0.035069092311416999
0.058173151745516773
0.025467897200491276
0.06833772991779756
0.038078436268300923
0.045973697149207862
0.009079623543379288
0.026299268651629005
0.036124563928305944
0.0099432849325899533
0.027685144479848479
0.033259670949337655
0.046039019538496199
0.055654794458126697
0.049359726973614293
0.024352757808995491
0.030131075329868948
0.049900100988388818
0.068105204022367014
0.08493531525962035
0.025534649828848972
0.085430968448651584
0.044973920794818323
0.051960668691735434
0.018654235275978138
0.013289967385400758
0.043361917179334727
0.012395026933304293
0.013903008228587838
0.032193871478503978
0.038510512249579694
0.02407750647238914
0.090312670900061565
0.016474784268111015
0.025792888596097106
0.077947908183905845
0.036389606068980042
0.041059902077504824
0.0089789502280668045
0.030186123107402499
