0.046309751867713404
0.01576517805210232
0.050874312652379843
0.031307636141153741
0.031310020983396365
0.013603126944269604
0.060735637695016935
0.042369141316639158
0.019639909022956328
0.064081934897085496
0.040960025078258702
0.020752144066341259
0.050822442267835541
0.0068304339187546569
0.037140673112070324
0.025668439027852007
0.058429893573363312
0.11095707338957549
0.075303968902630802
0.029685685432445139
0.023938492540334071
0.028661159571314071
0.045307115385485743
0.045547956686431176
0.034706006612131558
0.0615325302956507
0.026263510269719483
0.03851099910288406
0.067487431676401546
0.041285543505134005
0.058461897736565613
0.022528871183291728
0.032535057026308718
0.053458532476721145
0.007425254751654029
0.030133494206202868
0.050281071095954318
0.028199649624839371
0.048660085101379744
0.026176947394739851
0.065746387456022876
0.052459614475535626
0.040044920073114096
0.036771898635871568
0.08275498955225033
0.031963553615343407
0.04184654694277614
0.045645306125578093
0.0067309862253552887
0.025935048960035085
0.047540797624791575
0.018932744271010438
0.081784281257403696
0.03563135006718917
0.018066511137136379
0.086668808430498179
0.049533724991376406
0.072353654550860347
0.033443455541674653
0.029145590373128749
0.063129895456646531
0.039798952451801775
0.045619985091372772
0.022233018581351668
0.043022540617624692
0.031625873888763624
0.034610698877121836
0.050049092221893951
0.017720536597187159
0.052566896746946097
0.052701556346286586
0.032367731399862355
0.0045535898004837837
0.026877547124507479
0.057566960657307535
0.034535805134841419
0.013875675594110471
0.058565052754121917
0.049417611773015499
0.057017557645395039
0.035465478001977038
0.026668225798620038
0.032938387999481324
0.011442912501393008
0.051645775905214193
0.075110201278959732
0.050594768406748633
0.05532817538146758
0.053771477458431818
0.095102599540600796
0.040891107425948738
0.054035707722373344
0.010979487634807829
0.0094232374460600683
0.017733947697752498
0.02480875955362917
0.061967121879231819
0.075358284613771725
0.0068712697988382388
0.01681739995426617
0.060274895925872665
0.016980903160953062
0.017935955492595797
0.021798246566002245
0.055279347612901618
0.044544227631063762
0.086468395000375453
0.073931094989788518
0.026680722252760032
0.020932249576148983
0.056230410316331865
0.034832449381502373
0.0093009313025816786
0.025728403726837788
0.066392747472011515
0.03470570811509166
0.073327083616027411
0.072521046068021774
0.079166291598546004
0.013022191264545216
0.017734934895424111
0.018463095535775912
0.050414545342803069
0.058620592332749182
0.0093912466496973487
0.077766740658627237
0.016162077517186398
0.016232271033615565
0.046025273680754812
0.069779724969973436
0.018438497815069323
0.012530331180846784
0.043607477184382432
0.055898365169271963
0.056000701285537968
0.072393706354141954
0.054305293004191957
0.060813884138743439
0.05394111320573481
0.06730305283186723
0.073315667418789726
0.036927622326962325
0.03786320872926089
0.017061844091346909
0.061033823942811163
0.048082489387256108
0.017067152751583426
0.033210665978766679
0.030565722939747398
0.032929586158418546
0.049517984300904233
0.027459442490536258
0.035430294627237048
0.048559668625844821
0.043803801250505189
0.01217858481264918
0.036934571127042695
0.016258639398213575
0.0052364863332065841
0.017870580342444001
0.093046280813904814
0.043527282647222408
0.033276765342116099
0.050172381486375713
0.04171416912433866
0.072773218614492027
0.035584378254052702
0.029483340252891087
0.031294443326269003
0.025150829137762516
0.018158534088570759
0.014497177973362058
0.065249892652692029
0.050805139554819696
0.052255192065158045
0.08052905391921665
0.024127094093680381
0.078425935687535753
0.047159463558740206
0.080996199038234518
0.090646431440177588
0.011758941094478384
0.032929894799717883
0.061150565240152034
0.078423244341529932
0.02623736015214212
0.042275864761846721
0.03472005880016734
0.071134380891975837
0.015064284665635667
0.040911421190047065
0.040049287202099208
0.060730129172695997
0.082636223337208839
0.036264316632531504
0.055648681470462667
0.02299522578585074
0.063246133563601925
0.039726854981376118
0.012438353364748991
0.022078588439609265
0.07456517070424673
