0.067952516010636399
0.014680198516308043
0.040381407343433671
0.0028222922204231182
0.052277018071501022
0.012413937162021372
0.024220475515493774
0.054545749334148984
0.031473669245600723
0.019557846819703142
0.032543978762645386
0.02781396362934296
0.065454825696651495
0.01561659741283958
0.070438270357430527
0.070546508657733098
0.019153136883544558
0.054132700540614732
0.073311949327513462
0.043765373185656958
0.02271789249012612
0.032108428240783124
0.061963839135859802
0.056670581968291833
0.061051108253295461
0.031145764106999835
0.0553410807323809
0.035855463402522797
0.026744807019977765
0.03793817163854276
0.033341651999340818
0.034008027910612477
0.012447719323992334
0.028720035312234896
0.011247304038138579
0.047666076015785541
0.064275867322014887
0.063864234753655172
0.066047373483726426
0.041772210184591971
0.02276735072421647
0.05395575045481589
0.0076754146783500248
0.073859359566191218
0.015213842594190717
0.051788230641626881
0.031573943726097425
0.03854500462753193
0.050465309832440144
0.052182140089081334
0.086669708167817605
0.03270083671332874
0.075309656393559243
0.023717239880604837
0.064738732438730587
0.051997332470051241
0.043775873673264652
0.019212776783828888
0.025155266063468244
0.021959652156162902
0.053538485301461415
0.020798022124663813
0.047672607439022713
0.03704815483167969
0.066999523016716397
0.048805691148972472
0.040713064212300386
0.048308959082997718
0.10401777791818632
0.038998216968051128
0.0037626840282701515
0.020314986206544965
0.026336199849340509
0.04037502306945271
0.015940619708609386
0.013673586375141964
0.041209400401568397
0.035394698354112089
0.027907523627150078
0.035180695162060613
0.044880883958748848
0.021613493283175477
0.02299977708910849
0.04702088301298904
0.043609774662290317
0.039658558718617239
0.039767282408208371
0.037176669533362912
0.04358789434433586
0.044267380095254327
0.058243261597566695
0.029373870568514839
0.058111604409859713
0.042084296671092349
0.078908333789334012
0.029450408470921705
0.060557047466182616
0.072167806058072839
0.029729616315827743
0.011836112516899339
0.074188454693304068
0.042538180836446497
0.058173903714862321
0.095899557406462957
0.03893196898640032
0.076359033099734186
0.0036415732972409289
0.037447694384123272
0.039450302786593165
0.052239499591225778
0.037797417540524528
0.062751116241853103
0.036369952123171241
0.049742082094822004
0.023281352299253613
0.059972075009436278
0.074495336470318793
0.021847975159204662
0.050258208378610163
0.067834297604603355
0.0076917230652690897
0.046740767548472929
0.030417631004071015
0.010288244143468031
0.032716408369010637
0.042011269752003783
0.054488674788549095
0.0094150040754524596
0.052908137920312938
0.030341090978687271
0.011955088683642498
0.052444922409590145
0.042175311479103292
0.078969745098955671
0.044553547420858722
0.023621417757602178
0.018081961019626256
0.031529785358651218
0.0053865808116423759
0.03564006749121288
0.056538394208242054
0.025657478928053017
0.092520516965733129
0.081725374008374221
0.075980691294118607
0.012067358046751886
0.024932642054722204
0.01259519018977668
0.023457051557430084
0.047702664385069329
0.016227038199915882
0.045805783033139293
0.023765941707631369
0.02678414774141346
0.039637025973275633
0.045947947034037234
0.028075881545066909
0.048377083796458692
0.069402814254215392
0.049762520340802342
0.082546540269484645
0.061694100953786739
0.024137802280117335
0.039174030784983549
0.016119273011157263
0.062987497598271935
0.022250799089764173
0.079030617682187165
0.031071734418049654
0.034661355306982833
0.073981426593086069
0.043770640733155425
0.042361676485564104
0.036175197240529977
0.060977735336029994
0.053223893536675962
0.018755471915426921
0.081514638836605049
0.049212765552445678
0.047995584128247053
0.068100072386100122
0.037202724320409879
0.042767649270935605
0.043426178044618978
0.034206257923175401
0.035175018665513751
0.014784574847549165
0.01657427642035077
0.049801670647233162
0.04398500899462178
0.029031463220338324
0.037871228544124669
0.077945177059251108
0.036047700441856699
0.066802352015061642
0.016611403898104806
0.069901691258926618
0.038843548719711803
0.024906406636098291
0.038659803861645851
0.040760092283509311
0.0075764869750444318
