0.022487927919980225
0.032126660006764639
0.014136109367054256
0.033248643497598353
0.025778332851685213
0.02439570780894967
0.02979466256257856
0.0058502866512679177
0.03725429192723962
0.021714160987099877
0.044149860731913584
0.018154460086827182
0.048338799714189466
0.036899957896538382
0.047775044107669862
0.0038432057435143917
0.022329777977795489
0.019680969082624126
0.025456384433282433
0.018121543522258057
0.064289257364016444
0.077261801738490246
0.018142323021083866
0.032890829272267087
0.036575014015807789
0.048935233458712472
0.047649833409001759
0.022765459623953561
0.025770593297784899
0.0065780781238068105
0.036518841459891385
0.029428909549997259
0.017665551728051454
0.046238904308026227
0.056423347235574142
0.078431277103195488
0.011476361137845604
0.058320078697046376
0.042797300408327001
0.023302439755961846
0.054061887805627935
0.065836345041067862
0.026509561652893199
0.066517767179764251
0.021224917187765223
0.035492713790242936
0.043913470341049018
0.0246450645347179
0.059970177595015384
0.032319414903831889
0.040614819042021209
0.072544892330150837
0.055113997208568501
0.050355864777301272
0.015474650228497857
0.044205299193162115
0.0017011490753635033
0.053512407076238507
0.0051879351184256949
0.021833191086715692
0.021807407061292007
0.065714689167231055
0.017586695996560254
0.027534853878825347
0.060556791819471656
0.0094219645446452002
0.018539130344248079
0.027074576888100922
0.0025481843473875222
0.072544895091812084
0.039907070548392098
0.0054054522076356134
0.053825124520688508
0.013208599422603938
0.030209192613077657
0.02008954073831401
0.040736965020593527
0.056938559140441103
0.029521112905438792
0.093706129408794595
0.047201722060333233
0.039118689845205772
0.023525932171317428
0.051725589258622889
0.069650797827032151
0.048789988091013717
0.034840241476864875
0.015541188199215412
0.012275425525324669
0.049928881716101665
0.040832920468005594
0.013009541672714784
0.0485811996278257
0.03189062478257583
0.021144227403495093
0.019045705035209734
0.074496470897941799
0.059060680270348311
0.030621001189904004
0.077634687463516983
0.026623790786154868
0.039654925306489425
0.029826300900496656
0.039240470129364796
0.033213063988312926
0.059863111936911156
0.027148746461188061
0.024723342793560234
0.015142239089266278
0.024134805656404437
0.014309000641875546
0.040277047900228853
0.076000206571363527
0.013969708488955868
0.076803701261177665
0.032698847700014307
0.038881519608140791
0.0055623170181436817
0.022888371463024988
0.039753428969852324
0.051982438315797727
0.077356617329969804
0.046004985798695074
0.022902494062757506
0.017216956587755645
0.040845818196826561
0.033476925592149376
0.014052389834368137
0.035105071446452266
0.043807006826829267
0.013796749766630638
0.028401588317148414
0.064831218320652861
0.048502104391955292
0.056257760455706893
0.075215199086279105
0.019471770802337817
0.035363092748967928
0.030736753849505839
0.035984527470518515
0.036241226858932253
0.03028177675413234
0.015866131181660033
0.026419167110753861
0.03030045543870841
0.022796797912651146
0.036597647694022642
0.019344551810531397
0.0340252169288481
0.022671680738892079
0.033906868911290799
0.03463356116346266
0.0093801911998810418
0.020041460763576213
0.017214699385348
0.029248230811837004
0.039975926409588559
0.018010388325072364
0.046010990444605618
0.02416441456542659
0.015123220892676979
0.064361397511244436
0.023568855723312996
0.0299742543474175
0.059928245540106936
0.03747493539048067
0.083304131144531779
0.034494910092141874
0.034457683661943503
0.041945555294303036
0.051006732932126729
0.048602350185881306
0.066879372910963325
0.016873017515163301
0.0041567293920806358
0.026456632371067677
0.037244061538467418
0.011699635325766769
0.046747553595010656
0.021301560071964487
0.035264093648683513
0.0020661664307494803
0.045721495244151679
0.017971211544582189
0.018505023660767856
0.014900894493440531
0.0089592242013769169
0.043140558013607236
0.02573235608440529
0.06282700339735095
0.042918842930603898
0.022925852471616999
0.10156241004758979
0.036152656944481068
0.06021129673798882
0.059459585352812733
0.086943894936217903
0.039155457941743459
0.028662906472810702
0.0051330902637674331
0.037413418865574567
0.028693092074811855
