0.029090546300997198
0.042241435359839957
0.078594638981770132
0.034293081787784334
0.04271540305115714
0.023437481000933659
0.032146504145828259
0.11848963386219576
0.043245568319419905
0.01709887564346985
0.035066757233913115
0.027578049091310633
0.043447487268728914
0.033781678720066044
0.05948868147050565
0.053689149895107993
0.034128791321913078
0.036581511385789099
0.041827141735713808
0.018628668357401169
0.012674859689142037
0.0058054651042234945
0.043026473189325315
0.032941752162696687
0.066371283872008302
0.065320502660795823
0.0368265175172987
0.049209764625681142
0.025187028222828742
0.026351293953651472
0.058609890486464616
0.037006094409389206
0.017840913739228956
0.051550640504506584
0.021594234031869657
0.051211889279984858
0.074577304864154384
0.042334581953205754
0.0017490067994949598
0.038253844984905735
0.0029454008678426514
0.081668728740164703
0.054976867863789664
0.010410969246343781
0.04318000031413264
0.030827002152024621
0.068713042992174844
0.032057008825581476
0.01306816627745278
0.037294542901603368
0.024961772697959711
0.021995700102683386
0.021842231343758598
0.060742141710539842
0.077650695578752343
0.11028835900870997
0.031783559284956527
0.052477593740053716
0.054773400549052317
0.026235911778222619
0.022775230213543163
0.066799955838935929
0.044146809366583654
0.045595569194463718
0.028551372778182284
0.039356055371753962
0.024464390414080016
0.02853187063570789
0.015945443581908907
0.021034550325809854
0.027237909555252827
0.013381977289544609
0.019117466593501546
0.0038826995419317624
0.025408084731109518
0.057600057800469909
0.021727705995105814
0.019840742998666464
0.031228617484635162
0.028245368299535382
0.068874772724278402
0.063700472801690999
0.038721091403545044
0.036038666069488849
0.030409611860104865
0.042332186458165617
0.045908373152860914
0.019648434173673526
0.049824216846648534
0.030492824142917468
0.047459102313245523
0.051381803168864752
0.032753332786202925
0.063812579579771822
0.025798065137790073
0.013861145666450334
0.062018780260199351
0.045650859016414976
0.009187543033740463
0.012266995167540228
0.018873481644411237
0.029408006459712241
0.043677417922170586
0.026741184631099042
0.044311452685032421
0.015915108859887818
0.046152596361168419
0.049963427092673048
0.038188107375817765
0.029120521907875237
0.023902253040782227
0.028226865193280742
0.051256048359383757
0.059060217159941655
0.018019267230480855
0.042598540172430421
0.044381555131062407
0.041510764364149688
0.0036013799431477388
0.041093566869813802
0.028185719119218855
0.039722133086453788
0.054197497611803959
0.01500487012564051
0.063124451125092712
0.015096120088939902
0.031288645977755151
0.053767527545509772
0.040155639025459614
0.03683126332588562
0.029803774824505958
0.053356074150005525
0.031045943845271234
0.0040640712534527265
0.037854673140263397
0.011646901877180437
0.028068314535501616
0.040501138104967777
0.017437138712964217
0.045124221301649094
0.022216751209549957
0.03270524888339707
0.047976956734111544
0.029200844444327925
0.084259038125315752
0.039787414888503687
0.02452809277302475
0.034600141236867499
0.03260237402565884
0.0026978389843403346
0.046229048407142953
0.027350089259283988
0.052254827927820109
0.059211994378547135
0.031879234629424533
0.041140535332898846
0.043660692798051848
0.025178300072375967
0.054976043133212443
0.01958248773523992
0.023171204822955482
0.042664591391934542
0.048328932202625019
0.054226077288414436
0.055833124072146162
0.04381279201595735
0.0044934040319126777
0.044031443851645501
0.037789815495778978
0.02798581391698601
0.015451760127875984
0.036609303348219963
0.045977353355192395
0.03718713408807834
0.058928670189346798
0.019921108174420638
0.090828621633605069
0.048559692721100514
0.032632688832776501
0.035968552439332585
0.060405227855181889
0.0086755349816865553
0.05091955859457066
0.064537487439639218
0.063187977462950351
0.034506080658873145
0.031477169699036078
0.043541090305168659
0.040579284823164571
0.016792935816455488
0.04893112532520142
0.0093222848914748212
0.030651048857529426
0.033558665708375734
0.038683210980664851
0.033251858317952694
0.040887855515712661
0.050212659002257361
0.0097204252031538839
0.050673626945333575
0.03247267824124403
0.037851617073189778
