0.010937948313757257
0.012315789380279824
0.021446178050847704
0.014441370728547695
0.034139958917132979
0.024044270600514724
0.0069096500707842429
0.0018225541740183955
0.050336015112259679
0.02373678494743818
0.038793228437056466
0.037262300129219467
0.046273359572505189
0.013609875309637039
0.0089707329388120701
0.031476045079169492
0.028724494868160196
0.043971744759357799
0.020824091470885341
0.022551984713267897
0.010005017734946846
0.018996805970853667
0.0056988782527751273
0.018738279619976594
0.024138781889383169
0.021028245385886924
0.013048879614508225
0.042010271361140016
0.025505147092962609
0.027309947617649894
0.0092371076365786644
0.017071391388352061
0.036021028084233415
0.032060473414972021
0.017683117856700046
0.037634760521173441
0.028327368177948443
0.013202397850524256
0.03339602715220031
0.014802762196729496
0.034560266487163024
0.024150332003191409
0.031023650517163069
0.022215633422894534
0.019790297265071786
0.038822174781178838
0.043096558921824894
0.016316468147671171
0.018561100641100226
0.022451783098536484
0.026124158472085018
0.026992609402386781
0.01511432357326256
0.0325926197367047
0.043820251464900692
0.0025451980950023643
0.0028885113644917626
0.027620469113671633
0.012460988578214137
0.029925196345542134
0.0095442018265530018
0.03713780292791978
0.035934238778995792
0.0073666508486580767
0.015450257507237554
0.0072181016196254709
0.018374760659229064
0.04610303801361449
0.039346469067497225
0.015789456279691409
0.03400109142620978
0.027441246168284378
0.049791119917573345
0.012419841326673559
0.022737374178676543
0.011800345161819194
0.017954099837525859
0.0027962246305809997
0.012466100111588042
0.0042010820635561483
0.045719672597733664
0.0088576518370610414
0.025133191909429684
0.017292774001232979
0.027871317902064235
0.05149009283807153
0.016103773655220172
0.0270668710635938
0.041324288898565917
0.020030404145014696
0.032231860677972943
0.018345192909972115
0.028641555727237419
0.010332143204381094
0.0069304628275348801
0.037075173850407074
0.03007575116086424
0.0040467273341584032
0.036621857765186477
0.028843761624593803
0.0044551405228819745
0.011813103750294646
0.024101433921941459
0.016646940955132743
0.0082663112699841099
0.0049552287589878828
0.0052018025509216149
0.0090006010632114174
0.032125758787765468
0.0097650814200171705
0.032661762752378955
0.011836017426870075
0.0034126337816787612
0.03533854334792319
0.030440508371193702
0.033721866965599534
0.016528097945370964
0.017326289303553816
0.030033475808900745
0.026444066870329182
0.030728971173010471
0.0031273429312081913
0.050482891053967277
0.0076519183878510921
0.015642976116910335
0.027927251979242403
0.049890778056784726
0.01885496713899831
0.035987048641863965
0.0094948177792515322
0.011953781306851079
0.025858586197817633
0.019318466564151017
0.019156390521080143
0.015025291875698061
0.017531725265476219
0.008239113408548486
0.040574524231033013
0.013857312145149762
0.037505539117457916
0.022434070561191413
0.026932518888344133
0.036540908274598105
0.026746254349222003
0.031012313734297112
0.021897027187952351
0.013615455287271339
0.031513186684606065
0.012767175455190974
0.014995004166236009
0.046619628594682341
0.01325749405461164
0.027774148056598887
0.02162775716956097
0.03116605036030793
0.045390755716484314
0.012639474080388558
0.019353768831550638
0.028337409893460383
0.033494574938947141
0.025740707792976353
0.022323760450209607
0.015830615457659371
0.022282579266389723
0.0094064698594865416
0.015487317206486757
0.040159656549428047
0.019391951567874578
0.013897038968009992
0.0081525627196847097
0.035395729082114087
0.02675153606082999
0.0095726859133487881
0.036010509488174615
0.011288342899387915
0.019201420365739942
0.03662475435743693
0.021071923142050569
0.011752382045141171
0.041297210907101659
0.03883977784611016
0.014774565450761274
0.015233541596838393
0.021084875184970396
0.0095438505506952338
0.0086141079656186434
0.03161588485998363
0.012267048595596207
0.021695802844844899
0.016798720126691549
0.01842801541362693
0.032547849989231978
0.01721413636232912
0.029488221104389478
0.022116629164471855
0.0061861285960498882
0.018668341028806306
0.024057750291941498
0.018801408076227929
0.038842894723710594
0.020312293882127366
0.0089805524851421844
