0.017148313550299107
0.057740230139269856
0.020778761195955207
0.019372347939009778
0.015453950005542125
0.029142064777589325
0.03804484743175806
0.014940257797219855
0.021043727602921787
0.013422620302764025
0.010477161018897499
0.027694677131061718
0.030238786520458204
0.046424047535124663
0.0047589667782738368
0.01844743581254667
0.035738732021841725
0.029063354440384073
0.013260810280993001
0.032170341235689931
0.052264846650670778
0.016813967537728597
0.035904141122364598
0.0048742135727814903
0.044408196057170918
0.025290380567454224
0.027580124234413451
0.0052753373783947814
0.032103588930633663
0.037143071287944779
0.060816346915725725
0.0773527230066854
0.0082297936853010043
0.014848355130438206
0.02450901153610047
0.014212415246572191
0.022837594305324029
0.016494919883138767
0.014552969439769296
0.021544491874104073
0.01797029953017782
0.031916796168683106
0.021507833800913787
0.018490266386547903
0.012848013272036288
0.027563984751173852
0.016619430912749603
0.0075760155441276008
0.035302427759569224
0.012605506379271224
0.044763448717399401
0.031997730004418461
0.0079192855423280955
0.022203889153662407
0.042268741300292054
0.018470921829341524
0.012965232160126017
0.0065344145417781264
0.016597081643251094
0.016701615822994974
0.0088908835408287954
0.035441618908340605
0.042674484821987262
0.038214040885945787
0.016674735381784416
0.034820944635462661
0.035845927766982186
0.0054833601480790235
0.018633105642484347
0.053321588705068042
0.0093731325460788845
0.029750020542263021
0.018697086591285893
0.016710005316211498
0.004072049057090083
0.025898045062645678
0.02414105483210564
0.022050892665909053
0.025687766356432738
0.0064808603603542271
0.01035082121086745
0.039226192445215358
0.013688931288181695
0.017358873881602319
0.018233678558549068
0.0030856337773941338
0.017294648814117602
0.019471062577066007
0.0026106077965548516
0.018414314476505777
0.0074613996997265142
0.030012222242650061
0.01138214600414591
0.035311216168611367
0.026137207608270655
0.047583485525766252
0.031073972000144886
0.016962192692111824
0.012018866501085305
0.008612534833685034
0.022113458631870732
0.0076409176705956082
0.014480610179005305
0.032817333007485551
0.017166285853217021
0.035871611516027642
0.029109066383486169
0.024168083826125446
0.02592309269585074
0.017580257627102309
0.018446450143045967
0.034870851164115618
0.013918103280904127
0.043691110325980172
0.012852955778374505
0.015121475695280872
0.01313123368357811
0.011754408467560425
0.018203417885326797
0.031129732185688513
0.040802503364614405
0.014037704476433037
0.056575842950903926
0.021028034305489808
0.014699532089679069
0.05108397961007826
0.05448309306318274
0.031713921854917136
0.01915643197447087
0.022371648009566664
0.048775293128557169
0.046584823575530711
0.0062864059197673587
0.033328504947806481
0.022201341504710641
0.024498516197700836
0.015560127874098367
0.03700410428158675
0.022372756624944271
0.035481074281580531
0.013650067304435267
0.013375822083401769
0.020582664587258763
0.026152768404089841
0.016747957198998496
0.027763479075593029
0.015132279208508801
0.028650447094033606
0.035581134587082341
0.0089651515482398938
0.01585726542223841
0.032658933766169157
0.027341426735965728
0.015577107876727662
0.019964613683071859
0.030986977447619534
0.023016426689083835
0.036589831963374717
0.014641900344710645
0.014331270383234194
0.031807959517494828
0.033894284409998233
0.024212207111895041
0.027215349330675102
0.019797210253345372
0.036671278698484626
0.011292982240192964
0.032572831909866505
0.021066375657559568
0.028866897550673919
0.028993586648905115
0.038787471763306255
0.049212379521134345
0.040953927504943297
0.019188892417161804
0.0087181588024908396
0.011156303328539679
0.021659626838708292
0.020415828365846937
0.0083014458060893959
0.047967669552137646
0.014483573198399106
0.025165545998586138
0.027589123224529506
0.018409439439601539
0.020514259742689743
0.035710893307645847
0.028139690715793891
0.022788995531948054
0.034619127729317918
0.012855581466303494
0.0064938098502316105
0.013117068554726871
0.02626774429364008
0.0064236834026915436
0.020244957574215808
0.028358902172702753
0.0078541993854079912
0.013261894751132649
0.034999979378088672
0.026493435536715099
0.014160578680997378
