0.013381966592752337
0.045869521189776913
0.018397005458918658
0.034755190679247441
0.01172456713888153
0.016858970552970007
0.022341635080307874
0.016673002749069042
0.031000826197880353
0.042803830071476402
0.012313695975519701
0.044220124488028333
0.021641028817428444
0.018991252878919663
0.031115125863972179
0.017557095124750666
0.0063983976013755623
0.033145933148689397
0.038311810971765239
0.0092969238645751705
0.0089026401376009496
0.024607390863481019
0.024321138606660884
0.015969445123809656
0.043270898287345295
0.013646922176145318
0.018468667216027378
0.017974546553503057
0.016586338518981482
0.0018675803872143354
0.015544274931536357
0.044247256823196301
0.0070464653264970941
0.014714149524245327
0.052516791569758976
0.029814692464225103
0.067432379786104391
0.039790354199867865
0.022595409314059837
0.015855355510933887
0.02305123085685918
0.028502458785645099
0.037176750338555532
0.032807794651742536
0.023856563161643522
0.016434911686002151
0.018664853822326081
0.015664248050201206
0.022845869745756055
0.02878727865140978
0.044137718296282893
0.010282635225029608
0.012956645450906095
0.017407559565145659
0.010800565731463724
0.023828936183762486
0.032441788921499973
0.014027454202810376
0.01565676465931885
0.015421639825496953
0.025698734283167001
0.012275508285392922
0.02219320803259249
0.013070021298362851
0.020254895426822423
0.03935755358531004
0.017988619314192496
0.009088540176001518
0.014779471044908156
0.043732924454925305
0.019721402464889903
0.011149304688446599
0.020177969532879859
0.036337387234939213
0.010535790571631742
0.016209530987705119
0.018107868515154328
0.020601363010004807
0.058144245425936804
0.037707983890189541
0.015344059535656396
0.02619225404768891
0.045408117490241963
0.016545288923208425
0.030268919217756238
0.028145069360974637
0.012259205538947193
0.028627253145621985
0.012845072789379922
0.014683955639626222
0.014261932048978561
0.015309076552383007
0.023443699834593542
0.0062162762378825563
0.021545135587262801
0.020551262782404399
0.037253501994746793
0.012749496146441972
0.045382342330999519
0.014222293252538324
0.02530251732413101
0.035136856657627648
0.011857106185108721
0.0068018503012991973
0.011829547484459919
0.044835308684021552
0.025722171495167492
0.030714345542342477
0.026054115117108066
0.027149447142922147
0.019783368268776351
0.020798639745481427
0.016277071648692253
0.016134833360391867
0.024300838530468844
0.026730824996018081
0.024051760149449555
0.011300601034646337
0.029596247666706883
0.023908943422844553
0.015994448232690455
0.043541661407292938
0.017177341957671267
0.044576453766634425
0.017384373860653436
0.009863285334505317
0.051126499347337859
0.020225252171246037
0.03869917263140004
0.027604218867474491
0.03113893847872359
0.015448782739634138
0.017577832419668839
0.029797001732128143
0.023873334329120817
0.047409999149236277
0.033018654738294177
0.013628413441634407
0.013376548330259135
0.020825447843300531
0.051271081657248176
0.020324198248256417
0.014745161961793422
0.017709732049255418
0.029501550432670953
0.031780218907100422
0.045031700471928053
0.015650631891048275
0.005615191231278638
0.042506302885871552
0.03833141635329821
0.020101395392777676
0.028203293841142649
0.025992872929412308
0.024849262229981985
0.040999494547619218
0.025671815733073033
0.039558130378455521
0.043452583714490498
0.009929705717300865
0.010939172668014316
0.038198028132917526
0.026164820936918409
0.026199529180271929
0.022314444005813065
0.022730940659780957
0.0089099820331145635
0.032483960651328837
0.014413103843763053
0.022296225606350348
0.026626760262513514
0.040339459695671584
0.018987823918147653
0.039859661697662918
0.034390818379767825
0.039009030409584582
0.016088711370630084
0.018209938804474916
0.019089463700750781
0.015483544368312683
0.013445352629483681
0.0048279199000947418
0.025408031108786033
0.051876329917513599
0.014968577179548869
0.031367220636893796
0.041928445613674432
0.018353810246240443
0.019337063920983839
0.044001572451490369
0.05290972547366439
0.019252650267663849
0.022110404061116515
0.017452111751646127
0.017349184508492828
0.026617033518429097
0.012942650478105644
0.019362883803822842
0.036816997088366346
0.040347083403398515
0.012627317428443271
0.045011439282514581
