0.024142588146171866
0.01093313374698782
0.01472936320480395
0.026195879360276994
0.021816674531786331
0.012104810897277199
0.015661094962320918
0.011311023144369681
0.0099160255713900067
0.016223595933234521
0.011459126140679197
0.023799241407763842
0.011093571650759393
0.015932746397767573
0.0097282197654658259
0.021844234574855341
0.016839644084806517
0.027390524309334224
0.027144227309538051
0.01537978027357249
0.010766051411669968
0.012396166559997087
0.017380776306302508
0.02050150211068795
0.027683329305910269
0.010455290382635461
0.021793546795102176
0.021684748992913176
0.0092215111150281172
0.019659215875225858
0.024285334340711617
0.015686095931416566
0.0070565932714394108
0.027910238692062814
0.018505179550820147
0.047314140403512853
0.0020396302339924042
0.027911893632443181
0.016538822491447211
0.023548576944062601
0.023482289385309885
0.0082984765191645733
0.02361787507456355
0.028225577640067164
0.015244391171586602
0.034388518321090376
0.037433137271096747
0.032079075496677663
0.03088882840153578
0.0092963841841265625
0.033843722950398308
0.051613569153794531
0.014949814441835334
0.015625436418350663
0.025926591210540962
0.0041193301598010951
0.013942510468640625
0.01317790501325645
0.013290243799869995
0.02355165474518504
0.021464715940685199
0.015748884683114132
0.012514179065986035
0.0049900706538951777
0.016307415241090469
0.02107612790886243
0.0078220599494946315
0.029371995595809119
0.024968448505831641
0.012338465213102636
0.0027625107419128807
0.037011842797883374
0.019427426558438644
0.027166001089937025
0.0062892550456826778
0.0035393311027214851
0.0046915499041335403
0.01229610494053896
0.042150434057597934
0.021622596147265857
0.035890386057995854
0.024310648081074152
0.011961306974394599
0.016854231368282131
0.024388017040542262
0.041157507012569934
0.031491048907056292
0.020991966143613445
0.011311685294173732
0.044692627652714027
0.0094365553733790752
0.016118139080200516
0.017679601398915286
0.038062191900213017
0.0066874326157427486
0.025723642852048745
0.01329069062048387
0.0073102633078171815
0.034354794850555079
0.011707976995910883
0.019694059430545009
0.01415374707547154
0.015554313572385955
0.02800059471044956
0.013511429517207772
0.025803545257547297
0.022073247460737758
0.024646891900826855
0.050173493844686334
0.0045610702683196482
0.022592916668362235
0.017191757724781202
0.026144817755623887
0.02744962646705601
0.029466822169672818
0.0091959202116430987
0.0097197016818604265
0.041186018510201712
0.037371677186194989
0.0064623852861477168
0.015572040791863547
0.016937980604340118
0.027343884351220937
0.019716774172438337
0.015732299529865622
0.02836880360739575
0.030769561555632121
0.034167221673568914
0.036977294575600221
0.0087576164140482395
0.0088541993745042905
0.0080907388087998224
0.023475481144704408
0.013783298123754688
0.020745019677719228
0.0030653384447363748
0.010402863978581488
0.035525697104043817
0.043610159941339599
0.015939088522144484
0.034728919784063464
0.015256720379013194
0.0013975027722892956
0.022099402347421138
0.0035174399403921932
0.039105283755835198
0.019234695473338139
0.0031289547760390678
0.023789735171972567
0.035000567662223571
0.031584212427933703
0.015332689209099779
0.018066356576270769
0.0079451811146006961
0.013768179889393993
0.035861814892699968
0.030441299208784186
0.010308971884812364
0.054029076657818531
0.0057327458558415244
0.028301491233080768
0.011518701655610841
0.022099202600996695
0.015198142562604947
0.023428166931434811
0.022956306827438738
0.013341216147327388
0.017892153630762176
0.036370233363768475
0.027405291636787208
0.01752666621006764
0.021520559810348429
0.014204915779477009
0.028578679460314987
0.022810200356411636
0.0091320173918176747
0.020778357188800431
0.019966976859636221
0.022687456218211409
0.007081816734132977
0.030814216749458102
0.015757237575454091
0.014327239900652296
0.028711869157933931
0.020258716269937419
0.019266498305796697
0.0067094106166879922
0.014958151225483775
0.0095875889767325743
0.020650102510264952
0.013234223661045793
0.011329911149812903
0.028236207736208756
0.0072415203829025625
0.038642613708615131
0.016537721151825429
0.02253114932455753
0.021575785089050323
0.030060669994017967
0.015989248267325531
0.028830582521725649
0.016817676438944194
