0.014734447416509453
0.0010115137190931794
0.032723237580272575
0.031842778582491814
0.027341415898955886
0.027071411005045069
0.016197927977091835
0.014419489247272719
0.019563480730303007
0.016478976196776782
0.032764048243555811
0.013996619692403209
0.013848807621906684
0.0058970187155871021
0.029153822788905229
0.050010390921631655
0.027858155995980755
0.027122933355902445
0.037645419471659815
0.00093110040412538759
0.03446487734189474
0.031699322323609294
0.026406600424553082
0.0092777595879707693
0.027868503424322746
0.018247902225716508
0.024987326164247915
0.013738977259337766
0.017932087653720317
0.012292303115038329
0.012490701963229781
0.017822393001908462
0.027154029477183088
0.012998005857444411
0.013598404453078061
0.028548326738739659
0.018421757440678352
0.021810517035031538
0.045621756573342574
0.024860246505522939
0.0067321825410038456
0.029471749404050281
0.0085878146049239244
0.0091058279465617807
0.030597416257166252
0.019792579275797216
0.03935246408901838
0.009343870024594381
0.020324578845329185
0.029626429792731713
0.0080927042246163733
0.016623078311210973
0.014981162770694787
0.0095482867345440866
0.0052768854853664678
0.0041256095797970816
0.0091653430269943419
0.0091683877824509947
0.014995192103560715
0.023425853551372271
0.022312431473019451
0.033401336621758093
0.023484590382410096
0.027161649485769889
0.0034539902313966316
0.042342615013324883
0.016735833028263081
0.017662216361868498
0.021028144466250353
0.027413407780611812
0.018857228666840611
0.020066731987034282
0.0075971804731933086
0.01003493230192193
0.029931834457198315
0.03918745712692371
0.011501163239978943
0.040926063212793941
0.0090284215119105487
0.021514893892864595
0.019091398073258371
0.013533434047220369
0.036918298089447368
0.035835388188961148
0.023800722765343764
0.01581421849714728
0.015109286881479866
0.030627054548420244
0.010569773809327301
0.015186654357170291
0.039168413575583767
0.015043480460920432
0.020710236915445487
0.017655400502302705
0.011415830891175635
0.027313611437900742
0.021517782354794967
0.018671812370936389
0.048757366339598915
0.014499401084181938
0.012770447007205019
0.011612801067024059
0.010329666769856896
0.012984320917643719
0.016889642754091775
0.020329599241973261
0.02587298947023425
0.0091039133423565961
0.018690959365167362
0.019700770035231706
0.023061775363561035
0.026628022695348752
0.023799116341282303
0.038578427541412059
0.014639373603473175
0.0094150586487668098
0.0028816508864324196
0.024002539980404421
0.019967199068958556
0.016152317113809222
0.023888289086424448
0.02158598221285473
0.020528481223432236
0.03826586897840991
0.0038448573632836047
0.015859038670433853
0.016037400482256634
0.015014088694932292
0.013307180039865795
0.017851640221428142
0.0054336453773915971
0.010887155641911075
0.0084748213536073366
0.013902542765830929
0.002806235047232433
0.012801673499505808
0.020731287090396726
0.0090027824093925676
0.023211208918007611
0.018118670474105522
0.035185466285543324
0.01332235854626266
0.019122090380443796
0.022588498734166695
0.017378221800130197
0.013679879227944348
0.02294185864096317
0.0048155615016233153
0.026242424434397105
0.0076304797427103601
0.012390853633662083
0.025446543648005374
0.027229041777187348
0.015535572734836635
0.043270243753260829
0.023312957993844682
0.0053015300324545222
0.021655879339498117
0.038044869144811651
0.0090422159130697528
0.0098464086515216154
0.028030561869300117
0.025005903134174931
0.019319592241735496
0.024943794389919123
0.021887361673139861
0.0043248769759647232
0.022597639124171058
0.010871817238534308
0.014301524238135752
0.010769725082079226
0.012595793239435386
0.01782712806318533
0.026166583601619411
0.013497344387243593
0.013156961852080613
0.041909859274026275
0.021628040559380252
0.016892695315759168
0.014115861053175803
0.014953057315619923
0.017498577920152879
0.016176111675730839
0.022133277768287125
0.028598937363172382
0.015899768417872658
0.029377020232270741
0.026279456421511513
0.015585226747445417
0.021180009021726919
0.02660687434039144
0.013957995498085744
0.025790057067632072
0.015611451560059006
0.0062853024789230492
0.0035934190624547068
0.029803011636792026
0.0065856185233227381
0.012779652559236779
0.011866737034180751
0.054194971208449641
0.025248659796765351
