0.17940880885498728
0.15898937865697302
0.063894295891575678
0.10329208084524412
0.13414191742255385
0.29007483313394222
0.31579810638576272
0.25640363128800303
0.29447069762768391
0.19897731326018758
0.2706237653567572
0.41840801865422128
0.36467450252869477
0.28217987414059881
0.27198065399579868
0.2466621868779065
0.26163686767476413
0.42768437338771798
0.4233166232177758
0.35004863167228095
0.34969321084841931
0.25264184599839207
0.33057936024631751
0.35622815790532886
0.37364385964469105
0.47459284295690102
0.57930258031112036
0.45424552192450057
0.50473952718738169
0.44230690193221034
0.50004512387588884
0.53690035959952853
0.44675926422499562
0.40165729583951371
0.43745245578513731
0.30416668455144941
0.3279660821058063
0.31130948541980918
0.35284737452545223
0.28220211271989737
0.15488040220951088
0.049674298202023452
0.073681510116509183
0.26243492166182558
0.16367491545735377
0.16760438822230647
0.26045577022474975
0.2319726595841079
0.33269187990197741
0.31163149376411237
0.23152566847345732
0.29177990291473466
0.20954440318782372
0.24184406676828127
0.37000467713787744
0.22891949267994988
0.25428470355107707
0.17145020240498987
0.14695122602930105
0.12573625927555088
0.32360623632005403
0.38763470819254381
0.44967941263176026
0.48659822317885471
0.47543729629795362
0.46416306415617131
0.46122871174475777
0.4169522802749156
0.50161320213087668
0.46769473445945564
0.48495575015264286
0.49310046374066047
0.49431411658791746
0.38892414631863309
0.4254457700907463
0.36722179009100825
0.4508630166668583
0.41358133483526449
0.33683415509646858
0.44706134921567026
0.36670855051976325
0.35730413534262795
0.34203668536076443
0.47558113703000571
0.35633485456762826
0.51718420479977634
0.49867080755936977
0.52687852896581711
0.53500667408064295
0.40783532848831805
0.29795598379235905
0.29897235167819458
0.41797235526216758
0.36316295181726477
0.47263027515863804
0.33639884245146584
0.36348960186696672
0.38938543922900887
0.26756982205076552
0.28384170347130072
0.32534476012772284
0.29791967701525063
0.27272717608521013
0.32964587073518009
0.40473744227132968
0.37347756778958646
0.36910223206028109
0.46120349118667664
0.22185931684628515
0.21548045899500279
0.3642619526378118
0.40239737271040782
0.36754185566368347
0.33612893061161159
0.34981368607030416
0.41415640810736687
0.39673933197690475
0.36151005094466693
0.31003049557745077
0.37413887102694871
0.36293311251576793
0.40443438037181934
0.39790712784244692
0.49191997008773519
0.60820453609479885
0.55164008110460927
0.44293105792657572
0.42172881010300012
0.27579437002556439
0.2677473128634586
0.30346853632421172
0.2831010791551597
0.37042114585592156
0.43668154855524571
0.4007809516058185
0.23380579693884526
0.1977574030939814
0.30949600033017838
0.27962801270996074
0.32041825684314162
0.32740319342636992
0.25914231581237296
0.22358874566076609
0.33441930962915023
0.25362355442774498
0.20867572090587788
0.23377924092714464
0.22531640597843178
0.17759897971093383
0.26288300567192702
0.28909300715537362
0.22563152821281279
0.28871398841695661
0.36683048583107664
0.29124893312701378
0.17579725766818968
0.22255194487086691
0.38057148735035073
0.30895450579820655
0.24198358669131478
0.15823344421150459
0.18984178585362924
0.28039206455759264
0.18711345015968428
0.15030123544061394
0.10408616904589242
0.21742395370501461
0.13155719881543335
0.22078265352695028
0.32192945319821054
0.27053770412387673
0.30157500515247099
0.39726107956080159
0.4987328109862646
0.3611120200140403
0.4224805907233331
0.31674144193942966
0.12663748735165564
0.12084865336766996
0.2125341750155462
0.38027206742331787
0.28309335870242963
0.3477050337701873
0.35679572767496126
0.43176249506003672
0.34405874149967175
0.37654987839674936
0.30229265067705646
0.1750457457152749
0.25653029878678518
0.12371624969802764
0.19631861821220434
0.22856823837897935
0.14784405232263848
0.042613057990386401
0.067955805522378801
0.081764266173158906
0.090079355859208968
0.13929114742386972
0.084955442057625244
0.042009132945562307
0.11467831251526048
