0.38754693953326669
0.43534063165772441
0.40620231391626893
0.3643545503162901
0.47051780453114239
0.4825118994472577
0.34536270164986305
0.23586756164368977
0.22368006348712033
0.1817492859887698
0.15703830784875708
0.37549620595567185
0.37618133759348726
0.40259468862481373
0.26986683975318881
0.31120785881562962
0.23726259793507121
0.31229851482478749
0.23087150786365057
0.28025936654122657
0.36936712270966193
0.4661722779543348
0.39338119608373856
0.30350094288959706
0.34202215001504638
0.30331163262643468
0.33779249300297343
0.3962807774583767
0.2651177520273072
0.38469013499821958
0.35257838968803712
0.33482807714746426
0.40027292317462076
0.31352727682214582
0.22970867180381405
0.32826463557937358
0.25517530524613474
0.40898216125613396
0.3387456377150293
0.36771800993729314
0.37085535969126127
0.41029152572265071
0.34941137003755118
0.24524835496481559
0.32223629849041674
0.32071360061636289
0.3173043095486564
0.35844952297383936
0.40571324384833446
0.48535433306011516
0.36993330774624483
0.41434212772758688
0.33812920126688567
0.25924730084379133
0.18373929649177528
0.18119947081134169
0.09953051791329022
0.2515680289011864
0.35768550297646728
0.29373822157303131
0.20629774180978311
0.26052542304783205
0.13921544129391902
0.29091399241958427
0.27517667657909489
0.28664078482908806
0.28036991962476959
0.2905125321746726
0.17045768225996766
0.4415406377916764
0.34469832115882043
0.24531731644554444
0.51363181013853987
0.37727387026016124
0.42192476947872309
0.48580658753827405
0.44915338065407484
0.35147170897436181
0.30520543480255991
0.37682809552689056
0.36445206594327367
0.2953735166486488
0.28336254589151166
0.46548668583461389
0.43290935421351889
0.1653645074148932
0.17179421194786121
0.11153998078575961
0.024545764536876239
0.041058433004826068
0.095220826772429518
0.11602125405726332
0.18525411065485806
0.11155917069018692
0.26715213142654276
0.18872070276561151
0.28649504327008674
0.42611389745071054
0.33748533270390058
0.30040600621295216
0.35602408898073318
0.37519382167710263
0.41151917330410592
0.48940347412472063
0.38289089030452961
0.52172358997476453
0.480463129482609
0.43822051070764062
0.48638543659873529
0.48635438578098977
0.35810355202237831
0.38342587005944101
0.26277762506402458
0.1886036297387351
0.16510241420344401
0.12404742879773044
0.14229411408582532
0.1115690588614674
0.11279989367439158
0.23314523615343838
0.24828675084782398
0.412140514292541
0.471532768408714
0.35966859571734
0.33759573771799256
0.09816916978194716
0.29221422256463087
0.26925909025135281
0.25356784054237042
0.083453714369968526
0.18484302407096195
0.31273601646376842
0.41958439709755041
0.43037097726343826
0.3657907304172866
0.34964262159271203
0.33429352418977737
0.36720455816353575
0.46482723034836715
0.29967016697565807
0.30272633130637527
0.3315121020503598
0.28026966454485264
0.29426885434447836
0.17764780998981261
0.29732740344455805
0.43951571799155964
0.3945275564866717
0.41444356399722887
0.40077602462826228
0.35997932634604635
0.35138095878360548
0.27123793088553089
0.33523318082519321
0.37393730734217162
0.3107276405213088
0.27733995927002736
0.24169569766508187
0.41813404983007763
0.38253470148305913
0.28639554814230417
0.32383652453648981
0.208737720710581
0.1353066557492642
0.15667843164064729
0.24982456902599376
0.34364193051450842
0.51490097162508264
0.47579198879371998
0.49823963858845671
0.36976756100247665
0.2712267136684704
0.13734905760697144
0.099883944823217316
0.069727769116091798
0.21889698766879179
0.28969900075840482
0.25867705882699149
0.37287964000827434
0.39379942039915627
0.33602014992769491
0.47066417449034059
0.44682413188642123
0.58885180431540418
0.52660956704324979
0.53408899499225704
0.56678680692004879
0.4768136308519364
0.40934432982941504
0.48085930376072106
0.52804131618576455
0.55436280236388613
0.45899269907815138
0.43390776046683416
0.50444992276898826
0.4220152925774433
0.37324602325363737
0.47714265071797851
0.41172731059716045
0.3619426905357393
0.29958370790929423
0.29641949747720653
