0.010671329653089827
0.025296723255321115
0.0025726791929731132
0.015413940799767809
0.015009806890608358
0.015173086807016505
0.04948424579837956
0.0049218946038110892
0.008952262114566201
0.01540963352138479
0.0214986990030176
0.017085440813930017
0.0063944871161623713
0.022177784299109164
0.040254382920567995
0.019578619319077072
0.045437067985022533
0.023779435530950691
0.014456883507912792
0.025833594537277415
0.029905328537024923
0.0070348600699006794
0.015757958727239115
0.018423475174608357
0.010574227956438803
0.02941608702793649
0.017353906733312916
0.035710377838275756
0.015322794337142258
0.0060647060764595674
0.018515204607780038
0.012952232019784243
0.0093213528533881446
0.011694957021030425
0.024801059946931655
0.010858672233902028
0.016270430368238695
0.015422102009707719
0.00098427771439357618
0.0083590696820284704
0.016996050666427742
0.019580440811415079
0.0084833774758638764
0.013625590060444068
0.015647352602090096
0.014205108115721463
0.022370657071200131
0.023860021799849959
0.022060971305407028
0.0093376474375983873
0.016393193916071813
0.01847442414712101
0.014311443652122682
0.010921765327592432
0.028252393981258211
0.019701276611411737
0.015289418753552504
0.030395909003799442
0.004654389981562086
0.012529524974851174
0.01815669246925742
0.021072948456239599
0.0083726597279374856
0.028147190146639817
0.04018532477363463
0.013982347161663402
0.0078999790514717467
0.017073757368137977
0.02015400803330155
0.013510158372518276
0.027750815725105068
0.029436751489902463
0.0082318779226429346
0.03937270900839758
0.012646047681094915
0.010066790211674712
0.017626985559744648
0.023614989296516866
0.0053313111903276937
0.011717783046453588
0.017245680169815647
0.0010331123815943528
0.017599417895086442
0.014445421921113146
0.0080996374244900228
0.013442409081584212
0.0096544188362612873
0.0073536512895414066
0.0055708917753717639
0.023249288192375733
0.016817042515573595
0.012618781149607147
0.025096628148565201
0.016544878945620373
0.030318803325598165
0.017248244687621071
0.0062782735210916993
0.022000006254625337
0.022303097943195974
0.017074479144448526
0.0226189142499469
0.014123713530476615
0.018172666038423282
0.022160681238387072
0.013258093518701127
0.018553393483430148
0.02782658283673484
0.012845280671622909
0.017084382501552722
0.0202429898132227
0.0037458591567603801
0.015580383511096916
0.0034118943802048771
0.013572681093571168
0.017152378799247064
0.015015910055132137
0.0091590540962130096
0.013643432557355855
0.0087307730371214125
0.013749202551741871
0.033433658323097921
0.025722593959372157
0.0016790569786752716
0.033731211334610496
0.012826530041701137
0.0052004580315873532
0.017967287365632065
0.01791170845697029
0.0094065794699334185
0.028225570477009947
0.01066936566280237
0.028975700900457337
0.0037377331792854576
0.008223352078581327
0.013469047069542635
0.010008824882522667
0.019460369327870083
0.019770351952562919
0.026412737517373889
0.016542618359927683
0.008524292561498904
0.034986967745070201
0.010080439040246891
0.0055856665350690789
0.014270829925011582
0.015834238380117185
0.029289268454150461
0.013748838834773543
0.011271219128367612
0.0069808622990731361
0.014809345758963812
0.0074837578388041439
0.01257755488288932
0.02028561600213569
0.014089566265083337
0.011261996325460669
0.023942166780558698
0.006228984307010927
0.010949159861341954
0.0084627709426976731
0.017501240089461589
0.009552871896601289
0.023779865894963895
0.032832963158085642
0.0067429241658434899
0.022157269711871874
0.008560772415048129
0.019966895889017729
0.020434172837940363
0.026573363770906366
0.023292688234321245
0.0064545839970445813
0.020418706914213807
0.013862118316079289
0.015963735697241657
0.016173777343198227
0.0062198150710222081
0.021479647664947574
0.010925426500441144
0.018094559929243203
0.012953952022288088
0.013404601129239123
0.01150556210261741
0.022264618365329641
0.022282041643619455
0.010955073241283265
0.0034802479265601412
0.014909235158526546
0.025632755783134915
0.024487805472122297
0.0051283591392780352
0.011627344758235699
0.015763024330158738
0.0097285582262699073
0.02068204206196957
0.017205482922768828
0.0043640749842822233
0.022411474398062053
0.012385988288990459
0.002219133658956735
0.018188788307593615
0.011068528601115625
