0.0071782108752025476
0.022949677940459746
0.037772395210361152
0.015649959192033807
0.018026626972880225
0.029118298960173587
0.02075285826004496
0.0099683757536767597
0.020125863227217471
0.012054838966172586
0.0045059868438162938
0.011902572361388426
0.012959000143685196
0.031045232345287894
0.045999773735240362
0.013710119195762781
0.010772075694668188
0.019387365760678735
0.01248497370235776
0.0028835021645755429
0.032793018776854692
0.037115877959853126
0.013361940622868829
0.013418364003577989
0.028963190860300331
0.027410163417178127
0.016300647895178044
0.018472926968615386
0.01473536978948427
0.013848756362771724
0.0054625081850075566
0.0088052480510618369
0.024775463749663721
0.027578718922052568
0.018900958482947951
0.030909705883387123
0.028726939570577609
0.046930677812834866
0.030485290990971498
0.023199578268414827
0.019492263137764677
0.048317955769804959
0.026421460573316593
0.026496099853132674
0.034105938941477315
0.029514591642289725
0.057456248030189304
0.019723284863881183
0.035647342955716005
0.022241096220071036
0.027932793121124656
0.0069031411077002686
0.013632247656696623
0.023836873495962658
0.0085576343309613726
0.03020876757652018
0.017540081032730002
0.014784260116826927
0.008722454847561574
0.028276649267597397
0.021352709505574653
0.0098122970730971266
0.058822859300947383
0.031036824043151313
0.024252261341079481
0.0040071766628421539
0.03607161221034802
0.039785543692340247
0.0085671243167430699
0.029208814328172353
0.0079682724790383717
0.016410181253198635
0.021795003628223591
0.023532357269765748
0.0089269460146628593
0.046539923730046256
0.02939680728614022
0.02712556005527025
0.018420032505361041
0.023377912588099965
0.042616106554348283
0.027917714247494799
0.024291941235864627
0.028158621483811885
0.04207550384323383
0.034678461843864125
0.010429611389076492
0.028711303201942859
0.023487958508193532
0.02264362555618777
0.012346792673748551
0.025830775430497988
0.013749206641172311
0.023790735697130264
0.016437437006538411
0.0082891248623547242
0.0087460546402115692
0.02783134059591599
0.011616728525717818
0.019516948500276691
0.0090608880083111899
0.0057781750112841229
0.018622583799177403
0.027094066384872453
0.023582829730986951
0.024568161179599653
0.024845906373357339
0.028650903063174599
0.002834177193931614
0.033291049038564446
0.030574193155974191
0.013849886847929805
0.019219293838536735
0.014281660122178264
0.0026315894005741664
0.024213321474236809
0.0052857854109566761
0.025092003655102803
0.012697069244307182
0.010407110538395716
0.014881908193173247
0.018883675738225903
0.020380967760882367
0.019578624201823224
0.020323330755354429
0.031317892359432817
0.032563776252670221
0.0095652988766681581
0.022400198152406084
0.014872105877816399
0.0040994405747704424
0.023989063470494808
0.025026609730588793
0.044768545491654807
0.025482984775483591
0.018766281667915583
0.0035596104622331731
0.020871530875302115
0.034357824278293245
0.022957069882510908
0.027370061898801732
0.034127515965976941
0.014681932435191806
0.029007724508322241
0.012583986044412703
0.029305125195018912
0.021081742129497719
0.0095321512606047747
0.022343575690099416
0.037082961719412534
0.017542426321777882
0.021486882271800154
0.0064491744608022204
0.019942702682813285
0.022796949690549871
0.010273197369269522
0.0452752191495523
0.014345312831523691
0.035841814392627104
0.0047623579176044222
0.012283905100022334
0.024966893951396976
0.021942910824999183
0.0059925208667001703
0.021508055583740911
0.047110170447528951
0.012293630216983526
0.036778211245870454
0.026619156883141475
0.0075616514614225815
0.0072369355221711847
0.020059173814352665
0.020724467993202562
0.011887653128537902
0.017117706803118943
0.014920747540493766
0.022558576135979422
0.020915533565325412
0.022005671320245692
0.015610711065339435
0.013958304445289546
0.011694537098735247
0.040251703083950832
0.021159889801750615
0.018413004389423598
0.017279481549218725
0.030001988182747748
0.0092124887430904672
0.0073824340699668494
0.014179449083612523
0.017299875978940855
0.0040882745958333013
0.027126981112489051
0.010904190573926269
0.051507771315669297
0.017912289623582062
0.040172657247989213
0.026144638771689648
0.035605680286082859
0.025582408340664643
0.027216839299692475
0.017385267477477054
