0.014334094502989963
0.021916848797493754
0.016197662395889805
0.010124431322281793
0.0051890061739438267
0.012617363377512623
0.022729781482970831
0.018202698971340543
0.017438804075622164
0.0280659981692006
0.009304750318429993
0.016156089132643502
0.013561505049201358
0.041759259785436757
0.0081580197222160082
0.0083564273377844875
0.015621193825382839
0.024646521067124855
0.025404682689297475
0.059691819216789052
0.017636513676089465
0.018109911772656757
0.023992046240485735
0.016571859456005776
0.033468613971773122
0.036599765690345919
0.021251900676528466
0.032742427281183192
0.021951909905498598
0.02991017367558824
0.019340059206230047
0.037557781817976039
0.0060236855031930679
0.032429122721782527
0.016171574123854671
0.0414377114617836
0.024336216066822534
0.012740663756669466
0.015320659238850882
0.025075748089478957
0.017051028400187958
0.017514012330323358
0.017726238631424016
0.019202114708090086
0.015244760307613457
0.029531916498635992
0.035992113818844443
0.0013971494878875683
0.042871480977360515
0.0090350026717212206
0.028300329111961155
0.0036675155871530116
0.031852890895764117
0.026207793251424
0.01514646635431159
0.010576654500780901
0.027058045034632966
0.0050619834199455791
0.033394545846951521
0.0082196546439577464
0.012819917021745446
0.012111673838806077
0.021648334771120655
0.018540912705379158
0.021757543530692165
0.036282736990503869
0.021785663183398987
0.018025378744297549
0.014742543908995733
0.039712381552825061
0.022349527989179628
0.016534300198807368
0.041309187843434292
0.032402466198172386
0.025417017042306402
0.029714539581753834
0.024367755868463497
0.024528718051233071
0.043341100261025105
0.010144213699257224
0.011361390271552403
0.035541608572173561
0.017197875008427514
0.033878305432320448
0.022605999309757641
0.052926345026618943
0.017962718693858428
0.043548353967735237
0.0066813894169523652
0.010853527277320378
0.035949706408259806
0.01785984804464176
0.013620133706634131
0.032877305267534275
0.0011206123396380484
0.015288875702804985
0.016126733692273802
0.01368088472196813
0.017924455783052014
0.037026653250313658
0.021604032646501656
0.026975521727706866
0.015305290275535909
0.042293036335084279
0.015334727522914796
0.018829328984136775
0.029285886759994384
0.02911767318743675
0.0076663037913774967
0.012787611473765293
0.047196542838344992
0.012073968915033395
0.044955440947688718
0.009192989775718018
0.017330945735300016
0.04060254496760865
0.02672866862034682
0.010344514636584475
0.021121151129080484
0.01744526769667018
0.035084704556638979
0.0080819308918711613
0.018802539218192509
0.035443218543642546
0.020680502133184019
0.0053780956205104627
0.045627627233845003
0.021946006760715238
0.031502945241753059
0.023704877068354425
0.025585681048129992
0.019609630924660518
0.019398302264773036
0.033687639707163222
0.015644146889421361
0.059469817596276786
0.012910840544128326
0.0026151880010448288
0.027640766217461324
0.011155495453017665
0.049973794532433169
0.011596078313339843
0.028161484065325395
0.036845887232999343
0.0058741477343699821
0.023179732237739999
0.027063220862241808
0.025080866580362262
0.033222826155719025
0.012819183439049441
0.017192405400566681
0.030568674045521785
0.041632884661134108
0.0021317445576443266
0.022846837249145244
0.038459241131675481
0.045400626026262741
0.026275762777937271
0.002415988135097023
0.041737685335778589
0.016552008240663808
0.022717444245882991
0.017560457217982318
0.052388232737598885
0.030650513962817726
0.031365464300262935
0.0056697255281672639
0.054431002814075834
0.012132829882817353
0.039486490758912404
0.016434635278248823
0.024846465971049565
0.027859615125807098
0.030494064532454665
0.039090757335314363
0.0093392245218770747
0.01617994595151654
0.031206600384466727
0.015912420196380488
0.01457660369317712
0.015754647141879654
0.027163485979986073
0.0076742015245493192
0.033135547014232596
0.036769798828391688
0.009095945686847455
0.01403014111204978
0.026586218694318674
0.020464131490469453
0.018129238381069283
0.017899693116846221
0.013079432430692362
0.030764863496917351
0.026674332794874141
0.025407240237943069
0.017465900713853715
0.027899979819652369
0.02160935955418428
0.034670210880548051
0.013437202384009332
0.014908870671202151
0.018924590548371385
