0.033457603934732683
0.0057275532282727235
0.0074624921752647535
0.020086886549505623
0.061022107218621773
0.028925535147021762
0.037151985736354975
0.028162104268656223
0.035578233415814377
0.024802513843586498
0.035194227554573403
0.011949570877978219
0.014650067327018311
0.035728703265100657
0.022283361421746802
0.014374655695769008
0.010223534306620517
0.019290887161440617
0.010111542831105142
0.024124824663801003
0.047133838898219337
0.0063915772882710779
0.014480124747459005
0.022433428155376085
0.044886429297940893
0.02454637013338205
0.030307089290332909
0.0024055273003742248
0.046131321434439307
0.024849611483534217
0.030840658148416963
0.029328501516501546
0.025344733930875843
0.034588334734702408
0.024127066809538553
0.013479577579488934
0.029838731985872082
0.012669694855939249
0.023273229868116176
0.033955059812401302
0.025141493049193411
0.0052677938437381078
0.023186347587018923
0.020603278922106703
0.0050590276876565981
0.009112585119134313
0.018515215420386824
0.026672640856344514
0.024977655294306646
0.017436054605923373
0.011540379903805201
0.022138663913157337
0.018624073364896264
0.025486732093555804
0.035644870107608556
0.023976914161347659
0.014098641426697882
0.021507918521911591
0.031453468408876868
0.022707331956480593
0.019970850387455979
0.0079869083206352276
0.026527996509647687
0.023710113401638273
0.011762163912353199
0.029487999490731703
0.005432156013433412
0.043993035448872557
0.046126270425601822
0.027692431364917142
0.032214293700427964
0.044066766413084567
0.037955452028177905
0.028425180146635153
0.024519167723601205
0.040492419556950682
0.026871351695016723
0.012214240065561545
0.027901581264014146
0.026241072796357567
0.022414215918763265
0.037530970504844066
0.045428215232705266
0.020276563961845802
0.018904719782737101
0.020586382274615969
0.0080752377783620804
0.027819308833488859
0.0043953543409089423
0.021708380674227076
0.0010995435153636551
0.045097204112598148
0.032013272892563602
0.023869155996551424
0.031779550965692925
0.021409005714982238
0.04050214137689042
0.044663649012359759
0.0268969917263274
0.013848075490739443
0.06523640549753261
0.023877985221970589
0.03657940823793418
0.029494496323885636
0.036032929384443045
0.030879476813526346
0.020587892016308455
0.03513338093679861
0.017081069704077408
0.0080952916542822197
0.018877187233626296
0.0040870166803996825
0.011785208370291627
0.050002209050249651
0.02052128790363977
0.040448007822403001
0.021217903312675583
0.018916122607505428
0.0093462593932422487
0.022981851310453071
0.043538902747024669
0.019249256890293498
0.026941169648033246
0.0087924663241284989
0.0087548529037015672
0.0050191898115445983
0.02545106512344766
0.024297570353159124
0.015687102156353213
0.045202547422003657
0.013282264595927707
0.026238377137475268
0.022852353880530935
0.034094532068041868
0.01498701871289029
0.017609453585575214
0.017411578373569585
0.026717582617704516
0.0040703910746734753
0.038852580707984093
0.011413501184900809
0.012380509160301457
0.041580479235298937
0.025186378346575018
0.019296668247218974
0.015386072028535699
0.022837043430541586
0.018664264072675536
0.044630843022857788
0.019733300320030723
0.016014188415208273
0.0055470226623151363
0.02956151368056319
0.0062353880864569758
0.015071230279728899
0.037521659331999725
0.015786575485386204
0.017288558174623624
0.022326658735114299
0.023220427763760102
0.013837850545508587
0.016422094182628372
0.032437777755139625
0.01307843901037301
0.0067829729115395651
0.01384666486458083
0.030724166189564823
0.012964096888221161
0.052098705155926857
0.017481204162679096
0.024806537348846049
0.022540841624980122
0.012408158443973798
0.029807581170853935
0.030878428837527713
0.019023830116049446
0.021465732074324534
0.032567817837829076
0.021986035520813647
0.031377501137149148
0.023780263971425773
0.026438739352548955
0.017943710577628211
0.029517958158110695
0.013671498140481776
0.011093217979791006
0.023962416041722383
0.016312876234677497
0.018734543136552071
0.016656073314059019
0.0087161609928673601
0.017118405873553129
0.0068023874478255987
0.015716986659245941
0.038716368002832929
0.018039562741340706
0.014855593074205798
0.0035068466483881948
0.037049903456725534
0.016904126651451176
0.019628524798236433
0.0076469642297860175
