0.17872306524045531
0.070454882467313976
0.20065494007363907
0.21832018221194605
0.14145525316280666
0.090163051977968089
0.11293815642081056
0.022278722220500563
0.13872260228336714
0.068697815452745462
0.075513175846003852
0.20100790856745215
0.05870902898581206
0.16908921916361477
0.056412629403418776
0.053518303058619689
0.16790678195440337
0.10029527283516228
0.081038447164484786
0.082428861838020354
0.11969151994844635
0.01725839348937587
0.042642992676672938
0.10041889635496071
0.16562446985711096
0.11923994257358325
0.12275442486634755
0.1479620436322619
0.17945911965750946
0.054900853326973642
0.095393239570984265
0.10478012337324082
0.031045384045881152
0.09842231694738135
0.08479641700147679
0.17995394005241586
0.097270260922261001
0.13370189275642011
0.078599953832307792
0.14623997352740933
0.26200073672382024
0.2036790065741037
0.12236570391776064
0.13384646781018084
0.035429352361754929
0.081893668341049886
0.1574635721237154
0.13264806907841653
0.18901657388263976
0.15983666630625426
0.19117488510330399
0.10764656888971848
0.11186185185775968
0.061364187457061063
0.027651681047560113
0.051983094916570355
0.095233628971488835
0.11186627862124428
0.076855061517873177
0.074334314608422963
0.036692431270069437
0.095011648983918631
0.13006870948840837
0.080893973722599405
0.015164735303892226
0.11832923127145156
0.066510684314756541
0.066833943515869479
0.11344791355475173
0.067919507988074945
0.08101968687942275
0.0555969879680406
0.060771085586207189
0.09559627037454918
0.053599254730719463
0.13399549559947749
0.082725090828401487
0.12905005817295043
0.071652021795012441
0.12009051246317257
0.11031396302080991
0.096655258876671465
0.041770916119966875
0.042145322746208136
0.092550479600236296
0.056256459626828487
0.10207274473945066
0.078322538970534802
0.033393823523441182
0.06970008399658488
0.087456601950802626
0.023914501450246317
0.1235912550904945
0.12268804585161541
0.036709415872169734
0.08565378534964567
0.023279736216390096
0.16790484234166761
0.086174253366794795
0.012807119717994428
0.073555754907615012
0.1064278002424828
0.08275543083352134
0.072880725825902853
0.15331851047143927
0.12418154080131011
0.13302317820109788
0.055429070963422443
0.06961987873558674
0.18626748384531244
0.15956539663236602
0.02472648589302669
0.052636362251563241
0.060092032322274218
0.13852870604491227
0.053480739741526818
0.04925958983682583
0.1069274019986447
0.085902155938217012
0.048824638459246825
0.059654035640980242
0.10140751019076956
0.051052390456570791
0.11332489940582244
0.069626157415325629
0.16609492741900578
0.13484378361303606
0.087734058511295093
0.047429967511065492
0.033472531972930285
0.013334786466613343
0.044440953395890936
0.060209010118279636
0.095096533241192646
0.11783602949580536
0.16988279380180604
0.13559733747439653
0.044312551273780199
0.10345626033119197
0.18530406695795471
0.08510286616819969
0.21944035805909126
0.053289873791713946
0.14587095699710023
0.12738184591963791
0.064013347956322908
0.010273866054343852
0.09311739375253715
0.083902773275859585
0.11484738292257865
0.068831506846350241
0.084260413311009447
0.27557998343391249
0.22531791640265461
0.074816345534389081
0.077025493739755438
0.082205329554429968
0.061049671642879735
0.013491829001980494
0.049885310066937257
0.052617614145940829
0.0715179646291636
0.083109292900337334
0.11839225319698003
0.1551058027842647
0.071096696309883314
0.075746414578558394
0.11548259980781546
0.031691086352454392
0.026101089624612071
0.056865006410002389
0.10672524229779685
0.093878739738019176
0.097179295051393402
0.060663874406195306
0.12919261996012771
0.17529199480940544
0.075356343787921637
0.15056317066645566
0.043988227035560129
0.1468925015149902
0.13432282408511689
0.090174550383880614
0.13662341138427783
0.072690759556487586
0.057720405674783155
0.021072401765067281
0.10190746360890517
0.070212464370237967
0.11943943587047383
0.072619995046008176
0.18632567191483709
0.09188470648245109
0.16057827266270891
0.042375589705709392
0.11088547202714157
0.040749782116043229
0.09265357604076685
0.10276073805611061
0.18342792189766829
0.077124968654385798
0.061303765347045854
