0.10601426655843449
0.16582483058669101
0.091789951446571635
0.06959935224115707
0.10108008545885583
0.1545945832394624
0.12259576405775487
0.116695226571789
0.068611608465008814
0.14957255299438502
0.11901289070229269
0.1889503486141938
0.1171671786091884
0.059934474301135181
0.079388974833817891
0.078568110538064978
0.067760575368540271
0.037930513385063813
0.057086132610153766
0.092915153790356975
0.087042669753035692
0.10684739664710914
0.10022206152802994
0.15763471554716479
0.11593999767592962
0.078672297117153484
0.040179247558747209
0.067902295757255635
0.06086862482297916
0.19661654730202319
0.067081413136970358
0.066417038325584696
0.049736413113882806
0.082075345374924891
0.086651421282634367
0.17259782204331364
0.11545006150564806
0.12326308369482916
0.087557070486024277
0.17002411372309098
0.066103527075726795
0.14182260452634399
0.03425663211524619
0.13442430114218551
0.14195702724973661
0.11015055556969225
0.14075730428277233
0.11359594370274825
0.095668377888238454
0.091670302933982303
0.054030274533625793
0.118126075680974
0.09904189338127127
0.11244317089618726
0.08168509032267636
0.034303083768591369
0.1252469638254651
0.13552812263275971
0.025806863416673331
0.087038749626261389
0.056057933587413226
0.16416150738170915
0.034078238247600277
0.097894188242281757
0.057561962306288739
0.10175657575334605
0.12366758734950795
0.023648019194489826
0.11676828143370729
0.16713968678931934
0.10903478521839141
0.11990090424915782
0.093012753721715025
0.079084994215234405
0.1030718333597718
0.1099373236975484
0.13053722392548012
0.10598437393706343
0.17797274684192441
0.1766526655975057
0.084538581691878903
0.192296197205479
0.17154736630896902
0.085877110189278516
0.092793336893475034
0.074929983782813278
0.071564258619025156
0.16179084330137317
0.15783234122133555
0.094191864358562874
0.069854557267760048
0.18345708066697167
0.18010210376592356
0.13448310147197765
0.045215574862934621
0.10804587887217994
0.10306120095383693
0.04805423360468164
0.24375407529532064
0.065824376154122399
0.13070428396087305
0.084807544701055337
0.12815247149493475
0.15552096840841789
0.028270759953749381
0.12833679900540809
0.10557740887420687
0.10443309519289601
0.037774432550189585
0.034429207495728781
0.08284637610175459
0.08570931327072652
0.16060102061670115
0.16149042282387066
0.10163969425926836
0.11570647596516571
0.21465205626397463
0.057434666094449957
0.075197548191548294
0.041278815782094185
0.038280053736457903
0.054310384023663547
0.085655497305965084
0.026984887239867434
0.11401224248770579
0.025740609693713511
0.091416818043194292
0.14389025781868023
0.011876149933821559
0.11833110574879174
0.064203987487759184
0.15396276867248707
0.16861115287675812
0.043413292645281244
0.031787049673393991
0.088954398762659315
0.091908864894459638
0.10036978317781345
0.040851890718683101
0.14660781691383548
0.1695256455551514
0.10856418628102382
0.12584662103679586
0.087543743585839315
0.097754485469179378
0.083896005366719303
0.059864245084293624
0.067687735976780058
0.12298966273248033
0.12191155498690352
0.19711362280708328
0.16060818553675937
0.17650682486774491
0.066971687571973915
0.082780568834892446
0.13771795716244711
0.14532123338830388
0.055746160018699573
0.067671305915589952
0.1903428569794367
0.12974075281811961
0.033579562530142409
0.10250672080161466
0.059578963804472113
0.040957199979982616
0.071933368017994825
0.055174243520342947
0.062465079984876236
0.085733941101246172
0.087335309473376171
0.081050285767061331
0.013463460760951894
0.04042151460672655
0.1298565199110075
0.041440606016820029
0.040119276902979645
0.069973774858907115
0.12509118880132922
0.06526673477437045
0.091899118585031636
0.047784574371128853
0.14275153525950379
0.22445190776809454
0.11047981538946651
0.18800750193529395
0.072442599034847191
0.057162790623468483
0.11292409787878865
0.06625334876813771
0.02641772234660791
0.18466963489370483
0.1187064187486659
0.097536949940267542
0.089327139669662367
0.073858931730596142
0.12120311052415401
0.10864906126258191
0.12128596044371272
0.076772820165789499
0.050755120441109913
0.11012392948936658
0.069281773205611963
