0.0042216716113526367
0.0053844043478442653
0.0050629085664984632
0.0091599881633313389
0.0042349403400961825
0.0066921987074670744
0.0049752890126544469
0.015660404684644229
0.0021893167407296176
0.020578119742174779
0.021045362335787982
0.011039179848357828
0.027440709344467119
0.014997747380071693
0.0032373803280340212
0.011357197146150582
0.021606671583584477
0.027471422006860789
0.010554636345514592
0.01034768393824661
0.0033400941205171974
0.020861021380336093
0.022729553898866502
0.013203681536385027
0.019735056396590733
0.014704396787251361
0.016537904698580113
0.0080104352575853417
0.0033329725718087579
0.011265451981749497
0.0075706972276802084
0.011118486999034397
0.01580377505297937
0.028917441923044292
0.011854479833456647
0.0083676299652424898
0.0015645834767217801
0.03347955142963565
0.0049215979101531393
0.016227627356193586
0.0070419058515975106
0.015034484537794037
0.0024198392671597492
0.0071079867367009331
0.0094300059117869844
0.003681520573386817
0.025215449184611213
0.0073806598581064517
0.0061180748499464468
0.015001573416906043
0.018005585367080409
0.011479251265221519
0.0054908976861988996
0.008861891960291737
0.0089706386995270105
0.010519478047976927
0.0075302104422290553
0.012546504163061611
0.012452431922407236
0.0018945868185269708
0.011485213997834923
0.020894897168855387
0.011292871461744684
0.010452626655400282
0.0099483531405057148
0.0044245205232658997
0.009272471143028177
0.014292139959721945
0.021941464904820903
0.014642493090737093
0.017426149312196718
0.010896576053157161
0.008130110773546112
0.017842082503299338
0.014171838000253302
0.003916466770562687
0.016127785093265051
0.0062827879101740383
0.010737557532743316
0.00093658021501145786
0.018568153712961038
0.011237091322033732
0.012951232515737652
0.0076428045403643423
0.010881901466710173
0.014555786703110297
0.0018595000536812979
0.0098035941159651668
0.017039303084972902
0.02143759217392301
0.018233067910050547
0.0083103910857936728
0.0035929707312514709
0.017729351303174271
0.015222460076389475
0.015285048732909142
0.0092748827035358718
0.022629276206794596
0.016182493293149938
0.01472240987475773
0.014908636257427551
0.0040100377294567972
0.0074186556798602078
0.01725845564668432
0.019242521087938079
0.011454891736874832
0.0055008345644217849
0.014063438082437582
0.011482232578065811
0.01514940888405125
0.014620213783421052
0.0056719049855295392
0.015579596290505369
0.005711737121362111
0.0076783499803864527
0.0092262251307218858
0.0048243247643726282
0.0055204962887062028
0.013055130895193168
0.0096254958696403298
0.0034482191662818661
0.016534643363288394
0.0057913126332242004
0.010502283252544762
0.0040572968858944378
0.0040401179298314603
0.0042145673706858724
0.011146572928704881
0.01227931242838742
0.0065954124820227196
0.0046159238095600233
0.018995701889729794
0.008622271439055711
0.0076554540636801314
0.0050182869278435193
0.020712854843055409
0.016657473697312651
0.0067851898221258479
0.010712975828222311
0.016598267013702098
0.00899946361914007
0.0091169136678682077
0.0084735134148061619
0.00516499276899475
0.0033393278349513928
0.0099403247822578995
0.0067080408446721388
0.0028533230422957095
0.012295739392196541
0.014219602851626198
0.006382796145163014
0.015723898067232164
0.014854944830371754
0.014318278949834415
0.0016844165828106413
0.0043664558963529632
0.0070960665624640968
0.010198090767793488
0.027566125824173875
0.019312626920568818
0.017996911854576653
0.019784863446049985
0.017519145075831882
0.0049096874200272953
0.0096406824157508012
0.0097005346869408916
0.0068604013637531156
0.017211037697610478
0.022331963627649547
0.0032523061264258029
0.018842603782077267
0.0077725613157152689
0.012424243807006406
0.0047569355471277011
0.0022489330074552416
0.0069122703463390389
0.009552474923594503
0.0094074979186304503
0.015141012337569659
0.0053930621419078324
0.01481047658514475
0.01043365228037689
0.013034148475267963
0.010900191171044285
0.015216865862424028
0.0080361340627512386
0.011530112736926607
0.014182362214164679
0.0018901222616545192
0.0065562736026663357
0.0087896171911800158
0.010218483772433713
0.016986863987546029
0.017779197654025084
0.012882694908360049
0.012951660209359008
0.018337674855138628
0.014217512317191544
0.0053823949135307844
0.012118701107838175
0.015214375361587696
0.013947289495979955
