0.0067189673753948109
0.0084923554685960231
0.0069361134166684392
0.015444899390488185
0.012078205445341437
0.0044481538910713225
0.011211004574055191
0.026305426519813584
0.020007782574093341
0.017557576328963893
0.012740757483443138
0.010104237281895691
0.013952306436245695
0.0012097165854776239
0.017268774773565011
0.017873171745501484
0.013717776594316016
0.0087877257116395855
0.018577124205344971
0.011681258080708268
0.026184158919994333
0.012619100818190374
0.012565207287526966
0.0091203388370143662
0.0070755945496639985
0.0050832240509222143
0.002327460235999587
0.007275470140761838
0.0017412206832480451
0.0083092333911499536
0.0076232227590218435
0.0027590433654054647
0.0035710336293877476
0.019424230470812858
0.003165493465428687
0.0087061827697979145
0.0033096856824387905
0.0067579344968740282
0.0071597911654716359
0.019904474516922878
0.014957948943015437
0.0071893479041491414
0.010285735985890576
0.016276993440786282
0.003316560126842795
0.015710982988001887
0.019842689537283017
0.006282141277689059
0.013880069512935607
0.017317800098456584
0.0043069395254768713
0.0020494932249361351
0.0080868363594360469
0.028632402241669925
0.0062962231149354024
0.010214616066308921
0.014300488966971513
0.0074545832488555341
0.0080836407699368239
0.012579852105662339
0.01267992682571408
0.015050784718947371
0.015001301006815586
0.0068426990143401201
0.013564825633468324
0.0040288306449524879
0.0054839519287788116
0.014200538711697399
0.011287832511239214
0.020641457436421883
0.0046941154511106753
0.0026568375503888335
0.0036828703340755589
0.0088840174277523658
0.02073792529637003
0.010087643026763276
0.015283109645632408
0.0088914892731705771
0.0043174900868857263
0.013277068735919256
0.01543680698414193
0.015360743100247222
0.003069495961460964
0.0085513571456090846
0.0060933265810578204
0.0060435730441225346
0.011257419371582584
0.0158094310275772
0.021079159154261163
0.0017842555242924055
0.013174885626908392
0.0047119397512855521
0.0041219264143310119
0.016330057367793454
0.021994167080453823
0.011305909901716845
0.016931170847630982
0.0071856472792302091
0.014379173951612794
0.019919686136024333
0.010369723469204825
0.018078386807917925
0.01460854280542351
0.022092225088640026
0.022497261118531849
0.0043679129650955016
0.0052461971839288914
0.030943629420406456
0.0073070558087113824
0.0030190043188294551
0.014400122487679023
0.023604979947942823
0.0054515711672339694
0.0067746280183047956
0.010884595077400663
0.010231352291907362
0.023425799566794712
0.0081068466121778423
0.017135170141217453
0.023012602250510158
0.011655757826072744
0.0058778840299236832
0.0090497738493406765
0.012556254677666129
0.0060642478503922957
0.0077013302145528938
0.015004728607548942
0.0097865886032531147
0.013558145547680148
0.012992580702766595
0.010981143416437149
0.0092108335958721692
0.010137141326184275
0.010561576300112967
0.014975035315669962
0.011926160407287495
0.011176594848179811
0.016518773631419809
0.0087912227770223488
0.0031035997878367028
0.0071244389132852793
0.0044867987981361893
0.0078854001043712207
0.0040756329351424514
0.011892786451473739
0.010399630636808269
0.0094172065836339389
0.018893609510519997
0.0067507352425433317
0.0069837240958625525
0.0054228852527646977
0.011902546712386606
0.0037455139295312009
0.0036041350909506715
0.0034280752010925884
0.011253875507824848
0.0084173991353834448
0.010809025025347283
0.017390191892814068
0.0049303947608627784
0.017427878191615887
0.017854650510377924
0.013138461529548177
0.0043964189017679988
0.015317949950037159
0.0093080700004611171
0.0036241420474357297
0.0059587422590725424
0.018193772514643613
0.017561341017822828
0.0050878692430204259
0.018838592864509385
0.022240932256010513
0.010619391672917705
0.0091579420900278607
0.008306401485327344
0.0069863363735864987
0.013695269784082989
0.0010847880502867257
0.0070451996096261727
0.011837575717581195
0.014696690154272897
0.016319900584945164
0.0078434716057119401
0.010712625297360943
0.011091697035574607
0.014533343802920559
0.011972009684438178
0.0056177470067885612
0.017858342372114647
0.014563709424853971
0.0069612232213070524
0.0080333081074375166
0.019736481910049241
0.0035108340641065955
0.020425442557546081
0.015798553631397486
0.012002171778975806
0.0059369030898233444
0.0068024455453840199
0.0058578717118822317
0.0015502929506512754
