0.008012406486900556
0.0064143757809125594
0.0016383167371650325
0.0056975352581205277
0.01486289774216101
0.0096567038372151297
0.019860684212116293
0.01131877457220375
0.021362161325949622
0.004784269374506522
0.014756116528703801
0.0068900919014414762
0.014264359636676974
0.023172094978425845
0.012937962241674816
0.0089329838929701321
0.013447387611067672
0.020737567597302581
0.01537040064459296
0.0071419701904485572
0.014290248129199641
0.0042644673681025329
0.021003757502105126
0.010558595081452822
0.003754588297736363
0.0054124089846189398
0.014418847408737249
0.009544219815848928
0.011990302148803601
0.0028934057273799808
0.0043958407729534415
0.0094650834826331999
0.006886829518618293
0.0054058341759002848
0.016189458702919556
0.0089329833224219748
0.013364932696751651
0.0070923751892422032
0.017278927960610473
0.012740522873989078
0.004251082184447255
0.0068870273028234568
0.0031123104873156003
0.011573454401754829
0.0051817118375744545
0.011818430300972163
0.0053182098992596407
0.019691592813974496
0.0039501884987662777
0.0033995651832646459
0.0076580770021917391
0.0062090404573663886
0.0084758383225182928
0.010856680652683789
0.013699963077063311
0.016073637779078557
0.026217031603216805
0.0089833075438338766
0.020960554686563909
0.0098566315931806047
0.0049441716617198228
0.01285800262133513
0.0077708358744662861
0.011090601680536867
0.015966354567006121
0.011169857728297051
0.019995785252533715
0.0071460368440841139
0.0099497529280432005
0.0070424812475845923
0.01077390742463896
0.016943968120427998
0.012691571464391416
0.010601939980494171
0.0097306626135759272
0.009202376321723351
0.014664155583312731
0.013435052679207365
0.0045589257129856854
0.0045827637413166722
0.012879038526909237
0.0085467286687408092
0.003476963247259861
0.0033398838198055005
0.0078830133740356075
0.0038300935793197204
0.0065151484678901287
0.012704789636731106
0.018993469060814734
0.019752412610632618
0.010771719334797042
0.0083010222052024747
0.0054660062156652537
0.029375776599848021
0.0079954482096154123
0.019493260987688645
0.011549248291517418
0.0043867279911920009
0.010747555413556844
0.0039262707969301676
0.015985889814213679
0.020952647114848309
0.010055274492597145
0.011571402794511064
0.0016207381992985454
0.0060895315135328244
0.005683189849928794
0.014961639620229759
0.014200266005745947
0.01652083199328688
0.020999671062303219
0.023033728236314971
0.0092643869341030426
0.010058250317651516
0.013150346295863289
0.013533569939500186
0.011229249112362985
0.0083216353286243577
0.0049858584213431497
0.019118549500538286
0.006584870113507787
0.0035366467384972638
0.0062024137770101614
0.0050933835235798244
0.012149773722357248
0.027026200008741098
0.012107348950495546
0.0053806378182075908
0.0074443030179638797
0.010826576549426826
0.0042450733835039658
0.020883172351374959
0.014440922704531524
0.012400911196842836
0.016243797739338327
0.01104824459607672
0.023699136037321461
0.007849995538057741
0.0022608015143396978
0.011152106536215492
0.0035705295059143436
0.013062449714120333
0.011605558315964428
0.016273703881156405
0.012877987283578318
0.0083038266393288852
0.0092847602701390253
0.017377850855713344
0.010330518235733324
0.0047367979550174948
0.020278807268819969
0.00083967058260627533
0.0049634279120026829
0.012738151024179439
0.0055066483562822453
0.0072266770936070734
0.0092010009118980492
0.0035199445982093372
0.0050978327478076318
0.010576165579003925
0.011944767107522044
0.011059578551826548
0.017653397356101542
0.011439463894832408
0.0088665313604461022
0.0052047682710036399
0.0074812276306804159
0.014886094365701796
0.009767929050063703
0.00493546373077333
0.010278570355179501
0.02696957225917308
0.019774866616598309
0.02097313554994875
0.0049569706853415723
0.012501197595554039
0.014535018636290403
0.0015008562225031299
0.011976561248289557
0.012907544100101335
0.0095611328137368261
0.010054555217502759
0.013668784456859305
0.012251957913841005
0.011253814661494343
0.017269591082972765
0.012197692378113936
0.018170842715339374
0.0098678458196783166
0.014448088747060741
0.018328325435528599
0.0039778262897338041
0.016609807164322771
0.01420091301944401
0.011650660138303685
0.010002585416614323
0.011788333375584532
0.011040925639068892
0.0053783088019837061
0.0063756105221965554
0.0063481728105353732
0.0031754695461927098
