0.0057650404278570995
0.004192103473986253
0.0038900032812064405
0.003057657149226266
0.0050827366981484826
0.005889468750042497
0.0025626080953937065
0.00068323040612162868
0.0071470387914930591
0.0025642509181729896
0.0026214813072754921
0.0024470326105485761
0.0038688930237376095
0.0069231316128469328
0.0034612952420404837
0.002568351997987045
0.0054691982534110428
0.0064452836689610857
0.0028360373313076389
0.0048097866470578404
0.00010069126219699524
0.0071538473968221191
0.00083850539993550834
0.0069873234037890995
0.0053461028748050497
0.0027051218905058392
0.005527567663731723
0.005552486713496162
0.0015211451392213998
0.0042760686580439605
0.0027307818066328333
0.0074398178372548337
0.0051933540798839266
0.0048637834952253095
0.0034250210901718421
0.0051527064542616395
0.0044982539423508335
0.004024202771949501
0.0060110872155958936
0.005698444872312915
0.005162811585657485
0.001937612553744473
0.0040755539693770925
0.0038916664017225847
0.0050812986248779191
0.0016724648000821622
0.0060863694277808501
0.0059024490085137571
0.0061428434888528508
0.0075296710157112161
0.0038047489046564601
0.0034364517576460996
0.0059317644253967482
0.0057941717964967729
0.0064447499502867048
0.0032089345404181309
0.0072029549702669008
0.006848875386115766
0.0012043733284855527
0.0050806489381597184
0.0028724011002966353
0.0070910237813525548
0.0047174803002720308
0.00082426075783633725
0.0038683060004946986
0.0035170816119537121
0.0081096212187117631
0.0095554373700353461
0.0052095641571710035
0.0013004155845403882
0.004635454808358936
0.0065296623716205524
0.0045726487605177064
0.0021587043711607072
0.0025352161208806521
0.0052822739204616397
0.00010756221732910939
0.0054252112935445664
0.0083236328942904239
0.0071776968944319312
0.0074005610974810917
0.0011275715566002747
0.0015172808588748443
0.0041617737023436014
0.0037667533284728868
0.0033588222552013596
0.0037510749931607412
0.00094704782003313961
0.0015108311835013999
0.0042518636904123486
0.002293530092282647
0.0031014240401843695
0.0034765113303972194
0.0081875740355618499
0.0011260865799140294
0.0026006030572193065
0.0024003438356772103
0.0058910022177175031
0.011557234241862608
0.0053809333133717991
0.0072493984668072419
0.0026374803732489385
0.0008351075333799669
0.00053899464827977589
0.0045846323884935125
0.0071096902806673549
0.0072739905603944194
0.0030817135825833
0.005405148180415726
0.0024870431077403696
0.0068436941021707129
0.00077702403729271456
0.0044299604580744535
0.0073895133709881433
0.0046306061716178421
0.0039196633419808745
0.0010957397204206121
0.0012196955435016057
0.011659673765777211
0.0037844469523834697
0.0016575288930391404
0.0064595801126358628
0.0026012300474062668
0.0043913925616966536
0.0032133287867358836
0.0087918574735595771
0.0032860103637513361
0.0061604936394008391
0.0028672412572544456
0.010367535879102333
0.0047647870639360374
0.0039912979556316099
0.0029911348130509064
0.0055698917344023076
0.0041189973299799749
0.0056301793999427342
0.0082700511462060894
0.0040426642191565979
0.0027888854803865249
0.0040399207152861842
0.0044258540230151296
0.0040026713418602686
0.0052669378896717696
0.0034284775928147002
0.006076257376711496
0.0082735619872307906
0.0028681192450688443
0.0051390892638800197
0.0097851089062303657
0.0041283955805351373
0.003271069504271194
0.0031516857712810642
0.0020727624051874284
0.0099248755558262337
0.0014393938584621421
0.0033825109534581085
0.0027903069616321895
0.0020820269343334152
0.0035732265676463293
0.0036571364728844617
0.0060969411026754175
0.0024749797283958952
0.010696946797104586
0.0027527631507311807
0.0042423946578235014
0.0056574850875896563
0.00447850590116213
0.0018320701510401518
0.0043708022808742839
0.0052015446083292713
0.0056450696829858336
0.008139880037300061
0.0065130726273939892
0.0030931376201504832
0.0073044062133079965
0.0023347429225848149
0.0054006282556649842
0.0049103584545813535
0.0052284346254078016
0.0055000903122936684
0.0029860489805914651
0.0073637374673930153
0.0033482527560913461
0.0061604689136511214
0.0024790745930140124
0.0087847307928163743
0.0027329904896402119
0.0043549800825082377
0.0029301286550455245
0.0046548590480557338
0.00059186783595801293
0.0028224786550738522
0.0058645877468452186
0.0016018855634826236
0.0033688577645452902
0.0068130804224242709
0.0058081134052459897
0.0042257735722349707
0.0047904966070978798
0.0040877275948764417
0.007736785022466725
0.0044331681198466165
