0.88870842100689684
0.87790725586332696
0.85192143676574572
0.88605114284565289
0.89450272570798095
0.87406789272906715
0.86661792182621622
0.87310920504660861
0.89208023909381906
0.85594912981192162
0.83203120332394709
0.91362299070908259
0.89029644940351405
0.87295327221377306
0.83860375481520644
0.87326090015564983
0.87897035799918122
0.87809384011282454
0.87279702233964751
0.86769616444269648
0.89060947993369677
0.89519289937811575
0.87027396287978498
0.88469227380090265
0.88462073443941203
0.89987808681280401
0.90780544081845971
0.9098982334084168
0.90453986959704002
0.89900133932267745
0.88588035389155195
0.80450249448313815
0.87975842066542076
0.86935670751196614
0.88122112007891251
0.87646639606580556
0.90778199454923547
0.85923592866445586
0.86617569499080194
0.88434386625448624
0.83269101802362766
0.88066874162911268
0.8454414847047661
0.82000018526480611
0.88292226642982485
0.90163117931550729
0.84555868898761888
0.85816100274872376
0.87196457620890089
0.86561604245627155
0.88525435139097575
0.85296496315960302
0.86356846028651013
0.84049486814083241
0.89720888871978555
0.8569111475071286
0.88197202320166324
0.90471902063251985
0.88724578447125679
0.8162220704222104
0.89063219465879939
0.88377258338795162
0.8698510354303316
0.88927999431117288
0.83023606742377187
0.86461918384777037
0.89554210462015205
0.85208572709258079
0.86199736244860203
0.87095394005927029
0.86911570702992613
0.88426774934934038
0.90385237637599902
0.89252669902353321
0.89878059014017275
0.9049563699751817
0.90768246115724172
0.89230783412654091
0.87431758645411339
0.8726934170019558
0.84943523636365403
0.87575924212066947
0.87840088809441241
0.86470187766742179
0.8849997859091483
0.89159146056802951
0.89246359911748174
0.89913630680065426
0.86569075871903212
0.89040210245591545
0.90203899094172413
0.8883884890432856
0.83126373316572644
0.85669510555855277
0.87219074678471387
0.8789064638433769
0.86976885649393454
0.85818599630522874
0.87859155932492627
0.91498593691944241
0.89860238905944012
0.85258720626745166
0.85348030466973335
0.90900069172719589
0.87689133875961323
0.85830405904157347
0.86772395522568313
0.8809895805996556
0.88610756485931075
0.88922528414743307
0.87281582224699095
0.91314685609569168
0.88497595619494285
0.86587703270999439
0.82476098269933285
0.84530498367487572
0.86564557145572829
0.86878373667886655
0.89828753610225354
0.86443889876588142
0.8823956216352008
0.86029057639143114
0.87301021482928587
0.8682174884562005
0.90953141837893137
0.88763056471512003
0.88581359897252987
0.88218890583364162
0.86084701726625679
0.8779151545146503
0.8708835739007349
0.79814840378275598
0.86829063721407407
0.86772431071371581
0.87848954262495205
0.86589219859731426
0.87127667417699683
0.88718440097333606
0.87828416349941074
0.85895439708658017
0.89009722537199021
0.8879709920987755
0.85122015029154574
0.90191308082310273
0.89331039912904631
0.86074287204817468
0.88005579934750466
0.87827543275508768
0.89863195631215442
0.86079069423303112
0.81216470884022507
0.88107481667099363
0.85300634395075425
0.85743944124782778
0.85485780604045802
0.85709241003649372
0.86873656527736531
0.86465930901522625
0.89574673119337
0.88643871224492143
0.88255851827880794
0.86433480952857378
0.87675235834740894
0.86763713984124491
0.89316024690694085
0.89488940015657104
0.88883625675583022
0.89099726518452571
0.85181959819448816
0.88511053880220436
0.89280248594859202
0.87828051627856552
0.88098058541642987
0.86494634883216071
0.86905504281440349
0.88654365434443894
0.90032392810177786
0.88603152271900143
0.88175230957212636
0.84498302998944685
0.88875834803417997
0.87858401113472473
0.83501389761141298
0.85807620150885333
0.88583261634155863
0.88180846954207726
0.86845977919097805
0.86437571574857164
0.88218601901393734
0.85004347084480736
0.88873120517709392
0.86721886052850128
0.87531250369836922
0.872912381604659
0.85882104883108901
0.84541080643673494
0.88095726222431237
0.87551107073893841
0.86232335701229057
0.88739522903430545
0.88511841727647711
0.8573977201195071
