0.11808090031898037
0.11834369890322453
0.021245646024770727
0.041056975924337824
0.047799604747577412
0.057680029637388934
0.023086808242272255
0.014502556207179032
0.03367633924951316
0.041720102749832184
0.071131656046255737
0.02637560652307288
0.044577268911920265
0.072596335220738079
0.058703871172974126
0.022085904491645894
0.098597901854987791
0.010916793236241545
0.0095732692045525959
0.010897438610415092
0.041035266311199206
0.031387386075418078
0.039910242582599419
0.035201579455308267
0.0067835222595640059
0.010520677829279065
0.040868017100607862
0.067183765213005175
0.069523773912831446
0.11248166510591993
0.047213118584828746
0.067586010179540107
0.053349703676094214
0.056279665868362354
0.017621134286399765
0.078239545096430302
0.062780082524769798
0.03028942617773088
0.032708763759638694
0.01250117432407714
0.022709129513711814
0.0958859038000522
0.043321001900337788
0.062432801771581337
0.047225418512158272
0.036553714862270367
0.034352978786771855
0.074494713314748537
0.042063994201236701
0.017650467763839189
0.06975450499030017
0.1218931991064668
0.03482881222319803
0.042910124362389376
0.028937722753147346
0.080331352656192845
0.015650663748402599
0.05497861889143868
0.045399918573712818
0.023232901281605274
0.065674843016463924
0.069763345929951245
0.021891754434534456
0.054040382434503619
0.065779462994127638
0.064897790549183515
0.01811794986239329
0.094855091942128461
0.020306828338227629
0.065804006846878815
0.051202629710074221
0.030135554035862225
0.061797659908334468
0.052461756172624288
0.1239385634160496
0.029568301511201794
0.077143716262975781
0.036452436091286108
0.061675831350181995
0.084748097340255485
0.028152322534659057
0.056340328575221171
0.041159602587034695
0.041847375532920505
0.038482628061621518
0.002458431440284813
0.12900383426873624
0.02637424078601746
0.077643108593615243
0.074566383496619509
0.081646809494442155
0.091554846269133627
0.086803467200252463
0.052798199678269646
0.0089439033491371354
0.09919127947579913
0.022519468357246403
0.041717121088904303
0.031836540692807176
0.0092041178838562308
0.058231414811902256
0.055209817525035426
0.064336551718670101
0.064523789242887791
0.080298019850772312
0.10101344836041634
0.084102672983326632
0.063591766161485028
0.070673767351850866
0.024762198281001721
0.032836694494635985
0.039036083308876403
0.037683441694554419
0.025744659917264497
0.018423932621042697
0.027182609733444815
0.10885653615762733
0.076974585463471898
0.028205588629854204
0.066434299008740691
0.066030091740561139
0.097324039357884667
0.047114919610512576
0.019872821439732669
0.055939446385985504
0.083686628496763907
0.039151797788513694
0.036065583803976495
0.12561081632350543
0.087877087028861864
0.028933686309389518
0.0333630191652695
0.028851796483181043
0.11072339619530323
0.064852790100426147
0.06605388550768436
0.038845347974135552
0.063599971858303475
0.050624815482819947
0.031154871914650606
0.024749196521067815
0.030947922133423657
0.065545439262347599
0.038706262400656839
0.084503332882237422
0.01223918005981264
0.06269071347819298
0.038486778988174354
0.022780022072870814
0.046997371276138691
0.068222284858216103
0.032830625545730137
0.040720259128057011
0.089229425633714513
0.040182427054917848
0.054923849003414627
0.081091034119595271
0.032831871208964136
0.061581148181812928
0.027764572886044586
0.022850111837154782
0.091918920988005526
0.083288445485062632
0.076732392164419821
0.060866451232209767
0.11832419863167283
0.040012363347033002
0.028603532696445808
0.061588212255919955
0.03299724113653995
0.038270128006944661
0.053410086111040693
0.05634475857042863
0.062414049952822806
0.021947912234017253
0.069650724444686965
0.050176843961648197
0.076802353364903611
0.095617093509858572
0.056719339999310045
0.041778732665772519
0.006161522323499681
0.057074996361897425
0.097805552102533708
0.026030985594824248
0.045234559888649488
0.091093909770972356
0.090179038982093354
0.024288613861381946
0.076968915471551227
0.070552198075089972
0.071832588275123524
0.041783473865966078
0.055508090714114396
0.02795129777396502
0.06502302032801055
0.042716720379440319
0.029713269952290695
0.067223737041767401
0.043174400530423478
0.040472535476513825
0.066939249629813485
