0.053359719907601404
0.021825451226142503
0.029091553777832506
0.0032071208262908837
0.054020753987479193
0.062752396984232239
0.077967500253352445
0.045511253254581198
0.046446989072393398
0.042242820598870794
0.054745658798771843
0.017997053769792427
0.0085533803960688524
0.010821604800524281
0.012274222811007622
0.057350952962292007
0.038008668967517006
0.059394868416167042
0.035584962048659678
0.078083504374261883
0.057652610787061589
0.042959383776630472
0.069005725264841763
0.010371400663432622
0.021128593176811327
0.080973757332355914
0.032966052453392264
0.052072571037624749
0.072619568984451724
0.033218113780483928
0.014583632277607785
0.022946428948101151
0.066016201225467183
0.071412773556932554
0.038051594413228862
0.052730636786807991
0.079884196112572609
0.085801604148767932
0.03925973614381164
0.082061450090340202
0.017228304981010859
0.040502760023310665
0.097314959541731111
0.058122032954141888
0.054975126822372683
0.065612881664322081
0.079745845163484985
0.039365350909306623
0.079690589392501066
0.049677061501776594
0.05627424988013123
0.04629558161624437
0.074309859410554291
0.026599833586697257
0.075355766875651001
0.027496196931509093
0.083894562993359414
0.01454498155391176
0.09739072940433012
0.028348114095382432
0.060296435823346664
0.031449055019858022
0.071410618986255142
0.047240212981967615
0.084179872850270732
0.034959281067265806
0.040146056708953902
0.054169343855249547
0.055978910542694361
0.034662522327383739
0.095808048137098561
0.033432704025269565
0.010224302018129457
0.017207522431996834
0.044132756508680981
0.061212623861237429
0.068437152369601961
0.059122130451766473
0.026829905046863285
0.017408783933098533
0.053887717383366396
0.075170618880941328
0.018222896031678901
0.044264929202317033
0.082092410079210032
0.080299822603672633
0.1100403224360159
0.091627559380201437
0.025109135954907758
0.036823660678875873
0.020762957333597839
0.047633189139109244
0.058692053477191641
0.038584473644229324
0.078568896096378529
0.055583316633303258
0.047572699422331076
0.023751896388817507
0.048234863021206401
0.033650285035941224
0.011547781748856343
0.069089545883401007
0.030992704536972646
0.073568587928534171
0.026721120404424314
0.032025104516690168
0.098246633387905666
0.048680348727732504
0.023400368147647475
0.051809111580700076
0.020459754793570564
0.061402406091720652
0.010062163498563877
0.10075656658029003
0.030456087224601806
0.024363928175969649
0.080605577624759464
0.056969413395011159
0.032761754650466636
0.038291878648990058
0.042096404414810322
0.091006318978170839
0.042466505427861609
0.037876899996654848
0.038606677373284194
0.046789860124581979
0.094306007557381527
0.080650794467514192
0.025363957554365307
0.040747360574422062
0.063054448939759228
0.046580112865214518
0.059364319826063973
0.068105738955858461
0.045616017293386005
0.017353815531739349
0.054914734524077982
0.063517442160319418
0.066746850011807093
0.051583429275880679
0.065261357692820682
0.082442510127392274
0.021923461880023511
0.066178195377204846
0.049493845086018194
0.08955557707056544
0.070943548266993811
0.050064544731432577
0.043278292872620361
0.026725343471719589
0.026565490386936539
0.059638332184892687
0.075031757479372713
0.0099577806122900878
0.077178329081042232
0.035767826887170784
0.045200925703518045
0.085668095889011128
0.026178150574786563
0.044760219329826094
0.077335428835524564
0.061121361522070566
0.11818336586949678
0.05439233616342079
0.024387413670256548
0.019733849174433819
0.032912409357614129
0.048593441513713066
0.03710876189037686
0.045952419409647415
0.027033913604988389
0.0046499517489415202
0.031325350048485363
0.036607124222872274
0.036570264589226242
0.061749053106390867
0.089077018238139238
0.091885691578870415
0.10427995242051652
0.093103063158955987
0.015551819334934389
0.05465035358701973
0.020028630011620353
0.039071661964825422
0.021936035661360983
0.032641935032531676
0.022818580541131447
0.026869861722972437
0.066868876506180286
0.056377286948277865
0.047148978307594722
0.026098924560730111
0.076185641622223133
0.065012140491360282
0.07770890503274272
0.065410030313588316
0.049023471549840235
0.085028006432931749
0.017381990257390748
0.029061105287899822
0.065320635284319598
0.031786544947584691
